name,size,r2_mean,r2_median,r2_std,pcc_mean,pcc_median,pcc_std
HLA-DRB1*0101,6407,0.10206171962585578,0.10328863766271867,0.006834147299423119,0.454,0.4539278894662857,0.0007028037778103935
HLA-DRB1*0301,1695,-0.535493908307503,-0.535084331017857,0.005302991530470136,0.152,0.15194247663021088,0.008179485758376027
HLA-DRB1*0401,1759,-0.045631820852158125,-0.016988043127796004,0.05834298249633749,0.049,0.014787776861339808,0.09830858939495223
HLA-DRB1*0404,557,-0.04607207498022041,-0.03495016757004621,0.03677489628536449,0.092,0.10065770894289017,0.07592290904320179
HLA-DRB1*0405,1572,-0.061313200416857644,-0.0086794334624819,0.09182182989234804,0.025,-0.009633006062358618,0.09156780128207277
HLA-DRB1*0701,1735,-0.00916611027467069,-0.009110631733527552,0.0004180739860044774,0.270,0.27018091082572937,0.0026381025229830655
HLA-DRB1*0802,1500,-0.2166062441444186,-0.21656608889070572,0.0032837526192990413,0.080,0.08044401183724403,0.005019438842748436
HLA-DRB1*0901,1500,-1.0683435144488197e-05,3.1016078403944825e-06,3.620204465636146e-05,0.166,0.16602343320846558,0.002909033412819063
HLA-DRB1*1101,1774,0.31571840314645727,0.31642968737414306,0.0035875523275167164,0.582,0.5834260582923889,0.004515118187140391
HLA-DRB1*1302,1570,-0.0867597154249038,-0.0867285980288135,0.0014032674165874836,0.073,0.0728730857372284,0.002669217752763711
HLA-DRB1*1501,1749,-0.005543005916559969,-0.005489561335533799,0.0004462045104262669,0.158,0.15725607424974442,0.005220534873073421
HLA-DRB3*0101,1481,-0.5933237720725253,-0.5928896223740723,0.006104242426304268,0.129,0.12906866520643234,0.002933039284623021
HLA-DRB4*0101,1501,-0.12193033575107619,-0.12208061396423264,0.0025279474985474577,0.199,0.19936681538820267,0.0029485427865436667
HLA-DRB5*0101,1749,-4.325240920904222e-06,3.984045506166822e-06,2.6219307062365183e-05,0.191,0.19138506799936295,0.0031117618175803877
