743015
651838
720516
70453
743012
201368
201366
23231
504466
493106
651634
504467
319193
717199
664082
648454
1239919
1239917
1196768
1196767
1196742
1196741
1196740
1196739
1196738
1196737
1196736
1196735
1196734
1196733
1125150
743014
648453
692982
692981
290344
493107
348963
267909
664079
664069
664068
648455
307367
290345
1239924
1239923
1239922
664081
664080
1139416
1139415
1139414
1139413
1125149
1125147
349006
349004
348993
348991
348980
348978
348967
348965
717200
717029
717028
717027
717026
717025
717024
717023
717022
307385
307384
307383
307380
307379
307378
307375
307374
307373
307370
307369
307368
290346
290343
290342
290341
290340
774606
774605
774604
746739
746738
746737
651632
720565
1194
719129
719128
719065
719064
624252
624248
1201
