16	3.5
29	4.0
32	4.0
41	4.5
47	4.5
50	3.5
76	3.0
97	4.0
101	3.0
111	5.0
125	3.5
162	4.5
176	4.0
185	2.0
196	2.5
198	2.5
235	4.5
247	4.0
260	4.0
272	3.5
288	3.5
296	4.0
300	3.0
318	4.5
319	3.5
326	5.0
332	2.5
348	4.0
356	4.0
373	3.5
405	1.0
410	2.5
444	2.5
448	4.0
457	3.5
466	2.5
471	4.0
474	4.0
480	3.5
529	3.5
535	3.0
538	4.5
541	4.5
562	4.0
589	3.5
593	3.5
599	3.5
608	4.0
610	2.5
665	5.0
714	3.5
724	2.5
733	3.5
741	4.0
748	2.5
750	5.0
778	4.0
780	2.5
788	2.5
799	2.5
800	5.0
849	3.0
858	5.0
903	5.0
904	4.0
908	4.0
912	4.0
913	3.0
921	2.5
922	4.0
923	4.5
924	5.0
926	4.0
931	3.0
949	3.5
953	2.5
954	4.0
965	3.5
968	4.0
999	3.0
1036	4.0
1037	1.5
1060	4.0
1073	3.5
1077	3.5
1079	2.5
1080	4.0
1084	3.5
1086	4.0
1089	4.0
1094	3.0
1095	4.5
1097	2.0
1103	3.5
1127	2.5
1128	2.5
1129	3.5
1131	5.0
1132	5.0
1135	2.0
1136	3.0
1147	4.0
1175	4.0
1178	4.5
1189	5.0
1193	4.0
1196	2.5
1197	3.5
1198	4.0
1199	4.0
1200	3.5
1203	5.0
1204	5.0
1206	5.0
1207	3.0
1208	5.0
1212	5.0
1213	5.0
1214	4.0
1217	4.0
1219	4.0
1221	4.0
1222	4.5
1223	4.0
1224	3.5
1225	4.0
1228	4.5
1230	4.0
1231	3.5
1233	4.5
1234	4.0
1235	3.5
1237	4.0
1240	3.5
1245	3.5
1247	3.5
1248	5.0
1249	2.5
1250	5.0
1252	3.5
1254	3.5
1257	3.0
1258	5.0
1259	3.0
1260	3.0
1263	3.5
1264	4.0
1265	4.5
1267	4.0
1270	2.5
1272	4.0
1273	3.5
1274	3.0
1279	4.0
1280	3.0
1288	4.0
1292	4.0
1299	5.0
1301	3.5
1303	3.5
1304	4.0
1306	3.5
1333	3.5
1344	3.5
1348	3.0
1361	3.5
1374	3.5
1387	4.0
1394	4.0
1396	3.0
1407	3.5
1419	3.5
1449	3.5
1466	3.5
1527	3.0
1573	1.5
1580	3.0
1584	5.0
1590	3.0
1603	2.5
1610	2.5
1611	3.5
1625	3.5
1635	4.5
1644	2.0
1645	3.0
1653	3.0
1655	3.0
1673	3.5
1676	3.5
1682	3.5
1719	4.0
1729	3.5
1732	4.5
1748	3.5
1779	2.0
1788	4.0
1834	4.5
1862	2.0
1876	2.0
1889	3.0
1904	4.0
1909	2.5
1921	4.0
1931	4.5
1945	4.0
1947	3.5
1949	4.5
1952	4.0
1953	4.5
1960	3.5
1963	3.0
1964	4.0
1965	4.0
1997	3.0
2004	1.0
2010	4.5
2012	2.0
2019	5.0
2021	4.0
2023	5.0
2028	3.5
2064	4.0
2076	3.5
2078	4.0
2100	2.0
2105	3.5
2110	3.0
2117	3.5
2118	4.0
2120	2.0
2122	1.0
2136	2.0
2140	3.0
2159	2.5
2160	4.0
2167	2.5
2176	3.5
2186	4.5
2203	3.5
2232	3.0
2288	4.0
2289	4.0
2291	3.5
2297	1.5
2300	4.0
2318	3.0
2329	4.0
2333	3.5
2344	4.0
2346	2.5
2369	1.5
2377	3.0
2395	5.0
2406	3.5
2439	3.0
2455	4.0
2456	1.0
2459	3.0
2467	3.5
2488	5.0
2495	4.5
2511	3.5
2528	2.5
2529	3.0
2542	3.5
2550	3.5
2551	4.0
2553	4.0
2554	3.5
2560	3.5
2571	3.0
2580	4.0
2594	3.0
2599	3.0
2600	3.5
2613	3.0
2628	2.5
2640	2.5
2643	1.0
2664	4.5
2672	2.5
2682	4.0
2692	3.5
2693	3.5
2726	4.0
2728	4.5
2729	4.0
2730	4.0
2762	3.5
2791	2.5
2806	1.0
2819	3.5
2858	3.0
2871	3.5
2901	4.0
2905	5.0
2908	3.0
2912	4.0
2916	4.0
2918	3.0
2919	3.5
2924	4.0
2925	5.0
2947	3.5
2950	2.0
2952	3.5
2959	3.5
2966	4.0
2968	3.5
2983	3.0
2985	3.5
2986	2.0
2997	4.5
3000	3.5
3007	3.5
3016	3.0
3019	4.5
3030	4.5
3060	1.0
3068	4.0
3070	2.5
3075	4.0
3089	3.0
3090	4.5
3093	4.0
3108	3.0
3168	3.0
3169	3.5
3175	3.5
3181	3.5
3210	4.0
3224	3.5
3250	3.0
3266	3.0
3300	3.0
3326	3.5
3328	4.5
3354	0.5
3359	3.5
3362	4.0
3365	3.5
3384	3.5
3424	3.5
3435	4.5
3471	4.0
3476	4.5
3481	3.5
3504	5.0
3521	5.0
3527	2.5
3535	4.0
3551	3.5
3556	4.0
3576	3.5
3593	3.0
3634	3.5
3638	2.0
3654	3.5
3660	2.5
3671	3.5
3676	5.0
3683	4.5
3698	2.0
3703	4.0
3727	3.5
3730	5.0
3733	3.5
3740	3.5
3741	5.0
3742	3.0
3783	4.5
3788	4.0
3793	3.0
3801	3.5
3812	3.0
3814	4.0
3819	2.0
3826	2.0
3863	3.0
3868	3.0
3871	2.5
3897	3.0
3911	4.5
3925	4.0
3927	2.5
3947	3.5
3948	2.0
3949	3.5
3977	2.5
3981	2.5
3986	1.5
3994	3.0
3996	3.5
4027	4.0
4029	3.5
4033	3.0
4034	4.5
4036	3.5
4037	4.5
4079	2.5
4103	3.5
4210	3.5
4226	4.0
4298	4.0
4343	2.5
4370	2.5
4378	4.0
4380	3.0
4406	5.0
4432	5.0
4443	3.5
4446	2.5
4546	4.0
4553	3.5
4641	4.0
4682	1.5
4713	3.5
4720	3.5
4735	2.0
4744	2.5
4754	3.0
4792	2.0
4814	2.0
4846	5.0
4848	4.0
4855	2.5
4873	4.0
4878	5.0
4881	3.5
4887	1.0
4903	3.0
4914	5.0
4956	4.0
4970	3.5
4973	3.5
4979	3.0
4993	4.0
5008	4.0
5010	3.5
5047	0.5
5065	3.5
5074	3.5
5105	3.5
5265	2.0
5291	4.0
5292	4.5
5294	3.0
5298	5.0
5319	4.0
5349	2.5
5378	3.0
5388	3.0
5391	5.0
5418	4.0
5445	4.0
5446	3.5
5463	3.0
5481	1.5
5500	4.0
5502	2.0
5522	3.0
5617	3.5
5618	4.0
5669	4.5
5673	3.5
5707	3.5
5747	3.0
5784	1.0
5853	4.0
5876	3.5
5893	3.5
5902	4.0
5903	3.5
5952	4.5
5995	4.0
6001	4.0
6184	4.5
6242	3.5
6264	3.0
6270	3.5
6287	2.0
6303	4.0
6305	4.0
6323	2.0
6333	3.0
6365	3.5
6378	2.5
6440	5.0
6461	2.5
6502	4.0
6537	3.5
6539	3.5
6620	3.0
6639	3.5
6645	4.5
6659	3.5
6669	2.5
6774	4.5
6786	3.5
6787	4.0
6807	3.5
6852	3.5
6890	5.0
6934	0.5
6974	3.0
6979	3.0
6993	2.5
7001	4.5
7013	5.0
7022	3.5
7028	4.0
7034	3.0
7116	4.5
7123	4.5
7132	4.0
7153	5.0
7619	2.5
34542	4.0
38886	4.0
41997	4.0
44555	4.5
48774	4.5
49272	3.5
55820	5.0
56782	3.5
68358	0.5
73023	4.0
