1	3.0
3	3.0
6	5.0
11	3.0
15	3.0
16	4.0
19	1.0
21	4.0
29	5.0
32	4.0
34	1.0
44	2.0
45	4.0
47	5.0
50	5.0
60	3.0
63	4.0
70	4.0
71	4.0
99	3.0
104	1.0
110	5.0
111	4.0
118	3.0
150	3.0
151	5.0
153	3.0
160	1.0
161	4.0
163	4.0
164	3.0
172	1.0
173	2.0
185	2.0
198	2.0
208	1.0
216	2.0
223	4.0
225	4.0
231	1.0
232	2.0
236	4.0
237	3.0
246	5.0
256	2.0
260	5.0
266	5.0
267	3.0
272	3.0
281	5.0
292	1.0
296	5.0
303	3.0
316	3.0
317	3.0
318	5.0
329	2.0
338	1.0
344	3.0
350	1.0
352	4.0
353	5.0
356	1.0
357	4.0
364	3.0
367	1.0
370	3.0
372	3.0
380	4.0
405	1.0
434	3.0
435	1.0
438	2.0
441	3.0
442	3.0
450	3.0
454	1.0
457	4.0
464	1.0
466	5.0
473	1.0
474	3.0
480	5.0
485	1.0
520	3.0
534	3.0
537	3.0
541	5.0
542	1.0
543	3.0
544	3.0
546	1.0
547	3.0
551	4.0
553	4.0
586	3.0
587	3.0
588	3.0
589	5.0
590	2.0
592	5.0
593	1.0
595	4.0
596	3.0
597	2.0
608	4.0
610	3.0
637	3.0
648	3.0
653	4.0
661	3.0
663	3.0
671	5.0
673	3.0
728	4.0
731	4.0
736	3.0
737	2.0
750	5.0
762	3.0
780	3.0
785	1.0
786	3.0
839	3.0
849	1.0
858	5.0
897	5.0
903	4.0
904	4.0
908	5.0
910	4.0
912	5.0
913	5.0
919	5.0
920	3.0
922	5.0
923	4.0
924	5.0
927	3.0
930	4.0
931	4.0
940	5.0
950	3.0
953	3.0
965	3.0
969	5.0
971	4.0
1010	3.0
1019	3.0
1020	3.0
1033	5.0
1035	1.0
1036	4.0
1047	3.0
1049	3.0
1073	3.0
1079	3.0
1080	4.0
1084	4.0
1085	5.0
1089	3.0
1090	5.0
1091	3.0
1097	5.0
1100	3.0
1101	3.0
1103	3.0
1104	5.0
1124	2.0
1125	5.0
1127	3.0
1129	3.0
1135	3.0
1136	4.0
1191	3.0
1193	5.0
1196	5.0
1197	5.0
1198	5.0
1199	5.0
1200	5.0
1201	4.0
1203	4.0
1206	3.0
1207	5.0
1208	5.0
1209	4.0
1210	4.0
1212	5.0
1214	5.0
1215	4.0
1219	5.0
1220	4.0
1221	5.0
1222	5.0
1228	3.0
1237	5.0
1240	3.0
1242	5.0
1246	5.0
1247	3.0
1248	5.0
1250	4.0
1252	5.0
1253	4.0
1254	5.0
1256	5.0
1259	4.0
1265	5.0
1266	4.0
1270	1.0
1272	5.0
1276	4.0
1282	4.0
1283	5.0
1286	3.0
1287	4.0
1291	5.0
1293	3.0
1298	4.0
1300	2.0
1302	4.0
1304	5.0
1307	3.0
1320	3.0
1356	4.0
1358	5.0
1359	3.0
1371	3.0
1372	5.0
1373	2.0
1374	5.0
1375	3.0
1376	4.0
1377	2.0
1378	2.0
1380	1.0
1387	5.0
1389	1.0
1391	4.0
1398	4.0
1405	3.0
1408	3.0
1409	3.0
1411	4.0
1460	3.0
1476	3.0
1500	3.0
1513	3.0
1517	2.0
1527	1.0
1544	2.0
1552	3.0
1556	1.0
1562	2.0
1573	1.0
1580	4.0
1584	3.0
1587	4.0
1588	3.0
1590	5.0
1591	2.0
1606	3.0
1610	3.0
1617	5.0
1641	1.0
1653	2.0
1663	3.0
1665	3.0
1672	1.0
1673	2.0
1676	1.0
1689	4.0
1690	4.0
1704	4.0
1729	4.0
1747	1.0
1748	4.0
1754	4.0
1762	1.0
1772	1.0
1777	3.0
1779	1.0
1784	5.0
1831	1.0
1834	4.0
1882	2.0
1883	1.0
1888	3.0
1894	3.0
1909	3.0
1912	4.0
1917	4.0
1918	3.0
1927	3.0
1938	5.0
1945	5.0
1953	5.0
1954	3.0
1960	5.0
1962	5.0
1967	2.0
1968	3.0
1994	4.0
1997	5.0
2000	3.0
2003	4.0
2004	3.0
2005	3.0
2011	1.0
2012	1.0
2013	3.0
2020	2.0
2021	1.0
2023	4.0
2027	3.0
2028	5.0
2034	4.0
2046	3.0
2052	1.0
2058	5.0
2060	1.0
2080	5.0
2087	3.0
2088	3.0
2094	2.0
2095	3.0
2100	2.0
2102	3.0
2105	3.0
2108	2.0
2110	4.0
2115	4.0
2124	2.0
2125	4.0
2134	3.0
2140	4.0
2145	3.0
2161	1.0
2162	1.0
2163	1.0
2173	3.0
2174	3.0
2183	4.0
2186	4.0
2193	2.0
2202	4.0
2206	4.0
2245	3.0
2249	3.0
2253	1.0
2273	3.0
2288	4.0
2289	5.0
2291	3.0
2301	5.0
2302	3.0
2311	4.0
2322	4.0
2352	3.0
2355	4.0
2366	5.0
2369	3.0
2378	1.0
2379	1.0
2391	4.0
2393	4.0
2395	5.0
2396	2.0
2413	3.0
2421	2.0
2427	5.0
2448	1.0
2450	2.0
2454	4.0
2455	1.0
2456	1.0
2470	4.0
2474	5.0
2478	3.0
2498	1.0
2502	3.0
2504	2.0
2528	1.0
2539	1.0
2549	1.0
2558	5.0
2568	1.0
2571	1.0
2581	3.0
2605	4.0
2616	1.0
2622	3.0
2628	5.0
2640	4.0
2641	4.0
2642	1.0
2643	1.0
2657	1.0
2662	4.0
2668	3.0
2683	3.0
2694	1.0
2699	3.0
2701	1.0
2706	3.0
2710	5.0
2716	4.0
2717	3.0
2723	1.0
2728	3.0
2734	5.0
2746	1.0
2761	4.0
2762	4.0
2772	3.0
2791	3.0
2792	3.0
2797	1.0
2804	5.0
2807	1.0
2808	1.0
2826	5.0
2827	1.0
2829	3.0
2840	3.0
2858	5.0
2861	4.0
2871	4.0
2872	5.0
2890	4.0
2915	4.0
2916	4.0
2918	3.0
2944	2.0
2947	3.0
2948	3.0
2968	1.0
2978	3.0
2985	2.0
2986	1.0
2987	4.0
2989	4.0
2997	5.0
3033	3.0
3039	4.0
3052	3.0
3062	5.0
3066	4.0
3070	3.0
3087	4.0
3095	5.0
3105	4.0
3107	4.0
3108	5.0
3113	3.0
3130	1.0
3153	4.0
3156	2.0
3159	4.0
3160	5.0
3175	3.0
3176	1.0
3190	1.0
3208	4.0
3247	1.0
3253	4.0
3254	3.0
3255	3.0
3258	3.0
3261	4.0
3263	3.0
3268	1.0
3269	1.0
3271	4.0
3301	3.0
3327	4.0
3334	5.0
3387	1.0
3396	4.0
3398	4.0
3418	3.0
3424	3.0
3441	3.0
3448	3.0
3450	3.0
3468	5.0
3469	5.0
3471	3.0
3477	3.0
3479	2.0
3489	4.0
3513	4.0
3526	3.0
3527	4.0
3543	4.0
3545	4.0
3552	3.0
3555	4.0
3578	5.0
3593	1.0
3624	4.0
3638	2.0
3654	4.0
3671	5.0
3688	2.0
3697	1.0
3698	4.0
3705	3.0
3706	4.0
3710	3.0
3723	5.0
3729	4.0
3735	3.0
3744	5.0
3745	3.0
3751	4.0
3752	1.0
3755	1.0
3793	3.0
3798	3.0
3801	5.0
3802	1.0
3809	4.0
3826	1.0
3827	4.0
3835	2.0
3841	3.0
3852	3.0
3863	5.0
3868	2.0
3869	3.0
3871	4.0
3877	1.0
3967	2.0
3968	5.0
3973	4.0
3977	1.0
3978	3.0
3986	4.0
3996	5.0
3997	1.0
4002	5.0
4016	3.0
4019	4.0
4027	4.0
4031	5.0
4040	3.0
4047	4.0
4178	4.0
4226	4.0
4228	4.0
4306	5.0
4327	4.0
4359	5.0
4361	1.0
4369	1.0
4474	1.0
4623	4.0
