1	4.0
3	2.0
4	3.0
6	3.0
7	3.0
11	3.0
15	2.0
16	4.0
17	5.0
21	5.0
25	5.0
28	5.0
29	4.0
32	5.0
34	5.0
36	4.0
39	4.0
41	5.0
42	3.0
45	5.0
50	5.0
52	4.0
58	4.0
60	3.0
64	1.0
82	4.0
95	3.0
99	4.0
110	3.0
111	5.0
121	4.0
122	2.0
125	4.0
144	4.0
149	4.0
150	4.0
153	1.0
154	5.0
155	4.0
162	5.0
163	5.0
166	3.0
171	4.0
173	1.0
176	4.0
180	4.0
186	2.0
190	4.0
194	5.0
195	4.0
198	4.0
199	5.0
204	1.0
206	4.0
215	4.0
223	4.0
231	2.0
232	5.0
233	5.0
234	2.0
235	5.0
236	4.0
237	3.0
246	5.0
247	4.0
252	2.0
256	3.0
260	5.0
261	5.0
262	5.0
265	4.0
271	2.0
272	4.0
276	2.0
278	4.0
281	4.0
288	2.0
289	3.0
292	2.0
296	5.0
300	4.0
305	4.0
306	5.0
307	5.0
308	5.0
312	4.0
314	5.0
316	4.0
318	4.0
322	4.0
337	4.0
339	4.0
342	3.0
345	3.0
348	5.0
349	3.0
352	4.0
355	2.0
356	3.0
357	4.0
363	4.0
364	4.0
368	2.0
371	3.0
372	4.0
373	4.0
376	3.0
377	4.0
380	2.0
387	1.0
410	3.0
412	5.0
419	2.0
422	4.0
433	2.0
434	3.0
440	4.0
441	4.0
448	4.0
457	4.0
461	4.0
466	3.0
467	3.0
468	4.0
471	3.0
472	3.0
474	3.0
475	4.0
477	3.0
479	3.0
482	4.0
485	1.0
492	5.0
497	5.0
500	2.0
501	5.0
504	3.0
507	4.0
508	3.0
514	5.0
515	5.0
527	5.0
529	5.0
531	5.0
534	4.0
535	5.0
537	4.0
538	4.0
539	3.0
541	4.0
543	4.0
549	4.0
550	3.0
551	5.0
552	3.0
555	3.0
556	4.0
562	4.0
565	4.0
581	4.0
585	3.0
586	3.0
587	3.0
588	4.0
589	5.0
592	4.0
593	5.0
594	5.0
595	5.0
596	4.0
597	4.0
608	5.0
612	3.0
627	3.0
639	4.0
648	2.0
663	4.0
668	5.0
671	5.0
678	3.0
680	3.0
692	3.0
708	4.0
714	4.0
719	2.0
720	5.0
728	4.0
733	2.0
735	3.0
736	2.0
745	4.0
748	3.0
750	5.0
762	2.0
778	5.0
780	2.0
784	4.0
785	4.0
799	3.0
800	5.0
804	3.0
809	3.0
818	3.0
830	2.0
836	2.0
837	4.0
838	4.0
849	1.0
852	4.0
858	5.0
866	5.0
892	5.0
898	5.0
899	5.0
900	5.0
901	5.0
902	4.0
903	5.0
904	5.0
905	5.0
906	5.0
907	5.0
908	5.0
909	5.0
910	5.0
911	5.0
912	5.0
913	5.0
914	3.0
915	4.0
916	4.0
919	5.0
920	3.0
921	5.0
922	5.0
923	5.0
924	5.0
926	5.0
927	4.0
928	4.0
929	4.0
930	5.0
932	3.0
933	4.0
934	5.0
936	4.0
940	5.0
941	5.0
942	5.0
945	5.0
947	5.0
948	3.0
950	4.0
951	5.0
953	5.0
954	5.0
955	5.0
965	5.0
968	4.0
969	5.0
971	5.0
973	4.0
986	5.0
994	5.0
999	3.0
1028	4.0
1034	4.0
1035	3.0
1036	4.0
1041	5.0
1042	4.0
1047	2.0
1050	5.0
1054	4.0
1057	3.0
1060	4.0
1066	5.0
1073	4.0
1077	4.0
1078	4.0
1079	5.0
1080	4.0
1081	5.0
1083	4.0
1084	4.0
1086	4.0
1088	4.0
1089	5.0
1091	3.0
1094	5.0
1095	5.0
1096	5.0
1097	4.0
1099	4.0
1101	2.0
1103	4.0
1104	5.0
1111	4.0
1120	4.0
1127	4.0
1129	4.0
1131	5.0
1132	5.0
1135	4.0
1136	5.0
1148	4.0
1171	4.0
1172	4.0
1175	5.0
1176	5.0
1177	4.0
1178	5.0
1179	5.0
1183	5.0
1185	4.0
1186	5.0
1187	5.0
1188	4.0
1189	5.0
1191	4.0
1192	4.0
1193	4.0
1196	5.0
1197	5.0
1198	4.0
1199	5.0
1200	5.0
1202	5.0
1203	4.0
1204	5.0
1206	5.0
1207	5.0
1208	5.0
1210	5.0
1211	5.0
1212	5.0
1213	5.0
1214	5.0
1218	5.0
1219	5.0
1221	5.0
1222	4.0
1223	4.0
1224	5.0
1225	5.0
1226	5.0
1228	5.0
1230	5.0
1231	5.0
1233	5.0
1234	3.0
1235	4.0
1236	5.0
1238	5.0
1240	5.0
1242	5.0
1243	5.0
1244	5.0
1245	4.0
1247	5.0
1248	5.0
1249	5.0
1251	5.0
1252	5.0
1256	5.0
1257	4.0
1258	5.0
1259	4.0
1260	5.0
1263	4.0
1264	5.0
1265	5.0
1266	4.0
1267	5.0
1269	5.0
1270	4.0
1271	3.0
1272	4.0
1273	5.0
1276	5.0
1278	5.0
1279	5.0
1280	5.0
1281	5.0
1282	4.0
1283	5.0
1284	5.0
1285	4.0
1288	5.0
1291	2.0
1292	4.0
1293	5.0
1296	5.0
1297	4.0
1299	5.0
1304	3.0
1307	4.0
1320	3.0
1321	4.0
1332	4.0
1333	4.0
1340	5.0
1344	5.0
1345	3.0
1353	1.0
1354	5.0
1356	3.0
1358	4.0
1361	4.0
1365	4.0
1370	2.0
1374	4.0
1377	4.0
1378	2.0
1387	5.0
1391	3.0
1392	4.0
1394	5.0
1395	5.0
1405	3.0
1408	4.0
1409	2.0
1411	3.0
1414	4.0
1441	3.0
1446	4.0
1449	4.0
1453	2.0
1454	4.0
1457	4.0
1466	5.0
1476	4.0
1479	2.0
1480	4.0
1483	4.0
1484	4.0
1485	2.0
1500	4.0
1513	4.0
1517	4.0
1526	2.0
1527	5.0
1535	4.0
1537	5.0
1541	4.0
1542	3.0
1552	3.0
1556	2.0
1562	1.0
1569	4.0
1573	4.0
1580	3.0
1586	2.0
1588	3.0
1593	3.0
1594	5.0
1597	2.0
1600	3.0
1603	4.0
1610	5.0
1614	4.0
1617	5.0
1621	3.0
1633	4.0
1635	5.0
1641	4.0
1642	3.0
1648	3.0
1649	4.0
1663	3.0
1672	4.0
1673	4.0
1674	4.0
1676	1.0
1680	3.0
1682	3.0
1683	4.0
1690	3.0
1694	4.0
1699	4.0
1701	4.0
1704	4.0
1711	3.0
1719	5.0
1729	5.0
1732	4.0
1734	5.0
1747	4.0
1748	3.0
1754	3.0
1769	2.0
1777	4.0
1784	4.0
1788	5.0
1794	4.0
1810	3.0
1816	4.0
1821	3.0
1827	4.0
1831	1.0
1834	4.0
1845	4.0
1848	4.0
1855	2.0
1875	4.0
1883	4.0
1884	5.0
1885	5.0
1888	2.0
1889	4.0
1894	2.0
1895	4.0
1897	5.0
1904	5.0
1911	3.0
1912	5.0
1916	2.0
1917	1.0
1918	2.0
1921	4.0
1927	5.0
1934	5.0
1935	4.0
1936	4.0
1938	4.0
1939	5.0
1940	4.0
1944	5.0
1946	5.0
1947	4.0
1950	5.0
1952	5.0
1953	3.0
1954	4.0
1956	5.0
1957	3.0
1958	3.0
1962	2.0
1963	4.0
1966	4.0
1967	4.0
1968	4.0
1982	5.0
2000	4.0
2001	4.0
2002	3.0
2003	4.0
2006	3.0
2010	5.0
2019	5.0
2020	5.0
2021	4.0
2022	5.0
2023	3.0
2024	4.0
2028	3.0
2052	2.0
2054	3.0
2058	3.0
2060	3.0
2064	4.0
2065	5.0
2070	4.0
2071	4.0
2072	2.0
2076	5.0
2077	3.0
2081	4.0
2084	4.0
2088	4.0
2094	3.0
2100	4.0
2108	4.0
2109	3.0
2117	4.0
2118	4.0
2130	4.0
2133	3.0
2134	4.0
2136	4.0
2144	4.0
2145	4.0
2147	2.0
2150	2.0
2155	4.0
2159	3.0
2160	5.0
2161	4.0
2167	4.0
2171	3.0
2173	4.0
2174	4.0
2176	3.0
2186	5.0
2193	4.0
2194	4.0
2203	5.0
2204	4.0
2206	4.0
2208	4.0
2236	3.0
2243	5.0
2245	4.0
2247	4.0
2248	5.0
2249	3.0
2252	2.0
2253	2.0
2261	3.0
2262	4.0
2265	2.0
2266	3.0
2273	2.0
2278	4.0
2288	4.0
2289	5.0
2290	4.0
2291	4.0
2300	5.0
2301	3.0
2302	3.0
2303	5.0
2312	4.0
2313	4.0
2318	5.0
2321	4.0
2324	3.0
2328	4.0
2329	4.0
2331	5.0
2333	5.0
2334	4.0
2336	4.0
2344	4.0
2348	4.0
2349	4.0
2352	4.0
2353	3.0
2356	4.0
2357	5.0
2359	3.0
2369	4.0
2370	4.0
2374	3.0
2375	4.0
2385	3.0
2390	3.0
2395	4.0
2396	5.0
2398	5.0
2399	2.0
2405	3.0
2406	4.0
2407	3.0
2413	2.0
2418	4.0
2421	2.0
2422	2.0
2424	2.0
2428	4.0
2433	3.0
2439	4.0
2453	4.0
2457	3.0
2463	4.0
2468	3.0
2470	3.0
2473	3.0
2485	3.0
2488	5.0
2518	4.0
2527	4.0
2528	4.0
2529	5.0
2535	2.0
2539	2.0
2542	3.0
2551	5.0
2567	3.0
2571	5.0
2572	4.0
2580	4.0
2583	4.0
2599	4.0
2612	5.0
2613	4.0
2616	3.0
2622	2.0
2640	4.0
2641	3.0
2644	4.0
2648	4.0
2657	4.0
2664	4.0
2671	4.0
2683	3.0
2690	4.0
2692	4.0
2693	4.0
2699	3.0
2700	3.0
2702	4.0
2710	3.0
2712	4.0
2716	4.0
2723	3.0
2729	4.0
2730	4.0
2736	4.0
2739	2.0
2746	4.0
2750	5.0
2752	3.0
2762	4.0
2763	4.0
2779	4.0
2788	4.0
2791	4.0
2796	3.0
2797	4.0
2801	4.0
2802	4.0
2804	5.0
2819	4.0
2829	3.0
2840	3.0
2857	3.0
2858	5.0
2859	4.0
2863	5.0
2866	4.0
2867	4.0
2870	4.0
2871	5.0
2872	4.0
2881	2.0
2890	3.0
2915	4.0
2916	3.0
2917	4.0
2919	5.0
2926	4.0
2927	5.0
2929	4.0
2935	5.0
2936	5.0
2937	5.0
2953	2.0
2956	3.0
2968	4.0
2971	4.0
2973	5.0
2985	5.0
2987	4.0
3018	4.0
3019	4.0
3020	2.0
3022	5.0
3028	5.0
3033	2.0
3035	4.0
3037	4.0
3039	4.0
3040	3.0
3045	4.0
3052	3.0
3054	1.0
3061	4.0
3068	5.0
3070	4.0
3072	5.0
3075	5.0
3081	3.0
3087	3.0
3088	4.0
3090	5.0
3093	4.0
3094	5.0
3095	5.0
3096	3.0
3097	5.0
3104	4.0
3105	3.0
3107	3.0
3108	5.0
3111	3.0
3130	2.0
3152	4.0
3167	4.0
3175	3.0
4970	5.0
5060	5.0
