1	4.5
2	3.0
19	4.0
47	4.0
101	3.5
104	3.5
111	4.0
150	4.5
158	2.5
165	4.0
180	3.5
215	4.0
216	3.5
223	4.0
231	4.0
256	3.0
288	3.5
296	4.0
317	3.0
318	4.5
344	4.0
356	5.0
367	3.0
370	3.5
374	2.5
419	2.5
420	3.5
457	3.5
480	4.0
492	3.5
500	3.5
508	4.0
527	4.0
539	3.5
586	3.0
593	4.0
608	4.5
648	3.5
673	3.0
745	4.0
750	3.5
765	3.0
780	4.0
788	3.0
798	3.5
904	3.0
923	4.0
924	4.5
1020	3.5
1036	4.0
1059	3.5
1077	3.5
1078	3.5
1089	4.0
1091	3.5
1097	3.5
1129	3.5
1136	3.5
1148	4.0
1193	3.5
1198	4.0
1203	3.5
1206	3.5
1213	3.5
1220	4.0
1222	3.5
1223	4.0
1228	3.5
1230	4.0
1244	4.0
1246	4.0
1247	3.5
1258	3.0
1259	4.0
1263	4.0
1265	4.5
1270	5.0
1291	4.0
1302	4.0
1307	3.5
1343	3.5
1367	2.0
1370	3.5
1377	3.5
1391	3.0
1407	3.5
1431	3.0
1474	3.0
1485	3.5
1515	3.5
1517	3.5
1527	3.5
1544	3.5
1552	4.0
1556	2.5
1580	4.0
1588	2.5
1608	4.0
1639	3.5
1682	4.5
1701	3.0
1702	2.5
1704	4.0
1713	3.0
1717	3.5
1721	4.0
1729	3.0
1732	3.5
1772	3.5
1792	3.5
1876	3.5
1882	3.5
1911	3.0
1917	4.0
1920	2.5
1923	3.0
1955	4.0
1963	3.5
1968	4.5
2003	3.5
2004	3.0
2011	5.0
2012	5.0
2028	4.0
2065	3.5
2115	4.0
2126	3.5
2273	4.0
2294	3.5
2313	4.0
2329	3.5
2335	3.5
2353	3.5
2355	4.0
2378	3.0
2395	3.5
2423	4.0
2424	3.5
2427	3.5
2428	3.0
2455	3.5
2478	4.0
2502	3.5
2571	3.5
2617	3.5
2683	3.5
2694	3.0
2700	4.0
2701	2.5
2706	3.5
2712	3.5
2713	3.0
2716	4.0
2717	3.5
2762	3.5
2791	4.0
2792	3.0
2797	3.5
2858	4.0
2860	3.5
2918	4.0
2953	3.0
2959	4.0
2973	3.0
2987	4.0
2997	3.5
3033	3.0
3052	4.0
3087	3.5
3114	4.0
3146	3.5
3147	4.0
3156	3.5
3173	3.5
3271	3.0
3273	3.5
3285	4.0
3409	4.0
3421	3.5
3448	4.0
3471	4.0
3499	4.0
3535	3.5
3552	4.0
3578	4.5
3615	2.0
3617	3.5
3618	3.0
3623	3.0
3624	4.0
3646	2.5
3717	3.0
3751	4.0
3752	3.5
3785	4.0
3793	4.0
3812	3.5
3814	4.5
3821	3.0
3826	3.5
3868	3.5
3869	3.5
3916	4.0
3967	3.5
3968	3.0
3977	2.5
3979	2.5
3988	3.0
3994	4.5
4015	3.5
4022	4.5
4027	4.0
4148	3.5
4226	4.0
4232	2.5
4254	3.0
4270	3.5
4306	4.0
4343	4.5
4367	3.0
4368	2.5
4370	3.5
4388	4.0
4638	3.0
4701	3.5
4718	3.5
4728	2.5
4734	3.5
4816	4.0
4886	4.0
4890	2.5
4896	3.5
4958	4.0
4963	4.0
4979	4.0
4995	4.0
5010	4.0
5092	2.5
5108	3.5
5151	3.5
5218	3.5
5266	4.0
5267	3.5
5349	4.0
5419	2.0
5445	3.5
5449	3.0
5459	3.5
5478	2.0
5481	3.5
5502	4.0
5504	2.5
5505	4.0
5507	2.0
5528	3.5
5673	4.0
5785	3.5
5803	3.5
5804	2.0
5816	3.5
5881	3.5
5956	3.5
5989	4.0
5995	4.0
6006	4.0
6013	2.5
6058	3.5
6156	3.5
6188	3.5
6218	1.5
6264	2.5
6281	4.5
6287	3.0
6297	2.5
6333	4.0
6365	3.0
6373	4.0
6377	4.5
6378	4.0
6440	3.5
6502	4.0
6503	2.5
6534	2.5
6539	4.0
6541	3.0
6550	3.5
6564	2.5
6595	3.5
6618	0.5
6659	2.5
6711	4.0
6863	2.5
6870	4.0
6874	4.0
6888	3.5
6934	3.0
6936	4.0
7022	4.0
7254	4.0
7293	3.0
7317	3.5
7325	2.5
7361	4.0
7373	3.0
7438	4.0
7445	3.5
7934	3.5
8340	3.5
8360	3.5
8361	4.0
8368	3.5
8464	4.0
8526	2.5
8528	3.0
8529	4.5
8531	3.0
8636	4.0
8638	4.0
8641	4.0
8644	3.0
8666	1.0
8783	3.0
8784	5.0
8807	5.0
8814	2.5
8860	3.5
8874	4.5
8908	4.5
8917	4.0
8937	4.0
8957	4.0
8961	4.5
8972	4.5
8981	4.0
8984	2.5
27706	3.0
30707	4.0
30810	4.0
30812	4.5
30825	3.0
31225	3.5
31685	3.5
32029	3.5
32031	3.5
32587	3.5
33004	3.0
33166	4.0
33615	3.0
33646	3.0
33660	4.0
33679	4.0
33794	3.5
34048	3.5
34150	3.5
34162	3.5
34319	4.0
35836	3.5
35957	3.0
36525	3.0
36529	4.0
36708	4.0
37727	4.5
38038	4.5
38886	3.5
39444	4.0
39446	3.0
40581	3.0
40614	2.5
40815	4.0
41285	4.0
41569	4.0
41997	4.0
42011	3.5
43679	3.5
43871	3.0
43936	4.0
44191	4.0
44199	4.0
44972	3.5
45186	4.0
45210	3.5
45442	4.0
45499	4.0
45517	4.0
45672	3.5
45722	4.0
45728	4.0
46530	3.5
46578	4.0
46723	4.5
46965	3.5
46967	4.0
46970	2.5
46972	3.5
46974	4.5
46976	5.0
47099	4.0
47200	3.0
47610	3.5
48322	3.5
48385	3.5
48516	4.5
48774	5.0
48780	4.0
48877	3.0
48982	3.0
49286	3.0
49530	4.0
50601	3.5
50872	4.0
51086	3.0
51255	4.0
51412	3.5
51540	3.0
52328	4.0
52458	4.5
52604	4.0
52722	4.0
52973	3.5
53121	3.5
53123	4.0
53125	3.5
53322	4.0
53464	3.5
53519	3.0
53953	3.5
53972	3.5
53996	4.0
54001	4.0
54272	4.5
54503	4.0
54648	4.0
55247	3.5
55267	3.5
55269	4.0
55290	3.5
55363	4.5
55577	2.5
55820	4.5
56174	3.5
56251	3.5
56367	4.0
56757	4.0
56775	4.5
57368	4.0
57669	4.0
58025	4.0
58103	3.0
58559	4.0
58803	3.5
58998	4.0
59022	4.5
59315	4.0
59369	4.0
59421	4.0
59615	4.0
60037	3.0
60040	4.0
60069	4.0
60074	4.0
60126	3.5
60161	4.0
60950	4.5
61024	3.5
61132	3.5
61729	3.5
62081	2.5
62511	4.0
62956	3.5
63082	4.0
64716	3.5
64839	4.0
64957	4.0
64969	4.5
66097	3.5
66297	3.5
66934	4.5
67087	4.0
67197	3.0
67734	4.0
68157	4.0
68237	4.0
68319	3.5
68358	4.0
68793	3.5
68954	4.0
69122	4.5
69306	3.5
69481	4.0
69526	3.5
69640	3.5
69757	5.0
69844	4.0
70286	3.0
71379	4.0
71520	3.5
71530	3.0
71535	5.0
71745	3.5
71899	4.0
72011	5.0
72226	4.5
72378	4.0
72641	4.5
72731	3.5
72733	3.5
72998	4.0
73321	4.0
74458	4.0
76251	4.0
77561	4.0
78499	4.5
78574	4.0
78637	3.5
79008	4.0
79091	4.5
79132	4.0
79592	3.5
80463	4.5
80489	3.5
81229	3.5
81537	3.5
81562	5.0
81782	4.0
81834	4.0
81845	3.5
81932	4.0
83613	3.5
84152	4.0
84374	3.5
84772	4.0
86332	4.0
86833	4.0
86880	4.0
86882	4.5
86898	4.0
86911	4.0
87232	4.0
87306	4.0
87430	3.5
87485	3.5
87520	3.5
87869	4.5
88125	4.0
88129	4.5
88140	4.0
88744	4.0
89492	4.0
89745	4.5
89774	4.0
89804	4.0
89864	5.0
90746	4.0
90866	4.0
91077	4.0
91500	4.0
91529	4.0
91630	4.0
92420	4.0
93510	4.5
93840	4.5
94777	4.0
94959	4.5
95088	4.0
95167	3.5
95441	4.0
95510	4.0
96610	4.0
97304	4.0
97306	4.5
97752	3.5
97921	5.0
97923	4.0
97938	4.5
98154	4.0
98961	4.0
99114	4.0
102123	4.0
102125	4.0
102445	4.0
102903	3.5
103042	4.0
103141	4.0
103228	4.0
103249	3.5
103253	3.5
103335	4.5
103341	3.0
103772	4.0
104841	5.0
104913	4.0
105504	4.5
105844	4.5
106072	4.0
106100	4.0
106487	4.0
106696	4.0
106782	4.5
106916	4.0
106918	5.0
106920	4.5
108932	5.0
109374	4.5
110102	4.0
111362	4.0
111759	4.0
112852	4.5
