1	4.0
4	3.0
7	3.0
11	4.0
16	4.0
25	3.0
28	4.0
31	3.0
32	4.0
34	4.0
39	4.0
46	3.0
47	4.0
50	4.0
52	4.0
57	4.0
64	3.0
69	4.0
72	5.0
74	3.0
94	4.0
101	4.0
104	3.0
110	3.0
122	3.0
123	4.0
125	4.0
141	3.0
144	4.0
149	4.0
158	3.0
164	4.0
168	3.0
170	2.0
171	3.0
174	2.0
175	3.0
176	4.0
177	3.0
179	2.0
180	3.0
182	3.0
185	2.0
186	2.0
187	3.0
193	1.0
196	2.0
206	3.0
215	4.0
217	2.0
218	3.0
222	4.0
223	4.0
234	2.0
236	3.0
237	3.0
242	3.0
246	4.0
248	3.0
252	3.0
261	3.0
266	3.0
288	3.0
292	3.0
293	4.0
296	4.0
300	4.0
318	4.0
330	2.0
333	4.0
337	4.0
339	3.0
342	3.0
346	3.0
351	4.0
356	2.0
357	4.0
361	3.0
364	3.0
368	3.0
371	4.0
372	3.0
377	3.0
380	3.0
407	3.0
412	4.0
416	3.0
417	4.0
428	4.0
436	2.0
440	4.0
441	4.0
450	3.0
453	3.0
457	4.0
471	4.0
479	2.0
480	3.0
481	3.0
489	2.0
492	4.0
493	3.0
497	3.0
507	4.0
514	4.0
515	3.0
524	3.0
527	4.0
531	4.0
537	3.0
539	3.0
540	2.0
541	3.0
542	2.0
543	4.0
550	3.0
555	4.0
562	4.0
574	3.0
581	4.0
585	3.0
586	3.0
587	3.0
588	4.0
589	4.0
590	3.0
593	4.0
594	4.0
595	3.0
596	4.0
597	3.0
608	4.0
616	3.0
661	5.0
662	2.0
663	3.0
694	2.0
700	3.0
708	4.0
710	2.0
724	2.0
745	5.0
750	4.0
778	4.0
785	2.0
802	3.0
804	4.0
835	3.0
838	4.0
849	2.0
851	3.0
858	5.0
898	4.0
899	4.0
900	4.0
901	4.0
902	5.0
914	4.0
915	4.0
916	4.0
917	4.0
919	4.0
920	4.0
926	4.0
950	4.0
953	5.0
955	4.0
968	4.0
994	4.0
1013	3.0
1022	4.0
1024	3.0
1025	4.0
1028	4.0
1032	4.0
1034	3.0
1035	4.0
1036	3.0
1037	2.0
1042	4.0
1043	3.0
1051	4.0
1056	4.0
1057	4.0
1060	4.0
1061	4.0
1073	4.0
1077	4.0
1078	4.0
1079	4.0
1088	3.0
1089	4.0
1093	3.0
1094	4.0
1097	4.0
1101	3.0
1103	4.0
1111	4.0
1126	3.0
1127	4.0
1148	5.0
1171	4.0
1177	4.0
1186	4.0
1188	3.0
1191	3.0
1197	4.0
1206	4.0
1207	4.0
1208	3.0
1211	5.0
1213	4.0
1219	4.0
1221	4.0
1223	4.0
1225	4.0
1230	5.0
1235	5.0
1236	5.0
1240	4.0
1243	4.0
1244	4.0
1246	4.0
1247	5.0
1249	4.0
1256	4.0
1257	4.0
1258	4.0
1259	4.0
1262	4.0
1265	4.0
1268	4.0
1269	4.0
1270	4.0
1271	4.0
1278	3.0
1279	3.0
1285	4.0
1288	4.0
1290	3.0
1291	4.0
1292	3.0
1297	4.0
1302	4.0
1304	4.0
1307	4.0
1321	4.0
1330	3.0
1339	2.0
1342	3.0
1343	3.0
1345	3.0
1347	3.0
1379	2.0
1380	3.0
1381	3.0
1387	3.0
1393	4.0
1394	5.0
1396	4.0
1405	2.0
1407	4.0
1408	3.0
1411	4.0
1414	4.0
1441	4.0
1449	4.0
1454	2.0
1476	4.0
1484	5.0
1500	4.0
1513	4.0
1517	4.0
1527	3.0
1541	3.0
1554	3.0
1573	2.0
1580	3.0
1584	4.0
1605	3.0
1608	4.0
1611	4.0
1617	4.0
1625	4.0
1629	4.0
1635	4.0
1639	4.0
1641	4.0
1642	3.0
1643	3.0
1644	2.0
1648	4.0
1663	3.0
1673	4.0
1674	3.0
1680	4.0
1682	4.0
1689	3.0
1693	3.0
1701	4.0
1704	3.0
1717	4.0
1719	4.0
1721	4.0
1732	4.0
1734	4.0
1753	3.0
1777	4.0
1784	3.0
1810	3.0
1821	3.0
1834	5.0
1836	4.0
1875	4.0
1885	4.0
1892	3.0
1894	3.0
1895	3.0
1897	3.0
1904	4.0
1912	4.0
1923	4.0
1946	4.0
1952	4.0
1958	4.0
1960	4.0
1962	4.0
1966	5.0
1968	4.0
1970	3.0
1973	2.0
1974	3.0
1982	4.0
1991	2.0
2003	3.0
2005	4.0
2006	3.0
2011	2.0
2014	3.0
2018	4.0
2024	4.0
2025	3.0
2026	2.0
2033	3.0
2052	2.0
2064	4.0
2065	5.0
2076	4.0
2080	4.0
2081	3.0
2084	2.0
2093	3.0
2096	4.0
2100	4.0
2106	3.0
2108	4.0
2109	4.0
2111	4.0
2112	3.0
2117	4.0
2118	4.0
2124	3.0
2133	3.0
2137	4.0
2139	3.0
2140	3.0
2141	3.0
2144	4.0
2145	4.0
2146	3.0
2155	3.0
2160	3.0
2161	4.0
2165	3.0
2171	4.0
2174	4.0
2193	3.0
2243	4.0
2245	4.0
2248	4.0
2263	3.0
2265	1.0
2266	2.0
2268	4.0
2279	2.0
2289	4.0
2291	4.0
2294	5.0
2296	2.0
2302	3.0
2313	4.0
2321	3.0
2324	4.0
2329	4.0
2331	3.0
2333	3.0
2336	4.0
2348	4.0
2369	4.0
2375	3.0
2384	4.0
2395	5.0
2396	4.0
2398	4.0
2405	3.0
2406	3.0
2407	3.0
2413	3.0
2420	3.0
2423	3.0
2424	3.0
2442	4.0
2450	1.0
2451	3.0
2453	3.0
2469	4.0
2473	1.0
2478	3.0
2485	2.0
2492	3.0
2502	4.0
2505	2.0
2558	3.0
2565	4.0
2571	4.0
2572	3.0
2581	4.0
2583	3.0
2596	3.0
2598	3.0
2599	5.0
2639	3.0
2657	3.0
2683	4.0
2687	4.0
2693	3.0
2702	3.0
2706	3.0
2710	3.0
2716	4.0
2717	3.0
2719	2.0
2729	4.0
2735	3.0
2739	4.0
2746	3.0
2761	4.0
2762	4.0
2779	3.0
2787	3.0
2791	4.0
2792	3.0
2794	4.0
2795	4.0
2796	3.0
2797	4.0
2804	4.0
2822	3.0
2841	3.0
2846	3.0
2858	4.0
2859	3.0
2866	3.0
2867	3.0
2883	3.0
2891	3.0
2900	2.0
2915	3.0
2918	4.0
2926	4.0
2942	3.0
2943	4.0
2966	4.0
2969	4.0
2976	3.0
2987	3.0
2997	5.0
3005	3.0
3006	4.0
3007	4.0
3033	3.0
3039	4.0
3045	3.0
3052	4.0
3060	4.0
3063	2.0
3071	4.0
3072	3.0
3087	4.0
3088	4.0
3100	3.0
3105	4.0
3108	4.0
3114	4.0
3129	4.0
3145	4.0
3148	4.0
3160	3.0
3168	3.0
3176	4.0
3182	4.0
3186	4.0
3210	4.0
3225	1.0
3243	2.0
3246	4.0
3247	2.0
3248	2.0
3250	4.0
3253	3.0
3255	3.0
3257	2.0
3258	2.0
3261	4.0
3264	3.0
3269	3.0
3273	4.0
3347	4.0
3358	4.0
3388	3.0
3392	2.0
3394	3.0
3396	3.0
3398	4.0
3408	4.0
3409	3.0
3418	4.0
3421	4.0
3429	5.0
3436	3.0
3466	3.0
3471	3.0
3476	3.0
3480	4.0
3481	4.0
3489	2.0
3499	4.0
3504	5.0
3512	3.0
3521	4.0
3525	3.0
3526	4.0
3528	3.0
3535	3.0
3548	4.0
3552	3.0
3578	4.0
3591	3.0
3608	4.0
3614	3.0
3617	4.0
3618	3.0
3624	3.0
3653	4.0
3660	3.0
3668	3.0
3676	3.0
3686	3.0
3698	3.0
3709	2.0
3712	3.0
3723	3.0
3724	3.0
3740	3.0
3747	5.0
3751	4.0
3752	3.0
3755	2.0
3770	3.0
3773	3.0
3809	3.0
3819	5.0
3835	1.0
3844	3.0
3863	3.0
3868	3.0
3893	4.0
3897	5.0
3917	3.0
3977	4.0
4002	3.0
4003	3.0
