1	4.0
2	4.0
6	4.0
11	5.0
16	4.0
17	4.0
21	4.0
24	5.0
25	5.0
27	3.0
29	2.0
32	5.0
34	2.0
36	5.0
39	5.0
45	5.0
50	5.0
52	3.0
57	5.0
60	3.0
66	2.0
70	3.0
72	4.0
76	3.0
86	4.0
104	2.0
105	2.0
111	5.0
125	5.0
141	4.0
150	4.0
153	5.0
155	4.0
158	2.0
161	4.0
162	5.0
168	3.0
172	4.0
173	4.0
177	4.0
180	5.0
185	4.0
188	5.0
190	5.0
196	4.0
198	3.0
208	3.0
215	4.0
222	4.0
223	5.0
224	4.0
225	3.0
230	4.0
235	4.0
249	3.0
253	4.0
256	2.0
260	4.0
261	3.0
265	2.0
273	3.0
280	5.0
281	4.0
293	4.0
296	5.0
299	4.0
300	4.0
314	3.0
316	4.0
317	2.0
318	5.0
327	4.0
329	4.0
332	4.0
337	3.0
338	4.0
339	3.0
340	3.0
342	2.0
346	3.0
348	4.0
349	4.0
350	4.0
353	5.0
356	5.0
357	5.0
364	3.0
366	4.0
367	4.0
371	4.0
372	5.0
373	4.0
377	5.0
379	2.0
380	4.0
381	2.0
382	2.0
405	1.0
407	5.0
412	3.0
413	4.0
426	3.0
427	2.0
434	4.0
435	3.0
440	5.0
441	4.0
442	4.0
448	3.0
453	3.0
454	4.0
457	4.0
464	5.0
467	4.0
471	5.0
472	4.0
474	4.0
480	3.0
492	3.0
504	4.0
507	4.0
508	5.0
509	4.0
512	3.0
517	4.0
527	5.0
529	5.0
533	2.0
534	5.0
535	4.0
541	5.0
543	5.0
546	3.0
553	1.0
555	4.0
562	4.0
585	3.0
588	5.0
589	5.0
590	2.0
592	4.0
593	5.0
595	3.0
597	4.0
608	5.0
610	3.0
628	4.0
648	4.0
653	2.0
663	4.0
671	5.0
674	4.0
708	5.0
724	4.0
733	5.0
736	5.0
748	3.0
750	5.0
778	5.0
780	3.0
799	5.0
800	5.0
832	4.0
836	4.0
837	3.0
852	4.0
858	5.0
880	4.0
903	5.0
908	4.0
912	3.0
914	3.0
915	3.0
919	2.0
920	3.0
921	5.0
923	5.0
924	5.0
934	3.0
943	4.0
953	4.0
968	2.0
969	3.0
971	5.0
994	2.0
1015	2.0
1019	3.0
1023	5.0
1028	4.0
1031	4.0
1032	4.0
1035	3.0
1036	4.0
1037	4.0
1051	1.0
1059	4.0
1060	3.0
1073	5.0
1077	5.0
1078	5.0
1079	4.0
1080	4.0
1081	3.0
1084	3.0
1089	5.0
1090	2.0
1092	3.0
1093	5.0
1094	5.0
1095	5.0
1096	5.0
1097	3.0
1103	4.0
1120	5.0
1124	3.0
1125	4.0
1127	4.0
1129	4.0
1130	3.0
1131	4.0
1132	4.0
1136	5.0
1150	3.0
1161	5.0
1162	4.0
1171	2.0
1172	3.0
1173	2.0
1175	1.0
1178	5.0
1179	4.0
1183	5.0
1185	5.0
1186	5.0
1187	4.0
1190	2.0
1193	5.0
1196	4.0
1197	4.0
1198	4.0
1199	5.0
1200	5.0
1204	5.0
1206	5.0
1208	5.0
1210	4.0
1211	5.0
1213	5.0
1214	5.0
1215	3.0
1217	4.0
1219	4.0
1220	4.0
1221	5.0
1222	5.0
1224	4.0
1225	4.0
1226	4.0
1227	5.0
1228	3.0
1230	5.0
1231	4.0
1232	1.0
1233	4.0
1234	3.0
1235	1.0
1237	5.0
1238	5.0
1240	5.0
1243	5.0
1244	4.0
1245	3.0
1246	4.0
1247	4.0
1248	5.0
1251	5.0
1252	5.0
1253	4.0
1256	5.0
1258	5.0
1259	5.0
1261	2.0
1263	5.0
1264	2.0
1265	5.0
1266	1.0
1267	3.0
1270	5.0
1271	3.0
1272	2.0
1275	4.0
1278	5.0
1282	3.0
1283	3.0
1285	5.0
1287	2.0
1288	5.0
1291	4.0
1292	5.0
1293	5.0
1295	5.0
1296	3.0
1297	5.0
1298	4.0
1301	3.0
1302	4.0
1303	4.0
1304	3.0
1306	5.0
1307	4.0
1320	4.0
1321	4.0
1327	3.0
1332	3.0
1333	5.0
1334	3.0
1340	3.0
1342	3.0
1343	4.0
1345	5.0
1346	5.0
1347	3.0
1348	5.0
1350	5.0
1354	5.0
1355	4.0
1356	4.0
1358	5.0
1370	4.0
1371	4.0
1372	3.0
1373	3.0
1374	4.0
1375	3.0
1376	5.0
1377	4.0
1387	4.0
1391	2.0
1392	5.0
1393	5.0
1394	5.0
1396	4.0
1405	3.0
1407	3.0
1408	5.0
1409	5.0
1414	4.0
1425	4.0
1464	4.0
1468	1.0
1476	3.0
1480	4.0
1500	4.0
1513	4.0
1517	4.0
1518	4.0
1527	5.0
1537	4.0
1544	3.0
1552	5.0
1562	4.0
1569	3.0
1573	5.0
1580	5.0
1584	5.0
1587	4.0
1589	4.0
1590	2.0
1597	5.0
1603	3.0
1605	5.0
1610	4.0
1611	5.0
1615	4.0
1617	5.0
1625	4.0
1627	3.0
1633	3.0
1635	5.0
1639	5.0
1641	4.0
1645	4.0
1653	4.0
1655	5.0
1663	5.0
1672	3.0
1673	5.0
1674	4.0
1676	2.0
1678	3.0
1682	5.0
1689	5.0
1690	3.0
1694	1.0
1699	5.0
1702	2.0
1704	5.0
1711	4.0
1719	5.0
1721	4.0
1729	5.0
1730	4.0
1732	5.0
1747	5.0
1748	4.0
1754	5.0
1777	3.0
1779	3.0
1784	5.0
1799	2.0
1805	4.0
1810	4.0
1821	3.0
1827	4.0
1831	4.0
1833	4.0
1834	4.0
1845	2.0
1862	3.0
1875	2.0
1876	4.0
1882	2.0
1883	4.0
1885	5.0
1892	4.0
1894	3.0
1909	5.0
1912	5.0
1914	4.0
1917	4.0
1921	5.0
1923	4.0
1924	1.0
1945	5.0
1950	3.0
1952	4.0
1953	4.0
1954	3.0
1955	3.0
1956	5.0
1957	4.0
1960	2.0
1961	5.0
1962	3.0
1963	5.0
1965	4.0
1966	4.0
1967	5.0
1968	5.0
1969	3.0
1971	3.0
1974	2.0
1975	2.0
1976	2.0
1982	3.0
1984	2.0
1994	4.0
1997	5.0
1998	2.0
1999	5.0
2000	4.0
2003	4.0
2006	4.0
2009	4.0
2010	5.0
2011	4.0
2013	4.0
2018	3.0
2020	4.0
2021	5.0
2022	5.0
2024	4.0
2026	3.0
2034	3.0
2040	2.0
2053	3.0
2054	3.0
2058	5.0
2064	4.0
2065	3.0
2067	5.0
2068	3.0
2070	2.0
2072	3.0
2076	5.0
2081	4.0
2088	2.0
2093	5.0
2099	4.0
2100	3.0
2105	4.0
2108	4.0
2109	3.0
2110	3.0
2114	2.0
2116	4.0
2117	4.0
2118	4.0
2120	3.0
2121	2.0
2122	3.0
2124	4.0
2125	3.0
2126	4.0
2130	4.0
2137	3.0
2138	4.0
2139	5.0
2140	3.0
2143	3.0
2144	4.0
2145	4.0
2150	3.0
2153	5.0
2159	2.0
2160	4.0
2161	3.0
2167	3.0
2174	5.0
2193	3.0
2194	4.0
2240	3.0
2243	5.0
2245	4.0
2248	5.0
2252	3.0
2253	2.0
2265	2.0
2268	3.0
2278	4.0
2287	3.0
2288	5.0
2289	2.0
2290	5.0
2291	2.0
2294	3.0
2297	4.0
2300	4.0
2301	4.0
2311	5.0
2312	5.0
2313	5.0
2318	5.0
2321	5.0
2327	3.0
2328	3.0
2331	5.0
2333	4.0
2334	4.0
2351	4.0
2352	5.0
2353	4.0
2365	3.0
2366	3.0
2367	3.0
2370	5.0
2371	2.0
2373	3.0
2389	2.0
2391	5.0
2393	3.0
2395	2.0
2396	5.0
2398	3.0
2399	2.0
2405	3.0
2406	3.0
2407	3.0
2408	2.0
2413	2.0
2414	4.0
2418	2.0
2420	3.0
2428	3.0
2433	4.0
2435	5.0
2439	3.0
2443	4.0
2448	3.0
2455	4.0
2456	4.0
2459	2.0
2463	2.0
2467	5.0
2470	3.0
2490	2.0
2496	4.0
2502	4.0
2513	4.0
2518	3.0
2528	5.0
2529	4.0
2531	4.0
2532	4.0
2533	4.0
2539	4.0
2542	3.0
2550	5.0
2551	2.0
2571	5.0
2580	5.0
2583	2.0
2599	3.0
2617	4.0
2622	4.0
2628	3.0
2640	4.0
2641	4.0
2648	3.0
2657	1.0
2660	3.0
2662	3.0
2668	2.0
2671	3.0
2672	3.0
2692	5.0
2699	2.0
2700	4.0
2701	4.0
2707	4.0
2710	5.0
2716	5.0
2718	5.0
2723	5.0
2729	4.0
2730	3.0
2735	5.0
2739	5.0
2745	3.0
2746	3.0
2750	4.0
2757	5.0
2762	5.0
2763	4.0
2779	5.0
2787	3.0
2788	5.0
2789	4.0
2791	5.0
2795	2.0
2797	4.0
2804	5.0
2808	2.0
2819	5.0
2822	4.0
2841	5.0
2857	4.0
2858	5.0
2859	5.0
2863	4.0
2871	3.0
2872	4.0
2883	4.0
2890	5.0
2898	4.0
2901	3.0
2912	3.0
2915	4.0
2916	4.0
2917	4.0
2918	5.0
2919	2.0
2932	4.0
2946	5.0
2947	4.0
2948	3.0
2949	3.0
2950	2.0
2968	5.0
2970	3.0
2971	5.0
2973	5.0
2976	5.0
2985	5.0
2986	4.0
2987	3.0
2989	3.0
2991	4.0
2993	4.0
2997	5.0
3015	4.0
3016	3.0
3017	3.0
3018	2.0
3019	4.0
3020	5.0
3032	4.0
3033	3.0
3034	3.0
3036	5.0
3039	3.0
3044	4.0
3060	5.0
3068	3.0
3070	2.0
3071	4.0
3072	5.0
3087	4.0
3088	3.0
3094	3.0
3095	5.0
3100	3.0
3101	4.0
3102	3.0
3104	3.0
3105	4.0
3108	5.0
3135	3.0
3142	4.0
3148	4.0
3156	3.0
3160	5.0
3167	2.0
3168	4.0
3174	5.0
3175	4.0
3186	5.0
3198	4.0
3201	3.0
3210	4.0
3219	3.0
3224	3.0
3244	4.0
3246	3.0
3251	5.0
3252	4.0
3253	4.0
3255	4.0
3256	3.0
3259	4.0
3260	3.0
3261	4.0
3262	5.0
3264	5.0
3269	4.0
3271	5.0
3307	4.0
3317	5.0
3334	3.0
3347	3.0
3354	4.0
3355	4.0
3358	4.0
3359	3.0
3360	1.0
3361	5.0
3362	4.0
3363	4.0
3386	5.0
3396	2.0
3408	4.0
3418	4.0
3421	2.0
3424	5.0
3451	3.0
3462	3.0
3466	3.0
3468	3.0
3469	4.0
3471	5.0
3476	3.0
3479	4.0
3489	3.0
3498	4.0
3499	4.0
3501	3.0
3503	5.0
3504	5.0
3506	3.0
3507	3.0
3510	4.0
3526	3.0
3527	2.0
3536	5.0
3543	3.0
3549	4.0
3550	4.0
3552	4.0
3608	5.0
3629	3.0
3633	3.0
3638	3.0
3639	4.0
3649	3.0
3668	5.0
3671	4.0
3676	5.0
3683	4.0
3685	3.0
3686	3.0
3698	4.0
3699	5.0
3701	3.0
3702	3.0
3703	5.0
3704	4.0
3705	4.0
3706	4.0
3708	4.0
3709	3.0
3712	3.0
3724	4.0
3727	4.0
3730	5.0
3733	4.0
3735	4.0
3741	3.0
3788	5.0
3811	4.0
3814	5.0
5060	4.0
6184	5.0
