1	5.0
2	4.0
10	4.0
12	2.5
16	4.0
19	1.0
47	4.0
50	4.5
69	3.5
70	3.5
89	3.0
101	5.0
104	4.5
111	5.0
153	2.5
158	3.0
160	2.0
165	5.0
180	3.5
186	1.0
216	4.0
223	5.0
231	4.5
235	4.0
239	4.0
256	1.5
260	5.0
275	1.5
288	4.0
292	3.0
293	4.0
296	5.0
317	3.5
318	5.0
333	4.0
344	3.0
355	3.5
356	5.0
364	4.0
367	4.0
377	2.5
380	4.5
413	3.0
432	3.0
435	3.5
441	4.0
442	3.0
480	5.0
485	2.5
500	3.0
508	4.0
527	5.0
541	3.5
543	2.0
546	3.0
551	5.0
586	4.0
587	3.5
588	4.0
589	5.0
592	5.0
593	5.0
595	3.5
608	5.0
648	2.5
671	3.5
673	2.5
736	2.5
750	5.0
765	2.5
778	3.5
780	3.5
786	1.0
788	3.0
810	1.0
833	2.0
849	2.5
858	5.0
904	5.0
923	4.0
924	5.0
1035	3.5
1036	5.0
1059	2.0
1077	4.0
1078	2.5
1089	5.0
1090	3.5
1091	2.5
1093	3.0
1097	5.0
1101	2.5
1103	5.0
1120	4.0
1124	3.0
1127	3.5
1128	2.0
1136	4.5
1193	5.0
1194	3.5
1196	5.0
1197	3.5
1206	5.0
1207	3.5
1208	4.0
1210	5.0
1213	5.0
1214	5.0
1215	4.0
1220	5.0
1221	5.0
1225	4.0
1228	5.0
1230	5.0
1237	4.5
1240	5.0
1241	3.5
1244	5.0
1252	4.0
1258	5.0
1259	5.0
1261	5.0
1262	5.0
1263	5.0
1265	5.0
1267	4.0
1270	5.0
1275	2.5
1278	4.0
1288	4.0
1298	3.5
1302	4.5
1307	4.5
1345	3.5
1347	3.5
1356	4.0
1359	3.0
1370	4.0
1377	5.0
1380	4.0
1387	5.0
1391	3.0
1394	5.0
1405	3.5
1407	4.5
1449	4.0
1461	1.0
1466	4.0
1485	1.5
1515	2.5
1517	4.0
1527	4.0
1544	3.0
1552	1.5
1562	0.5
1573	3.5
1580	3.5
1584	4.5
1589	3.0
1591	1.5
1597	3.0
1608	2.5
1616	1.5
1625	3.5
1639	5.0
1663	4.0
1667	2.5
1673	5.0
1676	1.0
1682	5.0
1690	2.5
1701	4.0
1711	3.0
1717	3.5
1721	4.5
1732	5.0
1748	4.0
1753	3.5
1754	3.5
1777	3.0
1779	3.0
1784	3.5
1799	3.5
1831	0.5
1833	3.0
1876	2.0
1882	1.5
1884	5.0
1894	2.0
1911	1.5
1917	1.0
1918	2.5
1920	3.0
1921	4.0
1923	4.0
1953	4.0
1954	4.0
1961	5.0
1968	5.0
1970	3.5
1982	3.5
1991	3.0
1994	4.0
1997	5.0
2000	4.0
2001	3.5
2002	2.5
2003	5.0
2004	3.0
2005	5.0
2011	4.0
2012	3.0
2028	5.0
2046	4.0
2052	4.0
2053	2.5
2054	3.0
2058	3.0
2060	3.5
2065	4.5
2076	4.0
2107	2.5
2109	4.0
2122	3.5
2124	3.5
2126	4.0
2146	2.0
2159	2.5
2160	5.0
2167	1.5
2169	2.5
2174	5.0
2186	4.0
2194	4.5
2195	2.5
2232	3.5
2236	3.5
2268	3.5
2273	2.0
2288	5.0
2290	4.0
2291	5.0
2294	2.5
2296	4.0
2297	4.0
2313	5.0
2315	0.5
2321	5.0
2324	5.0
2329	4.0
2335	3.0
2352	3.5
2353	4.0
2371	3.5
2392	1.0
2395	4.0
2409	4.0
2410	2.0
2411	1.5
2412	0.5
2413	3.5
2423	5.0
2424	2.5
2428	2.0
2448	0.5
2459	4.5
2460	2.5
2478	4.0
2490	3.0
2496	3.5
2501	3.5
2502	4.0
2542	4.0
2571	5.0
2580	4.0
2599	4.0
2606	2.5
2613	3.5
2616	3.0
2617	3.0
2628	2.5
2671	2.0
2683	4.0
2694	2.0
2699	3.0
2700	5.0
2701	1.5
2706	3.5
2710	2.0
2716	5.0
2717	4.0
2729	4.0
2762	4.5
2770	3.5
2772	3.5
2791	4.0
2792	2.5
2794	1.5
2795	5.0
2797	4.0
2804	5.0
2841	4.0
2858	5.0
2860	1.0
2863	4.0
2881	1.5
2889	2.5
2890	3.5
2916	4.0
2918	5.0
2953	3.5
2959	5.0
2961	3.0
2978	1.5
2997	4.0
3016	3.0
3033	3.5
3052	5.0
3053	3.5
3062	3.5
3081	3.0
3087	5.0
3105	4.5
3113	0.5
3114	5.0
3146	2.0
3147	5.0
3156	3.5
3160	5.0
3174	5.0
3175	3.0
3178	3.0
3204	3.5
3208	3.0
3210	4.0
3252	5.0
3253	5.0
3254	4.0
3257	2.0
3275	3.0
3301	3.5
3317	5.0
3354	3.0
3362	4.0
3363	4.5
3386	4.0
3408	2.5
3409	2.0
3421	4.0
3438	3.0
3439	2.0
3440	1.0
3448	3.0
3471	4.0
3481	4.5
3489	4.0
3499	5.0
3504	4.0
3510	2.5
3513	3.0
3535	4.0
3552	3.5
3556	3.0
3566	3.0
3578	3.5
3618	2.5
3671	5.0
3676	4.0
3693	2.5
3698	3.0
3717	2.0
3752	2.5
3753	1.0
3754	0.5
3755	3.0
3785	2.0
3793	3.0
3801	4.0
3809	3.0
3812	3.0
3814	4.0
3826	1.5
3868	3.5
3897	4.0
3911	3.0
3948	3.0
3949	5.0
3968	0.5
3969	4.0
3977	0.5
3979	1.5
3981	2.5
3986	0.5
3988	3.5
3994	4.5
4002	5.0
4011	5.0
4015	3.0
4018	1.0
4022	4.0
4023	3.0
4025	1.0
4027	4.5
4033	3.5
4085	3.0
4105	5.0
4121	3.5
4128	3.0
4149	4.0
4153	0.5
4159	0.5
4214	4.0
4215	1.0
4223	3.0
4226	5.0
4239	4.0
4262	5.0
4270	1.0
4306	3.5
4310	1.0
4321	4.0
4326	4.0
4333	3.5
4340	0.5
4369	0.5
4370	3.5
4386	0.5
4388	2.5
4447	0.5
4452	3.5
4553	4.0
4558	2.5
4571	2.5
4638	0.5
4641	4.5
4701	1.0
4720	2.0
4734	3.5
4757	3.0
4776	2.5
4814	1.0
4815	3.5
4816	3.0
4821	3.5
4844	3.5
4848	3.5
4855	5.0
4873	3.5
4874	4.0
4876	0.5
4878	5.0
4886	5.0
4890	0.5
4958	1.0
4963	3.0
4975	2.5
4979	5.0
4980	2.5
4993	4.5
4994	2.0
4995	4.0
5010	4.0
5014	4.0
5060	4.0
5066	0.5
5093	1.0
5103	5.0
5110	3.0
5127	0.5
5171	1.0
5220	0.5
5266	3.0
5283	2.5
5293	3.0
5294	3.0
5299	1.5
5349	3.5
5377	4.0
5378	3.0
5388	4.0
5415	0.5
5418	4.5
5419	0.5
5459	1.5
5464	4.0
5481	3.0
5501	1.5
5502	3.0
5523	0.5
5528	5.0
5568	3.0
5630	4.0
5666	4.0
5669	4.0
5673	5.0
5679	3.5
5782	4.0
5803	0.5
5853	3.0
5872	2.5
5902	5.0
5945	3.0
5952	5.0
5956	4.0
5989	3.0
5991	2.5
6003	3.5
6006	0.5
6013	0.5
6016	4.5
6058	1.0
6059	0.5
6157	2.5
6212	0.5
6250	1.5
6281	1.5
6290	3.0
6296	3.0
6301	4.5
6323	4.0
6331	3.5
6333	2.5
6365	3.5
6373	0.5
6377	4.0
6440	4.5
6482	0.5
6502	4.0
6503	0.5
6537	1.0
6615	0.5
6617	2.0
6620	4.0
6659	3.0
6708	3.5
6711	5.0
6807	4.0
6863	3.0
6870	4.0
6873	0.5
6874	5.0
6880	2.0
6887	2.0
6888	1.0
6934	3.0
6936	3.0
6953	5.0
6957	2.5
6959	0.5
6979	3.5
6993	5.0
7022	4.0
7076	4.5
7153	5.0
7158	4.0
7163	0.5
7254	2.5
7293	1.0
7318	2.0
7323	4.0
7325	1.5
7346	3.5
7347	3.0
7360	4.0
7361	5.0
7366	2.0
7367	0.5
7373	2.5
7381	0.5
7387	4.0
7419	3.5
7438	5.0
7451	2.5
7458	1.0
7698	4.5
7802	4.0
7934	4.0
8042	5.0
8360	2.5
8361	1.0
8366	3.5
8376	3.0
8464	4.0
8528	2.5
8529	3.0
8622	3.5
8633	4.0
8636	3.0
8641	3.5
8644	2.5
8665	4.5
8781	3.0
8783	1.0
8784	5.0
8798	3.5
8807	5.0
8870	2.0
8874	5.0
8879	4.0
8914	4.5
8917	3.5
8949	4.0
8950	3.5
8958	3.5
8961	3.5
8966	4.0
8974	3.5
8981	5.0
27592	3.5
27773	5.0
27808	2.5
27831	5.0
27838	4.0
27846	5.0
27873	2.0
27904	3.5
30707	4.5
30749	3.5
30793	4.0
30810	4.0
30822	3.5
31410	5.0
31696	0.5
32587	5.0
33004	3.0
33166	4.0
33493	4.0
33660	2.5
33794	4.5
34162	2.5
34323	3.0
34338	3.5
34437	3.5
34534	2.0
35836	3.5
36517	3.5
36529	2.5
36535	3.5
37720	0.5
37727	1.0
37733	3.5
37741	3.5
38061	4.0
38304	5.0
38886	5.0
39292	5.0
39381	4.0
39444	3.0
40278	3.0
40339	1.5
40581	1.0
40732	3.0
40819	3.5
41997	4.0
43679	2.5
44191	5.0
44195	2.5
44199	3.0
44555	4.0
44665	3.5
44761	3.5
44788	3.5
44972	0.5
45081	2.5
45186	1.0
45431	2.5
45447	0.5
45666	0.5
45728	3.5
46530	1.5
46578	5.0
46723	3.5
46965	0.5
46967	2.0
46970	2.5
46976	3.5
47099	2.0
47200	3.0
47518	0.5
47640	2.0
47999	4.0
48043	4.0
48082	3.5
48385	4.0
48394	4.5
48516	5.0
48774	5.0
48780	3.5
48783	3.0
49272	3.5
49274	3.0
49651	3.0
49822	3.5
50068	4.0
50872	3.0
51086	1.0
51091	1.0
51255	4.0
51540	3.5
51662	2.5
51709	4.0
52245	2.5
52281	5.0
52458	1.5
52973	4.0
52975	3.0
53322	3.0
53519	5.0
53894	3.0
53953	3.5
53972	2.5
54272	3.5
54286	4.5
54503	4.0
54648	0.5
54995	4.0
54997	3.5
55118	4.5
55267	1.0
55269	4.0
55276	4.0
55444	3.5
55765	3.5
55820	4.5
55830	2.0
56174	3.5
56367	4.0
56782	5.0
57368	3.5
59315	3.5
59615	4.0
60040	3.0
