1	4.0
2	3.0
7	3.0
11	3.0
16	3.0
17	3.0
21	4.0
24	1.0
32	3.0
34	4.0
36	4.0
39	3.0
48	2.0
50	5.0
76	2.0
79	1.0
89	2.0
95	1.0
110	3.0
111	4.0
141	2.0
153	1.0
157	2.0
158	1.0
160	1.0
161	3.0
165	3.0
168	1.0
170	3.0
172	1.0
173	1.0
185	2.0
196	2.0
208	1.0
230	3.0
235	4.0
239	4.0
256	1.0
260	4.0
265	4.0
266	3.0
273	3.0
275	2.0
288	1.0
292	3.0
316	4.0
317	4.0
318	4.0
327	1.0
329	3.0
338	2.0
345	3.0
349	3.0
350	3.0
351	3.0
356	5.0
357	3.0
360	3.0
364	5.0
366	1.0
367	1.0
368	4.0
371	3.0
377	4.0
379	2.0
380	4.0
410	3.0
415	3.0
421	3.0
423	2.0
432	2.0
434	2.0
435	1.0
438	1.0
440	3.0
442	1.0
454	3.0
457	4.0
466	1.0
474	3.0
479	1.0
480	4.0
485	2.0
497	3.0
500	2.0
509	1.0
512	3.0
515	3.0
516	2.0
527	5.0
532	1.0
533	2.0
539	4.0
541	4.0
543	4.0
546	1.0
548	1.0
551	4.0
552	2.0
586	4.0
587	1.0
588	4.0
589	3.0
590	3.0
592	4.0
593	5.0
594	4.0
595	5.0
596	4.0
597	4.0
608	4.0
616	3.0
647	3.0
648	2.0
661	3.0
671	4.0
673	2.0
708	3.0
709	3.0
724	2.0
728	2.0
733	3.0
736	4.0
742	1.0
748	2.0
750	5.0
780	4.0
783	3.0
786	1.0
799	2.0
832	3.0
836	2.0
838	4.0
858	5.0
880	1.0
898	5.0
899	4.0
902	5.0
903	5.0
904	5.0
906	3.0
908	5.0
910	5.0
912	5.0
913	5.0
914	5.0
915	4.0
916	3.0
917	3.0
919	3.0
920	4.0
923	5.0
924	4.0
928	4.0
930	5.0
942	5.0
943	4.0
947	4.0
951	4.0
952	4.0
953	5.0
954	5.0
955	4.0
968	2.0
969	5.0
1013	3.0
1014	3.0
1015	2.0
1017	3.0
1018	4.0
1019	3.0
1022	4.0
1025	2.0
1028	4.0
1029	3.0
1031	2.0
1032	4.0
1033	3.0
1035	4.0
1036	3.0
1037	1.0
1042	3.0
1047	1.0
1073	3.0
1079	4.0
1080	2.0
1088	2.0
1092	3.0
1094	3.0
1097	2.0
1101	4.0
1127	4.0
1135	2.0
1136	4.0
1148	5.0
1172	4.0
1193	4.0
1196	4.0
1197	5.0
1198	5.0
1199	3.0
1200	4.0
1204	4.0
1207	5.0
1208	4.0
1210	4.0
1213	3.0
1214	5.0
1219	3.0
1220	4.0
1221	5.0
1222	3.0
1225	5.0
1226	4.0
1230	3.0
1231	3.0
1234	5.0
1235	2.0
1240	3.0
1242	4.0
1243	4.0
1247	5.0
1249	4.0
1250	4.0
1258	5.0
1259	4.0
1263	5.0
1265	3.0
1266	3.0
1270	4.0
1275	2.0
1278	4.0
1281	4.0
1282	3.0
1285	3.0
1291	4.0
1296	3.0
1297	3.0
1300	3.0
1307	4.0
1320	3.0
1333	3.0
1339	3.0
1343	2.0
1344	3.0
1347	2.0
1356	3.0
1367	1.0
1370	3.0
1371	2.0
1372	3.0
1373	1.0
1374	3.0
1375	3.0
1376	3.0
1377	4.0
1378	3.0
1380	3.0
1381	3.0
1391	1.0
1393	3.0
1394	4.0
1396	4.0
1407	3.0
1408	2.0
1409	2.0
1416	3.0
1422	3.0
1438	1.0
1441	3.0
1445	1.0
1449	4.0
1460	1.0
1479	3.0
1487	3.0
1499	1.0
1500	4.0
1513	3.0
1517	4.0
1527	4.0
1544	1.0
1552	2.0
1562	2.0
1566	2.0
1569	3.0
1573	1.0
1580	4.0
1584	3.0
1586	3.0
1588	4.0
1590	1.0
1597	4.0
1603	4.0
1608	3.0
1610	4.0
1614	2.0
1616	3.0
1617	4.0
1625	4.0
1645	1.0
1653	3.0
1674	3.0
1676	4.0
1687	3.0
1690	2.0
1702	2.0
1711	3.0
1717	3.0
1722	2.0
1748	4.0
1752	2.0
1769	3.0
1777	4.0
1779	2.0
1784	4.0
1831	2.0
1862	1.0
1876	2.0
1882	1.0
1907	4.0
1909	3.0
1917	3.0
1919	3.0
1923	4.0
1939	5.0
1945	4.0
1947	3.0
1951	4.0
1954	3.0
1960	4.0
1962	4.0
1967	4.0
1968	3.0
1994	2.0
2000	4.0
2003	2.0
2005	4.0
2006	1.0
2011	3.0
2012	3.0
2018	3.0
2021	1.0
2026	2.0
2033	2.0
2034	1.0
2038	4.0
2046	3.0
2052	1.0
2053	1.0
2054	3.0
2059	2.0
2067	4.0
2077	4.0
2078	3.0
2080	4.0
2081	4.0
2082	2.0
2083	4.0
2084	2.0
2085	4.0
2087	4.0
2088	2.0
2093	1.0
2096	4.0
2100	3.0
2105	3.0
2108	4.0
2109	4.0
2115	2.0
2123	3.0
2124	3.0
2126	3.0
2133	3.0
2139	4.0
2140	4.0
2141	3.0
2143	1.0
2144	4.0
2148	1.0
2150	4.0
2160	2.0
2161	3.0
2174	4.0
2183	4.0
2193	2.0
2194	3.0
2212	4.0
2232	4.0
2247	3.0
2253	4.0
2278	3.0
2289	4.0
2300	4.0
2302	3.0
2311	4.0
2313	4.0
2321	3.0
2324	4.0
2340	2.0
2346	2.0
2355	3.0
2376	3.0
2384	4.0
2389	2.0
2393	2.0
2395	2.0
2396	5.0
2399	1.0
2405	3.0
2406	4.0
2407	2.0
2413	3.0
2414	3.0
2421	1.0
2424	4.0
2429	3.0
2431	2.0
2450	1.0
2455	2.0
2468	1.0
2469	2.0
2470	2.0
2471	1.0
2478	4.0
2496	3.0
2501	3.0
2527	3.0
2528	4.0
2550	4.0
2565	4.0
2571	4.0
2612	3.0
2616	3.0
2617	3.0
2628	1.0
2640	2.0
2657	4.0
2662	4.0
2671	4.0
2686	3.0
2687	3.0
2688	3.0
2701	1.0
2710	1.0
2716	4.0
2717	1.0
2723	2.0
2746	2.0
2747	2.0
2762	5.0
2763	2.0
2764	2.0
2787	1.0
2802	1.0
2803	4.0
2804	5.0
2806	2.0
2819	4.0
2841	4.0
2871	3.0
2881	2.0
2890	4.0
2915	3.0
2916	3.0
2918	4.0
2936	5.0
2941	3.0
2944	4.0
2950	2.0
2967	3.0
2985	1.0
2987	4.0
2997	4.0
3005	4.0
3015	3.0
3033	4.0
3034	4.0
3044	4.0
3061	4.0
3072	4.0
3082	2.0
3088	5.0
3097	4.0
3101	3.0
3102	3.0
3107	3.0
3147	4.0
3148	3.0
3156	2.0
3157	3.0
3175	4.0
3197	3.0
3203	3.0
3249	2.0
3253	2.0
3255	4.0
3256	3.0
3257	3.0
3263	1.0
3264	3.0
3268	1.0
3269	3.0
3273	3.0
3299	1.0
3300	1.0
3354	2.0
3360	3.0
3363	3.0
3392	1.0
3396	4.0
3398	4.0
3408	3.0
3418	2.0
3435	5.0
3448	3.0
3451	4.0
3461	3.0
3462	4.0
3466	3.0
3471	4.0
3477	2.0
3479	4.0
3481	3.0
3489	4.0
3501	3.0
3507	4.0
3510	3.0
3516	2.0
3524	2.0
3526	3.0
3536	2.0
3548	4.0
3578	5.0
3608	2.0
3614	2.0
3623	1.0
3646	1.0
3671	4.0
3672	4.0
3675	4.0
3686	3.0
3699	3.0
3704	4.0
3705	1.0
3712	4.0
3751	4.0
3753	1.0
3763	3.0
3785	1.0
3793	2.0
3809	3.0
3841	2.0
3863	2.0
3871	4.0
3877	2.0
3893	2.0
3897	4.0
3911	4.0
3930	3.0
3953	2.0
3967	4.0
3981	2.0
3988	3.0
3990	3.0
3996	5.0
4002	3.0
4008	2.0
4016	4.0
4018	2.0
4019	3.0
4022	3.0
4027	4.0
4033	4.0
4036	2.0
4039	3.0
4054	4.0
4062	3.0
4069	1.0
4085	3.0
4090	2.0
4121	1.0
4128	3.0
4187	4.0
4214	1.0
4225	4.0
4226	5.0
4246	4.0
4270	3.0
4280	3.0
4285	1.0
4291	3.0
4299	2.0
4305	2.0
4306	4.0
4308	3.0
4310	2.0
4318	4.0
4321	4.0
4333	1.0
4351	1.0
4357	4.0
4361	4.0
4369	4.0
4370	2.0
4386	3.0
4443	2.0
4489	4.0
4499	3.0
4519	2.0
4526	1.0
4535	3.0
4545	1.0
4558	2.0
4564	3.0
4571	3.0
4587	1.0
4613	1.0
4623	2.0
4641	4.0
4643	2.0
4673	3.0
4679	3.0
4700	3.0
4787	3.0
4799	3.0
4812	2.0
4816	3.0
4857	3.0
4881	5.0
4896	4.0
4901	3.0
4963	4.0
4993	5.0
4995	4.0
5013	4.0
5060	4.0
5349	5.0
5378	3.0
5388	5.0
5400	3.0
