1	3.5
6	4.5
10	3.0
12	2.5
15	2.0
16	4.0
18	2.5
19	1.5
22	3.5
32	4.5
44	1.0
47	4.0
50	4.5
63	3.0
70	3.0
89	2.5
95	2.5
97	4.0
104	2.5
105	4.0
110	2.5
111	5.0
112	3.0
135	2.5
141	3.0
154	4.0
158	2.5
165	3.5
172	1.5
173	2.5
176	4.0
185	1.5
196	3.0
199	4.0
208	2.0
215	4.0
223	4.0
231	3.5
232	4.0
235	5.0
259	2.0
260	4.0
296	5.0
303	3.0
306	5.0
307	4.5
308	4.0
316	3.5
318	4.5
337	4.0
348	4.0
353	4.0
355	2.5
356	3.5
357	4.5
364	2.5
367	3.0
370	3.5
374	0.5
379	2.5
393	1.5
420	2.5
431	3.5
442	3.0
457	3.5
464	2.5
468	3.0
480	3.0
481	3.0
485	3.5
508	3.0
527	3.0
541	4.0
543	3.0
546	1.0
547	2.5
586	0.5
589	3.5
592	3.5
593	4.5
594	3.5
595	3.5
596	3.5
597	2.5
599	3.5
608	4.0
611	3.0
640	1.0
661	2.5
665	4.5
668	4.5
680	2.5
714	4.0
733	3.0
741	4.0
742	1.5
743	1.5
750	5.0
778	3.5
780	1.5
784	3.0
786	2.5
788	2.5
810	1.0
842	2.0
858	5.0
880	2.0
898	4.5
899	5.0
901	2.5
902	3.0
903	4.5
904	4.5
905	3.5
908	4.0
909	4.0
910	5.0
911	3.5
912	4.5
913	4.0
914	3.5
916	4.0
919	4.5
920	4.0
922	5.0
923	4.5
924	5.0
926	3.5
928	4.0
930	4.5
933	3.5
936	4.0
940	4.0
946	3.5
949	4.0
953	4.0
954	2.5
965	4.0
969	4.0
996	2.5
1029	3.0
1035	2.5
1036	4.0
1047	3.0
1079	4.0
1080	4.5
1084	3.5
1089	4.0
1090	4.0
1092	3.5
1094	4.0
1097	4.0
1103	3.5
1104	4.5
1127	4.0
1131	4.0
1172	5.0
1176	4.5
1178	4.0
1190	3.5
1193	4.5
1194	2.5
1196	3.0
1197	2.5
1198	3.0
1199	3.5
1200	4.0
1201	5.0
1203	5.0
1204	4.0
1206	5.0
1207	3.5
1208	4.5
1210	3.5
1211	4.5
1212	4.5
1213	3.5
1214	5.0
1215	4.0
1217	5.0
1219	4.5
1220	4.0
1221	4.0
1222	4.5
1223	3.0
1225	4.0
1227	4.0
1228	3.0
1230	3.0
1232	5.0
1233	4.0
1234	4.5
1237	5.0
1240	4.0
1241	4.0
1244	3.5
1246	4.0
1247	4.0
1248	3.5
1250	5.0
1251	4.0
1252	4.5
1253	4.5
1254	4.0
1255	5.0
1256	4.0
1258	4.5
1259	2.5
1260	4.0
1261	4.0
1262	4.0
1263	4.0
1265	4.5
1266	4.0
1270	3.5
1272	3.5
1276	3.0
1281	4.0
1282	4.0
1283	4.0
1284	4.0
1287	3.0
1291	3.0
1293	4.0
1301	3.5
1304	4.5
1305	4.0
1320	4.0
1333	4.0
1340	3.5
1347	4.0
1348	5.0
1354	3.5
1357	3.5
1359	1.0
1370	3.5
1376	2.5
1387	4.0
1391	1.5
1393	3.5
1396	4.0
1419	4.0
1446	4.0
1464	4.0
1476	3.5
1485	3.0
1495	1.0
1497	1.5
1517	2.5
1527	4.0
1552	2.0
1573	3.5
1580	2.5
1584	3.5
1589	2.5
1590	2.5
1617	3.0
1623	2.0
1635	3.5
1653	3.0
1676	3.0
1681	0.5
1682	4.0
1687	2.5
1690	3.5
1701	3.5
1704	3.0
1707	0.5
1711	4.0
1719	3.0
1721	3.0
1729	4.5
1747	3.5
1748	3.5
1752	2.0
1779	2.5
1784	2.5
1799	3.5
1831	3.0
1844	3.5
1845	4.5
1862	2.0
1876	2.5
1884	5.0
1892	4.0
1894	2.0
1909	4.0
1921	3.0
1924	5.0
1927	4.5
1938	4.0
1939	4.0
1940	4.0
1945	4.0
1947	5.0
1949	4.0
1950	4.5
1952	4.0
1961	3.5
1962	4.5
1968	4.0
1974	3.5
1982	3.5
1984	2.5
1991	2.5
1994	3.5
1997	3.5
2000	3.5
2001	2.5
2003	3.5
2010	4.5
2011	2.5
2012	3.0
2021	5.0
2028	1.5
2054	0.5
2058	3.5
2064	4.0
2065	4.0
2068	4.5
2094	2.5
2100	2.0
2102	3.5
2105	4.0
2115	2.5
2122	3.5
2126	2.0
2132	4.5
2134	2.0
2147	2.5
2153	2.5
2154	1.5
2160	4.0
2176	4.0
2183	3.5
2186	4.5
2193	4.0
2203	3.5
2232	4.5
2273	2.5
2291	3.5
2296	5.0
2301	3.0
2313	4.5
2316	2.5
2324	3.5
2325	3.5
2329	4.0
2334	2.5
2338	0.5
2351	5.0
2366	4.5
2373	1.5
2378	3.5
2379	2.5
2380	2.0
2381	2.0
2383	1.5
2390	3.5
2393	3.5
2396	3.0
2403	3.0
2455	4.0
2456	2.0
2458	2.0
2471	1.0
2488	4.5
2490	2.5
2495	4.0
2501	3.0
2502	3.5
2511	4.0
2524	3.0
2529	4.0
2542	3.0
2553	4.0
2565	3.5
2571	4.0
2594	4.5
2600	3.0
2605	2.5
2617	2.5
2628	4.0
2644	4.0
2648	3.5
2657	4.0
2692	4.0
2699	2.5
2701	2.5
2706	3.0
2710	2.5
2712	4.0
2713	2.0
2716	3.0
2719	1.0
2722	2.5
2726	4.0
2728	3.0
2730	4.0
2731	4.5
2732	1.5
2746	3.5
2750	4.5
2762	4.0
2763	3.0
2771	3.0
2791	2.5
2795	3.0
2797	3.0
2803	2.0
2807	1.0
2808	3.0
2827	2.5
2840	3.0
2858	4.5
2871	3.0
2890	3.5
2899	3.0
2916	3.5
2917	4.0
2924	4.0
2925	4.5
2927	4.5
2932	3.5
2935	4.0
2940	4.0
2947	4.0
2948	3.5
2951	4.0
2953	0.5
2959	5.0
2966	4.5
2968	2.5
2970	4.5
2985	3.5
2986	3.0
2987	4.0
2995	1.0
2997	4.5
3000	4.5
3018	3.0
3020	3.5
3022	4.5
3030	5.0
3066	3.5
3075	4.5
3083	3.5
3087	2.0
3089	4.5
3095	3.0
3105	3.5
3113	1.5
3114	3.5
3147	4.5
3152	4.0
3156	3.0
3160	3.5
3168	4.0
3174	4.5
3175	3.5
3176	3.5
3182	3.5
3190	2.0
3247	1.5
3249	3.0
3253	3.5
3255	2.5
3258	2.0
3266	4.0
3267	4.5
3271	4.5
3272	4.0
3273	2.5
3275	3.0
3301	3.0
3307	5.0
3310	3.5
3317	3.5
3324	3.5
3354	3.0
3355	4.0
3362	4.0
3363	2.5
3365	4.5
3394	3.0
3412	3.5
3418	3.0
3424	4.0
3435	4.0
3444	2.5
3452	3.0
3462	4.0
3468	4.0
3471	4.0
3481	5.0
3503	4.5
3504	4.0
3510	3.0
3527	4.0
3535	3.0
3545	4.5
3550	2.5
3552	3.5
3556	3.5
3566	3.0
3578	3.5
3581	4.5
3614	1.5
3617	1.5
3618	3.5
3629	4.5
3671	2.5
3676	4.0
3677	4.5
3681	4.5
3684	3.0
3688	2.5
3690	2.0
3693	4.0
3702	4.0
3730	4.0
3735	4.0
3740	2.5
3741	4.0
3742	4.0
3744	4.0
3763	3.0
3785	2.0
3793	4.0
3819	4.0
3821	2.0
3825	1.0
3827	3.5
3863	2.0
3868	3.5
3869	3.5
3871	2.5
3910	4.5
3917	4.0
3919	3.5
3929	4.0
3930	4.0
3948	2.5
3949	3.5
3967	4.0
3968	2.0
3969	3.0
3972	4.0
3973	0.5
3977	2.0
3979	2.5
3992	4.0
3993	4.0
3994	3.5
3996	3.0
4009	3.0
4010	2.5
4011	4.0
4014	4.0
4015	2.5
4025	2.0
4033	2.5
4036	4.0
4056	2.5
4066	3.0
4079	4.0
4084	2.5
4085	3.0
4105	5.0
4128	2.5
4144	5.0
4153	1.5
4161	2.5
4214	2.5
4226	4.5
4235	4.0
4238	2.5
4246	3.5
4247	2.5
4262	4.0
4265	0.5
4280	4.0
4298	4.0
4305	2.5
4306	4.0
4308	4.0
4329	4.5
4334	4.0
4343	1.5
4344	1.0
4351	3.5
4356	3.0
4361	4.0
4367	2.0
4370	4.0
4381	4.0
4383	3.0
4387	3.5
4388	1.5
4396	2.5
4406	4.5
4422	4.5
4432	5.0
4437	3.5
4447	3.0
4467	3.5
4533	4.0
4541	3.0
4587	2.5
4643	2.5
4654	2.5
4673	3.0
4682	3.5
4713	3.5
4718	2.5
4727	2.5
4733	3.5
4735	1.0
4741	3.5
4754	3.5
4823	3.0
4844	2.5
4846	4.5
4848	4.5
4855	4.0
4876	1.5
4878	3.5
4886	4.0
4887	2.5
4896	4.0
4899	2.0
4901	3.5
4902	3.5
4911	3.5
4914	4.0
4967	4.0
4973	4.5
4974	1.5
4992	3.0
4993	4.5
4995	4.0
5008	4.0
5016	4.0
5060	3.0
5081	3.0
5106	0.5
5135	4.0
5146	3.5
5147	4.5
5151	3.0
5171	3.0
5177	4.0
5218	4.5
5219	2.5
5225	4.0
5269	3.0
5291	4.5
5292	4.0
5299	2.5
5349	3.5
5378	4.0
5400	2.5
5414	1.5
5445	4.0
5449	2.5
5489	3.5
5502	3.5
5528	3.5
5540	3.5
5541	3.5
5564	0.5
5574	2.5
5617	3.0
5618	4.5
5621	2.5
5669	4.5
5673	3.5
5679	3.5
5690	3.5
5693	3.0
5810	3.0
5816	4.0
5853	4.0
5872	4.0
5878	4.5
5890	4.0
5903	2.5
5945	4.0
5952	4.5
5971	4.5
5992	4.5
5995	5.0
6003	3.0
6016	4.0
6184	3.0
6197	3.5
6235	3.0
6263	2.5
6286	4.0
6294	2.5
6303	4.5
6305	4.0
6373	3.0
6377	4.0
6378	3.5
6379	1.5
6385	4.5
6482	1.5
6503	2.0
6550	3.0
6552	4.0
6566	1.5
6586	2.0
6587	1.5
6615	2.5
6620	3.5
6658	2.5
6662	5.0
6666	4.0
6669	4.5
6695	1.0
6707	2.5
6709	2.5
6711	4.0
6721	5.0
6783	5.0
6787	4.0
6793	1.0
6807	4.5
6867	4.0
6874	3.5
6880	3.5
6890	4.0
6952	2.5
6953	4.0
6954	4.0
6957	2.5
6966	2.0
6975	4.0
6979	4.5
6985	5.0
6986	3.0
6987	5.0
7004	1.5
7007	2.5
7013	3.0
7017	2.5
7022	3.5
7034	4.0
7044	4.0
7063	3.5
7064	4.5
7072	4.5
7089	3.5
7090	4.5
7101	1.5
7116	4.0
7121	4.5
7123	3.5
7132	4.0
7147	3.0
7153	4.0
7155	3.5
7160	3.0
7215	4.5
7234	4.0
7235	3.5
7254	3.0
7293	2.5
7317	3.0
7327	4.5
7360	3.0
7361	4.0
7367	3.0
7371	4.0
7373	3.0
7381	2.5
7438	4.0
7445	4.0
7482	4.5
7570	3.5
7700	4.0
7827	3.5
7934	4.0
7981	4.5
8042	3.0
8154	4.5
8169	2.0
8360	4.0
8368	2.5
8372	2.5
8387	1.5
8464	3.5
8477	4.5
8491	4.0
8507	5.0
8526	3.0
8528	2.5
8622	4.0
8638	4.5
8641	2.0
8690	2.5
8783	3.5
8860	0.5
8865	3.0
8914	2.5
8917	3.5
8947	3.0
8949	4.5
8950	4.5
8957	3.5
8958	3.5
8961	4.0
8966	2.5
8974	2.5
8983	4.0
25771	5.0
26131	4.0
26152	2.5
27266	4.0
27660	4.0
27706	3.0
27721	4.0
27773	4.0
27831	2.5
27846	4.5
27904	3.5
30749	3.5
30810	3.5
30816	1.0
31410	4.0
31658	4.0
32019	2.5
32029	2.5
32587	4.0
33004	3.5
33085	2.5
33164	2.0
33166	4.0
33171	4.0
33437	3.5
33794	3.5
34437	3.5
34542	4.0
35836	2.5
36276	3.5
36401	2.5
36517	3.5
36519	2.5
36529	4.0
37729	4.5
37733	4.0
38061	3.0
38886	4.0
39183	4.0
39446	3.0
39715	2.0
40614	2.5
40819	4.0
41573	1.5
41997	3.5
42723	3.0
42734	3.5
43396	3.0
43919	1.0
43936	3.0
44191	4.0
44195	4.0
44555	4.0
44665	4.5
44694	4.0
44972	2.0
44974	3.5
45447	2.5
45499	3.0
45666	3.0
45672	2.0
45720	2.5
45728	4.0
45730	4.0
45732	2.5
46322	3.0
46530	3.0
46578	4.0
46965	3.0
46967	3.0
47200	3.5
47423	4.0
47610	3.5
47629	3.5
48043	3.0
48082	4.5
48385	4.0
48394	4.0
48516	3.5
48738	3.5
48774	4.0
48780	4.0
48877	1.5
48997	3.0
49530	3.0
49649	1.5
49932	4.0
50189	1.5
50442	2.0
51255	4.0
51412	3.5
51540	4.0
51662	2.0
52241	3.5
52245	3.0
52328	2.5
52973	3.0
53519	3.5
53953	3.0
53956	3.0
53972	1.5
54004	1.5
54281	3.0
54881	4.0
54999	3.0
55069	4.0
55118	4.0
55247	4.0
55267	3.0
55269	3.0
55577	3.5
55820	4.0
55830	3.0
55908	4.0
56333	4.0
56339	3.0
56367	4.0
56782	4.5
57368	3.0
57669	4.0
58025	2.5
58162	3.0
58293	2.0
58559	3.5
58803	1.5
59103	3.0
59369	3.0
60069	3.0
60074	3.0
60950	3.5
61240	4.0
61248	1.5
61323	3.5
62376	2.5
62434	3.0
63082	4.0
64030	1.0
64575	4.0
64614	4.0
64839	4.5
67197	0.5
68073	3.0
68135	2.5
68157	3.0
68205	2.5
68237	4.0
68554	2.5
68954	3.0
69306	2.5
69784	3.5
70286	4.0
71033	4.0
71057	3.5
71156	3.0
71535	2.5
71899	3.5
73268	3.0
74789	2.5
76077	2.5
76175	2.5
76293	2.5
77455	4.0
78499	4.0
79132	3.0
79695	3.5
80549	3.5
81229	3.0
81591	4.5
81845	3.5
83134	4.0
84392	4.0
85414	4.0
86882	4.0
87869	2.5
92259	3.0
94864	3.0
96610	3.0
98809	3.0
101864	2.5
104841	4.5
106489	3.5
