1	5.0
2	3.0
6	4.5
9	3.0
10	4.0
11	4.0
16	5.0
17	4.5
19	3.0
32	4.5
34	4.5
39	5.0
44	3.0
47	4.5
48	3.5
50	4.5
62	4.0
63	4.0
65	0.5
69	4.5
70	4.0
104	3.0
111	4.5
122	3.5
125	4.5
141	4.0
145	4.0
150	5.0
153	3.5
158	3.0
159	4.0
160	3.0
163	4.0
165	4.0
173	2.0
181	2.0
185	3.0
198	3.5
208	3.5
223	4.5
225	3.0
227	3.0
230	4.0
231	4.5
234	1.5
235	5.0
236	3.0
239	3.0
246	5.0
253	4.0
260	5.0
265	4.0
288	5.0
292	3.0
296	5.0
300	5.0
315	3.0
316	3.0
317	3.0
318	4.5
329	3.0
330	3.0
333	2.5
337	5.0
342	3.0
344	4.0
350	4.0
352	5.0
356	5.0
357	3.5
358	4.0
364	5.0
366	3.0
367	4.0
368	4.0
370	4.0
374	2.0
377	5.0
379	2.0
380	4.0
387	3.0
393	1.5
410	3.0
413	3.0
419	1.0
440	4.0
442	3.0
449	4.0
457	5.0
466	4.0
477	4.5
479	3.5
480	4.0
485	3.0
489	3.0
493	5.0
500	3.5
508	5.0
511	3.0
520	4.0
524	4.0
527	5.0
528	3.5
532	4.0
533	3.0
542	0.5
543	3.0
546	0.5
551	4.5
555	4.5
585	3.0
586	3.5
587	4.0
588	5.0
589	5.0
592	4.0
595	4.5
608	5.0
639	3.5
673	3.0
709	4.0
724	3.5
725	3.5
733	4.0
736	3.0
741	3.5
780	4.0
783	4.0
785	4.0
786	4.0
788	4.0
802	4.0
832	4.0
837	4.0
858	5.0
866	5.0
899	5.0
903	5.0
905	5.0
908	4.0
909	5.0
911	4.0
912	5.0
916	4.5
918	4.5
919	5.0
922	4.5
923	5.0
924	5.0
926	5.0
940	4.0
942	4.0
949	4.5
951	5.0
953	4.0
954	4.5
955	4.5
969	4.5
971	4.0
1013	4.0
1022	4.0
1025	4.0
1027	3.0
1028	5.0
1029	4.0
1030	3.0
1032	2.0
1054	4.5
1057	4.0
1059	4.0
1064	2.0
1079	5.0
1081	4.5
1088	3.0
1089	4.5
1094	5.0
1097	5.0
1103	4.0
1120	4.5
1124	4.0
1127	4.0
1136	5.0
1177	4.0
1185	4.5
1193	5.0
1196	5.0
1197	5.0
1201	5.0
1204	5.0
1206	5.0
1208	5.0
1210	4.0
1211	4.5
1212	5.0
1213	5.0
1219	5.0
1225	5.0
1230	5.0
1231	4.5
1234	5.0
1235	4.5
1236	4.0
1237	4.5
1240	4.0
1242	4.0
1245	4.5
1248	4.5
1253	4.0
1256	4.5
1258	3.5
1259	4.0
1260	5.0
1265	5.0
1267	4.5
1270	5.0
1278	4.5
1283	5.0
1284	4.0
1285	5.0
1288	4.0
1304	4.5
1307	4.5
1333	4.0
1342	3.0
1343	4.0
1347	4.0
1350	2.0
1358	4.5
1374	4.5
1377	3.0
1380	3.0
1393	5.0
1394	4.5
1407	4.5
1416	3.5
1449	5.0
1465	4.0
1466	5.0
1468	4.0
1485	4.0
1499	3.0
1513	4.0
1517	4.0
1544	4.0
1552	4.0
1562	1.0
1566	4.0
1569	4.0
1573	4.5
1580	4.0
1586	3.0
1589	3.0
1594	5.0
1608	4.0
1614	4.0
1617	5.0
1620	3.5
1625	4.0
1644	2.0
1660	5.0
1673	5.0
1682	5.0
1688	4.0
1701	4.0
1704	4.0
1717	4.0
1721	5.0
1729	4.5
1753	4.0
1760	2.5
1792	3.0
1831	2.5
1835	3.0
1840	5.0
1876	3.5
1882	3.0
1907	4.5
1911	3.5
1912	5.0
1917	1.0
1923	4.5
1924	1.0
1945	5.0
1947	5.0
1951	4.0
1953	5.0
1954	4.5
1960	5.0
1961	4.5
1962	4.0
1967	4.0
1970	3.0
1971	3.0
1972	3.0
1981	3.0
1982	4.0
1991	3.5
1992	3.0
1993	2.0
1997	5.0
2003	4.0
2004	4.5
2005	4.5
2010	4.5
2011	4.5
2012	4.0
2015	4.0
2017	4.0
2018	4.0
2019	5.0
2023	3.0
2028	5.0
2053	2.0
2054	4.0
2058	4.0
2065	5.0
2067	4.5
2070	4.0
2076	4.5
2081	5.0
2082	3.0
2088	2.0
2092	2.0
2094	3.0
2096	4.0
2107	3.0
2109	4.0
2115	4.0
2120	3.0
2123	4.0
2124	4.0
2137	3.0
2141	4.0
2160	5.0
2161	4.0
2167	4.0
2174	4.5
2193	4.5
2194	4.0
2240	4.0
2243	4.5
2245	4.5
2265	0.5
2273	4.0
2291	5.0
2294	4.0
2300	5.0
2301	3.0
2302	3.5
2318	4.5
2329	5.0
2333	4.5
2337	4.5
2353	4.0
2354	3.0
2371	4.0
2378	3.0
2381	2.0
2384	5.0
2394	4.5
2396	4.5
2406	4.0
2409	4.0
2410	4.0
2413	4.0
2420	4.0
2423	3.0
2433	4.0
2450	1.5
2455	4.0
2471	3.0
2478	3.0
2490	4.0
2502	4.0
2539	4.0
2571	4.5
2580	5.0
2599	5.0
2616	4.5
2628	4.0
2648	4.0
2657	4.0
2664	3.0
2683	3.0
2687	4.0
2692	4.5
2696	4.0
2699	4.0
2700	5.0
2702	4.5
2710	4.5
2716	4.5
2717	4.0
2729	4.0
2739	5.0
2746	5.0
2750	4.5
2757	4.5
2761	5.0
2762	4.0
2763	4.0
2770	4.5
2791	4.5
2794	2.0
2797	4.0
2798	1.0
2804	4.5
2858	5.0
2863	5.0
2871	5.0
2879	4.0
2890	4.5
2912	4.0
2916	4.0
2918	5.0
2919	4.0
2935	4.0
2946	3.0
2947	3.5
2949	4.0
2950	3.0
2953	3.0
2959	3.0
2971	5.0
2985	4.0
2986	4.0
2987	5.0
2997	4.5
3000	5.0
3020	4.0
3033	3.5
3034	4.0
3036	5.0
3037	4.5
3039	4.0
3067	4.0
3071	4.0
3075	3.0
3081	4.0
3087	4.0
3089	5.0
3095	5.0
3097	4.0
3105	4.0
3114	5.0
3146	2.0
3147	4.0
3152	5.0
3178	5.0
3200	5.0
3203	4.0
3210	4.0
3243	2.5
3246	5.0
3247	3.5
3252	3.5
3253	4.0
3254	4.0
3255	4.5
3257	3.0
3263	4.0
3264	4.0
3266	4.0
3267	4.0
3271	4.0
3272	4.0
3273	3.0
3274	2.5
3275	2.5
3300	4.0
3327	4.5
3341	4.0
3350	4.0
3360	5.0
3362	5.0
3363	5.0
3387	2.0
3398	4.0
3408	4.0
3418	4.0
3422	4.0
3424	5.0
3426	4.0
3435	5.0
3438	4.0
3439	2.5
3441	3.5
3451	5.0
3468	4.5
3478	4.0
3489	3.0
3499	5.0
3526	4.0
3545	5.0
3549	4.0
3554	4.0
3555	4.0
3556	4.5
3578	4.5
3608	4.5
3646	3.0
3671	5.0
3698	4.0
3712	4.0
3726	4.5
3740	4.0
3744	4.0
3752	3.5
3783	4.5
3785	4.0
3791	3.5
3793	4.0
3863	4.0
3865	4.0
3868	5.0
3869	4.0
3882	3.0
3893	4.5
3897	5.0
3943	3.5
3949	5.0
3967	4.0
3994	4.0
3996	5.0
4005	3.0
4007	4.0
4008	4.0
4010	3.5
4011	3.0
4016	4.5
4020	4.0
4033	4.5
4034	5.0
4066	4.0
4068	3.0
4102	5.0
4105	4.0
4121	4.0
4128	4.0
4167	3.0
4211	4.5
4214	4.0
4226	5.0
4232	4.5
4239	4.0
4248	4.0
4291	4.0
4296	4.0
4306	4.0
4308	4.0
4326	4.0
4344	3.0
4359	4.0
4361	4.5
4367	3.0
4369	3.0
4370	5.0
4388	2.0
4432	5.0
4437	3.5
4448	3.0
4467	4.0
4488	4.0
4489	4.0
4499	4.0
4553	4.0
4558	3.0
4571	4.0
4587	3.0
4621	3.0
4623	4.0
4638	4.0
4642	5.0
4643	3.0
4662	3.0
4681	3.5
4701	3.0
4720	4.5
4776	4.0
4835	4.5
4848	4.0
4873	4.0
4886	4.0
4896	5.0
4914	4.5
4929	3.0
4963	4.5
4973	5.0
4975	4.5
4979	4.5
4980	3.5
4992	3.5
4993	5.0
4995	4.5
5010	4.5
5015	5.0
5049	3.0
5055	4.0
5060	3.0
5102	3.0
5103	4.5
5135	4.0
5159	2.0
5225	5.0
5254	4.0
5267	4.0
5269	4.0
5291	5.0
5292	4.0
5293	5.0
5299	3.0
5323	0.5
5349	3.5
5378	4.0
5401	3.5
5445	5.0
5452	2.0
5459	3.0
5481	2.5
5502	4.5
5505	4.0
5507	4.0
5541	4.0
5572	4.0
5618	5.0
5669	4.5
5673	5.0
5679	3.0
5785	3.0
5810	4.0
5812	5.0
5816	5.0
5853	4.0
5902	4.5
5941	4.0
5952	5.0
5954	5.0
5971	5.0
5991	5.0
6016	5.0
6281	4.0
6323	4.0
6331	5.0
6333	4.5
6365	3.0
6373	4.0
6377	4.5
6380	4.5
6385	4.5
6502	4.5
6539	3.5
6548	1.0
6615	3.0
6639	4.5
6711	4.0
6764	3.0
6773	4.0
6796	5.0
6800	2.5
6807	2.5
6857	4.0
6863	4.0
6870	4.5
6874	5.0
6934	3.0
6936	3.5
6952	4.0
6957	4.5
6974	4.0
6979	4.0
7013	5.0
7028	3.5
7045	4.5
7099	4.5
7143	3.0
7153	5.0
7160	4.0
7228	2.0
7256	4.5
7323	4.0
7347	3.0
7348	5.0
7361	5.0
7438	5.0
7451	4.0
7460	4.0
7802	4.5
7934	4.0
8360	4.0
8361	2.5
8366	4.0
8368	4.0
8376	2.5
8528	4.0
8533	4.0
8622	5.0
8636	5.0
8641	4.0
8645	4.5
8781	4.0
8783	3.0
8798	4.0
8807	4.0
8865	4.5
8874	4.0
8879	4.0
8914	3.0
8917	3.0
8937	4.5
8947	2.5
8958	4.0
8961	5.0
8966	4.5
8970	4.0
8981	5.0
8983	4.5
26662	4.5
27773	4.5
27790	4.0
27801	4.0
27878	5.0
30707	5.0
30749	4.5
30793	4.5
30810	4.0
31225	4.0
31658	3.0
31878	5.0
32587	5.0
33166	4.5
33493	4.0
33660	4.5
33679	4.5
33794	4.0
33880	4.5
34048	3.0
34150	2.0
34153	4.0
34271	4.0
34338	4.0
34405	5.0
35836	4.5
36276	5.0
37380	2.0
39183	4.5
39292	5.0
40583	2.5
40815	4.0
40826	3.0
41566	3.0
41569	5.0
41571	4.0
41997	4.5
42002	4.0
44694	4.5
44709	4.5
45210	5.0
45499	4.0
45517	4.0
45720	4.0
45722	3.0
45728	4.5
45730	2.0
46723	3.0
46965	2.5
46976	4.0
47629	4.5
47997	4.0
47999	4.0
48043	4.0
48322	4.0
48385	4.0
48394	4.5
48516	4.5
48774	5.0
49272	4.5
49824	4.0
50872	4.5
51255	4.5
51662	4.0
52281	4.0
52319	3.5
52722	2.5
52885	4.0
52973	4.5
52975	4.0
53519	4.5
53550	4.5
53953	4.0
54001	4.0
54272	4.5
54503	4.5
54881	4.5
54995	4.0
54999	4.5
55276	4.5
55442	5.0
55765	4.0
55768	3.0
55805	4.5
55820	4.5
56174	4.0
56367	4.0
56782	4.5
56805	4.0
57368	4.0
58559	4.5
58998	4.0
59315	4.0
59369	3.0
59615	4.0
59784	4.5
60069	5.0
60074	2.5
60684	4.0
60756	3.0
60760	4.0
60950	4.5
61024	4.0
61132	3.5
61236	5.0
61240	5.0
61323	2.0
62155	4.0
62434	3.5
62511	4.5
63062	4.0
63072	3.0
63082	4.5
63131	4.0
63859	4.0
63876	4.0
64575	4.5
64620	4.5
64622	3.0
64716	2.5
64839	4.5
64957	4.0
65130	4.5
65261	5.0
66097	4.5
66203	3.0
66934	4.0
67255	4.5
67267	2.0
67997	4.5
68157	4.5
68237	4.0
68319	2.5
68358	4.5
68952	4.5
68954	4.5
69122	4.0
69481	4.5
69526	2.5
69640	4.0
69757	4.0
69784	4.0
69844	4.0
70286	4.0
70293	3.0
71033	4.5
71057	3.0
71211	4.5
71264	3.0
71282	4.0
71379	4.0
71464	4.5
71530	2.5
71535	4.0
71579	4.0
71745	4.0
72011	4.5
72226	4.5
72395	4.5
72641	3.0
72720	4.0
72733	4.0
72737	4.0
72998	4.5
73023	4.0
73266	4.0
73323	4.0
74458	4.0
74510	4.5
74545	5.0
74789	3.0
76077	4.0
76093	4.0
76175	2.0
76251	4.0
77455	4.5
77561	4.0
78039	5.0
78499	5.0
78574	4.5
79132	4.5
79242	4.5
79293	4.0
79695	3.5
79702	5.0
80219	4.0
80463	5.0
80489	4.0
80549	4.0
80906	4.0
80969	4.5
81229	3.5
81562	4.5
81564	4.0
81591	5.0
81834	4.0
81845	4.5
81847	5.0
81932	4.0
82459	4.5
82461	3.5
84944	4.5
86190	4.0
86320	4.5
86332	4.0
86377	4.5
86833	4.5
86882	4.0
86898	4.0
87222	4.0
87232	4.0
87306	4.5
87869	3.5
88129	4.5
88140	4.0
88163	4.5
88744	4.0
88810	3.0
89492	4.0
89745	4.5
89774	4.0
89804	4.0
89904	4.5
90866	5.0
91077	4.5
91500	4.0
91529	4.5
92420	4.0
92535	4.0
93510	4.0
93840	4.0
94864	4.0
94959	4.0
95167	4.5
95441	4.0
95510	3.5
96079	4.5
96610	4.5
96821	4.5
97304	5.0
97752	5.0
97913	3.5
97921	4.5
97923	4.5
97938	4.0
98154	4.5
98809	4.0
98961	4.5
99114	4.5
99149	4.5
102123	4.0
102125	4.0
102445	4.0
104841	5.0
104879	5.0
105504	4.5
105844	5.0
106100	4.0
106487	4.5
106489	3.5
106696	4.5
106782	4.5
106916	4.0
106920	5.0
108932	5.0
109374	4.5
109487	4.0
110102	4.0
111362	4.0
111759	4.0
112183	4.0
112290	5.0
112556	4.5
112623	4.5
112852	4.5
116797	3.5
