1	3.5
10	2.5
19	3.0
32	5.0
47	3.0
48	2.5
50	3.5
58	0.5
70	4.5
95	3.0
110	4.0
145	3.0
150	2.0
153	3.0
165	4.5
173	2.0
180	1.5
231	2.5
256	3.0
260	4.0
293	3.5
296	4.0
316	3.5
318	4.0
344	3.0
353	2.0
356	4.0
364	2.5
367	3.0
370	3.0
380	3.0
410	2.5
420	3.5
434	3.0
442	3.0
466	4.0
480	3.0
485	3.0
500	2.5
541	3.5
586	3.0
588	2.5
589	3.0
592	3.0
593	3.0
595	2.5
648	3.0
720	4.5
733	3.5
741	2.5
745	4.0
778	4.0
780	3.0
786	3.0
832	1.5
858	2.5
920	2.0
924	2.0
1035	3.0
1036	2.5
1047	3.0
1079	3.5
1080	4.5
1089	4.0
1125	3.5
1136	5.0
1148	4.5
1193	3.5
1196	3.5
1198	4.0
1200	3.0
1206	1.5
1208	2.0
1210	4.0
1213	4.0
1214	4.0
1215	3.5
1220	3.0
1221	2.5
1222	3.0
1223	4.0
1225	3.5
1233	3.5
1240	2.5
1241	1.0
1250	3.0
1255	3.5
1258	1.5
1261	4.0
1262	4.0
1265	4.0
1270	3.0
1291	4.0
1293	3.0
1320	3.0
1339	3.5
1345	2.5
1370	4.0
1377	2.5
1391	4.0
1407	2.0
1485	2.0
1527	4.0
1552	2.5
1573	2.0
1580	4.0
1584	3.0
1590	2.5
1608	2.5
1610	1.5
1641	4.0
1653	3.5
1676	4.0
1682	2.0
1687	3.0
1690	3.0
1721	1.5
1729	2.5
1732	1.0
1748	3.0
1784	3.0
1876	2.0
1909	3.0
1917	2.0
1923	3.5
1961	3.5
1997	1.5
2000	3.5
2001	3.5
2002	3.5
2004	3.0
2011	3.0
2012	3.0
2021	4.0
2028	3.5
2054	2.0
2115	4.0
2118	2.5
2124	3.0
2167	4.5
2194	2.5
2232	3.5
2273	4.0
2278	3.0
2288	3.5
2291	4.0
2329	4.0
2355	3.5
2378	3.0
2379	3.0
2380	3.0
2381	3.0
2382	3.5
2383	3.0
2396	2.5
2427	2.5
2467	3.0
2470	3.0
2502	3.5
2513	1.5
2542	5.0
2571	4.5
2600	2.0
2617	3.5
2628	2.0
2672	4.0
2700	2.5
2701	2.5
2706	4.0
2710	4.5
2712	2.5
2716	2.5
2762	2.5
2788	5.0
2791	3.5
2797	2.5
2808	1.5
2826	3.0
2858	3.5
2890	3.5
2916	3.0
2944	3.5
2959	4.5
2968	2.5
2987	3.5
2997	3.5
3052	3.5
3053	2.5
3062	3.5
3081	3.0
3113	2.5
3147	3.5
3258	2.5
3268	2.5
3275	4.5
3300	4.5
3301	2.5
3307	2.5
3328	2.5
3354	3.5
3355	4.0
3408	1.5
3438	2.5
3470	3.5
3489	3.0
3499	3.5
3527	4.0
3535	4.0
3555	2.5
3578	4.0
3593	2.5
3623	3.0
3654	4.0
3697	3.5
3698	2.5
3708	3.0
3717	3.0
3745	4.0
3751	3.0
3753	3.5
3785	3.0
3793	3.0
3826	3.0
3863	3.5
3868	4.0
3879	3.5
3897	3.5
3949	3.5
3977	3.5
3985	3.5
3986	3.0
3994	3.5
3996	1.5
3999	2.0
4011	4.5
4015	3.0
4022	2.5
4034	3.5
4085	3.5
4102	3.0
4105	4.0
4128	3.0
4148	3.0
4223	3.0
4224	3.0
4226	4.0
4239	2.5
4246	1.5
4262	2.5
4270	3.5
4299	1.5
4306	4.0
4308	2.0
4344	3.5
4367	3.0
4369	2.5
4370	4.5
4383	4.0
4446	4.5
4558	2.5
4624	1.0
4643	2.5
4701	4.0
4720	3.0
4735	3.0
4776	3.0
4865	2.5
4878	3.5
4886	4.0
4887	2.0
4896	2.5
4958	3.0
4963	3.0
4973	3.5
4975	4.0
4993	3.0
4995	3.0
5010	4.0
5026	3.5
5047	3.0
5065	3.5
5093	2.5
5107	3.5
5152	2.0
5171	3.0
5218	4.0
5219	4.5
5254	3.5
5266	3.0
5313	3.5
5325	2.0
5349	2.5
5378	3.0
5400	2.5
5414	3.0
5418	3.0
5420	3.0
5445	4.0
5459	3.0
5463	3.0
5464	3.0
5502	3.5
5507	3.5
5528	3.5
5541	3.5
5574	3.5
5630	3.0
5669	4.0
5679	4.0
5785	3.0
5816	2.0
5833	4.0
5872	3.0
5876	2.0
5881	1.0
5902	2.0
5903	4.5
5952	2.5
6104	4.0
6157	2.0
6188	3.0
6213	2.0
6250	3.0
6281	4.0
6333	3.0
6365	3.0
6373	2.5
6377	4.0
6378	3.5
6383	2.5
6502	2.0
6503	3.5
6534	2.5
6537	2.5
6539	4.5
6541	3.0
6548	3.5
6550	2.0
6564	3.0
6595	3.5
6618	3.5
6663	3.5
6664	3.0
6754	3.5
6755	4.0
6807	3.5
6808	4.0
6863	2.5
6874	3.5
6934	4.0
6936	3.5
6947	2.0
6959	3.0
6966	4.0
6979	2.0
7000	3.0
7017	2.0
7022	2.5
7090	1.5
7143	2.5
7147	4.0
7153	3.5
7160	1.5
7235	1.0
7254	4.5
7318	2.5
7325	3.0
7348	4.0
7360	3.0
7361	1.5
7373	4.5
7376	3.0
7438	4.0
7439	3.5
7454	2.5
7458	2.5
7649	4.0
7841	3.0
7842	4.5
7980	3.5
8360	4.0
8361	3.0
8368	3.0
8371	4.5
8376	2.5
8387	3.5
8464	4.0
8493	3.5
8526	2.5
8531	2.5
8596	3.5
8622	4.0
8636	3.0
8640	3.0
8644	4.0
8665	2.5
8666	2.0
8781	3.0
8798	3.5
8807	3.5
8810	4.0
8860	3.0
8861	3.5
8865	3.5
8874	4.5
8917	1.5
8950	3.0
8957	4.0
8961	4.0
8972	2.5
8977	1.0
8984	3.0
8985	2.5
27660	2.5
27773	1.0
27801	2.5
27831	3.0
27837	2.5
27904	2.5
30810	2.5
30812	2.0
31221	1.5
31420	1.5
31685	3.5
31696	2.5
31804	1.5
31878	3.5
32029	4.5
32031	4.0
32587	5.0
33004	2.0
33158	2.5
33162	3.5
33166	3.5
33437	3.5
33493	2.5
33615	4.0
33679	2.5
33794	2.5
33834	3.0
34048	3.5
34150	3.0
34319	4.5
34334	2.0
34520	4.5
35836	2.5
36519	3.5
36529	3.0
36708	4.0
37380	2.5
37382	2.0
37386	3.5
37727	3.5
37731	3.5
37733	2.5
38038	4.5
38061	4.0
39446	2.5
40278	4.0
40732	1.5
40815	3.0
41566	2.5
41997	2.5
42718	4.0
42738	3.0
43928	3.0
43936	3.0
44191	3.0
44195	4.0
44199	4.0
44665	4.0
44972	2.0
45081	3.5
45186	2.5
45431	4.0
45447	1.5
45499	3.5
45517	4.0
45722	2.5
45950	3.5
46322	3.5
46335	2.0
46965	1.0
46972	3.0
46976	3.5
47044	3.0
47200	4.5
47997	2.5
48304	2.5
48385	3.0
48516	3.0
48774	3.5
48783	3.0
48982	4.0
49272	4.0
49278	3.5
49649	2.5
50068	2.5
50442	2.5
50794	4.5
50872	4.5
51077	2.5
51080	2.0
51255	5.0
51412	3.5
51662	4.5
51935	3.5
52281	2.5
52328	3.5
52973	2.5
53000	3.0
53125	3.5
53322	2.0
53464	2.5
53519	2.5
53894	3.5
53972	4.5
53996	2.5
54272	3.5
54286	3.5
54648	3.5
54736	3.0
54881	3.5
54995	4.0
54999	4.5
55232	3.0
55721	3.5
55765	2.5
55820	3.0
56156	3.5
56171	1.0
56174	3.0
56251	2.0
56339	3.0
56367	3.0
56757	3.0
56775	4.0
56801	2.5
57368	4.0
57528	3.5
57640	3.0
58295	4.0
58559	4.0
59315	3.0
59615	4.5
59784	4.0
60069	4.0
60072	2.5
60074	3.0
61132	4.5
61160	4.0
61350	4.0
63113	4.0
64030	1.0
