1	3.5
2	2.5
5	2.5
6	5.0
7	3.5
9	2.5
10	3.0
11	4.0
16	4.5
19	2.0
20	3.0
21	4.0
22	2.5
25	4.5
31	3.5
32	3.5
34	4.0
36	3.5
39	3.0
44	3.5
47	5.0
50	3.5
52	4.0
66	0.5
70	4.0
76	3.0
81	3.5
89	2.5
95	2.5
101	1.5
105	2.0
110	3.5
112	2.5
141	3.0
145	4.0
150	2.0
153	4.0
160	1.5
161	3.0
163	3.5
165	3.5
168	2.0
172	2.0
173	2.0
175	2.5
185	3.0
186	3.0
196	3.0
198	4.0
204	3.0
208	4.0
225	3.5
227	3.0
231	3.0
236	3.0
252	2.5
253	4.0
256	2.0
260	3.0
266	4.0
273	3.5
288	3.5
292	4.0
293	5.0
296	3.5
300	4.0
303	3.5
315	2.5
317	3.0
318	5.0
319	3.5
329	2.5
338	2.0
339	4.0
344	4.0
345	4.0
349	2.5
350	3.5
353	4.0
356	4.0
357	3.5
364	3.5
367	3.5
368	4.0
370	2.5
371	3.0
373	4.0
376	3.0
377	4.0
379	2.5
380	4.0
382	3.0
393	0.5
410	3.5
419	2.0
420	2.0
423	2.5
426	3.0
431	4.0
434	3.0
440	4.0
442	3.5
457	4.0
464	3.5
466	3.5
474	4.0
480	4.0
485	3.0
491	3.5
494	3.5
500	3.5
507	3.5
509	4.0
517	3.0
520	2.0
521	4.0
533	1.0
541	3.0
546	3.0
551	2.5
555	3.5
586	3.0
587	3.0
588	4.0
589	5.0
590	4.5
592	3.5
595	3.0
597	3.5
608	3.0
610	3.0
628	3.0
640	3.0
648	3.5
653	2.5
673	1.5
704	1.0
708	3.0
719	2.5
720	4.5
724	2.5
733	4.5
736	2.5
741	3.0
743	2.0
745	4.0
748	3.5
761	2.0
762	3.5
765	2.5
778	4.0
780	2.5
784	3.0
785	3.0
786	2.5
788	3.5
798	1.5
799	3.0
800	2.5
805	3.0
832	2.5
836	2.5
849	2.0
852	3.5
866	3.0
904	5.0
908	4.5
924	2.0
990	0.5
996	2.0
1004	3.0
1020	3.0
1027	3.5
1029	2.5
1036	5.0
1037	3.5
1047	3.5
1049	3.5
1059	3.0
1061	4.0
1079	4.0
1080	3.0
1088	2.0
1089	3.5
1090	3.5
1095	3.0
1097	4.0
1120	3.5
1127	4.0
1129	2.5
1136	2.5
1148	4.0
1183	1.5
1193	3.0
1196	4.0
1197	4.0
1198	5.0
1199	4.5
1200	5.0
1201	2.5
1207	2.5
1208	4.5
1210	2.5
1213	4.5
1214	4.5
1215	3.0
1218	3.0
1219	4.0
1234	4.0
1240	3.0
1241	3.5
1246	5.0
1250	4.0
1255	3.5
1258	3.5
1261	4.0
1265	4.0
1270	3.5
1274	3.0
1287	3.5
1291	4.0
1303	4.0
1307	4.0
1320	3.5
1321	3.0
1339	2.5
1343	3.5
1345	3.0
1355	2.5
1356	3.5
1357	3.5
1370	4.0
1377	3.5
1385	3.0
1387	3.5
1388	3.0
1389	1.5
1391	3.0
1393	4.0
1396	2.5
1405	3.5
1407	4.0
1425	2.5
1432	2.0
1438	3.5
1466	3.5
1476	3.5
1479	2.5
1485	4.0
1488	2.0
1499	3.5
1500	3.0
1513	3.0
1515	2.5
1517	2.5
1518	3.5
1527	3.5
1544	3.5
1552	3.5
1556	2.0
1562	1.5
1569	3.0
1573	3.5
1580	3.0
1584	4.5
1587	3.5
1589	3.5
1590	2.5
1591	3.5
1597	3.0
1598	3.0
1603	2.5
1608	3.0
1615	3.5
1616	3.0
1617	4.0
1620	3.0
1625	3.5
1627	4.0
1635	3.0
1641	3.5
1644	2.0
1645	5.0
1653	3.5
1673	3.0
1674	3.5
1676	3.5
1680	4.0
1682	4.5
1687	3.0
1690	3.0
1693	3.0
1702	1.5
1704	3.5
1717	3.5
1721	3.5
1722	3.0
1727	3.5
1729	3.5
1730	3.5
1732	4.5
1735	3.5
1747	3.5
1748	4.0
1752	3.0
1769	2.0
1779	2.5
1784	4.0
1792	3.0
1801	3.0
1805	4.0
1810	2.5
1831	2.0
1834	3.0
1835	3.5
1845	2.0
1862	1.0
1866	3.0
1876	3.0
1882	2.5
1884	4.5
1892	4.0
1894	2.0
1909	3.5
1912	4.0
1917	3.0
1918	2.0
1920	3.0
1923	3.0
1924	2.5
1954	3.5
1981	2.0
1992	3.5
2003	3.0
2004	2.5
2006	3.0
2011	3.5
2012	3.0
2022	3.0
2028	3.5
2058	3.5
2078	3.0
2081	3.0
2094	3.0
2115	3.5
2126	2.0
2140	1.5
2153	1.0
2167	4.5
2174	3.0
2188	2.5
2194	5.0
2231	3.5
2232	3.5
2253	1.0
2278	3.0
2279	2.0
2288	4.0
2294	3.0
2302	3.5
2315	3.5
2320	3.0
2322	3.5
2329	4.0
2340	3.0
2353	2.5
2376	2.5
2389	2.0
2391	3.5
2394	4.5
2395	1.5
2396	3.0
2402	4.0
2403	3.5
2409	3.0
2410	3.5
2411	3.5
2412	2.5
2420	3.0
2421	2.5
2427	3.0
2428	4.0
2431	1.5
2448	2.0
2454	3.5
2455	4.0
2459	3.0
2490	3.5
2502	3.0
2505	2.5
2513	3.0
2529	4.0
2533	3.0
2539	3.0
2542	4.5
2560	2.0
2567	3.0
2571	4.0
2580	4.5
2581	2.0
2600	3.0
2605	3.0
2616	2.0
2617	4.0
2628	3.0
2671	3.0
2672	3.0
2683	3.0
2687	3.5
2688	3.5
2699	3.0
2700	3.0
2701	2.0
2706	3.0
2707	3.5
2710	1.5
2712	4.0
2713	3.0
2716	3.0
2717	2.0
2722	3.5
2724	1.5
2762	3.5
2763	3.0
2770	3.5
2787	3.5
2805	2.0
2807	0.5
2808	3.5
2826	2.0
2827	2.5
2841	3.5
2858	4.0
2881	3.5
2890	2.5
2916	3.5
2918	3.0
2947	4.0
2948	3.0
2949	4.0
2953	3.0
2959	5.0
2976	3.0
2985	3.5
2989	4.0
2990	2.5
2991	2.5
2993	3.0
2995	3.0
2997	4.0
3005	3.0
3006	3.5
3020	2.5
3033	3.0
3039	3.5
3052	2.0
3081	3.0
3082	3.5
3087	1.5
3101	3.0
3104	4.0
3107	3.5
3108	3.5
3113	2.5
3114	4.0
3147	4.0
3160	3.5
3173	4.0
3174	3.5
3175	3.0
3176	3.5
3208	2.0
3249	3.0
3253	3.0
3254	3.0
3255	4.0
3257	3.0
3269	3.5
3273	2.0
3275	3.5
3285	3.5
3300	3.0
3301	3.0
3317	3.0
3328	2.5
3355	2.5
3387	2.0
3388	2.5
3408	4.0
3409	2.0
3421	2.5
3429	2.0
3439	2.0
3440	2.0
3444	2.5
3481	3.0
3489	2.5
3499	4.0
3512	4.0
3527	4.5
3534	2.5
3535	3.0
3555	3.0
3556	2.0
3578	4.5
3581	2.5
3617	3.0
3623	4.0
3624	3.0
3633	3.0
3635	4.0
3638	3.0
3639	3.5
3646	2.0
3697	3.0
3698	3.0
3703	3.0
3717	2.5
3740	3.5
3751	3.0
3752	3.5
3753	3.5
3755	4.0
3770	1.5
3785	2.5
3793	4.0
3798	3.5
3821	3.0
3825	3.0
3826	2.5
3841	1.5
3863	2.0
3868	4.0
3869	3.5
3893	2.5
3897	3.0
3916	3.0
3917	3.5
3948	2.5
3949	4.5
3967	4.0
3969	3.0
3977	3.5
3984	3.0
3986	3.0
3987	2.0
3994	4.0
3999	3.5
4002	3.5
4011	4.0
4014	3.5
4018	2.5
4020	3.5
4022	2.5
4025	3.0
4027	3.5
4029	2.0
4034	2.5
4056	3.5
4069	2.5
4105	3.0
4128	3.0
4144	2.0
4148	4.0
4159	3.5
4161	2.0
4167	2.5
4207	2.0
4223	3.5
4226	3.5
4239	4.0
4246	3.5
4267	2.0
4270	4.0
4299	3.5
4306	3.5
4308	5.0
4310	4.0
4344	4.0
4351	3.0
4367	2.5
4369	3.0
4370	3.5
4383	3.5
4386	3.0
4387	3.0
4446	2.0
4448	3.0
4489	4.0
4506	2.5
4558	3.5
4571	3.5
4572	3.0
4623	3.0
4638	3.0
4639	2.0
4641	4.0
4643	2.0
4661	3.5
4677	3.5
4678	3.5
4682	2.5
4718	3.0
4720	2.5
4744	2.5
4776	3.5
4816	4.5
4823	3.0
4848	2.5
4865	3.0
4874	4.0
4886	3.5
4890	2.5
4896	2.5
4901	2.5
4958	3.0
4963	4.0
4973	3.5
4975	3.5
4979	1.0
4980	3.0
4993	4.5
4994	4.0
4995	4.0
5010	2.0
5015	3.5
5026	2.0
5064	4.0
5065	2.5
5093	3.0
5107	3.5
5146	3.0
5152	3.0
5218	4.5
5219	3.0
5254	3.5
5266	3.0
5294	3.5
5299	3.5
5312	2.0
5313	2.0
5349	3.5
5364	2.5
5377	3.5
5378	4.0
5388	3.0
5400	3.0
5418	3.5
5444	3.0
5445	3.0
5459	3.0
5464	3.0
5478	3.0
5481	3.0
5500	2.0
5502	4.0
5505	3.0
5528	2.5
5541	2.0
5574	3.0
5618	3.0
5620	3.0
5630	4.0
5669	4.0
5679	4.5
5810	3.0
5833	3.5
5872	3.5
5903	4.0
5952	4.0
5956	3.0
5959	3.0
5989	4.5
5991	3.0
5995	5.0
6006	1.0
6059	3.0
6156	2.5
6157	3.0
6188	3.5
6213	3.0
6218	4.0
6250	2.5
6263	4.0
6281	3.5
6287	2.0
6299	3.5
6323	3.0
6333	3.5
6365	3.5
6373	3.0
6377	4.0
6378	4.0
6502	3.5
6503	3.5
6534	2.0
6537	4.5
6539	3.5
6541	2.5
6565	4.0
6593	3.0
6615	3.0
6617	4.0
6659	3.0
6664	3.5
6708	4.5
6709	2.5
6711	3.5
6755	2.0
6763	2.0
6870	3.5
6874	3.5
6879	3.5
6888	2.5
6934	2.5
6942	4.5
6944	3.0
6947	3.5
6953	2.5
6957	3.5
6966	2.5
6975	2.0
7004	2.5
7017	3.0
7034	3.5
7090	2.5
7137	2.5
7143	5.0
7147	3.0
7149	4.5
7153	4.0
7154	3.0
7155	4.0
7158	3.0
7160	3.0
7162	3.5
7163	2.5
7254	4.5
7318	4.0
7324	2.5
7325	2.0
7347	2.5
7360	3.0
7361	2.5
7366	3.0
7367	2.5
7373	4.0
7387	3.0
7438	3.5
7439	3.0
7445	3.0
7451	3.5
7454	1.5
7458	3.5
7481	3.5
7569	3.5
7981	4.0
8169	2.5
8360	3.5
8361	4.0
8373	2.5
8387	1.0
8464	3.5
8501	3.5
8529	2.5
8622	3.0
8636	3.5
8640	2.5
8645	3.5
8665	4.0
8781	2.5
8783	1.5
8798	3.5
8810	2.5
8860	3.0
8866	3.5
8870	2.5
8874	2.5
8907	2.5
8908	4.0
8917	3.0
8947	3.5
8950	2.5
8957	3.5
8961	5.0
8966	3.5
8969	3.0
8970	3.0
8972	4.0
8974	2.5
8981	3.0
8984	3.0
8985	3.0
26776	4.0
27660	4.0
27706	3.0
27773	3.5
27808	3.5
27821	3.0
27822	3.5
27831	3.5
27839	3.5
27873	4.0
30707	4.5
30812	3.0
30820	4.0
30822	3.0
30825	3.0
31184	3.5
31427	2.0
31685	3.0
31696	3.0
31878	3.0
32019	3.0
32029	3.0
32296	2.5
32587	3.5
32596	3.0
33004	3.0
33166	4.5
33437	3.0
33493	3.0
33615	3.5
33679	2.5
33794	4.5
33836	1.0
34048	3.5
34162	2.5
35836	3.0
36525	2.5
36529	4.0
37382	2.0
37729	2.5
37733	3.0
38798	3.5
39183	4.0
39446	3.5
40278	3.5
40819	3.0
41569	4.0
41571	4.0
41997	4.5
42007	2.5
42723	3.0
44022	3.5
44191	3.0
44195	4.0
44199	3.5
44974	3.0
45081	3.5
45210	3.0
45447	3.0
45501	1.0
45672	4.0
45722	3.5
45726	2.5
45732	2.5
46578	4.0
46965	2.0
46970	2.5
46974	2.5
48385	2.0
48516	3.5
48738	3.5
48780	4.5
48877	3.5
49272	3.5
49278	2.5
49286	5.0
49651	4.0
51086	2.0
51709	3.0
52328	2.0
52973	4.0
53125	2.5
53972	4.0
54272	3.0
56174	4.5
