1	4.0
2	3.5
3	4.0
6	4.0
10	4.0
11	3.5
16	4.0
19	3.0
21	4.5
22	3.5
23	2.5
24	3.5
25	4.0
29	4.0
31	4.0
32	4.5
34	4.5
36	4.0
39	3.5
41	4.0
44	2.0
45	4.5
47	4.5
50	5.0
62	4.0
70	4.5
95	3.0
100	4.0
104	4.5
105	4.5
110	5.0
111	5.0
112	4.0
122	3.5
125	4.0
135	3.5
140	3.5
141	4.0
145	2.0
150	4.0
151	4.0
153	1.5
157	2.0
158	3.5
160	3.0
161	4.0
162	4.0
163	4.0
164	3.5
165	3.5
168	4.0
170	3.5
172	3.0
173	3.5
174	3.0
177	3.0
180	3.0
185	3.5
186	3.5
193	3.0
194	4.5
196	2.5
198	4.0
203	3.5
204	3.0
208	3.0
216	3.5
222	3.0
223	4.0
224	4.0
225	4.0
231	3.5
233	3.5
235	4.0
236	4.0
237	4.0
246	5.0
247	4.5
249	3.0
252	4.0
253	4.0
260	5.0
261	3.0
265	4.5
266	4.0
272	4.5
273	3.0
276	3.0
277	4.5
280	3.5
282	3.5
288	4.0
292	3.5
293	5.0
296	5.0
300	4.0
303	3.5
306	3.0
307	2.5
315	2.5
316	3.0
318	5.0
319	4.0
327	3.5
329	3.5
333	4.0
337	4.0
339	3.0
342	4.0
344	4.0
348	4.5
349	4.0
353	4.0
356	4.5
357	4.0
361	3.0
364	4.5
366	4.0
367	3.5
368	4.0
370	3.0
372	3.0
376	4.0
377	4.0
379	2.0
380	2.5
382	2.0
383	3.5
407	2.5
410	4.0
412	3.5
413	1.5
417	4.0
420	2.5
426	2.0
428	4.0
431	5.0
432	3.5
434	3.5
435	4.0
440	4.5
441	4.0
442	2.5
457	4.5
466	3.5
474	4.0
475	4.5
480	4.0
481	4.0
485	2.0
491	3.5
494	4.0
497	4.0
500	3.5
502	1.5
508	4.0
509	3.5
515	5.0
520	3.5
524	4.0
527	5.0
529	4.5
532	3.0
534	3.0
535	4.0
538	3.5
539	3.5
541	4.0
543	4.5
551	4.0
552	4.0
553	4.5
555	5.0
586	4.0
587	4.0
588	3.5
589	5.0
590	4.0
592	4.5
593	5.0
594	4.0
595	4.0
596	4.5
597	3.5
599	5.0
608	5.0
610	3.0
611	2.5
616	2.0
628	3.0
637	3.0
647	4.0
648	4.0
653	3.0
661	4.0
673	3.0
674	2.5
708	4.0
711	2.5
720	4.5
724	3.0
733	3.0
736	2.5
737	2.5
741	3.5
742	3.0
745	4.5
748	4.0
750	4.5
762	2.5
778	4.5
780	3.0
784	3.0
785	4.0
786	3.5
788	2.5
799	2.0
800	4.5
832	3.5
849	3.0
852	4.0
858	5.0
866	3.0
879	4.0
891	3.0
899	5.0
902	3.5
903	4.0
904	4.5
908	4.5
909	4.0
912	5.0
913	4.5
914	4.5
919	4.5
920	4.5
922	4.5
923	4.5
924	4.0
926	4.5
930	3.5
951	4.5
953	5.0
954	5.0
968	5.0
969	4.5
1020	3.0
1022	4.0
1024	3.0
1027	4.0
1028	4.0
1029	3.5
1032	4.0
1035	5.0
1036	4.5
1037	3.0
1042	3.5
1049	3.0
1054	3.5
1059	4.0
1060	3.5
1061	4.0
1073	4.5
1077	4.0
1078	3.5
1079	4.5
1080	4.5
1084	4.0
1088	3.5
1089	5.0
1090	5.0
1092	3.0
1093	3.0
1094	3.5
1095	5.0
1097	4.0
1101	4.0
1103	3.5
1104	3.5
1120	4.0
1124	4.0
1125	4.5
1127	4.0
1128	3.5
1129	4.5
1130	3.5
1136	4.5
1148	4.5
1175	3.5
1178	4.5
1179	4.0
1183	4.0
1186	3.5
1188	4.5
1193	5.0
1196	5.0
1197	4.5
1198	5.0
1199	4.5
1200	5.0
1201	5.0
1202	4.0
1204	4.5
1206	4.5
1208	5.0
1209	4.5
1210	5.0
1212	4.5
1213	5.0
1214	4.5
1215	4.5
1217	4.5
1218	4.5
1219	4.5
1220	5.0
1221	5.0
1222	4.5
1223	4.5
1224	4.5
1225	4.0
1228	4.5
1230	4.5
1231	4.0
1233	5.0
1234	4.5
1235	4.0
1238	4.0
1240	4.5
1242	4.0
1244	4.0
1245	4.5
1246	4.5
1247	4.5
1248	4.5
1250	4.5
1252	4.5
1253	4.5
1256	3.5
1258	4.5
1259	4.5
1260	4.0
1261	4.0
1262	4.5
1263	4.5
1265	4.0
1266	5.0
1267	4.0
1269	4.0
1270	4.5
1272	4.0
1274	4.5
1275	3.5
1276	4.5
1278	4.5
1281	4.0
1282	4.0
1283	4.0
1284	4.5
1285	4.5
1287	4.0
1288	5.0
1291	4.5
1292	5.0
1293	4.5
1295	4.0
1298	4.0
1299	4.0
1302	4.0
1304	4.5
1307	4.0
1320	3.5
1327	4.0
1332	3.5
1333	5.0
1334	3.0
1339	4.5
1340	4.0
1343	4.0
1344	4.0
1345	4.0
1347	4.0
1348	5.0
1350	4.0
1356	4.0
1357	4.5
1358	5.0
1365	4.5
1370	4.0
1371	3.0
1372	2.5
1373	3.5
1374	3.5
1375	3.5
1376	3.5
1377	3.5
1378	4.5
1380	4.0
1381	0.5
1385	2.5
1387	4.0
1389	1.0
1391	4.0
1393	4.0
1394	4.5
1395	3.5
1396	3.5
1405	3.5
1407	4.0
1408	4.5
1411	4.0
1438	2.0
1441	4.0
1449	2.5
1459	4.0
1461	2.0
1466	4.0
1476	3.0
1479	2.0
1485	3.5
1500	5.0
1513	3.0
1517	4.5
1518	4.0
1527	4.0
1544	3.5
1552	2.5
1562	2.0
1569	3.5
1573	4.0
1580	3.5
1584	4.0
1586	3.0
1587	4.0
1590	1.5
1594	3.5
1601	2.5
1608	4.0
1610	4.5
1615	3.5
1617	4.5
1625	4.5
1639	3.5
1641	4.5
1642	3.5
1644	2.5
1645	3.0
1649	4.0
1653	3.0
1663	4.0
1673	4.0
1674	4.0
1676	4.0
1681	2.5
1682	4.0
1690	3.0
1693	4.0
1704	4.0
1717	3.5
1721	4.0
1722	2.5
1729	4.5
1732	5.0
1747	4.5
1748	4.0
1753	3.5
1777	4.0
1779	1.5
1784	4.5
1801	3.0
1805	2.5
1809	3.0
1831	2.5
1834	4.0
1835	3.5
1848	2.5
1876	4.5
1882	3.5
1883	3.5
1884	4.5
1907	4.0
1909	3.5
1912	4.0
1917	3.0
1918	3.0
1923	4.0
1927	4.5
1939	4.0
1944	4.0
1945	4.0
1952	4.5
1953	4.5
1954	4.5
1957	3.5
1960	3.5
1961	4.5
1962	3.5
1965	4.0
1967	3.5
1968	4.0
1969	3.5
1970	4.0
1971	3.0
1972	3.0
1973	2.5
1975	3.5
1976	3.5
1977	4.0
1978	2.5
1979	2.5
1980	2.5
1981	2.5
1982	4.0
1986	4.0
1992	2.0
1993	2.0
1994	4.5
1995	3.0
1997	5.0
1998	2.0
2000	4.0
2001	4.5
2002	3.5
2003	4.0
2004	3.5
2005	3.5
2006	4.0
2010	4.5
2011	4.0
2012	3.5
2013	3.0
2018	3.5
2019	5.0
2020	5.0
2021	4.0
2023	3.5
2028	5.0
2054	2.5
2064	3.0
2065	4.0
2067	4.0
2076	4.5
2081	3.5
2087	4.0
2094	4.0
2096	3.5
2097	3.0
2100	4.0
2105	3.0
2108	4.0
2109	4.5
2110	3.0
2114	4.0
2115	4.5
2116	3.5
2118	4.0
2119	3.0
2120	3.0
2121	2.5
2122	2.5
2124	5.0
2125	3.5
2132	4.0
2133	3.0
2134	4.0
2137	3.5
2140	4.0
2143	2.0
2144	4.0
2145	3.5
2150	3.0
2160	4.0
2161	4.0
2167	3.5
2173	4.0
2174	4.5
2176	4.0
2186	4.5
2194	4.0
2231	4.5
2232	3.5
2243	4.0
2248	4.0
2249	3.5
2268	4.0
2273	4.0
2278	4.5
2288	5.0
2289	4.0
2291	4.0
2294	3.5
2300	4.5
2301	3.5
2302	4.0
2318	3.5
2321	4.0
2322	3.0
2324	5.0
2329	4.0
2330	4.0
2335	3.5
2336	4.0
2337	4.0
2338	1.5
2340	3.5
2352	3.5
2353	4.0
2355	3.5
2359	4.0
2361	3.0
2366	3.0
2367	3.5
2369	2.0
2371	4.0
2374	3.5
2375	4.0
2378	3.5
2380	2.0
2381	2.0
2391	4.0
2393	3.5
2395	4.5
2396	4.0
2398	4.5
2404	2.5
2405	3.0
2406	4.0
2410	2.5
2412	2.0
2416	3.5
2420	3.5
2421	2.5
2422	1.0
2423	3.0
2427	4.0
2428	2.5
2431	3.5
2450	0.5
2455	4.0
2459	3.0
2469	3.5
2470	4.0
2478	4.0
2490	4.0
2502	4.5
2527	3.5
2529	4.5
2533	3.5
2539	4.0
2542	5.0
2553	3.0
2571	5.0
2572	3.0
2579	4.0
2580	3.5
2599	4.5
2605	2.5
2616	3.5
2617	4.0
2628	4.0
2640	4.0
2641	3.0
2643	2.0
2648	4.5
2657	4.5
2662	2.5
2671	4.0
2683	4.0
2686	4.0
2688	3.0
2692	4.5
2694	3.0
2699	4.0
2700	4.5
2701	2.5
2706	3.5
2710	4.0
2712	2.0
2716	5.0
2717	3.5
2723	4.0
2724	3.0
2726	4.5
2728	4.0
2746	4.0
2761	4.5
2762	4.5
2788	4.0
2791	5.0
2795	4.5
2797	4.0
2804	4.0
2817	1.5
2826	2.0
2858	4.0
2871	4.5
2872	3.0
2883	4.0
2890	4.5
2908	4.0
2915	4.0
2916	4.0
2917	4.5
2918	4.5
2921	5.0
2926	4.0
2936	4.0
2944	4.0
2947	5.0
2948	4.0
2949	4.0
2951	5.0
2953	3.5
2959	4.5
2968	4.0
2973	4.0
2976	3.5
2985	4.5
2986	4.0
2987	4.0
2997	4.5
3000	4.5
3006	4.0
3007	4.0
3016	4.0
3020	4.5
3022	4.5
3024	2.5
3030	5.0
3032	3.5
3033	4.0
3037	5.0
3039	4.0
3052	4.0
3060	4.0
3070	2.5
3072	3.5
3081	4.5
3082	3.5
3087	4.0
3088	4.5
3089	4.5
3090	4.5
3098	3.5
3100	4.0
3101	3.0
3104	4.0
3105	4.0
3107	4.0
3108	4.0
3113	3.0
3114	4.0
3147	4.5
3148	4.0
3152	4.0
3157	3.5
3160	3.5
3168	4.0
3174	4.0
3175	4.0
3176	4.0
3196	4.0
3198	4.5
3203	4.0
3210	3.5
3249	3.0
3252	5.0
3253	4.5
3254	3.5
3255	4.0
3256	4.0
3257	2.0
3258	3.0
3260	4.5
3261	3.5
3262	3.5
3263	3.5
3265	4.5
3266	4.0
3268	2.0
3272	4.0
3273	3.0
3275	4.5
3285	3.5
3298	3.5
3300	4.0
3301	4.0
3307	4.5
3317	4.0
3347	4.0
3360	4.0
3361	4.0
3362	4.0
3363	4.0
3386	3.5
3396	4.5
3408	4.5
3409	2.5
3412	3.5
3418	4.0
3421	4.5
3424	4.5
3429	3.5
3435	4.5
3448	4.5
3450	4.5
3462	4.5
3467	4.0
3468	4.5
3471	4.0
3476	4.0
3477	2.5
3479	4.0
3481	4.5
3489	1.0
3499	5.0
3507	3.5
3508	4.5
3510	3.5
3525	3.0
3526	3.5
3527	4.0
3529	3.5
3535	3.0
3552	5.0
3555	3.5
3576	4.0
3578	4.5
3591	4.0
3593	2.0
3608	3.5
3623	4.0
3629	4.5
3633	4.0
3635	4.0
3638	3.0
3639	4.0
3654	4.0
3671	4.5
3681	5.0
3683	4.5
3685	4.0
3688	3.5
3697	4.0
3698	4.0
3699	4.0
3702	3.5
3703	4.0
3704	4.5
3705	2.5
3707	3.5
3710	2.0
3717	2.5
3727	3.0
3728	3.5
3730	4.5
3740	3.5
3741	4.0
3751	4.5
3752	3.0
3753	4.0
3755	3.0
3760	2.5
3763	3.0
3785	3.0
3791	4.0
3793	4.5
3809	3.5
3811	4.0
3812	4.0
3814	4.0
3826	1.0
3827	3.5
3836	3.5
3863	4.0
3868	4.0
3869	3.5
3882	3.0
3897	4.5
3911	4.0
3916	3.5
3925	4.5
3930	3.0
3948	3.5
3949	2.5
3952	4.0
3967	4.0
3969	3.5
3977	3.0
3986	3.0
3988	3.5
3994	4.0
3996	5.0
3999	3.0
4002	4.0
4005	2.5
4007	4.0
4008	3.5
4011	5.0
4014	4.5
4017	4.0
4018	3.5
4019	4.5
4020	3.5
4022	4.0
4025	3.5
4027	4.5
4031	3.5
4034	4.5
4036	4.5
4037	4.0
4084	3.0
4085	4.0
4086	4.0
4090	4.0
4105	4.0
4124	1.5
4128	4.0
4132	3.0
4144	4.0
4148	3.0
4210	4.0
4211	4.5
4215	2.0
4223	4.5
4225	4.0
4226	4.5
4234	4.0
4239	4.0
4246	4.0
4262	4.5
4267	3.5
4270	4.0
4280	4.0
4298	4.5
4299	3.5
4306	4.5
4308	4.5
4310	2.5
4321	5.0
4322	4.0
4326	4.0
4327	4.5
4329	4.5
4344	1.0
4351	4.0
4361	4.0
4367	1.5
4369	3.5
4370	4.0
4410	3.0
4446	3.0
4447	4.0
4448	4.0
4467	3.5
4488	3.0
4489	4.0
4498	3.5
4499	4.0
4506	3.5
4535	4.0
4546	4.5
4553	4.5
4571	3.0
4623	4.0
4638	3.0
4639	3.0
4642	4.5
4643	2.0
4677	3.0
4681	4.0
4686	1.5
4701	3.5
4718	2.5
4720	5.0
4733	3.5
4734	4.0
4776	4.0
4799	3.5
4816	4.0
4835	3.5
4846	4.5
4848	4.0
4855	4.0
4865	4.5
4876	3.0
4878	4.5
4881	4.5
4886	4.5
4896	3.0
4901	4.0
4902	4.5
4963	4.5
4967	4.0
4969	3.5
4973	4.5
4974	3.5
4975	3.5
4979	3.5
4980	3.5
4993	5.0
4995	4.5
5010	4.5
5013	4.0
5017	4.0
5026	3.5
5049	4.0
5060	4.0
5103	4.0
5218	3.0
5225	3.5
5247	3.5
5266	3.5
5291	4.5
5292	4.5
5294	4.0
5299	4.0
5308	3.5
5349	4.5
5377	3.5
5378	4.0
5385	4.5
5388	3.0
5418	3.0
5444	4.0
5445	4.0
5452	2.0
5459	3.0
5464	5.0
5481	4.0
5502	4.0
5507	2.5
5577	4.0
5603	5.0
5617	4.0
5618	4.5
5620	3.5
5669	4.0
5673	4.0
5679	4.0
5747	4.5
5782	5.0
5810	3.5
5816	4.0
5872	3.0
5890	4.0
5899	4.5
5902	4.5
5945	4.0
5952	5.0
5956	4.5
5989	4.0
5991	4.5
5995	4.5
6003	3.5
6016	4.5
6062	4.5
6104	4.5
6157	3.5
6188	4.0
6218	4.0
6242	4.0
6281	4.0
6287	4.0
6296	3.5
6299	4.5
6323	4.5
6331	4.5
6333	4.5
6365	4.0
6367	3.5
6377	4.0
6380	4.0
6461	5.0
6482	2.5
6502	4.0
6503	2.5
6534	3.5
6537	3.5
6539	4.5
6541	3.0
6564	1.5
6620	4.5
6659	4.0
6708	4.0
6709	3.5
6711	4.5
6754	3.0
6755	4.5
6773	4.5
6787	4.0
6796	4.0
6800	1.5
6807	4.5
6857	4.0
6863	4.5
6867	4.5
6870	4.0
6874	4.5
6879	4.0
6934	4.0
6942	3.0
6944	3.5
6947	4.0
6957	3.5
6979	2.0
6986	4.0
7004	3.0
7013	4.5
7027	2.5
7028	4.0
7063	4.5
7073	4.0
7076	4.0
7090	4.0
7143	4.5
7147	4.5
7153	5.0
7156	4.5
7162	4.0
7256	4.5
7360	3.5
7361	4.5
7373	3.5
7386	4.0
7387	4.0
7438	4.0
7451	3.0
7454	2.5
7458	3.5
7482	4.0
7587	4.0
7700	4.0
7701	1.5
7706	2.5
7766	4.5
7802	4.5
7925	5.0
7981	4.0
8042	4.0
8228	4.5
8340	4.5
8360	4.0
8361	1.5
8368	3.5
8371	3.0
8376	4.5
8464	5.0
8491	4.5
8528	3.5
8529	3.5
8610	4.0
8622	4.5
8623	4.0
8633	3.5
8636	4.5
8641	3.5
8644	3.5
8665	3.5
8783	4.0
8784	3.5
8798	4.0
8810	2.0
8861	3.0
8865	3.0
8873	3.5
8874	4.5
8910	4.0
8917	4.0
8949	4.5
8950	4.5
8961	4.0
8970	4.0
8983	4.5
8984	4.0
9018	3.5
26242	5.0
26614	3.5
27611	4.5
27660	2.5
27741	4.5
27831	4.5
27904	3.5
30707	4.5
30749	4.5
30810	4.0
30812	4.0
31658	4.0
31685	3.5
31696	2.0
31878	4.5
32587	4.5
33004	2.5
33154	4.0
33162	4.0
33164	1.0
33166	3.5
33493	4.5
33679	2.5
33794	3.5
33903	4.0
34048	4.5
34072	4.0
34153	4.5
34162	3.5
34437	3.0
34542	4.0
35836	4.0
36517	4.0
36529	4.0
37733	3.5
37741	5.0
38038	4.5
39183	4.0
39292	4.5
40278	4.0
40629	4.5
40815	4.0
40819	4.0
41566	2.5
41569	3.0
44191	5.0
44195	4.0
44199	4.0
44555	4.0
44665	3.5
45186	2.5
45431	3.5
45447	3.0
45499	2.5
45517	4.0
45720	4.0
45722	4.5
45728	3.5
46530	3.5
46578	4.5
46970	3.5
46972	3.0
46976	4.0
48043	3.0
48304	4.0
48385	4.0
48394	4.0
48516	4.0
48780	3.5
49272	4.5
50872	4.5
51255	4.0
51540	4.0
51662	4.5
52245	3.0
52281	4.0
52435	3.5
52722	4.0
52973	3.0
53000	4.0
53125	3.5
53322	3.5
53519	4.0
54001	4.0
54286	3.5
54503	3.0
54997	4.0
55052	4.0
55118	4.0
55247	4.0
55267	3.0
55269	3.5
55276	4.5
55820	4.5
55995	4.5
56152	4.0
56367	4.0
56782	4.0
58559	4.0
58998	3.5
59315	4.5
59615	3.0
59784	4.0
60040	3.5
60069	5.0
60126	3.5
61024	4.0
61132	4.0
63082	4.5
63859	3.5
63876	4.0
64614	5.0
66665	4.0
66934	4.5
68358	4.0
68791	4.0
68848	4.0
68954	4.5
