1	4.0
2	1.0
3	4.5
10	3.5
11	3.0
19	3.5
22	3.5
24	4.5
29	4.0
31	4.0
34	4.5
36	3.0
39	0.5
44	4.0
45	3.5
47	5.0
48	5.0
50	5.0
60	3.0
62	5.0
70	4.5
88	4.5
104	5.0
110	5.0
111	4.0
112	3.5
141	3.0
145	4.0
153	3.5
168	4.0
172	3.0
173	3.5
180	3.5
193	1.0
196	3.0
216	4.5
223	5.0
225	3.5
230	3.5
231	4.5
249	4.0
256	3.0
276	3.0
282	3.5
288	3.0
293	4.5
296	5.0
300	3.0
317	3.5
318	5.0
333	4.0
337	3.0
344	5.0
353	4.0
356	5.0
362	3.5
364	4.5
367	4.5
368	4.5
370	3.5
377	3.0
380	5.0
410	2.5
413	2.5
432	4.0
435	3.5
457	4.5
466	2.5
480	4.5
485	0.5
500	5.0
520	3.5
524	3.5
527	5.0
529	3.5
541	4.5
543	3.5
551	5.0
553	4.5
585	3.0
586	3.5
587	5.0
588	5.0
589	5.0
590	4.5
592	3.0
593	5.0
594	4.0
595	4.0
596	4.0
597	4.0
608	5.0
611	4.0
635	4.0
648	4.0
653	5.0
661	4.0
708	3.5
719	3.0
733	4.0
736	3.0
743	3.5
748	3.0
762	3.0
765	4.0
778	3.0
780	5.0
783	4.0
784	4.5
785	4.0
786	4.0
788	4.0
802	4.0
805	4.5
832	4.5
837	1.5
858	4.5
919	4.0
968	4.0
1020	4.5
1028	4.5
1029	3.0
1032	3.0
1035	5.0
1037	4.5
1073	4.5
1089	4.0
1094	3.5
1097	4.0
1101	5.0
1120	4.5
1127	3.5
1185	4.0
1193	5.0
1197	4.5
1198	4.5
1200	5.0
1203	5.0
1206	5.0
1207	4.5
1213	3.5
1214	5.0
1222	4.0
1225	3.0
1228	4.5
1240	4.5
1246	3.5
1247	3.5
1258	5.0
1262	5.0
1263	4.0
1265	4.5
1266	5.0
1270	3.5
1271	4.5
1275	5.0
1276	5.0
1291	5.0
1293	4.0
1320	4.0
1343	4.0
1345	4.0
1347	5.0
1356	4.0
1357	3.5
1358	5.0
1377	3.0
1378	4.0
1380	4.0
1387	4.0
1391	4.0
1393	3.5
1405	3.5
1407	5.0
1409	4.0
1441	4.5
1483	2.5
1485	4.5
1499	3.5
1513	1.5
1517	4.5
1527	5.0
1544	3.0
1552	5.0
1562	0.5
1573	3.0
1580	5.0
1584	5.0
1589	5.0
1591	3.5
1597	3.5
1608	3.5
1625	4.5
1639	3.5
1641	3.0
1644	3.0
1653	4.5
1663	3.5
1682	5.0
1690	4.0
1693	4.0
1704	5.0
1717	4.0
1721	4.0
1729	3.0
1732	4.5
1777	4.0
1784	5.0
1805	3.0
1835	3.5
1907	4.0
1917	4.5
1918	4.0
1923	5.0
1947	3.5
1954	5.0
1961	4.5
1962	5.0
1968	4.0
1969	3.5
1970	3.5
1971	3.5
1972	3.5
1994	3.5
1997	4.0
2000	5.0
2001	4.5
2002	3.5
2003	4.5
2004	3.5
2005	4.5
2011	3.5
2012	3.5
2018	4.0
2019	1.0
2021	3.5
2028	4.5
2054	3.5
2064	3.5
2078	4.0
2081	5.0
2082	3.5
2094	3.0
2114	4.0
2115	4.5
2116	4.0
2124	4.0
2133	5.0
2140	5.0
2161	5.0
2167	4.0
2174	5.0
2193	4.0
2194	3.0
2231	4.0
2268	4.5
2273	4.5
2291	4.5
2302	4.0
2313	5.0
2321	3.0
2329	5.0
2335	4.5
2371	3.5
2395	4.0
2396	2.0
2406	3.5
2409	4.0
2410	3.5
2411	4.0
2431	3.5
2450	3.5
2454	3.0
2455	4.5
2456	3.5
2470	4.0
2471	4.0
2490	4.5
2502	3.5
2529	5.0
2539	4.0
2541	3.0
2542	3.5
2567	3.0
2571	4.5
2599	3.5
2616	4.0
2617	3.0
2628	2.0
2640	3.0
2657	3.5
2683	4.0
2686	2.0
2694	3.0
2699	2.5
2700	4.5
2701	3.0
2706	3.5
2710	4.0
2716	4.5
2723	3.5
2739	4.0
2746	3.5
2761	4.0
2762	5.0
2791	3.0
2797	4.0
2803	2.0
2804	5.0
2858	5.0
2908	5.0
2916	4.5
2918	5.0
2953	1.0
2959	5.0
2985	4.5
2986	4.5
2987	4.0
2997	4.0
3033	4.0
3034	3.5
3052	5.0
3071	4.5
3087	3.5
3101	4.0
3104	4.5
3105	4.0
3114	5.0
3147	5.0
3148	5.0
3173	4.0
3174	5.0
3175	5.0
3176	4.5
3186	4.0
3246	4.5
3247	4.0
3252	5.0
3253	4.5
3254	3.5
3255	4.5
3263	3.5
3264	2.0
3269	3.5
3271	4.5
3275	4.0
3300	4.5
3301	4.0
3386	5.0
3408	4.5
3418	5.0
3435	3.0
3444	5.0
3448	3.5
3450	5.0
3481	3.5
3489	3.5
3498	4.5
3499	4.5
3527	5.0
3535	4.0
3578	4.5
3608	4.0
3623	4.0
3624	4.0
3681	3.5
3698	5.0
3717	3.5
3752	4.0
3753	3.5
3785	3.0
3793	5.0
3798	5.0
3809	4.0
3827	4.0
3863	2.5
3897	3.5
3916	4.0
3917	5.0
3918	4.5
3919	4.0
3948	4.5
3949	4.5
3969	5.0
3977	3.0
3979	2.5
3980	5.0
3994	4.5
3996	5.0
4002	5.0
4011	4.5
4014	3.0
4018	4.0
4019	3.5
4022	5.0
4023	4.0
4025	4.0
4027	4.5
4034	3.0
4054	3.5
4084	3.5
4085	3.0
4148	3.5
4178	5.0
4214	4.0
4226	4.0
4228	4.5
4232	3.0
4246	3.5
4299	4.0
4306	4.0
4308	5.0
4310	3.5
4321	4.0
4333	3.5
4343	3.0
4367	3.5
4369	3.5
4370	5.0
4378	4.0
4388	2.5
4447	4.5
4465	4.5
4489	4.0
4558	3.5
4571	3.5
4616	4.5
4621	4.0
4623	4.0
4638	3.0
4643	3.5
4679	4.0
4701	4.0
4720	5.0
4734	4.5
4776	4.0
4816	3.0
4848	3.0
4855	3.0
4874	4.0
4886	4.0
4890	4.5
4896	3.5
4963	5.0
4973	3.5
4975	4.0
4979	3.5
4980	3.0
4993	5.0
4995	5.0
5013	0.5
5014	4.0
5015	4.5
5025	4.0
5049	4.0
5103	3.5
5218	3.0
5219	3.5
5254	4.5
5266	4.0
5349	4.5
5377	4.5
5388	3.5
5418	4.5
5444	4.0
5445	5.0
5449	4.0
5459	3.5
5464	4.0
5481	2.0
5502	2.5
5507	3.0
5528	4.0
5541	3.0
5574	4.0
5630	4.0
5669	5.0
5673	4.5
5679	4.0
5785	3.0
5810	3.5
5816	3.5
5902	3.5
5952	5.0
5956	4.0
5989	5.0
5991	5.0
5995	3.5
6006	3.5
6059	4.5
6156	3.5
6157	3.5
6188	3.5
6287	4.0
6333	5.0
6365	3.5
6373	3.5
6385	4.0
6436	5.0
6502	4.5
6503	3.5
6534	2.0
6539	4.0
6541	3.5
6565	5.0
6591	5.0
6595	4.0
6659	4.0
6708	4.0
6711	3.5
6754	4.0
6787	4.0
6796	4.0
6863	4.5
6870	5.0
6874	4.5
6936	4.0
6957	3.0
7004	3.5
7090	4.0
7143	5.0
7147	4.5
7153	5.0
7162	3.5
7173	4.0
7254	4.0
7293	4.0
7361	3.5
7373	4.5
7438	4.0
7445	4.5
7458	3.5
7481	4.5
7842	4.5
8132	4.0
8360	4.0
8368	4.0
8371	4.0
8464	5.0
8528	4.0
8529	4.5
8636	5.0
8641	3.0
8644	4.0
8665	4.5
8807	4.0
8810	3.0
8861	3.5
8874	2.5
8957	4.5
8958	4.5
8961	5.0
8966	4.0
8984	4.0
8985	3.5
26133	3.0
26614	4.5
30707	5.0
30749	4.5
30793	4.0
30812	4.0
30825	3.0
31685	4.0
32031	3.0
32587	4.5
33158	1.0
33166	4.0
33437	4.0
33615	2.5
33660	4.5
33679	4.0
33794	5.0
34072	4.0
34150	4.0
34405	3.5
35836	4.0
37386	1.0
37729	4.5
38061	4.5
39183	4.0
39446	4.0
40732	3.5
40815	3.5
41569	5.0
42738	3.0
44191	4.5
44709	4.0
45431	3.5
45499	4.0
45672	3.5
45722	4.0
45728	4.5
46578	3.5
46970	3.0
46976	4.0
47200	4.0
47610	4.0
48516	4.5
48774	4.5
48780	3.5
48877	4.0
49651	3.5
50872	4.5
51077	2.5
51662	5.0
52245	3.5
52281	4.0
52319	5.0
52435	3.5
52722	0.5
52973	4.0
53000	3.5
53125	4.0
53322	4.5
53464	4.0
53519	4.0
53953	3.5
53996	1.5
54001	3.5
54272	3.0
54286	4.0
54503	4.5
54997	4.5
55232	3.5
55577	4.0
55820	3.0
55995	4.0
56145	4.0
56174	4.5
56251	4.0
56367	4.0
56587	4.5
56782	4.5
57368	5.0
57640	5.0
58025	1.0
58293	1.0
58559	5.0
58998	3.5
59315	5.0
59369	4.0
59615	2.5
59784	5.0
60040	4.0
60069	4.5
60072	4.0
60074	4.0
60126	3.5
60684	5.0
61024	4.0
61132	2.5
62081	2.0
62376	4.0
63131	5.0
63876	4.5
64575	3.5
64614	5.0
64716	4.5
64839	4.0
64957	3.0
64969	3.0
65230	4.0
66097	4.0
66297	4.0
66509	3.5
67087	3.0
68135	3.5
68157	5.0
68205	2.0
68237	4.0
68319	5.0
68358	4.5
68791	4.5
68952	4.0
68954	5.0
69122	4.5
69406	4.0
69481	4.0
69844	3.5
70336	3.5
71379	4.5
71520	3.5
71535	4.0
71745	3.0
71838	4.0
71899	4.0
72378	4.0
72395	4.5
72641	5.0
72998	4.5
73017	4.0
74458	4.5
74789	3.5
76077	4.0
76093	4.5
76251	5.0
77561	4.0
78105	3.5
78209	4.0
78469	3.5
78499	5.0
79008	3.5
79057	4.0
79091	4.5
79132	4.5
79185	3.0
79592	4.0
79695	4.0
