1	3.0
10	3.0
19	1.0
32	5.0
34	2.5
39	0.5
47	3.5
48	3.0
50	3.5
76	3.5
110	2.5
111	5.0
145	3.0
150	3.0
153	2.0
160	2.0
165	2.0
170	3.5
172	3.0
208	3.5
231	2.5
260	5.0
292	3.5
293	5.0
296	5.0
316	2.0
318	4.5
344	2.5
356	4.5
357	1.0
364	4.0
367	0.5
377	3.0
379	3.0
480	4.0
500	0.5
527	5.0
541	5.0
546	2.5
551	3.5
586	4.0
588	3.0
589	3.0
592	2.0
648	3.5
678	4.5
720	4.5
745	4.5
748	3.0
778	5.0
780	3.0
784	3.0
851	5.0
858	4.0
923	3.5
924	5.0
1036	3.0
1059	2.0
1080	4.0
1089	4.0
1090	5.0
1097	3.0
1101	3.0
1120	3.5
1127	5.0
1128	2.5
1129	2.0
1136	5.0
1148	4.5
1193	4.0
1196	5.0
1198	4.0
1200	3.0
1206	5.0
1208	3.5
1210	5.0
1214	4.0
1220	4.5
1222	4.0
1223	4.5
1225	3.5
1228	4.0
1240	3.5
1246	4.5
1258	4.0
1265	3.0
1270	4.0
1282	4.0
1289	5.0
1291	4.0
1293	5.0
1320	3.0
1354	4.5
1356	3.5
1358	5.0
1393	3.0
1394	4.0
1485	4.0
1499	1.5
1517	2.0
1527	3.5
1544	4.0
1580	4.0
1584	3.5
1590	3.0
1603	3.0
1608	3.5
1615	4.0
1653	5.0
1673	1.5
1676	3.0
1682	4.5
1690	3.0
1704	5.0
1721	3.5
1722	3.0
1726	3.5
1729	4.0
1732	3.0
1748	3.0
1762	2.5
1779	3.0
1797	3.0
1831	3.0
1876	3.5
1882	3.0
1917	3.5
1921	5.0
1923	3.0
1968	4.0
2011	4.0
2012	3.0
2019	2.0
2028	3.5
2054	0.5
2105	4.0
2115	4.0
2116	4.0
2231	3.0
2232	4.5
2288	3.5
2291	2.0
2311	4.0
2329	5.0
2353	4.5
2355	3.5
2407	4.0
2448	3.5
2455	3.5
2470	0.5
2471	0.5
2501	4.0
2502	3.0
2529	4.0
2571	4.5
2572	3.0
2594	5.0
2600	2.5
2617	2.5
2628	3.0
2672	3.0
2692	3.0
2699	3.0
2701	2.5
2706	0.5
2712	4.0
2716	3.0
2722	2.5
2761	3.5
2762	2.5
2791	1.0
2792	2.5
2858	4.0
2916	5.0
2947	3.0
2949	3.0
2959	5.0
2985	2.5
2997	4.5
3000	5.0
3018	3.0
3033	4.0
3052	0.5
3081	3.0
3083	4.5
3105	5.0
3147	4.5
3156	4.0
3160	4.5
3174	4.5
3175	1.0
3190	4.0
3210	3.0
3253	3.0
3257	3.0
3271	3.5
3275	4.0
3285	4.0
3300	4.0
3301	2.0
3354	4.0
3408	3.5
3438	2.0
3471	4.5
3476	4.0
3481	4.0
3489	2.5
3527	4.0
3535	4.0
3556	4.0
3578	3.0
3617	3.0
3623	3.0
3639	3.0
3677	5.0
3686	2.0
3698	3.0
3702	1.5
3703	1.5
3704	1.0
3745	2.5
3751	3.0
3755	3.5
3785	1.5
3793	3.0
3826	3.0
3827	4.0
3863	3.0
3897	4.0
3910	5.0
3948	0.5
3949	5.0
3967	3.5
3977	2.0
3981	4.0
3984	3.0
3988	1.5
3994	4.0
3996	4.0
3999	3.5
4011	4.0
4017	5.0
4022	4.0
4054	2.5
4214	2.5
4223	4.0
4226	5.0
4246	0.5
4306	3.5
4310	3.0
4343	1.5
4344	3.5
4367	2.5
4369	3.0
4370	4.0
4447	2.0
4638	3.5
4643	3.0
4718	0.5
4735	1.5
4776	3.5
4848	4.0
4873	4.5
4874	4.5
4878	4.5
4886	4.0
4887	2.0
4896	3.0
4963	4.0
4973	5.0
4975	5.0
4993	5.0
4995	5.0
5015	4.5
5094	2.0
5171	1.0
5219	2.5
5266	3.5
5349	3.5
5377	4.0
5378	2.5
5401	2.5
5418	4.0
5444	2.5
5445	4.5
5459	3.0
5463	3.0
5464	3.5
5478	2.0
5481	1.5
5502	4.0
5507	3.0
5541	3.0
5617	3.0
5618	5.0
5630	3.5
5669	3.5
5690	4.0
5791	4.0
5810	4.0
5816	3.0
5881	4.5
5902	5.0
5903	4.0
5944	3.0
5952	5.0
5956	3.5
5971	5.0
5989	4.5
5995	5.0
6016	5.0
6157	2.5
6187	4.0
6250	2.5
6264	3.0
6281	5.0
6286	5.0
6287	2.5
6333	3.0
6350	4.5
6365	4.0
6373	3.0
6377	5.0
6502	4.0
6534	3.0
6537	3.0
6539	3.5
6541	3.0
6564	2.5
6645	5.0
6711	5.0
6796	4.0
6863	2.5
6874	4.0
6934	3.0
6942	1.5
6952	3.0
6953	4.0
6959	2.5
7022	3.0
7090	4.5
7099	4.5
7143	5.0
7147	4.5
7151	2.5
7153	5.0
7162	2.5
7163	3.0
7254	5.0
7285	3.0
7323	4.0
7346	3.0
7360	3.5
7361	5.0
7371	5.0
7373	3.0
7438	4.5
7451	2.5
7454	3.0
7458	3.0
7481	3.0
7502	4.5
7669	2.0
7827	4.0
8360	2.0
8361	3.0
8368	3.0
8371	2.0
8464	2.5
8529	4.5
8533	3.0
8622	3.0
8636	3.0
8638	4.0
8644	3.0
8665	3.0
8666	2.0
8783	3.0
8784	4.5
8798	4.5
8810	3.0
8861	3.0
8874	2.5
8914	5.0
8949	2.5
8950	4.5
8958	4.0
8970	4.5
8972	3.0
8981	4.0
8983	4.0
8984	4.5
26662	4.5
26776	4.0
27611	3.0
27660	4.0
27790	3.5
27803	5.0
27822	3.0
27904	4.0
30707	5.0
30749	5.0
30810	4.5
30812	4.0
31410	4.5
31658	5.0
31696	3.5
32587	4.5
32596	1.5
33004	3.5
33166	5.0
33437	4.5
33493	2.5
33615	5.0
33679	2.5
33794	4.0
33834	2.5
33880	4.0
34048	3.5
34150	3.0
34319	3.0
34405	5.0
34437	4.0
35836	4.0
36535	3.0
36708	5.0
37386	3.0
38038	4.5
39183	3.0
40732	3.0
40815	3.0
40819	4.0
41285	4.0
41566	3.0
41569	3.0
42718	3.5
44191	4.5
44199	4.5
44555	5.0
44665	4.0
44694	4.5
45186	3.5
45447	3.5
45499	3.0
45722	3.5
45950	5.0
46335	2.0
46530	2.5
46578	4.5
46723	4.5
46976	2.5
47610	4.5
47629	4.0
47997	1.5
48043	4.5
48082	5.0
48304	4.5
48385	0.5
48394	4.5
48516	4.5
48696	4.5
48774	3.5
48780	4.5
49272	4.0
49278	2.5
49530	3.0
50068	4.0
51077	1.0
51255	3.0
51412	3.0
51540	4.0
51662	4.5
52281	4.5
52328	4.0
52722	2.5
52885	5.0
52973	4.0
53000	4.0
53123	4.5
53125	3.0
53322	4.0
53464	3.0
53519	4.5
53972	4.0
53996	4.0
54001	3.0
54272	4.0
54286	4.0
54503	5.0
54995	4.0
55052	4.0
55118	3.5
55232	3.0
55247	5.0
55269	4.0
55280	3.0
55290	3.0
55721	3.5
55765	4.0
55820	4.0
55908	4.5
55995	2.5
56145	3.0
56174	3.5
56251	5.0
56367	4.5
56757	2.0
56782	4.5
56921	3.5
57274	4.0
57368	4.5
57504	4.0
57640	2.5
57669	3.0
58025	3.0
58559	4.5
58803	3.0
58998	1.0
59315	4.0
59369	3.5
59387	4.0
59615	4.0
59784	1.5
60037	3.0
60040	3.0
60069	4.5
60072	3.5
60074	4.0
60161	4.5
60684	4.0
60760	3.0
60950	4.0
61248	0.5
61323	4.0
61350	2.0
62376	3.5
62394	2.5
62434	1.0
62511	4.0
62956	4.0
63062	3.0
63072	5.0
63082	4.0
63113	3.0
63859	2.5
63876	5.0
63992	1.5
64497	3.0
64614	4.0
64839	4.0
64957	4.0
65261	5.0
65682	2.5
66171	2.0
66297	5.0
67197	2.5
68135	3.0
68157	4.0
68237	5.0
68319	2.5
68358	3.0
68791	2.0
69122	3.0
69134	4.5
69481	3.5
69526	3.5
69644	1.0
69757	4.5
69844	3.0
70286	4.5
70599	4.0
71135	4.0
71254	3.5
71464	4.0
71530	4.5
71535	4.0
71745	2.0
72378	2.0
72998	3.0
73017	1.0
73321	4.0
74458	4.0
74545	3.5
76251	0.5
77455	4.0
77561	2.0
78039	4.0
78105	0.5
79057	2.5
79132	3.0
79242	4.5
79357	1.5
79695	1.0
79702	0.5
80219	1.0
80463	3.5
80549	1.5
80969	3.5
81562	4.5
81591	4.0
81834	3.0
82461	4.0
83613	3.0
84152	3.0
84772	1.5
84954	4.0
85131	1.0
85414	4.0
86190	2.0
86320	4.5
86332	1.0
86898	5.0
87232	2.0
87306	2.5
87430	0.5
87520	1.0
88125	3.0
88129	3.5
88140	1.0
88744	3.0
89470	5.0
89745	2.5
90405	4.0
91077	4.0
91529	3.5
91535	2.0
92259	4.0
92420	3.0
93840	2.5
94777	1.0
94864	2.0
95441	2.5
95510	3.0
95875	3.0
96610	4.5
96737	1.5
98809	0.5
