1	3.0
2	2.5
3	3.5
6	5.0
9	3.0
16	4.0
19	3.0
25	3.5
32	2.5
39	3.5
47	4.0
50	4.0
69	3.5
104	3.0
110	4.0
111	3.0
112	3.0
145	3.5
150	3.0
163	4.0
165	3.5
173	3.5
196	3.0
208	3.0
223	1.0
224	3.0
231	5.0
253	3.0
260	4.0
266	2.5
293	4.5
296	4.0
315	3.5
316	3.5
318	3.0
333	2.5
344	3.0
350	2.0
356	3.0
367	3.5
370	3.0
377	4.0
380	4.0
428	3.5
431	4.0
434	3.5
435	0.5
441	0.5
442	2.0
457	3.5
480	4.0
500	3.0
508	2.0
527	3.5
539	3.0
541	2.0
553	3.5
555	4.0
586	4.0
587	3.0
589	5.0
592	2.0
593	4.0
597	3.0
608	4.0
628	3.0
648	3.0
653	3.5
667	1.0
708	1.0
733	3.5
736	3.0
780	3.5
784	4.0
785	3.0
786	3.0
788	3.5
858	4.0
924	2.0
1036	4.0
1060	4.0
1061	3.0
1073	0.5
1079	4.0
1080	2.0
1089	3.5
1090	3.0
1092	3.5
1095	4.5
1101	3.5
1127	3.5
1183	3.5
1193	2.5
1196	4.0
1197	3.5
1198	3.5
1200	3.5
1201	3.0
1206	3.5
1208	3.0
1209	3.0
1210	4.0
1213	4.5
1214	3.5
1218	2.5
1221	4.0
1222	3.0
1225	3.5
1227	4.0
1228	3.0
1240	4.0
1245	1.5
1247	4.0
1252	2.0
1258	3.0
1259	3.5
1263	3.5
1265	4.5
1266	4.0
1270	4.0
1272	4.0
1291	3.5
1307	3.5
1343	3.0
1370	3.5
1376	0.5
1387	3.0
1391	2.0
1394	3.0
1407	3.0
1408	3.0
1449	2.5
1466	4.0
1479	3.0
1485	3.5
1500	3.5
1517	3.5
1527	3.0
1544	3.0
1573	3.5
1580	3.0
1584	2.5
1617	4.5
1625	3.5
1641	2.0
1653	3.5
1663	3.0
1673	3.5
1682	3.5
1689	3.5
1690	3.0
1704	2.0
1721	4.5
1729	4.5
1732	3.0
1777	2.5
1784	2.0
1801	3.0
1805	3.5
1884	0.5
1917	3.0
1918	3.0
1923	3.5
1954	4.5
1961	3.0
1968	2.0
1997	2.0
2000	3.0
2001	3.0
2003	3.5
2006	2.0
2011	3.5
2012	3.0
2023	4.0
2028	5.0
2058	3.0
2105	0.5
2109	3.0
2115	3.0
2126	3.0
2167	3.0
2174	2.0
2194	2.5
2231	3.0
2268	3.5
2269	3.0
2273	3.5
2288	1.0
2291	2.0
2296	3.5
2321	2.5
2329	3.0
2340	3.5
2353	3.5
2380	2.0
2402	3.0
2403	3.0
2406	3.0
2409	4.0
2410	4.0
2411	4.0
2412	4.0
2420	3.0
2423	3.5
2502	4.0
2529	3.0
2539	3.0
2542	3.5
2571	4.0
2617	3.0
2628	3.0
2640	3.5
2683	3.5
2692	3.5
2700	1.0
2706	4.0
2710	0.5
2716	4.0
2717	3.5
2723	2.0
2762	3.5
2763	2.5
2764	3.0
2791	3.0
2795	4.0
2796	3.0
2797	3.5
2826	3.0
2858	4.0
2915	4.0
2918	3.5
2947	3.0
2952	3.0
2953	3.5
2959	3.5
2985	3.0
2997	1.0
3006	3.0
3020	2.0
3039	3.0
3052	0.5
3081	3.0
3082	3.5
3101	3.0
3104	3.0
3147	3.0
3160	3.5
3176	3.0
3198	3.5
3210	1.0
3252	3.5
3275	2.0
3298	3.5
3421	3.5
3444	4.5
3471	2.0
3481	0.5
3499	3.5
3525	2.5
3527	4.0
3535	3.5
3536	3.5
3552	4.0
3555	3.5
3578	5.0
3623	2.5
3671	3.5
3681	3.0
3683	3.5
3702	1.0
3706	2.0
3717	3.0
3735	2.5
3753	3.0
3783	2.5
3793	2.5
3868	3.5
3871	2.0
3897	3.0
3911	3.5
3916	2.5
3946	2.5
3948	4.5
3949	3.5
3977	1.0
3979	1.0
3994	3.0
3996	1.0
4002	3.0
4007	3.0
4011	4.0
4022	3.5
4025	1.0
4034	3.0
4085	2.5
4167	3.0
4223	3.0
4226	4.5
4235	4.0
4238	2.5
4239	4.0
4262	5.0
4306	2.5
4344	3.0
4361	3.5
4369	2.5
4452	3.0
4489	3.0
4499	3.0
4679	2.0
4701	3.5
4720	2.5
4776	4.5
4816	3.5
4823	2.5
4845	2.5
4848	2.5
4865	3.0
4878	0.5
4901	2.0
4963	3.0
4973	2.5
4975	3.0
4993	2.5
4995	3.5
5010	3.5
5049	2.5
5064	3.5
5110	0.5
5120	2.0
5219	3.5
5254	3.0
5266	1.5
5283	2.0
5294	2.5
5299	2.5
5349	3.5
5364	3.0
5378	3.0
5388	2.5
5418	3.0
5445	3.5
5459	2.0
5464	2.0
5481	2.5
5502	2.0
5572	3.0
5574	3.0
5630	3.5
5679	2.5
5816	1.0
5903	2.0
5952	3.0
5954	4.0
5956	2.0
5989	3.5
5995	4.0
6016	4.0
6157	1.0
6188	5.0
6242	2.0
6281	1.5
6287	2.5
6323	2.5
6333	2.5
6377	2.5
6378	3.0
6383	2.0
6482	0.5
6502	2.0
6537	3.0
6539	3.0
6550	3.0
6565	2.0
6708	3.5
6709	3.0
6711	3.5
6754	3.0
6764	3.0
6796	3.5
6863	0.5
6870	3.5
6873	3.0
6874	2.0
6879	2.0
6880	3.0
6936	3.5
6947	1.0
6953	3.0
6957	3.5
7137	3.5
7139	3.0
7143	3.5
7153	3.5
7254	3.0
7263	2.0
7293	3.0
7318	1.0
7325	3.5
7360	2.5
7361	4.0
7362	3.5
7373	1.0
7376	2.5
7438	4.0
7445	4.0
7451	3.0
7458	4.0
7482	3.5
7502	4.0
7980	4.0
8340	3.0
8360	2.0
8361	3.0
8464	3.0
8528	3.5
8529	3.0
8533	3.0
8636	3.0
8641	3.0
8644	3.0
8665	3.0
8666	1.0
8784	2.0
8798	3.0
8807	3.0
8860	2.5
8908	1.5
8917	0.5
8949	3.5
8950	3.0
8961	3.0
8968	3.0
8972	3.5
8977	1.5
8981	3.5
8985	3.0
26555	3.5
27773	4.0
27831	2.0
30749	2.0
30825	4.0
31410	4.0
31685	3.0
32017	1.0
32029	2.0
32296	1.5
32587	3.5
32596	1.5
33162	3.5
33166	4.0
33493	3.0
33660	3.5
33679	3.5
33794	3.0
34162	4.0
34319	4.0
35836	5.0
36519	2.5
36529	3.5
37727	2.0
37729	1.5
38061	2.0
39292	0.5
39381	2.0
40581	0.5
40614	3.0
40629	0.5
40732	2.5
40815	0.5
40819	0.5
41285	5.0
41569	4.0
41716	3.5
41997	3.0
42007	2.5
42011	3.0
42723	2.5
42725	2.5
42738	3.0
43679	2.0
43919	0.5
43936	3.0
44004	2.0
44191	3.0
44199	3.5
44397	2.5
44665	2.5
45517	2.0
45722	2.5
46578	2.5
46976	3.5
47099	2.0
47610	4.0
48304	4.5
48385	5.0
48394	2.0
48516	4.0
48696	3.0
48774	1.5
48780	4.0
49272	4.0
49278	3.5
49530	3.5
50068	3.0
51255	2.5
51540	3.5
51662	4.0
52281	3.5
52319	3.5
52458	3.0
52604	3.5
52973	3.5
53121	1.0
53125	1.5
53129	3.5
53322	3.0
53519	3.5
53550	2.5
53894	2.5
53953	2.5
53972	3.5
53993	2.0
53996	3.5
54001	1.0
54286	3.0
54503	5.0
54736	1.5
54995	2.5
54997	3.5
55118	4.0
55247	2.0
55276	1.0
55290	4.0
55363	2.0
55721	5.0
55765	3.5
55805	3.5
55820	4.0
56367	3.5
56782	3.0
57274	3.5
57669	2.5
58047	2.5
58295	3.0
58559	4.0
58998	4.0
59126	2.5
59315	3.5
59369	3.5
59387	0.5
60040	3.0
60069	3.5
60072	3.0
60074	2.5
60126	2.0
60684	1.0
60950	2.5
61024	2.5
61132	3.5
61240	2.0
61323	2.5
61729	3.5
62081	1.5
62374	3.0
62394	2.0
62434	3.0
62849	3.5
62956	1.0
63062	3.5
63072	2.0
63082	3.0
63113	3.0
63131	2.5
63859	2.5
63876	0.5
63992	0.5
64034	1.5
64575	2.0
64614	2.0
64622	3.0
64716	3.0
64839	4.5
64957	4.0
64969	2.5
64983	2.5
65130	1.0
65216	1.0
65230	3.0
65514	3.5
65682	1.5
66509	2.5
67087	2.5
67197	1.5
67255	3.0
68135	2.5
68157	4.0
68159	3.0
68205	1.5
68237	4.0
68358	3.0
68554	2.5
68791	2.5
68952	3.0
68954	2.0
69122	4.0
69406	1.5
69481	3.5
69640	2.0
69784	3.5
70286	4.0
70293	2.0
71033	3.5
71135	3.5
71282	3.0
71379	3.5
71530	2.5
71535	2.5
71838	2.5
72011	3.0
72641	2.5
72998	4.0
73017	3.0
73266	3.0
73268	3.0
73321	2.5
74458	3.5
74789	1.5
74795	3.0
76077	3.0
76175	1.5
76251	2.5
76293	2.5
77561	2.5
77866	1.5
78039	3.0
78105	1.5
78209	3.0
78469	3.0
78499	3.0
78574	4.0
79132	5.0
79242	3.0
79293	2.5
79592	3.0
79695	2.0
80219	2.5
80463	2.5
80489	4.0
80549	3.5
81229	2.0
81537	3.0
81562	3.5
81591	3.5
81782	3.0
81845	3.0
81932	3.5
82459	3.5
82461	1.0
84152	4.0
84374	2.5
84392	3.5
84772	2.5
84954	3.5
85414	3.0
86833	4.5
86882	1.0
87232	1.0
87306	3.0
87869	2.0
88129	5.0
88140	1.0
88163	3.0
88405	3.0
88744	2.5
89470	2.5
89774	4.0
89864	3.0
90405	2.5
92259	4.0
96610	3.5
99114	3.5
104841	3.5
104879	3.5
104913	3.0
106782	3.0
106920	3.5
111759	3.5
112556	3.5
112623	2.0
