17	0.5
21	0.5
29	5.0
32	4.0
47	0.5
95	0.5
97	5.0
110	5.0
111	5.0
121	2.0
135	4.5
147	5.0
156	0.5
159	5.0
175	5.0
180	5.0
206	0.5
223	5.0
231	0.5
247	2.0
260	5.0
262	0.5
266	5.0
267	5.0
292	4.0
293	5.0
296	4.0
316	5.0
329	4.0
337	5.0
339	4.0
344	1.0
356	4.0
383	4.0
410	5.0
444	0.5
480	4.0
507	4.0
522	3.0
539	4.0
541	5.0
551	5.0
553	5.0
590	5.0
592	3.0
593	5.0
608	4.5
610	5.0
674	0.5
733	0.5
736	3.0
750	5.0
778	4.5
832	4.5
852	4.0
904	4.0
908	5.0
909	3.0
918	0.5
923	0.5
924	5.0
930	5.0
932	5.0
943	4.5
965	3.0
1019	3.0
1036	4.0
1041	5.0
1047	4.5
1077	4.0
1086	4.0
1089	5.0
1100	4.5
1124	1.0
1127	5.0
1136	5.0
1161	5.0
1178	4.0
1188	3.0
1196	5.0
1198	5.0
1199	5.0
1200	5.0
1203	4.5
1206	5.0
1210	5.0
1212	5.0
1213	4.0
1220	5.0
1222	5.0
1225	5.0
1226	5.0
1227	4.0
1235	5.0
1240	5.0
1247	5.0
1251	4.0
1254	3.5
1256	5.0
1261	3.0
1262	5.0
1263	5.0
1265	4.5
1266	5.0
1268	5.0
1269	5.0
1270	4.0
1274	2.0
1275	5.0
1276	4.5
1278	5.0
1283	3.0
1290	5.0
1291	4.5
1293	0.5
1297	4.5
1298	5.0
1307	2.0
1358	4.5
1372	3.5
1376	5.0
1378	4.0
1387	0.5
1393	3.5
1394	4.0
1411	4.0
1459	4.0
1500	5.0
1527	5.0
1552	0.5
1573	0.5
1580	4.0
1586	0.5
1594	5.0
1625	0.5
1635	4.5
1639	5.0
1649	2.0
1653	4.5
1663	5.0
1676	4.5
1682	1.5
1704	5.0
1707	0.5
1713	0.5
1729	2.0
1732	5.0
1748	5.0
1760	0.5
1792	4.5
1876	5.0
1911	4.0
1923	0.5
1954	4.0
1973	0.5
2000	5.0
2010	5.0
2019	5.0
2021	5.0
2028	5.0
2059	0.5
2076	5.0
2083	3.0
2094	2.0
2105	5.0
2109	0.5
2116	3.0
2124	5.0
2126	1.0
2138	5.0
2139	4.0
2140	4.0
2155	5.0
2167	4.0
2174	4.0
2184	5.0
2208	4.0
2301	5.0
2303	2.0
2316	4.5
2318	5.0
2322	3.0
2371	5.0
2372	4.0
2393	3.0
2403	5.0
2423	5.0
2427	5.0
2428	4.0
2502	5.0
2504	2.0
2505	0.5
2528	4.5
2533	2.0
2571	5.0
2598	2.0
2599	4.0
2615	4.0
2628	0.5
2671	3.0
2694	4.5
2716	5.0
2718	1.0
2735	4.0
2787	5.0
2804	4.5
2815	4.5
2816	2.0
2817	2.0
2819	4.0
2840	4.0
2841	4.0
2858	4.5
2870	0.5
2917	5.0
2918	4.0
2936	4.0
2949	3.5
2959	4.5
2966	5.0
2985	4.5
2993	4.0
3000	1.5
3030	5.0
3032	4.0
3035	4.5
3039	5.0
3052	5.0
3074	5.0
3087	5.0
3113	4.5
3147	5.0
3160	5.0
3175	5.0
3210	5.0
3246	4.5
3256	5.0
3270	4.5
3272	5.0
3275	4.0
3361	4.5
3365	5.0
3392	0.5
3408	4.0
3418	0.5
3421	5.0
3435	2.0
3441	5.0
3481	2.0
3508	5.0
3516	3.0
3551	4.0
3552	3.5
3565	3.0
3578	4.5
3671	5.0
3676	2.0
3698	0.5
3724	0.5
3752	0.5
3789	2.0
3793	5.0
3812	3.0
3836	5.0
3841	3.0
3844	2.0
3858	0.5
3869	0.5
3871	5.0
3873	0.5
3946	4.0
3977	2.0
3979	3.0
3996	5.0
4025	3.0
4084	5.0
4085	4.5
4167	0.5
4218	4.5
4226	5.0
4306	5.0
4349	5.0
4378	0.5
4489	4.0
4535	5.0
4553	4.0
4641	4.0
4643	3.0
4677	4.5
4681	0.5
4710	5.0
4713	3.0
4734	5.0
4809	3.0
4815	4.5
4878	4.0
4886	0.5
4890	2.0
4896	5.0
4915	5.0
4928	5.0
4941	5.0
4958	3.5
4993	5.0
4995	2.0
5010	5.0
5026	5.0
5040	5.0
5047	0.5
5152	4.5
5222	2.0
5283	1.0
5292	5.0
5349	4.0
5418	4.0
5444	3.5
5500	4.0
5540	4.0
5617	5.0
5618	4.0
5673	5.0
5804	0.5
5816	5.0
5879	5.0
5881	4.0
5952	5.0
6016	5.0
6184	5.0
6197	2.0
6290	5.0
6296	0.5
6297	0.5
6305	5.0
6377	5.0
6378	2.0
6385	0.5
6482	0.5
6502	5.0
6534	5.0
6537	4.0
6539	0.5
6541	3.5
6567	4.0
6617	5.0
6618	4.0
6662	4.0
6711	4.5
6724	3.0
6753	5.0
6787	3.0
6800	2.0
6807	5.0
6863	4.0
6874	5.0
6890	2.0
6934	4.0
6942	4.0
6947	3.0
6952	0.5
6953	4.0
6957	3.5
6959	0.5
6979	5.0
6987	5.0
7076	3.5
7090	4.5
7091	5.0
7132	5.0
7147	2.0
7153	5.0
7255	0.5
7361	5.0
7438	5.0
7444	0.5
7560	5.0
7698	0.5
7701	0.5
7706	5.0
7766	5.0
7827	3.5
8128	3.0
8207	4.0
8361	2.5
8368	5.0
8373	0.5
8464	1.0
8542	5.0
8622	0.5
8633	5.0
8636	5.0
8641	0.5
8644	4.0
8645	3.0
8665	4.5
8666	2.0
8784	5.0
8807	4.0
8865	4.0
8874	2.5
8880	3.0
8910	3.5
8914	5.0
8917	4.0
8947	2.0
8949	2.0
8950	2.0
8951	4.0
8958	3.0
8966	3.5
8981	2.0
9018	3.0
26131	5.0
26555	5.0
27266	3.0
27721	5.0
27728	5.0
27773	4.0
27831	3.5
30707	5.0
30749	4.0
30810	4.5
30812	4.5
30820	3.5
30822	5.0
31658	4.0
31696	5.0
31878	5.0
32587	4.0
33154	5.0
33166	4.0
33499	0.5
33646	4.0
33794	4.5
34150	4.5
34162	4.0
34271	3.0
34323	4.5
34336	4.5
34405	5.0
34437	5.0
34528	4.0
34542	5.0
35836	4.0
36529	4.0
36535	5.0
37240	4.0
37380	2.5
37382	3.0
37384	5.0
37729	2.0
37731	2.0
37733	5.0
37741	0.5
38886	5.0
39183	4.5
39292	3.0
39381	4.0
39414	2.0
40732	1.0
40815	5.0
40819	4.0
41285	1.5
41863	4.5
41997	4.0
42725	5.0
43376	5.0
43396	4.5
43836	0.5
43928	4.0
44191	2.0
44193	0.5
44195	4.0
44199	4.0
44665	2.0
44788	5.0
45028	4.5
45672	3.5
45720	3.0
45728	4.0
45928	4.5
46578	5.0
46723	3.5
46970	0.5
46974	3.5
46976	4.5
47099	2.0
47200	5.0
47423	3.0
47518	4.0
47999	4.0
48304	0.5
48385	5.0
48516	1.5
48696	3.0
48738	3.5
48774	0.5
48780	3.0
48783	4.0
48982	4.0
49272	5.0
49286	1.0
49530	0.5
49649	2.0
49824	0.5
50685	4.0
50872	4.0
51077	5.0
51080	2.0
51084	4.0
51091	3.0
51255	4.0
51575	1.0
51662	5.0
51931	5.0
52241	3.5
52281	5.0
52328	4.0
52722	2.0
52952	5.0
52973	4.0
53000	3.0
53129	4.0
53318	2.0
53464	3.0
53519	4.5
53550	4.5
53996	4.5
54001	5.0
54004	5.0
54259	4.0
54281	5.0
54286	4.5
54503	5.0
54736	4.0
54881	4.0
54995	5.0
54997	4.0
54999	1.0
55069	4.0
55094	3.0
55118	2.0
55247	5.0
55267	2.0
55269	2.0
55363	2.0
55444	4.0
55814	3.0
55820	2.0
55830	5.0
55908	3.0
56152	4.5
56174	1.0
56251	5.0
56333	4.0
56367	4.5
56587	3.0
56607	3.0
56715	5.0
56782	5.0
56788	5.0
57640	4.5
58154	3.0
58162	3.0
58559	2.0
58998	4.0
59018	5.0
59315	5.0
59387	5.0
59784	4.0
59900	5.0
60069	5.0
60074	4.0
60684	5.0
60756	3.0
60766	4.0
61160	4.5
61323	4.0
61729	2.0
62081	1.0
62374	4.0
62434	4.0
62849	1.0
62956	4.0
63131	3.0
63859	3.0
64614	2.0
64716	2.0
65216	5.0
66097	5.0
66665	4.0
67087	2.0
67255	5.0
68319	5.0
68358	5.0
68952	3.0
68954	5.0
69481	2.0
69757	1.0
69844	5.0
71282	3.0
71518	5.0
73017	2.0
73023	2.0
73321	4.0
73323	4.0
74510	4.0
76093	5.0
76175	3.0
76251	5.0
77455	4.0
77561	5.0
78574	4.0
79091	3.0
79132	5.0
79242	2.0
79695	2.0
79702	5.0
80219	5.0
80463	4.0
80489	2.0
80906	5.0
81229	3.0
81834	5.0
81845	3.0
81847	3.0
81932	5.0
82459	5.0
82461	4.0
83134	4.0
83349	3.0
84392	4.0
84772	5.0
84944	4.0
84954	3.0
85414	4.0
85510	2.0
86332	3.0
86833	2.0
88125	5.0
88163	2.0
89745	5.0
89774	5.0
91077	3.0
91500	4.0
91529	2.0
91535	4.5
91658	0.5
92420	5.0
93510	4.0
93840	4.0
94777	3.0
94864	5.0
95088	4.0
95167	4.0
95510	2.0
96610	3.0
96737	2.0
96821	1.0
97304	5.0
97752	5.0
97913	1.0
97938	2.0
98154	3.0
98809	0.5
98961	4.0
102123	3.0
102125	4.5
102445	4.5
103042	4.0
103228	4.0
103249	3.5
103253	3.0
103772	4.0
104374	3.5
104841	4.0
104879	4.0
104913	4.5
105504	5.0
105844	2.0
106002	4.0
106072	4.0
106100	5.0
106487	2.0
106489	0.5
106696	3.0
106916	3.0
106920	0.5
108932	5.0
109374	4.0
109487	4.5
110102	4.0
111362	4.0
111759	3.0
112175	3.0
112183	3.0
112556	5.0
112623	3.0
112852	5.0
116797	5.0
