1	4.0
6	5.0
7	3.5
10	4.0
11	2.5
16	4.0
18	4.0
21	4.0
23	4.0
25	4.0
27	0.5
32	5.0
34	3.5
36	4.0
39	4.0
45	5.0
46	3.0
47	5.0
50	4.0
52	4.0
68	3.5
70	4.0
81	4.0
95	3.0
104	3.0
111	5.0
125	4.0
150	3.0
154	4.0
163	5.0
165	3.0
168	3.0
172	2.5
180	3.0
185	2.5
191	2.5
198	4.0
208	2.5
213	3.5
216	3.5
224	5.0
225	4.0
227	2.5
231	3.5
235	2.5
236	4.0
237	5.0
253	3.0
256	3.0
260	3.0
265	2.5
266	4.0
289	4.0
292	2.5
293	3.0
296	5.0
300	3.5
302	3.5
303	3.0
306	5.0
307	4.5
308	4.5
318	5.0
321	3.0
322	3.5
337	4.0
347	3.5
348	4.0
355	2.5
356	5.0
357	4.0
360	3.5
361	4.0
364	4.0
365	3.0
367	3.0
370	3.0
372	3.5
377	4.0
379	2.5
382	4.0
393	2.0
428	4.0
431	4.5
436	3.0
440	3.5
454	4.0
457	4.5
468	3.0
471	3.5
480	2.5
490	4.0
491	4.0
492	3.5
494	3.0
495	2.5
500	4.0
508	5.0
509	4.0
514	4.0
518	3.5
521	3.5
527	4.5
535	4.5
539	4.0
540	3.5
543	3.5
555	5.0
586	3.5
587	3.5
588	4.0
589	3.0
590	4.0
592	3.0
593	5.0
597	3.5
605	3.0
608	5.0
628	4.0
640	3.0
648	4.0
665	4.0
667	2.0
707	3.0
714	4.0
718	3.0
719	4.0
733	4.0
762	3.0
778	4.0
780	2.5
781	3.5
782	3.0
785	3.5
788	3.0
802	3.0
805	5.0
902	3.5
910	4.0
911	3.5
912	3.0
914	3.0
921	4.0
996	2.5
1027	3.5
1034	4.0
1036	3.0
1042	3.5
1057	3.0
1059	4.0
1060	0.5
1061	4.0
1077	3.5
1078	3.5
1088	3.0
1092	5.0
1101	3.0
1120	5.0
1173	3.0
1175	3.0
1176	4.0
1183	5.0
1186	3.5
1190	3.5
1193	5.0
1196	3.0
1198	3.0
1199	2.0
1200	4.0
1206	4.0
1210	3.0
1214	4.0
1220	4.0
1222	3.0
1225	3.0
1227	4.5
1228	3.5
1230	4.5
1232	2.0
1240	3.0
1243	3.5
1244	4.0
1246	3.0
1247	3.5
1252	3.0
1258	4.0
1265	5.0
1270	3.0
1273	3.5
1275	3.0
1279	3.5
1292	4.0
1295	4.5
1296	3.0
1307	5.0
1343	5.0
1354	5.0
1357	5.0
1365	3.5
1367	3.0
1370	3.0
1374	3.0
1391	3.0
1393	3.0
1394	4.0
1399	3.5
1407	3.0
1409	4.0
1427	3.0
1438	2.5
1457	3.0
1464	2.5
1466	4.5
1476	3.5
1485	3.5
1488	2.5
1500	3.5
1518	4.0
1526	3.5
1527	4.5
1544	3.0
1552	2.5
1554	3.0
1556	2.0
1569	3.0
1573	3.5
1580	4.0
1584	2.5
1586	2.5
1593	3.0
1597	4.0
1598	3.5
1608	3.0
1614	3.0
1615	4.0
1616	3.5
1617	4.0
1619	3.5
1625	5.0
1639	2.5
1641	3.5
1645	5.0
1653	4.5
1658	3.0
1663	3.5
1665	4.5
1672	5.0
1673	4.0
1674	4.0
1680	4.5
1682	3.0
1686	3.5
1687	3.0
1701	4.5
1703	3.0
1704	4.5
1711	2.5
1721	3.0
1722	3.0
1729	4.0
1732	4.0
1735	4.5
1747	3.0
1752	2.0
1779	2.0
1784	5.0
1801	3.0
1805	5.0
1810	3.0
1821	3.0
1835	3.0
1844	5.0
1873	4.0
1876	2.0
1883	3.5
1884	2.0
1885	3.5
1892	4.5
1894	4.0
1907	3.5
1911	3.0
1912	3.5
1913	1.0
1917	2.5
1921	3.0
1923	5.0
1954	2.0
1958	4.5
1961	5.0
1963	4.0
1981	3.0
2000	3.5
2001	3.0
2006	4.0
2012	3.0
2025	5.0
2028	4.0
2058	4.0
2065	3.5
2067	5.0
2072	3.0
2076	3.0
2083	2.5
2120	4.0
2134	2.5
2195	3.5
2245	3.0
2268	5.0
2269	5.0
2273	2.5
2278	5.0
2282	3.5
2289	3.5
2294	4.0
2302	4.0
2316	2.5
2321	4.5
2324	4.5
2329	5.0
2331	3.0
2336	4.0
2340	4.0
2353	4.5
2355	4.0
2356	4.0
2359	4.0
2360	4.0
2366	2.5
2378	3.0
2382	3.0
2383	1.0
2387	2.5
2406	4.0
2407	3.0
2424	3.0
2427	4.0
2431	3.0
2442	4.0
2455	3.0
2470	4.0
2471	4.0
2474	3.5
2485	2.5
2490	3.0
2496	4.0
2505	3.5
2529	3.0
2539	4.5
2541	4.0
2542	5.0
2571	5.0
2574	3.5
2580	4.0
2594	5.0
2598	3.0
2599	3.5
2605	3.0
2617	2.5
2622	4.0
2629	2.0
2671	3.0
2686	3.5
2688	3.5
2692	5.0
2694	3.0
2696	4.0
2701	3.0
2706	3.0
2710	3.0
2712	4.5
2724	3.0
2739	3.5
2750	3.5
2762	5.0
2763	4.0
2764	4.0
2797	3.0
2805	3.5
2808	2.0
2826	2.0
2829	5.0
2840	3.0
2843	5.0
2858	5.0
2875	3.5
2882	3.5
2915	3.0
2916	3.0
2943	4.5
2953	3.0
2959	5.0
2973	4.0
2985	2.5
2997	4.5
3004	2.5
3020	5.0
3039	3.5
3052	3.0
3060	3.5
3067	4.0
3072	2.5
3081	2.5
3082	3.0
3083	5.0
3087	3.0
3101	4.5
3104	4.5
3105	5.0
3114	4.0
3125	3.5
3129	5.0
3130	3.5
3146	3.5
3147	5.0
3148	4.0
3160	3.5
3167	4.0
3168	2.0
3175	3.5
3176	5.0
3179	3.5
3185	3.5
3198	4.5
3210	3.5
3219	3.5
3246	3.0
3252	5.0
3257	4.5
3259	4.0
3266	4.0
3267	3.5
3269	3.5
3285	4.0
3301	4.5
3307	3.5
3317	3.5
3325	4.0
3328	3.0
3358	3.0
3386	4.0
3404	4.0
3408	3.5
3444	2.5
3448	3.5
3481	2.5
3498	4.0
3503	2.0
3521	3.0
3527	3.0
3536	3.0
3538	4.0
3569	3.5
3578	5.0
3614	3.0
3623	3.0
3685	4.0
3697	2.5
3698	2.5
3702	2.5
3703	2.5
3704	2.5
3706	3.5
3707	3.5
3751	3.0
3755	2.5
3783	5.0
3784	3.5
3809	3.5
3812	4.0
3814	3.5
3824	3.0
3826	2.0
3863	3.0
3909	2.5
3910	3.0
3925	3.5
3948	4.0
3967	4.0
3968	4.0
3969	4.0
3977	2.0
3983	3.0
3991	2.0
3992	5.0
3994	2.5
3998	3.0
4002	4.0
4011	5.0
4014	3.0
4015	2.0
4018	4.0
4020	3.5
4021	3.0
4022	5.0
4023	3.5
4025	2.0
4027	3.0
4029	3.0
4031	3.0
4034	3.0
4077	4.0
4085	3.0
4148	4.0
4155	3.5
4159	2.5
4161	3.0
4223	4.0
4226	4.5
4228	3.5
4235	4.5
4239	4.5
4246	4.0
4267	4.0
4270	2.0
4306	2.0
4308	2.0
4310	3.0
4343	2.5
4344	4.0
4361	4.5
4370	2.5
4381	3.0
4383	2.5
4446	2.5
4447	2.5
4448	5.0
4487	3.0
4499	3.5
4508	4.0
4531	2.5
4558	4.0
4639	3.0
4641	3.5
4643	3.5
4649	3.5
4661	4.0
4677	3.0
4681	5.0
4699	3.5
4701	3.0
4703	3.0
4718	3.0
4720	5.0
4728	3.0
4733	3.0
4741	4.0
4776	5.0
4809	3.5
4814	4.0
4816	3.0
4823	3.5
4844	3.0
4848	5.0
4865	4.5
4874	5.0
4880	4.0
4881	3.5
4886	5.0
4896	2.5
4901	2.5
4928	3.5
4963	4.0
4967	4.0
4973	5.0
4975	5.0
4978	4.0
4979	2.5
4992	5.0
4993	2.0
4995	5.0
5009	2.0
5013	3.0
5014	4.0
5015	4.0
5016	4.0
5026	3.0
5051	4.0
5065	3.5
5110	2.5
5151	2.5
5218	5.0
5219	2.5
5220	3.0
5225	5.0
5266	4.0
5269	4.5
5296	3.0
5298	3.5
5299	4.5
5316	4.0
5339	3.0
5349	3.0
5363	2.0
5364	4.0
5377	3.5
5380	3.0
5387	3.0
5388	3.5
5414	3.0
5418	4.5
5444	5.0
5445	5.0
5449	3.0
5459	2.5
5464	5.0
5477	4.5
5502	2.0
5505	3.0
5528	3.0
5574	1.0
5613	1.0
5617	3.0
5630	5.0
5666	2.0
5668	4.5
5679	5.0
5782	3.5
5791	5.0
5792	4.0
5809	2.5
5816	2.5
5872	3.0
5878	5.0
5881	3.0
5893	4.0
5900	3.0
5902	2.5
5943	3.0
5945	4.0
5952	2.0
5954	4.0
5956	4.0
5989	5.0
5992	3.0
5995	4.5
6003	4.5
6016	5.0
6187	5.0
6213	3.0
6214	3.0
6216	3.5
6223	3.5
6238	5.0
6287	3.5
6291	4.0
6322	4.5
6323	5.0
6365	2.0
6367	3.5
6370	4.5
6373	3.5
6377	5.0
6378	4.5
6385	2.0
6503	2.5
6537	4.0
6538	5.0
6539	4.0
6552	4.0
6591	4.0
6593	3.5
6664	2.0
6708	4.5
6709	2.5
6711	2.0
6753	3.5
6807	4.0
6810	3.5
6870	4.0
6873	3.0
6874	2.0
6934	0.5
6942	4.0
6947	3.0
6952	3.5
6953	5.0
6954	3.5
6957	3.5
6993	4.0
7007	3.0
7008	2.5
7018	3.5
7028	4.0
7034	2.5
7046	3.5
7089	5.0
7137	3.5
7143	5.0
7149	4.5
7151	3.0
7153	2.0
7154	3.0
7160	5.0
7162	3.0
7173	4.0
7234	3.5
7254	5.0
7265	3.5
7293	3.0
7318	3.0
7323	4.0
7325	3.5
7327	4.0
7346	2.5
7347	4.0
7361	5.0
7367	3.0
7381	2.5
7438	2.5
7451	3.0
7454	1.0
7458	3.0
7460	3.5
7481	3.0
7827	3.0
7934	3.5
7983	3.0
8014	4.0
8154	2.0
8360	4.0
8361	3.0
8368	3.0
8370	0.5
8371	2.5
8372	2.0
8376	3.0
8387	2.0
8528	3.0
8529	3.5
8530	3.5
8531	2.5
8604	3.0
8614	4.0
8623	2.5
8636	3.0
8641	2.5
8644	3.0
8665	4.0
8798	5.0
8860	4.0
8873	4.0
8874	4.0
8910	3.5
8948	3.0
8950	4.0
8961	3.5
8966	4.0
8968	2.5
8969	3.0
8970	2.5
8973	3.0
8984	3.5
9010	3.0
27721	4.5
27727	4.0
27788	4.0
27803	3.5
27808	3.0
27821	3.5
27831	3.5
27839	1.0
30707	4.0
30803	3.5
30810	3.5
30812	4.0
30822	3.0
30825	3.0
31427	3.0
31685	3.5
31696	3.0
31804	5.0
31878	3.0
32587	2.0
32596	1.0
33162	2.5
33166	4.0
33615	4.0
33679	2.5
33880	3.5
34048	3.0
34162	3.5
34319	3.5
34437	3.0
35836	2.5
36517	3.5
36519	1.0
36527	2.5
36535	3.0
37384	3.0
38038	4.0
38061	3.5
38798	3.5
38886	4.5
39414	2.5
39435	3.5
39444	2.0
40583	3.5
40815	2.0
40819	4.0
41285	3.0
41569	3.0
41716	3.0
41863	4.5
42004	3.5
42011	3.5
42723	3.0
42725	2.0
42734	3.5
43836	2.0
44022	4.0
44199	3.5
44555	4.0
44665	3.0
44694	2.5
44972	3.0
44974	4.0
45186	3.0
45501	2.5
45517	4.0
45672	3.0
45720	2.5
45722	2.0
45726	2.5
45728	3.0
46578	4.0
46723	3.5
46967	4.0
46972	3.5
46976	3.5
47200	3.0
47518	2.0
47997	3.5
48043	3.0
48082	5.0
48385	3.0
48394	4.0
48516	4.0
48696	3.5
48774	4.0
48780	4.0
48982	3.5
48997	3.5
49272	3.5
49286	2.5
49530	4.0
49822	3.0
49961	3.5
50442	3.5
50685	3.0
50872	4.0
50912	2.5
51084	2.0
51091	3.5
51255	4.0
52042	2.5
52245	3.0
52281	3.5
52722	3.0
52973	4.0
53121	4.0
53318	4.0
53322	3.0
53519	4.0
53956	4.5
54004	3.0
54272	3.5
54281	3.0
54286	2.5
54372	4.0
54503	4.0
55118	2.5
55247	4.5
55269	3.0
55276	4.0
55280	4.0
55768	3.5
56367	4.0
56587	3.5
56788	3.5
56805	3.5
56941	2.0
57669	4.0
58047	3.0
58162	3.0
58295	3.5
58803	3.0
58998	3.5
59018	3.0
59725	3.0
59784	4.0
60069	3.5
60126	3.5
60684	2.5
60756	3.5
60950	4.5
61024	4.0
61132	3.0
61323	4.5
61729	3.5
62374	3.5
62434	3.5
62511	4.5
62849	3.5
62999	3.5
63082	4.5
63113	2.5
63131	3.0
63859	3.5
64622	3.5
64839	3.5
64957	4.0
64969	4.0
65130	3.0
65230	3.5
66665	4.0
67087	4.0
67267	3.5
67408	3.5
67734	3.5
68157	4.0
68237	3.5
68793	2.5
68848	3.5
69122	4.0
69640	4.0
69757	3.0
70293	2.0
71156	3.5
71464	4.0
71520	3.5
72011	3.5
72998	3.5
74458	4.0
76251	3.5
76293	3.0
77455	4.0
78209	3.0
79132	4.5
79185	3.0
79242	4.0
79357	4.5
79592	4.0
79702	3.5
80219	3.0
80463	4.0
80549	3.0
81229	3.0
81537	4.0
81562	3.0
81591	3.0
81845	3.5
82202	3.0
82459	3.5
84152	4.0
85414	3.5
86320	3.0
86833	3.0
86882	5.0
86911	3.0
87485	3.5
88163	3.5
89470	3.5
90405	3.5
92259	5.0
94959	5.0
96079	3.5
