1	3.0
2	2.5
4	2.5
5	2.5
11	3.5
17	4.0
24	4.0
32	4.0
34	4.0
39	3.0
43	5.0
47	4.5
50	4.0
58	4.5
62	2.0
65	2.0
104	3.0
110	4.0
122	2.5
123	3.0
141	3.5
145	2.5
147	4.0
153	2.0
162	3.5
171	4.0
177	2.0
180	3.5
185	2.0
195	2.5
196	2.0
198	2.0
203	3.0
208	2.0
216	4.0
222	2.0
223	4.0
230	3.0
231	1.5
236	3.0
247	4.0
252	4.0
253	3.0
260	4.0
292	3.0
293	4.0
296	4.0
300	3.5
314	4.0
316	2.5
317	2.0
318	5.0
319	4.0
337	4.0
339	2.5
344	1.0
353	3.0
356	3.0
357	3.5
367	1.0
368	4.5
370	2.0
372	3.5
376	3.0
377	2.0
380	3.5
382	2.0
410	3.0
413	2.0
434	2.0
435	2.5
440	3.5
441	3.0
442	2.5
457	3.5
466	2.5
480	3.0
489	2.5
497	4.0
500	2.5
508	3.0
509	3.5
514	3.0
520	3.0
524	2.5
527	4.0
539	3.0
541	3.0
546	2.5
551	3.5
587	2.0
588	2.5
589	3.0
590	3.5
592	3.0
593	4.0
594	3.5
595	3.0
597	3.5
608	4.0
612	2.0
616	4.0
628	3.5
637	2.5
648	3.0
653	2.5
708	2.5
728	4.0
736	2.5
750	4.0
778	4.5
780	3.0
784	1.5
785	4.0
788	3.0
802	3.0
838	4.0
903	4.0
904	4.0
911	4.0
919	3.0
920	3.5
1010	3.0
1015	2.0
1017	3.0
1020	2.5
1021	2.0
1025	3.5
1029	3.5
1037	2.0
1042	3.0
1059	3.5
1060	3.0
1073	3.5
1079	4.0
1081	3.0
1088	2.5
1089	4.0
1092	3.0
1097	3.5
1101	3.0
1128	2.5
1136	3.0
1183	4.0
1196	4.0
1197	4.0
1198	4.0
1200	3.5
1206	4.0
1210	4.0
1214	3.0
1219	4.0
1225	4.0
1240	2.0
1246	3.5
1257	3.0
1258	3.0
1259	3.5
1265	4.0
1270	3.5
1275	3.0
1277	3.5
1282	2.0
1285	4.0
1291	4.0
1293	4.0
1302	2.0
1307	3.5
1333	4.0
1339	3.5
1354	3.5
1357	3.5
1358	3.5
1359	2.0
1377	2.5
1380	3.0
1387	2.5
1391	3.5
1393	2.0
1394	3.5
1396	3.5
1407	2.0
1416	2.5
1474	2.5
1488	3.0
1500	3.5
1513	3.0
1517	3.0
1527	3.0
1552	2.5
1580	3.5
1584	4.0
1591	0.5
1603	1.5
1610	3.5
1614	2.5
1617	3.5
1639	3.0
1641	3.0
1645	4.0
1653	4.0
1676	1.0
1678	4.0
1680	3.5
1682	3.0
1704	3.0
1721	3.0
1732	3.5
1748	3.0
1760	2.0
1779	3.0
1784	3.0
1792	3.0
1831	2.5
1883	3.0
1892	2.5
1895	3.0
1911	2.5
1918	2.5
1921	4.0
1923	3.5
1955	4.0
1956	4.0
1959	1.5
1960	4.0
1961	3.0
1967	3.0
1968	4.0
1974	2.0
1997	3.0
2000	3.5
2001	2.5
2002	2.5
2003	2.5
2005	3.5
2011	3.0
2018	4.0
2020	4.0
2021	3.5
2043	3.5
2046	4.0
2052	3.0
2054	3.0
2065	3.5
2076	4.0
2077	3.0
2080	3.5
2082	2.0
2091	3.0
2096	4.0
2100	3.5
2115	3.5
2116	2.5
2124	3.0
2134	2.5
2135	3.5
2137	4.0
2140	3.5
2141	3.5
2144	2.5
2146	2.5
2160	4.0
2161	3.5
2165	3.0
2174	3.0
2193	3.5
2194	2.5
2231	2.5
2248	3.5
2253	2.0
2263	3.0
2265	3.0
2268	3.0
2269	3.0
2278	3.0
2291	4.5
2302	3.0
2306	3.0
2313	4.0
2321	3.5
2324	4.5
2329	4.0
2335	4.0
2336	4.0
2355	3.0
2369	3.0
2387	2.5
2395	3.0
2396	4.0
2407	3.0
2413	4.0
2420	2.5
2423	3.0
2424	3.0
2427	3.5
2443	3.0
2450	1.5
2453	3.0
2454	3.0
2455	3.0
2463	3.5
2470	2.5
2478	2.5
2485	3.0
2502	4.0
2506	3.5
2514	0.5
2541	3.5
2542	3.0
2555	1.0
2565	4.0
2571	3.5
2572	3.0
2580	4.5
2581	3.0
2599	4.0
2606	1.0
2617	3.0
2628	2.5
2657	3.0
2683	3.0
2686	3.0
2692	5.0
2693	4.0
2694	3.0
2699	3.0
2700	3.0
2706	3.0
2710	2.5
2712	4.0
2716	3.0
2717	2.0
2719	2.0
2721	3.0
2723	3.0
2724	3.0
2730	3.0
2735	3.0
2739	4.0
2746	3.5
2759	2.5
2762	4.0
2771	4.0
2789	3.0
2791	2.5
2794	4.0
2797	3.5
2804	2.5
2805	3.0
2806	2.0
2826	3.0
2840	3.5
2841	4.0
2858	5.0
2881	3.0
2888	3.0
2890	3.5
2908	4.5
2916	2.0
2918	3.0
2946	3.0
2959	5.0
2968	2.5
2985	2.0
2987	2.5
2990	2.0
2995	2.0
2997	4.0
3051	3.0
3052	3.0
3053	4.0
3081	4.0
3087	3.0
3101	3.5
3146	3.0
3155	3.5
3157	3.0
3174	3.0
3175	3.0
3176	3.0
3186	3.0
3189	3.0
3251	4.0
3252	4.0
3253	3.0
3254	3.0
3256	4.0
3258	3.0
3267	3.5
3268	2.0
3270	3.0
3285	3.5
3298	3.0
3301	3.0
3354	3.0
3355	1.5
3396	3.5
3408	3.0
3418	3.0
3477	3.5
3479	3.0
3481	4.0
3489	3.0
3499	4.0
3500	3.0
3512	3.0
3535	4.0
3536	3.0
3551	3.0
3564	2.0
3578	4.0
3593	1.0
3616	3.0
3617	3.0
3623	2.5
3646	3.0
3671	3.0
3675	3.5
3686	3.5
3717	3.0
3744	2.5
3751	3.0
3753	3.0
3786	4.0
3793	4.0
3798	3.0
3799	3.0
3809	4.0
3824	2.0
3825	2.0
3826	2.0
3844	3.0
3852	2.5
3857	3.0
3863	4.0
3893	2.5
3897	3.5
3910	4.0
3948	3.0
3967	4.0
3973	1.0
3988	1.0
3994	4.0
3996	4.5
4008	2.5
4010	3.0
4011	2.5
4014	4.5
4018	2.5
4020	4.0
4023	2.0
4025	2.5
4027	5.0
4034	4.0
4052	3.0
4068	3.5
4085	3.0
4091	3.5
4128	3.5
4223	4.0
4226	4.5
4270	3.0
4275	2.5
4306	3.5
4310	2.0
4317	3.0
4321	2.5
4333	2.5
4345	2.0
4357	4.0
4367	3.0
4372	2.5
4446	2.0
4448	3.0
4467	3.0
4487	2.5
4489	4.0
4499	4.0
4544	3.0
4545	3.0
4558	3.0
4571	3.0
4621	3.0
4638	3.0
4643	3.5
4673	3.0
4678	3.0
4700	3.0
4720	4.0
4757	3.5
4787	4.0
4848	4.0
4865	2.0
4874	3.0
4878	3.5
4886	4.0
4890	2.5
4896	3.5
4901	3.0
4911	3.0
4958	3.0
4973	5.0
4979	4.5
4980	2.5
4992	3.0
4993	4.5
4994	2.0
4995	4.0
5013	4.0
5016	3.0
5025	2.5
5026	3.0
5065	4.0
5171	2.5
5214	3.0
5299	4.0
5312	2.0
5349	3.0
5378	3.0
5388	3.0
5391	4.0
5415	3.0
5418	4.0
5421	3.0
5438	3.0
5445	3.5
5452	2.0
5459	2.5
5463	2.5
5502	4.0
5505	4.0
5528	4.0
5617	4.0
5620	3.0
5630	4.0
5679	4.0
5791	3.5
5812	3.0
5816	3.0
5943	2.5
5952	5.0
5992	4.0
6184	3.0
6303	3.5
6305	3.5
6323	3.5
6333	4.0
6502	4.5
6539	4.5
6541	2.0
6708	3.0
6709	2.0
6754	2.0
6796	3.5
6874	3.5
6881	3.5
6934	2.5
6936	3.5
6950	3.0
6987	4.0
7046	3.5
7101	2.5
7102	3.5
7147	4.5
7153	5.0
7154	3.5
7158	3.5
7228	2.0
7254	3.5
7293	3.5
7325	3.5
7347	3.0
7361	4.0
7373	2.5
7438	4.0
7757	3.0
7841	3.5
7842	3.5
8368	4.0
8665	3.0
8690	2.5
8783	4.0
8784	4.0
8807	3.5
8874	4.5
8879	4.0
8880	2.5
8970	4.0
8981	4.5
32587	3.0
33004	4.0
33166	4.0
33615	3.5
36517	4.0
45028	3.0
45499	3.0
46976	4.5
50872	4.5
56367	3.5
60069	5.0
64614	3.5
68237	4.5
68358	4.5
68954	4.5
91500	4.0
