1	5.0
2	3.0
6	3.0
7	3.0
10	4.0
16	4.0
17	5.0
18	2.0
21	4.0
22	3.0
23	2.0
24	3.0
25	5.0
28	4.0
29	5.0
32	5.0
34	4.0
36	5.0
39	5.0
44	3.0
45	4.0
47	4.0
50	5.0
52	4.0
58	4.0
61	3.0
62	4.0
70	4.0
71	2.0
79	2.0
85	4.0
88	3.0
92	2.0
94	4.0
95	3.0
103	2.0
104	3.0
105	3.0
110	4.0
111	5.0
113	3.0
125	4.0
132	2.0
140	2.0
141	3.0
145	3.0
150	4.0
153	3.0
156	4.0
158	3.0
160	1.0
162	4.0
163	3.0
165	4.0
168	3.0
170	2.0
171	3.0
172	1.0
173	1.0
177	2.0
180	4.0
185	3.0
190	4.0
193	1.0
196	3.0
198	2.0
207	2.0
208	3.0
215	3.0
216	3.0
222	2.0
223	5.0
225	3.0
229	3.0
230	4.0
231	2.0
232	5.0
233	4.0
235	4.0
247	4.0
253	4.0
259	2.0
260	5.0
265	4.0
266	4.0
273	3.0
280	3.0
288	3.0
290	3.0
291	2.0
292	3.0
293	5.0
296	5.0
299	4.0
300	4.0
303	3.0
305	4.0
315	2.0
316	3.0
318	5.0
319	5.0
322	4.0
327	1.0
332	3.0
337	4.0
338	3.0
339	3.0
342	5.0
344	3.0
345	5.0
348	5.0
350	2.0
356	4.0
357	4.0
360	2.0
361	3.0
364	4.0
366	3.0
367	3.0
368	3.0
369	4.0
372	5.0
376	3.0
377	4.0
379	2.0
380	3.0
382	2.0
410	3.0
412	4.0
417	3.0
422	3.0
423	3.0
425	4.0
426	3.0
427	1.0
428	3.0
431	3.0
434	3.0
436	3.0
440	4.0
441	4.0
442	2.0
448	4.0
450	3.0
451	2.0
454	3.0
457	4.0
471	4.0
474	4.0
475	4.0
477	4.0
480	5.0
481	3.0
482	3.0
485	2.0
490	3.0
491	3.0
492	3.0
494	2.0
497	4.0
500	4.0
507	4.0
508	5.0
509	5.0
510	3.0
514	3.0
515	5.0
521	3.0
527	5.0
529	3.0
532	3.0
535	5.0
537	3.0
539	3.0
540	3.0
541	5.0
543	3.0
544	3.0
551	5.0
552	3.0
555	5.0
562	5.0
574	3.0
581	4.0
585	3.0
586	3.0
587	3.0
588	4.0
589	4.0
590	4.0
592	5.0
593	5.0
594	4.0
595	4.0
596	4.0
597	3.0
606	3.0
608	5.0
627	5.0
628	4.0
640	2.0
647	4.0
648	4.0
653	3.0
662	3.0
674	3.0
678	5.0
691	3.0
708	3.0
724	4.0
728	4.0
733	3.0
736	5.0
762	1.0
766	3.0
778	3.0
780	4.0
785	1.0
786	2.0
798	2.0
799	3.0
800	3.0
802	3.0
818	3.0
832	3.0
838	3.0
849	1.0
852	3.0
858	5.0
866	4.0
880	1.0
882	3.0
891	2.0
904	5.0
906	4.0
908	4.0
919	5.0
923	5.0
926	5.0
968	4.0
991	3.0
994	4.0
1009	4.0
1017	3.0
1022	4.0
1028	5.0
1030	3.0
1031	3.0
1032	4.0
1035	4.0
1036	4.0
1041	4.0
1042	3.0
1043	3.0
1046	5.0
1047	4.0
1059	4.0
1060	5.0
1061	3.0
1073	4.0
1079	4.0
1081	3.0
1084	5.0
1088	3.0
1089	5.0
1090	4.0
1092	4.0
1094	5.0
1095	5.0
1097	5.0
1101	3.0
1104	4.0
1120	4.0
1126	2.0
1127	4.0
1129	4.0
1135	4.0
1171	5.0
1175	4.0
1179	5.0
1183	1.0
1185	5.0
1186	4.0
1187	5.0
1188	4.0
1193	5.0
1196	5.0
1197	5.0
1198	5.0
1199	4.0
1200	5.0
1206	5.0
1207	5.0
1210	4.0
1213	5.0
1214	5.0
1215	4.0
1219	5.0
1222	5.0
1228	5.0
1230	5.0
1236	4.0
1240	5.0
1242	5.0
1244	4.0
1245	5.0
1246	4.0
1247	5.0
1249	4.0
1252	4.0
1257	4.0
1258	5.0
1259	5.0
1261	5.0
1263	5.0
1265	3.0
1266	4.0
1270	5.0
1285	5.0
1286	3.0
1290	4.0
1291	3.0
1293	4.0
1295	2.0
1296	5.0
1297	3.0
1302	4.0
1307	5.0
1320	4.0
1321	4.0
1327	5.0
1330	3.0
1332	3.0
1333	5.0
1339	4.0
1342	4.0
1345	5.0
1347	5.0
1350	4.0
1352	3.0
1355	4.0
1357	4.0
1358	5.0
1366	5.0
1370	4.0
1377	4.0
1380	5.0
1387	5.0
1388	2.0
1391	2.0
1392	4.0
1393	4.0
1394	5.0
1396	3.0
1404	3.0
1405	3.0
1407	5.0
1408	5.0
1409	3.0
1417	4.0
1422	1.0
1427	1.0
1438	2.0
1441	3.0
1449	5.0
1464	5.0
1466	3.0
1475	1.0
1479	1.0
1483	4.0
1484	4.0
1485	4.0
1488	3.0
1499	3.0
1500	3.0
1513	3.0
1517	4.0
1518	3.0
1527	3.0
1535	4.0
1542	4.0
1544	4.0
1552	3.0
1556	2.0
1562	3.0
1569	4.0
1573	3.0
1580	4.0
1584	4.0
1586	2.0
1587	3.0
1589	4.0
1590	3.0
1591	2.0
1594	5.0
1597	3.0
1600	4.0
1603	3.0
1608	3.0
1614	3.0
1615	3.0
1616	2.0
1617	5.0
1620	3.0
1625	4.0
1627	2.0
1635	5.0
1639	5.0
1641	5.0
1644	4.0
1645	3.0
1648	4.0
1653	4.0
1655	2.0
1660	4.0
1663	4.0
1673	5.0
1674	4.0
1676	2.0
1678	4.0
1682	4.0
1683	4.0
1690	3.0
1704	4.0
1711	2.0
1717	5.0
1719	4.0
1721	4.0
1722	3.0
1727	4.0
1729	5.0
1732	4.0
1735	3.0
1747	3.0
1748	5.0
1754	3.0
1762	2.0
1769	3.0
1777	5.0
1779	2.0
1784	5.0
1792	3.0
1801	3.0
1805	3.0
1810	4.0
1821	3.0
1831	3.0
1833	2.0
1834	4.0
1841	3.0
1866	3.0
1875	3.0
1876	4.0
1882	2.0
1883	3.0
1885	4.0
1888	2.0
1892	3.0
1894	2.0
1895	3.0
1904	4.0
1909	3.0
1911	3.0
1912	5.0
1916	5.0
1917	3.0
1918	3.0
1923	5.0
1947	5.0
1952	5.0
1953	4.0
1954	5.0
1955	5.0
1956	5.0
1957	4.0
1958	5.0
1961	5.0
1962	4.0
1964	4.0
1966	3.0
1967	4.0
1968	5.0
1969	4.0
1970	3.0
1971	3.0
1974	4.0
1975	3.0
1977	3.0
1978	3.0
1979	3.0
1980	3.0
1981	3.0
1982	5.0
1983	3.0
1991	3.0
1992	3.0
1994	5.0
1997	5.0
2000	4.0
2001	4.0
2002	4.0
2003	5.0
2004	3.0
2005	4.0
2006	3.0
2011	3.0
2020	5.0
2022	3.0
2025	3.0
2026	2.0
2028	5.0
2052	3.0
2054	3.0
2058	3.0
2070	4.0
2076	5.0
2080	4.0
2081	3.0
2084	3.0
2085	4.0
2087	4.0
2088	4.0
2094	3.0
2097	4.0
2100	5.0
2105	4.0
2107	3.0
2108	4.0
2111	4.0
2112	4.0
2114	5.0
2115	5.0
2118	4.0
2121	3.0
2122	4.0
2124	4.0
2126	2.0
2130	4.0
2132	5.0
2134	4.0
2137	4.0
2140	5.0
2143	3.0
2144	5.0
2145	5.0
2146	5.0
2153	2.0
2155	3.0
2160	5.0
2161	4.0
2163	2.0
2167	4.0
2174	4.0
2188	3.0
2193	4.0
2194	4.0
2231	3.0
2232	4.0
2236	2.0
2245	4.0
2247	4.0
2248	5.0
2252	2.0
2253	3.0
2261	3.0
2262	4.0
2263	4.0
2268	3.0
2272	4.0
2273	3.0
2278	3.0
2279	3.0
2282	3.0
2289	5.0
2291	4.0
2294	4.0
2297	3.0
2302	4.0
2303	5.0
2312	5.0
2313	5.0
2315	3.0
2318	4.0
2320	3.0
2321	4.0
2324	4.0
2329	4.0
2333	4.0
2334	3.0
2336	5.0
2337	3.0
2338	3.0
2340	3.0
2348	4.0
2352	5.0
2353	3.0
2355	4.0
2367	3.0
2369	4.0
2371	3.0
2378	3.0
2384	4.0
2387	3.0
2389	3.0
2390	4.0
2391	4.0
2394	3.0
2395	4.0
2396	4.0
2402	3.0
2406	4.0
2407	3.0
2413	3.0
2416	3.0
2421	3.0
2423	3.0
2424	3.0
2428	3.0
2429	3.0
2433	3.0
2447	3.0
2454	4.0
2455	4.0
2456	2.0
2459	3.0
2463	4.0
2469	4.0
2470	3.0
2490	3.0
2496	3.0
2505	2.0
2513	4.0
2514	2.0
2517	4.0
2518	4.0
2539	4.0
2541	4.0
2542	4.0
2546	3.0
2551	4.0
2567	3.0
2571	5.0
2572	2.0
2580	5.0
2581	4.0
2583	4.0
2598	3.0
2599	5.0
2600	4.0
2605	3.0
2606	2.0
2616	3.0
2617	4.0
2622	3.0
2628	3.0
2639	5.0
2640	5.0
2641	4.0
2657	4.0
2671	4.0
2683	4.0
2687	4.0
2688	3.0
2690	4.0
2692	5.0
2694	3.0
2699	3.0
2700	5.0
2701	2.0
2702	3.0
2706	4.0
2707	4.0
2710	4.0
2712	3.0
2713	2.0
2716	5.0
2718	3.0
2719	3.0
2720	1.0
2721	4.0
2722	3.0
2723	2.0
2724	4.0
2739	5.0
2746	4.0
2750	4.0
2761	3.0
2762	5.0
2763	3.0
2770	4.0
2771	4.0
2787	3.0
2791	4.0
2795	4.0
2796	3.0
2797	5.0
2802	3.0
2803	3.0
2804	5.0
2806	3.0
2827	1.0
2836	3.0
2840	3.0
2841	3.0
2858	5.0
2859	5.0
2860	3.0
2861	3.0
2867	3.0
2870	3.0
2871	4.0
2872	4.0
2875	3.0
2881	3.0
2889	3.0
2890	5.0
2901	4.0
2906	1.0
2907	4.0
2908	5.0
2915	4.0
2916	3.0
2917	4.0
2918	5.0
2919	4.0
2926	4.0
2950	3.0
2956	3.0
2959	5.0
2961	2.0
2967	4.0
2968	4.0
2973	4.0
2976	3.0
2978	3.0
2987	3.0
2995	3.0
2997	5.0
3005	4.0
3006	4.0
3016	3.0
3018	3.0
3019	4.0
3020	3.0
3039	4.0
3040	5.0
3044	3.0
3045	3.0
3051	4.0
3052	4.0
3053	3.0
3060	5.0
3063	3.0
3067	5.0
3072	5.0
3081	4.0
3082	3.0
3087	3.0
3094	5.0
3100	4.0
3101	4.0
3104	4.0
3107	3.0
3108	4.0
3111	4.0
3113	2.0
3114	5.0
3115	3.0
3125	5.0
3147	5.0
3152	5.0
3160	5.0
3168	4.0
3173	3.0
3174	4.0
3175	4.0
3176	4.0
3178	4.0
3181	3.0
3201	4.0
3203	4.0
3210	4.0
3219	3.0
3238	3.0
3246	4.0
3247	4.0
3249	3.0
3250	3.5
3251	4.0
3253	3.0
3255	4.0
3257	3.0
3258	3.0
3260	5.0
3261	4.0
3262	4.0
3263	2.0
3264	3.0
3269	3.0
3272	3.0
3273	4.0
3274	4.0
3285	4.0
3298	4.0
3299	1.0
3301	4.0
3308	3.0
3317	4.0
3324	2.0
3325	3.0
3326	4.0
3342	5.0
3354	2.0
3355	3.0
3358	5.0
3361	5.0
3363	5.0
3386	3.0
3392	2.0
3408	5.0
3409	5.0
3418	5.0
3421	4.0
3422	4.0
3424	4.0
3426	3.0
3452	3.0
3469	4.0
3471	5.0
3476	4.0
3477	3.0
3479	3.0
3481	4.0
3483	3.0
3484	1.0
3489	3.0
3499	5.0
3504	4.0
3506	3.0
3510	3.0
3512	4.0
3524	4.0
3525	3.0
3526	5.0
3527	3.0
3528	3.0
3534	3.0
3535	4.0
3536	4.0
3543	4.0
3546	5.0
3549	4.0
3550	3.0
3551	4.0
3552	4.0
3555	3.0
3565	3.0
3578	5.0
3591	4.0
3593	1.0
3594	4.0
3598	3.0
3608	4.0
3614	3.0
3615	3.0
3616	1.0
3617	3.0
3618	3.0
3623	4.0
3624	4.0
3646	4.0
3683	5.0
3684	3.0
3685	4.0
3686	3.0
3688	3.0
3698	3.0
3702	4.0
3705	2.0
3706	3.0
3707	3.0
3708	4.0
3712	5.0
3717	3.0
3727	4.0
3728	3.0
3744	3.0
3745	3.0
3751	5.0
3752	3.0
3753	4.0
3755	3.0
3770	4.0
3784	3.0
3785	5.0
3786	3.0
3793	4.0
3794	4.0
3798	4.0
3821	3.0
3826	2.0
3827	3.0
3835	4.0
3844	4.0
3857	3.0
3858	4.0
3861	3.0
3863	4.0
3877	2.0
3879	1.0
3882	4.0
3893	4.0
3895	3.0
3897	5.0
3910	4.0
3911	5.0
3916	4.0
3917	4.0
3918	4.0
3946	2.0
3948	5.0
3949	4.0
3950	4.0
3952	5.0
3967	4.0
3968	3.0
3969	3.0
3973	2.0
3977	5.0
3978	2.0
3980	4.0
3981	2.0
3983	5.0
3986	1.0
3987	4.0
3988	3.0
3993	4.0
3994	4.0
3996	5.0
3997	2.0
3999	2.0
4007	4.0
4008	4.0
4011	4.0
4014	4.0
4018	3.0
4019	4.0
4020	4.0
4022	4.0
4023	3.0
4025	4.0
4027	5.0
4029	4.0
4030	3.0
4034	4.0
4037	3.0
4041	5.0
4056	4.0
4061	4.0
4062	4.0
4068	4.0
4069	3.0
4085	4.0
4091	3.0
4103	4.0
4105	5.0
4121	3.0
4128	5.0
4143	2.0
4148	4.0
4155	3.0
4158	3.0
4161	2.0
4167	2.0
4205	3.0
4211	4.0
4214	4.0
4223	3.0
4226	5.0
4228	4.0
4231	2.0
4232	3.0
4234	2.0
4238	3.0
4246	4.0
4248	4.0
4270	4.0
4275	3.0
4280	5.0
4285	3.0
4291	4.0
4305	2.0
4306	5.0
4308	5.0
4310	3.0
4318	4.0
4321	4.0
4340	2.0
4343	2.0
4344	1.0
4345	3.0
4351	3.0
4361	5.0
4366	2.0
4367	2.0
4368	3.0
4369	2.0
4370	4.0
4378	5.0
4386	3.0
4388	3.0
4396	3.0
4410	4.0
4437	4.0
4443	3.0
4447	5.0
4452	3.0
4464	4.0
4465	5.0
4467	4.0
4506	3.0
4529	4.0
4541	4.0
4545	3.0
4564	3.0
4571	4.0
4572	2.0
4621	3.0
4638	2.0
4639	2.0
4641	5.0
4642	4.0
4643	2.0
4654	2.0
4661	3.0
4673	3.0
4677	2.0
4681	4.0
4682	3.0
4703	4.0
4718	3.0
4719	3.0
4720	5.0
4723	5.0
4728	4.0
4732	1.0
4733	3.0
4734	4.0
4744	3.0
4757	3.0
4776	4.0
4809	4.0
4814	3.0
4815	3.0
4816	4.0
4821	4.0
4835	4.0
4848	5.0
4865	3.0
4866	3.0
4867	3.0
4874	3.0
4878	4.0
4881	5.0
4890	4.0
4896	4.0
4899	3.0
4903	4.0
4915	4.0
4932	4.0
4936	4.0
4941	4.0
4951	3.0
4963	4.0
4973	4.0
4975	3.0
4976	3.0
4979	5.0
4993	5.0
4995	5.0
5010	4.0
5013	5.0
5014	4.0
5016	3.0
5026	4.0
5039	4.0
5049	4.0
5060	5.0
5064	3.0
5065	3.0
5081	3.0
5093	3.0
5108	3.0
5111	3.0
5127	2.0
5139	3.0
5218	3.0
5219	4.0
5254	3.0
5266	4.0
5294	3.0
5299	4.0
5303	1.5
5312	3.0
5313	2.0
5323	3.0
5349	3.0
5378	3.0
5388	3.0
5400	3.0
5418	3.0
5419	4.0
5445	5.0
5449	3.0
5459	3.0
5464	3.5
5481	3.0
5502	4.0
5505	4.0
5522	3.0
5528	4.0
5541	3.0
5544	3.0
5548	3.0
5564	2.0
5617	4.0
5630	3.0
5679	5.0
5812	5.0
5816	4.0
5872	4.0
5902	4.0
5952	5.0
5989	3.0
5991	4.0
6238	1.0
6333	4.0
6365	4.5
