6	4.0
10	2.5
16	3.5
19	2.5
25	4.5
32	4.0
36	3.5
47	4.0
50	4.0
86	2.0
101	3.5
110	3.0
111	4.5
147	4.0
150	3.0
153	1.5
161	3.0
175	4.0
194	4.0
208	2.0
215	4.5
216	2.0
223	4.5
231	3.5
233	3.5
260	4.0
266	3.5
280	3.5
288	3.5
290	4.0
292	2.5
293	4.0
296	4.5
300	4.0
316	2.5
318	4.0
344	2.5
356	3.5
383	2.5
434	2.0
454	2.5
475	4.0
480	3.0
482	2.5
509	4.0
527	4.0
541	5.0
589	3.5
593	4.0
608	4.5
628	3.5
648	3.0
733	2.5
736	2.0
748	2.5
778	4.5
780	2.0
784	1.5
800	4.0
802	2.5
832	2.5
858	4.5
1060	4.0
1061	4.0
1089	4.5
1090	4.0
1193	4.0
1196	4.5
1198	3.5
1200	4.0
1201	4.5
1202	4.0
1206	4.0
1208	4.5
1209	4.5
1210	4.0
1213	4.0
1214	5.0
1221	4.5
1222	4.0
1227	4.0
1228	4.0
1231	4.0
1233	4.5
1245	4.0
1259	4.0
1263	4.5
1265	4.0
1266	4.0
1276	4.0
1291	3.5
1292	4.0
1299	4.0
1305	5.0
1354	4.0
1358	4.0
1405	4.0
1438	2.0
1464	4.0
1466	3.0
1485	2.0
1488	2.0
1527	4.0
1544	1.5
1552	2.0
1562	1.0
1573	3.0
1584	4.0
1590	3.5
1608	2.0
1615	3.0
1625	4.0
1635	4.5
1639	3.5
1645	3.0
1653	4.5
1665	1.5
1682	3.0
1690	3.0
1693	3.0
1704	4.0
1719	4.5
1726	2.5
1729	4.0
1732	4.0
1748	4.0
1779	2.0
1876	2.0
1884	4.0
1909	4.0
1917	2.0
1921	4.0
1997	4.0
2028	3.5
2076	4.5
2167	3.5
2231	3.5
2232	4.0
2288	4.5
2313	4.5
2318	4.0
2321	3.5
2329	4.0
2340	3.0
2353	2.5
2391	4.0
2395	4.0
2427	4.0
2428	1.5
2490	2.5
2502	4.5
2539	3.0
2542	3.5
2571	4.0
2600	3.0
2672	2.5
2707	3.5
2819	3.5
2827	1.5
2841	3.0
2858	4.5
2908	3.5
2932	4.5
2959	4.0
2966	4.5
2997	4.0
3006	4.5
3082	1.5
3148	3.5
3160	3.5
3186	3.0
3285	3.0
3300	4.0
3317	3.5
3354	1.5
3355	3.5
3362	4.0
3471	4.0
3481	4.0
3484	2.0
3510	2.5
3535	3.5
3578	3.0
3616	1.5
3617	2.5
3623	2.0
3703	4.5
3717	1.5
3730	4.0
3741	4.5
3752	2.0
3753	2.0
3793	3.0
3910	3.5
3948	2.5
3949	3.0
3950	3.5
3967	3.5
3977	2.0
3980	2.5
3981	1.5
3983	4.0
3992	3.5
3994	2.5
4007	4.0
4011	4.0
4015	3.0
4019	3.5
4022	2.5
4033	3.5
4034	3.5
4148	2.0
4223	2.5
4226	4.0
4239	3.5
4251	3.5
4262	4.0
4310	1.5
4343	1.5
4370	2.5
4448	3.0
4638	1.5
4641	4.0
4643	1.5
4720	3.5
4734	3.0
4776	3.5
4815	3.0
4848	4.5
4855	4.0
4865	2.5
4874	2.5
4878	4.5
4880	2.5
4881	4.0
4901	3.5
4958	2.0
4963	2.5
4967	4.0
4973	3.0
4975	3.0
4979	3.0
4993	4.0
4995	3.5
5010	3.5
5015	3.0
5065	2.5
5107	2.0
5110	3.5
5225	3.5
5254	1.5
5293	3.0
5294	3.5
5325	4.0
5349	2.5
5378	1.5
5379	3.5
5388	3.5
5400	1.5
5418	3.0
5445	3.5
5459	1.5
5463	1.5
5464	3.5
5479	1.5
5502	2.0
5505	2.5
5506	2.5
5508	3.0
5528	3.0
5574	2.5
5608	4.5
5630	2.0
5666	3.5
5669	3.5
5673	3.5
5679	3.0
5785	3.0
5872	1.5
5876	3.0
5881	3.0
5903	3.5
5952	3.5
5954	3.5
5955	4.0
5956	3.0
5989	2.5
5995	4.0
6003	3.5
6016	4.0
6059	3.0
6187	3.5
6188	3.5
6250	1.0
6281	3.5
6286	4.0
6323	3.0
6333	3.0
6365	2.0
6440	4.0
6537	1.5
6538	4.0
6617	4.0
6620	4.5
6708	3.5
6711	4.0
6787	4.5
6863	3.0
6867	4.5
6870	4.0
6874	4.0
6879	3.0
6890	3.5
6932	3.5
6934	2.0
6942	4.0
6947	3.0
6953	3.5
6957	3.5
7022	3.5
7147	3.0
7153	3.5
7158	3.0
7160	3.5
7162	3.0
7163	2.0
7254	2.5
7256	4.0
7285	3.0
7293	2.5
7317	1.5
7323	4.5
7346	2.0
7361	3.5
7366	2.5
7438	4.0
7445	3.5
7460	4.0
7502	4.5
8361	1.5
8371	2.0
8376	3.0
8464	3.5
8528	2.5
8529	2.5
8533	3.5
8641	4.0
8644	2.5
8665	3.0
8781	2.5
8783	2.5
8798	3.5
8807	4.0
8810	1.5
8873	4.0
8874	3.5
8914	4.0
8949	4.5
8950	4.0
27611	4.0
27788	3.0
30749	3.5
30820	3.5
30825	2.0
31410	4.0
31696	1.5
33004	2.5
33162	2.5
33171	4.0
33880	4.0
34162	4.0
34319	3.0
34405	3.5
34437	4.0
34528	4.0
34542	4.5
36517	3.5
36535	4.0
37384	3.0
37720	3.0
37727	2.5
37731	3.5
37741	4.0
38886	4.5
39231	2.5
39381	4.0
39444	3.0
40278	3.0
40583	3.0
41997	3.5
43376	3.5
44195	4.0
44555	4.5
44761	4.0
44974	3.5
45186	2.0
45210	3.5
45447	2.5
45499	2.0
45728	4.0
45880	3.0
46530	1.5
46578	3.5
46723	3.5
46970	2.5
46974	2.5
46976	3.5
47423	4.5
47518	3.0
47610	3.5
47640	2.0
47997	3.0
47999	4.0
48043	2.5
48304	3.0
48516	4.5
48696	4.0
48738	4.0
48774	4.0
48780	4.0
48783	2.5
48997	3.5
49278	3.0
49530	3.5
49772	3.5
49822	4.0
49961	3.5
50068	3.0
50442	3.0
50804	1.5
51080	4.0
51086	2.0
51540	4.0
51931	4.0
51935	2.5
52042	4.0
52245	2.5
52328	3.5
52458	2.5
52604	3.0
52952	3.5
53129	3.5
53318	4.0
53519	3.5
53550	4.0
53953	3.0
53956	3.5
54272	3.5
54736	3.0
54881	4.0
54997	4.0
55094	3.0
55247	4.0
55267	2.5
55276	4.0
55280	4.0
55290	4.5
55363	4.0
55444	4.5
55805	3.0
55814	4.0
55820	4.0
55830	3.0
55908	4.5
56333	4.0
56367	3.5
56587	3.0
56715	3.5
56782	4.0
57368	2.5
57528	4.0
57669	4.5
58303	4.0
58559	4.0
58803	3.0
58998	4.0
59018	4.0
59022	3.5
60037	1.0
60684	3.5
60756	3.0
60760	2.5
61024	3.0
61132	3.5
61323	3.0
61350	1.5
61729	3.0
62155	2.5
62434	3.0
63072	4.0
63113	2.5
63131	3.0
63876	3.5
64034	4.0
64497	1.5
64575	4.0
64614	4.0
64620	4.0
64622	3.5
64957	3.0
64969	3.0
64983	3.5
65130	3.5
65216	3.0
65642	3.0
66509	3.0
67087	4.0
67197	2.0
67267	3.5
67734	3.0
68135	2.0
68157	4.0
68159	3.5
68237	4.0
68358	3.5
68554	2.5
69122	4.0
69134	4.0
69306	2.5
69481	3.5
69640	3.5
69757	4.0
70286	4.0
70293	3.0
71135	3.5
71464	4.0
71520	3.0
71530	2.5
71535	3.0
71579	4.0
71838	3.0
72011	3.5
72378	1.5
72720	4.0
72733	3.0
72998	3.5
73266	3.0
73321	2.5
73344	4.0
74458	4.5
74545	4.0
74795	3.0
76077	3.0
76251	3.5
76293	2.0
77455	4.0
77866	2.0
78209	2.5
78574	4.5
79057	2.5
79132	4.0
79242	4.0
79293	2.0
79357	3.0
79592	2.0
79702	3.5
80219	2.5
80463	3.5
80489	3.5
80549	3.5
80906	3.5
80969	3.5
81229	2.0
81537	2.5
81562	3.5
81591	4.5
81788	3.5
81845	4.0
81932	4.0
82459	4.0
82461	2.5
83134	3.5
83613	2.0
84152	3.0
84392	4.0
84772	3.5
84954	3.0
85131	2.0
85414	3.5
85774	3.5
86190	3.0
86332	3.0
86833	3.0
86882	4.0
86911	2.0
87232	4.0
87306	3.5
87430	1.5
87485	2.0
87869	3.0
88129	4.0
88140	3.0
88163	3.5
88405	2.5
88744	3.5
88810	4.0
89470	2.5
89492	3.5
89745	3.5
89753	4.0
89774	3.5
89804	3.5
89864	4.0
90405	2.5
91077	3.5
91500	3.5
91529	3.5
91535	3.0
91630	3.0
91658	3.5
92259	4.0
92420	3.5
92535	4.0
93510	2.5
93840	3.0
94864	4.0
94959	3.0
95088	4.0
95441	3.0
95510	3.0
95875	2.5
96079	3.5
96610	3.5
96737	3.5
96821	3.0
97304	4.0
97752	3.0
97921	3.5
97923	3.0
97938	3.5
98809	3.0
98961	4.0
99114	4.0
101864	3.0
102123	3.0
102445	3.0
102903	3.0
103042	2.5
103228	2.0
104841	4.0
104879	4.0
104913	3.0
105504	4.0
105844	4.0
106002	2.5
106072	2.5
106100	4.0
106487	3.0
106782	4.0
106920	4.0
109374	3.5
111759	3.0
112290	4.5
112556	4.5
112852	3.5
