1	5.0
2	3.0
6	4.0
16	5.0
19	3.0
21	3.0
22	3.0
23	3.0
25	5.0
32	5.0
34	4.0
36	5.0
44	4.0
45	3.0
47	5.0
48	3.0
50	5.0
70	3.0
76	4.0
81	3.0
92	3.0
95	3.0
100	4.0
104	3.0
110	4.0
111	3.0
151	3.0
153	4.0
160	2.0
165	3.0
172	3.0
173	2.0
188	3.0
194	3.0
196	3.0
198	2.0
208	3.0
233	2.0
253	4.0
260	5.0
265	2.0
273	3.0
278	4.0
288	5.0
292	4.0
296	4.0
303	4.0
316	3.0
318	5.0
327	3.0
328	3.0
344	5.0
353	4.0
356	5.0
364	4.0
367	4.0
377	4.0
380	3.0
382	3.0
425	3.0
427	3.0
434	3.0
440	4.0
442	2.0
454	3.0
472	4.0
474	3.0
480	3.0
481	3.0
494	4.0
517	3.0
527	4.0
529	3.0
539	3.0
541	5.0
543	3.0
547	3.0
553	3.0
586	3.0
588	5.0
589	4.0
590	4.0
592	5.0
593	5.0
595	4.0
597	5.0
606	2.0
608	4.0
610	3.0
611	3.0
647	3.0
648	3.0
708	4.0
733	3.0
742	2.0
778	4.0
780	3.0
783	3.0
784	3.0
786	3.0
858	5.0
879	3.0
880	2.0
912	5.0
919	5.0
920	3.0
923	3.0
1017	4.0
1028	3.0
1036	5.0
1037	2.0
1060	4.0
1079	5.0
1080	4.0
1089	3.0
1090	5.0
1094	4.0
1096	2.0
1097	3.0
1101	3.0
1120	4.0
1125	4.0
1129	3.0
1136	4.0
1179	2.0
1183	3.0
1193	3.0
1196	5.0
1197	3.0
1198	5.0
1200	5.0
1201	4.0
1206	5.0
1208	4.0
1210	4.0
1213	5.0
1214	3.0
1215	4.0
1220	4.0
1221	5.0
1222	4.0
1225	5.0
1240	5.0
1246	3.0
1258	4.0
1259	3.0
1265	5.0
1266	4.0
1270	5.0
1275	4.0
1282	4.0
1287	2.0
1291	4.0
1293	4.0
1296	3.0
1307	4.0
1320	2.0
1321	4.0
1339	5.0
1342	3.0
1343	4.0
1347	2.0
1355	4.0
1357	4.0
1370	3.0
1371	2.0
1375	3.0
1377	3.0
1378	3.0
1379	3.0
1387	3.0
1391	3.0
1393	3.0
1407	4.0
1408	5.0
1425	2.0
1431	4.0
1466	4.0
1476	4.0
1479	3.0
1485	5.0
1488	3.0
1499	3.0
1503	3.0
1517	4.0
1527	2.0
1544	3.0
1552	2.0
1562	4.0
1566	4.0
1573	2.0
1580	2.0
1586	4.0
1587	3.0
1589	3.0
1590	3.0
1591	4.0
1594	4.0
1597	2.0
1603	3.0
1608	5.0
1610	3.0
1617	4.0
1619	3.0
1620	3.0
1623	3.0
1625	3.0
1639	5.0
1641	3.0
1644	4.0
1645	5.0
1648	3.0
1653	4.0
1663	4.0
1673	4.0
1676	4.0
1680	5.0
1681	2.0
1687	3.0
1690	2.0
1693	4.0
1694	3.0
1702	2.0
1704	4.0
1711	2.0
1717	4.0
1721	4.0
1722	3.0
1729	3.0
1732	3.0
1748	5.0
1760	2.0
1777	3.0
1779	3.0
1784	4.0
1799	4.0
1801	3.0
1805	4.0
1831	3.0
1862	2.0
1882	3.0
1894	2.0
1909	3.0
1917	3.0
1918	3.0
1923	5.0
1924	3.0
1954	3.0
1959	3.0
1968	4.0
1974	3.0
1982	5.0
1983	4.0
1984	1.0
1986	3.0
1991	2.0
1994	3.0
1997	4.0
2000	4.0
2001	3.0
2002	2.0
2003	2.0
2005	3.0
2006	2.0
2011	3.0
2012	2.0
2020	5.0
2021	3.0
2023	4.0
2026	2.0
2028	4.0
2059	3.0
2081	5.0
2097	3.0
2100	4.0
2105	3.0
2108	3.0
2110	3.0
2112	5.0
2115	4.0
2119	2.0
2120	3.0
2121	3.0
2126	2.0
2134	4.0
2137	3.0
2143	5.0
2145	4.0
2150	2.0
2167	3.0
2174	3.0
2194	4.0
2268	3.0
2273	3.0
2278	3.0
2279	3.0
2280	4.0
2288	5.0
2294	5.0
2301	3.0
2321	4.0
2335	3.0
2336	4.0
2338	5.0
2340	2.0
2353	3.0
2354	2.0
2355	3.0
2366	3.0
2371	3.0
2373	2.0
2378	2.0
2384	3.0
2387	5.0
2391	3.0
2395	3.0
2396	2.0
2403	4.0
2407	3.0
2409	3.0
2410	4.0
2411	3.0
2412	2.0
2427	4.0
2428	2.0
2447	3.0
2463	3.0
2476	5.0
2478	2.0
2505	3.0
2513	2.0
2519	4.0
2529	4.0
2530	4.0
2531	4.0
2532	4.0
2533	4.0
2539	4.0
2542	4.0
2560	3.0
2571	5.0
2598	4.0
2600	2.0
2613	4.0
2616	3.0
2617	3.0
2622	3.0
2628	3.0
2641	3.0
2657	2.0
2664	4.0
2672	2.0
2683	4.0
2686	3.0
2687	3.0
2688	4.0
2690	3.0
2701	3.0
2706	4.0
2710	5.0
2712	3.0
2713	3.0
2716	5.0
2717	2.0
2720	2.0
2722	3.0
2723	5.0
2728	3.0
2739	3.0
2745	4.0
2746	2.0
2747	2.0
2762	5.0
2763	3.0
2764	3.0
2770	2.0
2793	3.0
2797	3.0
2802	4.0
2803	3.0
2805	3.0
2806	3.0
2826	4.0
2827	3.0
2840	4.0
2841	4.0
2858	5.0
2862	3.0
2871	4.0
2872	5.0
2881	3.0
2890	3.0
2908	2.0
2916	3.0
2944	4.0
2951	4.0
2959	4.0
2985	3.0
2987	4.0
2995	3.0
2997	3.0
3005	3.0
3006	3.0
3011	2.0
3016	3.0
3020	4.0
3029	4.0
3033	3.0
3044	3.0
3052	4.0
3053	5.0
3054	1.0
3062	3.0
3081	5.0
3082	2.0
3087	4.0
3101	5.0
3108	3.0
3113	3.0
3114	4.0
3147	5.0
3156	2.0
3157	3.0
3173	5.0
3174	4.0
3175	4.0
3176	4.0
3181	3.0
3186	3.0
3210	3.0
3246	3.0
3249	3.0
3251	3.0
3252	4.0
3263	4.0
3267	1.0
3273	3.0
3274	3.0
3285	4.0
3298	5.0
3300	4.0
3301	3.0
3316	2.0
3327	2.0
3354	3.0
3355	4.0
3408	4.0
3409	4.0
3418	3.0
3421	4.0
3448	4.0
3452	2.0
3471	4.0
3476	4.0
3479	4.0
3481	5.0
3499	4.0
3508	4.0
3513	3.0
3515	4.0
3525	3.0
3527	4.0
3529	3.0
3534	3.0
3535	4.0
3536	3.0
3552	4.0
3564	3.0
3578	5.0
3593	1.0
3608	3.0
3623	3.0
3633	2.0
3638	4.0
3672	3.0
3697	4.0
3698	2.0
3701	3.0
3702	3.0
3703	4.0
3704	3.0
3706	4.0
3707	4.0
3709	4.0
3744	3.0
3751	3.0
3752	4.0
3753	2.0
3755	2.0
3785	3.0
3793	4.0
3798	5.0
3799	1.0
3826	3.0
3836	4.0
3863	1.0
3917	2.0
3918	2.0
3948	4.0
3952	4.0
3968	4.0
3973	4.0
3977	2.0
3978	2.0
3981	3.0
3993	4.0
3994	5.0
3996	4.0
3997	2.0
3998	4.0
4002	2.0
4007	5.0
4011	3.0
4015	2.0
4018	3.0
4022	4.0
4025	2.0
4027	4.0
4033	4.0
4034	3.0
4036	3.0
4041	3.0
4052	2.0
4102	3.0
4105	3.0
4128	4.0
4143	3.0
4148	2.0
4161	4.0
4220	3.0
4223	5.0
4239	5.0
4247	2.0
4262	5.0
4267	3.0
4270	4.0
4275	2.0
4280	3.0
4291	4.0
4306	4.0
4308	3.0
4310	4.0
4321	3.0
4326	3.0
4333	1.0
4340	3.0
4351	5.0
4367	3.0
4368	3.0
4370	3.0
4386	3.0
4446	3.0
4447	3.0
4448	3.0
4498	3.0
4638	3.0
4643	3.0
4720	4.0
4735	3.0
4744	3.0
4816	3.0
4821	4.0
4823	4.0
4848	3.0
4963	4.0
4975	5.0
4978	3.0
4990	3.0
4993	3.0
4995	3.0
5010	4.0
5026	4.0
5060	3.0
5065	3.0
5219	4.0
5237	4.0
5254	4.0
5349	4.0
5378	4.0
5502	3.0
