1	5.0
2	2.5
3	3.0
6	3.0
7	3.0
10	4.0
11	4.0
16	3.0
17	4.0
18	2.0
21	4.0
22	3.0
23	2.5
25	4.0
32	3.5
34	5.0
35	3.0
36	4.5
39	4.0
43	2.5
45	4.5
50	5.0
52	3.0
58	5.0
60	3.0
78	4.0
81	2.0
85	2.0
95	2.5
105	5.0
110	4.0
122	3.0
141	4.0
144	4.0
145	3.0
150	5.0
151	3.0
153	2.5
161	4.0
163	4.0
164	3.0
165	4.0
168	2.5
173	2.5
185	3.5
186	2.0
193	2.0
195	3.5
204	2.0
208	2.0
222	4.0
224	3.0
230	3.0
234	2.0
235	4.0
236	2.5
246	4.0
247	3.5
249	3.0
252	2.0
257	3.0
261	3.0
262	4.0
265	4.0
266	4.5
272	3.0
281	3.5
289	3.0
296	4.0
300	4.0
305	3.5
314	3.5
315	2.5
316	3.0
317	4.0
318	5.0
319	4.0
322	3.0
337	4.0
339	2.5
345	3.5
348	3.0
349	4.0
350	3.0
351	3.5
353	3.0
355	1.5
356	4.5
357	4.0
361	3.0
364	5.0
367	3.0
368	4.5
371	3.5
372	3.0
373	4.0
377	4.0
379	3.5
380	4.0
381	2.5
382	3.0
413	2.0
415	2.5
420	2.5
427	3.0
431	3.0
432	2.0
434	2.0
440	4.0
442	2.0
448	3.0
450	3.0
454	3.5
457	4.0
465	2.0
468	2.5
474	4.0
477	4.0
480	4.0
485	3.0
491	2.5
494	3.0
500	3.5
508	4.0
509	4.0
514	3.0
515	4.0
516	2.5
517	3.0
523	4.0
524	4.0
527	5.0
529	4.0
531	4.0
532	2.5
534	3.0
535	3.5
538	3.5
539	5.0
540	2.0
541	4.0
544	3.0
551	2.0
552	3.0
556	3.0
562	3.0
581	4.0
585	3.0
586	2.0
587	5.0
588	3.0
589	4.5
590	5.0
592	3.0
593	2.0
595	4.0
597	4.0
608	5.0
627	4.0
628	4.0
640	2.5
647	3.0
648	4.0
661	3.0
691	3.0
694	2.5
707	4.0
708	3.0
720	3.5
733	4.0
736	3.0
762	3.0
765	3.0
778	2.0
780	3.0
786	3.5
788	2.5
800	4.0
802	3.5
830	3.5
832	3.0
838	4.0
852	4.0
858	4.0
866	3.0
898	2.0
902	4.0
903	4.0
909	4.0
910	4.0
911	4.0
914	5.0
915	4.0
916	3.5
919	5.0
920	4.0
923	4.0
926	4.0
934	2.5
953	4.0
994	3.0
999	4.0
1003	2.0
1009	3.0
1018	4.0
1020	3.0
1021	3.0
1027	2.5
1028	3.5
1035	4.0
1036	4.5
1037	2.5
1041	4.0
1042	4.0
1047	2.0
1057	3.0
1060	3.0
1073	4.0
1079	5.0
1084	4.0
1088	5.0
1089	4.0
1090	4.0
1091	2.5
1092	4.0
1094	4.0
1095	3.0
1097	4.0
1099	2.0
1100	2.0
1101	5.0
1103	4.0
1104	4.0
1120	3.0
1127	3.0
1135	3.5
1171	2.0
1177	4.0
1179	4.0
1183	4.0
1185	4.0
1186	3.5
1188	2.0
1191	3.0
1196	3.0
1197	4.0
1198	5.0
1199	4.0
1201	3.0
1207	5.0
1208	3.0
1210	3.0
1213	3.0
1218	4.0
1219	3.0
1220	3.0
1221	3.0
1222	3.0
1224	3.0
1225	4.0
1231	4.0
1234	5.0
1238	3.0
1240	4.0
1242	4.0
1245	3.0
1246	3.0
1247	3.5
1250	3.0
1252	4.0
1259	4.0
1265	4.0
1266	2.0
1267	3.5
1270	5.0
1271	4.0
1277	3.0
1278	2.0
1282	2.0
1285	4.0
1286	4.0
1290	3.0
1291	4.0
1295	1.0
1296	4.0
1301	3.5
1302	4.0
1303	2.5
1307	5.0
1321	2.0
1333	3.0
1339	2.0
1343	4.0
1354	4.0
1357	4.0
1358	4.0
1363	3.0
1366	3.0
1370	4.0
1371	3.0
1374	4.0
1375	2.0
1377	2.5
1378	3.5
1379	3.0
1380	4.5
1385	3.5
1393	4.0
1394	2.0
1395	3.0
1407	3.0
1408	3.0
1409	3.0
1416	3.5
1438	2.5
1441	3.5
1449	3.0
1457	3.0
1459	3.0
1466	3.0
1476	3.5
1479	3.0
1485	3.5
1500	3.0
1513	3.5
1517	4.0
1518	3.0
1527	3.5
1537	3.0
1544	3.0
1552	4.0
1562	2.0
1569	3.5
1573	4.0
1580	5.0
1584	3.0
1586	3.0
1589	2.5
1594	4.0
1597	3.0
1608	3.5
1610	4.0
1614	4.0
1615	3.0
1616	3.0
1617	5.0
1625	3.0
1627	3.0
1635	4.0
1639	3.0
1641	5.0
1643	4.0
1660	4.0
1663	3.0
1673	4.0
1674	4.0
1676	3.0
1680	4.0
1682	4.0
1683	3.0
1686	4.0
1687	3.0
1693	4.0
1694	3.5
1704	5.0
1711	3.0
1719	3.0
1721	4.0
1722	4.0
1726	3.0
1729	3.5
1732	2.0
1747	4.0
1769	3.0
1784	4.0
1792	3.0
1801	3.0
1805	4.0
1810	2.5
1834	4.0
1835	4.0
1841	3.0
1883	3.0
1892	3.0
1911	2.5
1912	4.5
1917	3.5
1918	3.5
1920	4.0
1923	4.0
1947	5.0
1954	4.0
1958	3.0
1959	3.5
1960	1.0
1961	4.0
1962	4.0
1965	3.0
1966	2.0
1968	4.0
2000	4.0
2001	4.0
2002	3.5
2006	3.5
2011	4.0
2012	3.5
2020	4.0
2022	2.0
2023	3.0
2028	5.0
2053	2.0
2054	3.0
2058	3.0
2064	3.0
2076	3.0
2081	5.0
2100	4.0
2108	5.0
2115	4.0
2124	3.0
2125	3.0
2126	3.5
2130	3.0
2134	3.0
2144	4.0
2145	4.0
2165	3.0
2174	3.0
2181	2.0
2193	3.0
2194	5.0
2231	3.0
2243	4.0
2245	4.0
2247	3.0
2248	2.0
2262	3.0
2268	5.0
2269	4.0
2273	3.0
2278	3.0
2282	3.0
2289	4.0
2291	3.0
2294	3.0
2300	3.0
2302	4.0
2312	4.0
2321	4.0
2322	2.0
2324	5.0
2329	3.0
2333	4.0
2336	4.0
2344	2.0
2352	4.0
2353	3.0
2355	3.0
2359	4.0
2369	3.5
2371	3.5
2375	2.0
2378	3.0
2384	3.0
2390	3.0
2391	3.5
2394	3.5
2395	2.0
2396	4.0
2398	5.0
2399	3.0
2403	2.5
2406	3.0
2407	3.0
2423	4.0
2424	4.0
2427	3.0
2442	3.0
2463	3.0
2469	3.0
2470	3.0
2471	2.0
2490	4.0
2496	3.0
2502	3.0
2528	3.0
2539	3.5
2541	3.0
2542	3.0
2571	4.5
2572	3.0
2580	4.0
2581	4.0
2583	3.0
2599	3.0
2605	4.0
2616	4.0
2640	3.0
2657	4.0
2671	3.5
2672	4.0
2683	3.0
2686	4.0
2690	3.5
2692	4.0
2701	1.0
2706	3.0
2707	3.5
2710	3.0
2712	3.0
2716	4.0
2724	3.0
2739	4.0
2750	3.0
2752	3.0
2762	5.0
2763	4.0
2764	3.0
2769	3.0
2770	3.0
2779	4.0
2791	3.0
2794	2.0
2797	4.0
2804	5.0
2805	3.5
2808	4.0
2858	4.0
2871	3.0
2875	4.0
2881	4.0
2889	4.0
2890	3.0
2908	4.5
2912	3.0
2915	5.0
2916	4.0
2917	3.0
2918	4.0
2929	2.0
2942	4.0
2947	3.0
2948	3.0
2949	3.0
2952	4.0
2959	3.0
2968	4.0
2973	3.0
2976	3.0
2985	3.0
2987	4.0
2989	3.0
2990	3.0
2991	3.0
2993	3.0
2997	5.0
3005	3.0
3006	4.5
3019	2.0
3020	3.5
3035	3.0
3039	4.0
3044	5.0
3052	3.0
3060	4.0
3068	3.0
3072	4.5
3081	3.0
3082	3.5
3087	2.5
3088	3.0
3095	4.0
3098	4.0
3100	4.0
3101	4.5
3102	4.0
3104	4.0
3105	5.0
3107	2.5
3108	3.0
3114	3.5
3129	3.0
3147	5.0
3148	3.0
3155	3.0
3160	4.0
3168	2.0
3173	4.0
3175	4.0
3176	3.5
3178	3.5
3189	4.0
3194	4.0
3201	2.0
3203	4.0
3210	4.0
3238	3.0
3244	3.0
3247	3.0
3251	3.0
3252	3.5
3253	3.5
3255	4.0
3256	4.0
3257	2.5
3259	4.0
3260	4.0
3268	0.5
3271	4.0
3296	4.0
3298	3.0
3299	2.0
3301	4.0
3316	3.0
3317	3.0
3325	3.0
3326	3.5
3330	4.0
3358	3.5
3361	5.0
3363	4.0
3386	4.0
3396	3.0
3418	5.0
3421	4.0
3435	3.0
3436	2.5
3448	3.0
3450	3.5
3466	4.0
3468	4.0
3481	3.0
3483	3.0
3484	2.0
3489	2.0
3499	4.0
3505	4.0
3510	5.0
3512	3.0
3513	3.0
3515	3.0
3528	5.0
3529	3.5
3543	4.0
3555	3.0
3556	3.0
3578	4.0
3591	3.0
3614	4.0
3618	3.0
3623	3.0
3624	3.0
3635	3.0
3638	3.0
3639	3.0
3646	3.0
3668	5.0
3675	3.0
3683	3.0
3684	4.0
3685	4.0
3686	3.0
3698	3.5
3699	3.0
3706	3.0
3717	3.0
3744	3.0
3745	2.0
3751	3.0
3753	4.0
3755	2.0
3763	4.0
3783	4.0
3785	2.0
3786	3.0
3791	4.0
3793	4.0
3809	3.0
3826	3.0
3827	4.0
3831	4.0
3841	2.0
3844	4.0
3861	3.0
3882	3.0
3893	4.0
3897	4.0
3910	3.0
3911	3.0
3927	4.0
3948	4.0
3949	3.0
3950	4.0
3952	3.0
3953	2.0
3967	4.5
3968	3.0
3969	4.0
3972	3.0
3977	3.0
3978	3.0
3980	4.0
3983	3.5
3984	4.0
3986	3.0
3987	3.0
3988	3.0
3993	3.0
3994	4.0
3996	4.5
3998	3.0
4002	3.0
4005	4.0
4007	4.0
4008	4.0
4009	3.0
4010	3.0
4011	3.0
4014	3.0
4016	3.5
4017	3.0
4018	4.0
4019	4.0
4021	2.0
4022	4.0
4023	3.0
4024	3.0
4025	2.0
4027	3.0
4029	3.0
4031	3.0
4033	2.0
4034	4.0
4036	3.0
4041	4.5
4055	4.0
4077	3.0
4082	2.0
4085	4.0
4144	2.0
4159	3.0
4161	3.0
4167	3.0
4223	3.5
4226	5.0
4228	3.0
4232	2.0
4234	2.0
4239	4.0
4246	3.0
4267	3.0
4270	3.0
4280	2.0
4285	3.0
4291	4.0
4299	4.0
4304	3.0
4305	2.0
4306	3.0
4308	4.5
4310	3.0
4321	4.0
4322	3.0
4333	2.0
4344	3.0
4345	3.0
4351	3.0
4359	4.0
4361	4.0
4367	3.0
4368	2.0
4369	1.0
4370	4.0
4378	2.0
4380	2.0
4387	2.0
4446	2.0
4447	3.5
4448	2.0
4452	2.0
4464	3.5
4465	4.0
4478	3.5
4487	3.0
4557	3.0
4571	3.5
4577	3.0
4623	3.0
4639	2.0
4641	3.0
4642	3.0
4699	2.0
4701	3.0
4718	2.5
4720	4.0
4723	3.0
4756	3.0
4757	3.0
4770	3.0
4776	2.0
4799	3.0
4809	3.5
4816	3.0
4823	3.0
4844	2.0
4848	3.0
4855	3.0
4865	3.0
4866	2.0
4878	2.0
4881	2.0
4886	2.0
4889	2.0
4890	3.0
4896	3.0
4901	4.0
4903	3.0
4912	3.0
4929	2.0
4958	3.0
4963	4.5
4973	3.0
4975	3.0
4978	4.0
4979	2.0
4992	2.0
4993	4.0
4994	3.0
4995	4.0
5010	2.5
5013	3.0
5015	5.0
5016	2.0
5034	2.0
5060	4.0
5064	2.5
5081	2.5
5093	2.0
5094	2.0
5103	4.0
5107	2.0
5135	3.0
5139	3.0
5152	3.0
5171	2.0
5220	3.0
5222	4.0
5225	4.0
5266	2.0
5267	3.0
5293	3.0
5299	4.0
5308	2.0
5339	3.0
5349	4.0
5364	3.0
5377	4.0
5388	3.0
5391	3.0
5400	2.0
5414	3.0
5418	3.0
5420	2.0
5445	3.0
5459	3.0
5463	3.0
5464	3.0
5481	3.0
5502	2.0
5505	4.0
5506	3.0
5507	2.0
5524	2.0
5528	4.0
5548	3.0
5553	3.0
5572	1.5
5574	2.0
5577	3.0
5611	2.0
5613	3.5
5617	3.5
5620	2.0
5669	3.5
5673	4.0
5685	4.0
5693	3.0
5792	3.5
5803	2.0
5809	3.0
5810	3.5
5812	4.0
5816	3.5
5872	3.0
5876	3.0
5878	2.5
5902	3.0
5941	3.5
5943	3.5
5945	3.5
5952	3.0
5956	3.0
5957	3.0
5959	3.5
5989	3.0
5992	3.5
5995	4.0
6003	2.5
6006	2.0
6059	3.0
6062	3.5
6155	2.0
6156	3.5
6157	3.5
6166	1.5
6183	4.0
6212	3.5
6214	3.0
6218	4.0
6238	3.5
6281	4.0
6294	2.0
6296	2.5
6297	3.0
6299	4.5
6322	3.5
6323	3.5
6331	4.0
6333	2.0
6338	2.0
6365	3.5
6367	2.5
6377	4.5
6378	3.5
6383	1.5
6385	4.0
6436	3.5
6440	2.0
6502	3.5
6503	2.5
6534	2.5
6535	2.0
6537	4.0
6538	3.5
6539	3.5
6541	2.5
6548	1.5
6550	1.0
6564	3.0
6565	4.0
6591	4.0
6593	3.0
6595	3.5
6620	3.5
6708	3.5
6709	2.5
6711	3.5
6755	1.5
6764	2.5
6765	2.5
6776	3.5
6800	2.5
6810	2.5
6832	3.5
6862	2.5
6863	2.5
6867	4.0
6870	4.5
6873	2.0
6874	2.0
6879	4.0
6881	3.5
6887	3.5
6890	2.5
6936	3.5
6942	4.0
6947	3.5
6952	2.5
6953	3.5
6957	3.0
6959	3.0
7090	2.5
7137	3.5
7139	4.0
7143	3.5
7147	4.0
7149	4.0
7150	3.5
7151	3.5
7153	4.0
7155	4.5
7158	3.5
7160	3.0
7162	4.0
7163	3.5
7173	3.5
7254	3.5
7255	2.5
7285	3.5
7325	3.5
7347	3.5
7361	2.5
7373	3.5
7381	1.0
7438	3.5
7444	3.5
7445	3.0
7451	3.5
7458	2.5
7460	2.5
8368	3.5
8464	4.0
8529	2.5
8614	3.5
8622	4.0
8636	3.0
8644	3.0
8665	3.5
8798	4.5
8865	3.5
8880	4.0
8916	2.5
8937	3.5
8958	3.5
8961	3.5
8970	4.0
8972	3.0
8981	3.5
30707	3.5
