1	4.0
6	3.0
10	2.5
16	3.0
18	3.5
19	3.5
21	4.0
22	2.5
23	2.0
25	3.0
32	4.0
36	3.0
47	3.5
50	4.0
64	2.5
70	4.0
81	3.0
89	3.0
95	3.5
110	2.5
112	3.5
125	3.5
141	2.0
150	2.5
153	1.5
154	2.5
156	2.5
162	3.5
163	4.5
165	3.0
172	0.5
175	2.5
176	2.5
180	3.5
188	3.5
190	2.0
193	1.0
194	2.5
198	3.0
223	4.0
225	2.5
229	3.0
230	2.5
231	3.5
235	4.0
247	3.5
253	2.5
259	2.5
260	5.0
288	3.0
293	3.5
296	5.0
300	2.5
303	3.0
305	2.0
317	0.5
318	4.0
319	3.0
322	4.0
327	3.0
328	3.5
329	3.0
348	2.5
349	2.5
353	3.5
354	2.5
356	2.0
366	3.0
367	4.0
368	2.5
370	3.0
372	2.5
373	4.0
377	3.5
379	2.5
380	3.5
382	2.5
407	2.5
410	1.5
412	3.5
424	3.0
427	2.5
431	2.5
441	3.0
449	3.5
454	2.0
457	3.0
466	2.5
475	4.0
479	3.5
480	3.0
481	4.0
482	3.5
485	3.0
494	2.5
500	3.0
508	2.5
509	3.0
512	2.5
514	3.5
515	3.5
521	3.5
527	4.0
532	3.5
533	2.5
535	3.0
537	2.5
541	4.5
543	3.5
551	3.5
555	4.0
585	2.5
586	3.0
588	3.0
589	3.5
592	3.5
593	4.5
599	4.0
608	3.5
610	3.5
611	1.0
619	2.5
640	2.0
647	2.0
661	2.5
662	2.5
663	3.0
671	4.0
678	3.0
707	2.0
725	3.5
731	2.0
733	2.5
737	3.0
742	1.5
748	2.5
778	4.0
780	1.5
784	2.5
799	3.0
818	2.0
832	1.5
842	3.5
849	2.0
852	3.5
858	4.0
861	3.0
866	3.5
904	3.5
908	3.5
912	3.5
913	5.0
919	3.0
922	3.5
923	3.0
924	3.5
942	3.0
968	3.5
996	3.5
999	3.5
1036	4.0
1037	1.0
1049	2.5
1059	3.0
1060	4.0
1069	4.0
1079	4.5
1080	4.0
1089	4.5
1090	3.5
1091	2.5
1092	3.5
1093	2.5
1094	2.5
1097	4.5
1120	3.5
1125	3.5
1129	4.5
1136	4.0
1171	3.0
1179	3.5
1183	3.5
1186	3.5
1196	5.0
1197	4.0
1198	4.5
1199	4.0
1200	4.0
1206	4.0
1208	4.0
1210	4.5
1212	4.0
1213	3.5
1214	4.0
1215	4.5
1217	4.0
1218	5.0
1219	3.5
1220	4.0
1221	4.0
1222	3.5
1228	3.5
1240	4.5
1245	4.0
1248	3.0
1249	3.5
1252	2.5
1256	4.5
1258	2.0
1259	4.5
1261	4.5
1265	2.5
1266	4.0
1268	2.5
1270	3.0
1274	4.0
1275	3.5
1278	4.0
1281	3.5
1284	4.5
1285	3.0
1288	4.0
1291	3.5
1297	3.0
1302	4.5
1307	1.5
1320	3.0
1321	4.0
1327	2.0
1333	3.5
1339	2.0
1342	2.5
1343	3.5
1345	3.0
1347	3.0
1356	3.5
1357	3.0
1358	2.5
1359	2.0
1370	3.5
1371	2.5
1372	3.5
1373	2.5
1374	3.5
1376	3.0
1377	3.5
1387	4.0
1391	3.5
1393	2.0
1394	3.0
1395	3.0
1405	3.0
1407	4.0
1416	2.0
1425	3.5
1464	3.0
1466	2.5
1476	3.0
1483	3.0
1500	4.0
1515	1.5
1517	4.0
1518	2.5
1527	2.0
1537	1.0
1544	2.5
1552	2.0
1573	4.0
1580	2.5
1584	2.5
1587	3.5
1588	2.5
1589	2.5
1590	3.0
1591	2.5
1594	3.0
1597	2.5
1606	3.0
1608	2.0
1615	3.5
1617	3.5
1620	2.5
1625	3.5
1627	3.0
1639	4.5
1641	2.5
1644	3.0
1645	3.5
1647	2.0
1655	2.0
1663	2.5
1673	4.0
1674	3.0
1676	3.0
1681	0.5
1682	3.0
1690	2.5
1704	4.0
1717	3.5
1721	3.5
1722	2.5
1729	4.0
1732	3.5
1735	2.5
1748	4.0
1752	2.5
1754	2.0
1769	3.5
1777	2.0
1779	1.0
1783	3.0
1788	3.0
1792	2.5
1799	4.0
1805	4.0
1810	2.5
1833	1.5
1845	3.0
1866	4.0
1876	2.0
1882	1.5
1884	4.0
1909	3.5
1912	4.0
1917	1.5
1920	3.5
1923	4.5
1961	3.0
1965	4.0
1968	3.5
1974	2.5
1981	2.5
1982	4.0
1994	3.0
1997	4.0
2003	3.0
2006	2.5
2013	3.0
2028	4.0
2054	2.5
2058	2.5
2060	2.0
2064	4.0
2066	3.5
2076	4.0
2078	4.0
2080	3.5
2087	3.5
2094	4.0
2100	4.0
2107	3.0
2108	3.5
2109	2.5
2110	2.5
2111	3.0
2115	3.0
2116	2.5
2117	2.5
2118	3.0
2120	1.5
2121	1.5
2124	2.5
2126	3.0
2144	3.0
2159	4.0
2167	2.5
2174	3.0
2186	3.0
2188	1.0
2194	3.5
2195	3.0
2231	3.5
2247	2.5
2248	3.5
2268	3.0
2278	3.5
2279	2.5
2280	3.0
2288	3.5
2289	4.0
2291	2.5
2294	3.0
2301	3.0
2302	3.0
2311	3.5
2320	3.0
2328	3.0
2329	4.0
2336	3.0
2338	2.5
2344	4.0
2349	3.5
2353	2.0
2354	2.0
2355	3.0
2359	2.5
2363	4.0
2366	3.5
2367	2.0
2369	2.5
2371	3.0
2372	2.5
2376	2.5
2377	3.5
2378	1.5
2387	4.0
2389	2.0
2391	4.0
2393	2.5
2396	3.5
2405	2.5
2406	4.0
2410	1.5
2412	0.5
2416	2.5
2427	2.5
2428	2.0
2459	2.5
2463	3.5
2467	2.0
2469	2.5
2470	1.5
2490	2.0
2502	3.0
2505	3.0
2513	2.5
2517	1.5
2518	3.5
2524	3.0
2539	0.5
2542	3.5
2550	4.5
2551	3.0
2560	3.0
2571	3.5
2580	4.0
2598	3.5
2606	2.5
2616	2.5
2617	2.5
2628	3.0
2640	3.5
2641	3.0
2644	3.5
2657	3.0
2683	3.5
2687	1.5
2699	2.5
2700	4.5
2706	2.5
2707	2.5
2710	1.5
2712	3.0
2713	3.0
2716	3.0
2717	1.5
2722	2.5
2723	2.5
2726	3.5
2746	2.5
2747	3.0
2761	4.0
2762	4.0
2769	3.0
2787	3.5
2788	3.5
2791	4.0
2795	4.0
2797	4.0
2804	4.0
2808	2.5
2836	2.5
2840	2.5
2841	3.0
2858	4.0
2861	3.0
2867	4.0
2881	2.0
2890	4.0
2898	2.0
2912	3.5
2916	3.0
2918	3.0
2947	3.0
2948	3.0
2953	2.5
2959	4.0
2968	3.5
2985	3.0
2986	2.0
2987	4.5
2990	2.5
2991	3.0
2993	3.0
2995	2.0
2997	3.5
3005	3.0
3016	3.0
3018	3.5
3020	2.5
3024	2.5
3039	2.5
3040	2.5
3044	2.5
3052	4.0
3060	4.0
3072	2.5
3081	3.5
3082	2.5
3102	2.5
3104	3.0
3105	2.5
3108	4.0
3113	2.0
3114	4.0
3142	2.0
3147	4.0
3157	2.5
3160	3.5
3174	3.5
3175	3.0
3210	2.5
3238	2.5
3246	3.5
3250	2.5
3253	3.5
3254	3.0
3256	2.5
3261	3.0
3262	3.5
3263	3.5
3264	2.5
3265	4.5
3266	3.0
3267	4.0
3271	3.5
3272	2.5
3273	2.5
3274	2.0
3275	4.0
3298	2.5
3300	4.0
3301	1.5
3316	3.0
3317	3.5
3327	4.0
3334	3.5
3355	3.5
3361	4.5
3364	3.0
3386	3.5
3394	2.5
3396	3.0
3409	2.5
3418	4.0
3421	3.5
3424	3.5
3426	3.0
3435	4.0
3441	0.5
3448	2.5
3452	3.0
3471	4.0
3476	3.0
3477	3.0
3481	4.5
3499	4.0
3503	3.0
3505	1.5
3527	3.5
3552	4.0
3576	3.5
3578	4.0
3591	2.5
3608	3.0
3615	2.5
3617	2.0
3623	2.0
3633	2.5
3635	3.0
3638	3.0
3639	3.0
3671	4.0
3682	2.0
3683	3.0
3686	2.5
3688	2.5
3689	1.5
3690	1.5
3693	3.0
3697	2.5
3698	2.0
3699	2.5
3701	2.5
3703	3.5
3706	3.5
3708	2.5
3717	1.5
3723	3.0
3740	3.5
3744	3.0
3752	4.0
3753	2.0
3754	2.5
3760	4.0
3783	3.0
3785	2.0
3793	3.5
3798	2.0
3826	2.0
3858	2.5
3863	2.0
3864	3.0
3868	4.0
3869	3.0
3893	4.0
3896	3.0
3911	3.0
3917	2.5
3918	2.0
3930	3.0
3948	1.0
3949	3.0
3950	2.5
3955	1.5
3968	1.5
3977	2.0
3984	3.5
3986	2.0
3994	4.0
3996	4.5
4002	3.0
4005	2.5
4007	3.5
4008	3.0
4009	3.0
4011	4.0
4020	3.5
4022	3.0
4027	4.0
4030	3.0
4034	4.0
4036	3.5
4056	3.5
4063	2.0
4066	3.5
4079	3.5
4085	2.5
4105	3.5
4132	2.5
4143	2.5
4148	2.5
4149	2.5
4167	2.0
4210	3.0
4214	4.0
4226	4.0
4238	2.5
4239	2.5
4262	4.0
4267	2.5
4270	3.0
4280	1.5
4291	2.0
4306	4.0
4321	2.0
4333	2.0
4343	1.5
4344	2.5
4361	2.5
4367	2.0
4368	1.0
4387	2.0
4407	3.5
4410	2.5
4448	3.0
4452	4.0
4465	3.0
4467	4.0
4499	3.5
4506	3.5
4509	2.5
4531	2.5
4533	3.5
4553	3.5
4572	3.5
4624	4.0
4638	2.5
4641	4.0
4643	2.5
4686	2.0
4718	2.5
4720	4.0
4725	2.0
4728	2.5
4734	4.0
4735	2.0
4744	2.5
4754	2.5
4756	2.5
4799	3.5
4814	3.0
4815	1.0
4821	3.5
4844	2.5
4846	3.5
4848	3.5
4855	2.0
4865	2.0
4873	3.0
4876	1.5
4878	4.0
4881	3.5
4886	3.0
4887	2.0
4890	2.0
4896	3.5
4902	3.5
4954	3.0
4963	3.5
4975	3.0
4979	3.0
4980	2.5
4990	2.5
4993	4.5
4994	2.5
5009	2.5
5010	3.0
5013	3.5
5017	4.5
5027	2.5
5034	3.0
5040	2.0
5047	3.0
5049	3.5
5055	2.0
5060	3.5
5064	2.5
5065	2.5
5110	1.5
5151	2.0
5171	2.0
5214	3.0
5218	3.0
5219	2.0
5254	3.0
5266	3.5
5282	2.0
5292	4.0
5294	3.5
5296	2.5
5299	1.5
5312	2.0
5313	3.0
5323	2.5
5329	4.0
5349	4.5
5378	3.5
5385	3.0
5388	3.5
5400	2.5
5415	0.5
5418	3.0
5419	2.0
5420	2.5
5445	3.0
5449	2.0
5459	1.5
5463	2.5
5464	3.5
5478	2.0
5481	2.5
5500	3.5
5502	3.5
5504	2.0
5507	3.0
5528	2.5
5541	3.0
5553	2.5
5564	2.0
5568	2.5
5574	4.0
5609	1.0
5611	2.5
5621	1.5
5630	3.0
5650	3.5
5673	3.0
5679	3.0
5784	2.0
5785	3.5
5804	0.5
5809	2.5
5810	3.5
5816	3.5
5872	2.5
5881	3.0
5893	4.0
5903	2.5
5943	0.5
5944	2.5
5952	5.0
5954	2.5
5956	3.0
5989	3.5
6003	3.5
6006	1.0
6013	1.5
6058	2.5
6059	2.5
6104	4.0
6155	2.0
6156	2.5
6157	3.5
6213	2.5
6223	1.5
6242	2.5
6250	0.5
6263	2.0
6264	0.5
6281	3.5
6287	1.0
6290	1.5
6297	2.0
6322	3.0
6323	3.5
6333	4.0
6365	2.5
6377	2.5
6378	3.5
6379	2.5
6383	1.0
6440	3.5
6482	2.5
6502	3.0
6534	3.0
6539	3.0
6541	1.5
6550	1.5
6567	3.5
6586	2.0
6593	3.0
6595	2.5
6615	2.5
6620	3.0
6659	3.5
6662	3.5
6663	3.5
6695	2.5
6707	3.5
6708	3.5
6709	3.0
6711	3.5
6731	2.0
6754	2.5
6755	4.0
6764	3.5
6807	3.5
6820	3.5
6862	3.0
6863	3.5
6870	4.0
6873	3.0
6874	4.0
6879	2.5
6880	2.5
6887	1.5
6934	2.5
6947	3.0
6950	3.0
6952	2.0
6957	4.0
6966	3.5
7004	2.5
7007	3.0
7018	3.0
7027	3.0
7044	3.5
7046	2.5
7073	3.0
7091	4.0
7123	4.0
7132	4.5
7137	3.5
7143	3.5
7147	3.5
7149	2.0
7150	3.0
7153	5.0
7154	1.0
7160	3.5
7161	0.5
7162	3.0
7163	3.0
7173	2.5
7215	3.0
7228	2.0
7254	2.5
7255	2.0
7263	1.5
7293	2.0
7318	1.0
7325	2.5
7346	3.5
7347	3.0
7348	4.0
7360	3.5
7361	4.0
7362	3.0
7366	3.5
7373	4.0
7376	3.0
7381	0.5
7387	3.0
7419	3.5
7438	4.0
7439	3.0
7444	2.5
7445	2.0
7454	2.5
7458	2.0
7569	3.0
7570	2.5
7573	3.0
7618	2.0
7706	4.5
7981	3.5
8360	4.0
8361	1.5
8368	4.0
8370	3.5
8371	2.5
8376	3.0
8507	3.5
8528	3.0
8529	3.0
8542	4.5
8596	3.5
8622	3.0
8623	3.5
8636	4.5
8640	2.5
8641	2.5
8644	1.5
8665	3.5
8666	0.5
8781	2.5
8783	3.0
8784	2.5
8798	3.5
8807	3.0
8810	2.5
8860	2.0
8861	2.0
8865	3.5
8870	2.0
8874	4.0
8880	2.0
8908	2.5
8916	1.5
8917	3.5
8937	3.0
8947	2.5
8949	3.5
8957	2.5
8958	3.5
8961	4.5
8970	3.0
8972	3.0
8974	3.0
8981	4.0
8983	3.5
8984	3.0
8985	3.0
26133	4.0
26152	2.5
26555	2.0
26614	3.5
27706	2.5
27772	3.5
27773	4.0
27801	3.0
27821	2.5
27822	3.5
27831	2.5
27904	3.0
30707	4.0
30812	3.0
31221	1.5
31225	2.5
31420	3.0
31427	1.5
31696	3.0
31878	3.5
32017	2.0
32019	2.0
32029	2.5
32296	0.5
32587	4.0
32596	2.0
33004	2.5
33158	1.5
33166	3.0
33437	3.5
33493	3.5
33679	3.0
33794	4.0
34048	2.5
34150	2.5
34162	2.5
34319	2.0
34323	2.5
34332	3.0
34338	2.0
34405	4.0
34528	2.5
34534	3.0
35836	3.5
35957	3.0
36401	2.5
36519	3.5
36529	3.0
37380	1.5
37384	2.0
37727	3.0
37733	3.5
37857	3.5
38061	3.5
39183	3.0
39292	3.0
39444	2.5
39446	3.0
40278	3.0
40581	3.0
40583	3.5
40614	2.5
40732	3.5
40815	4.0
40819	4.0
41285	3.0
41569	3.5
41573	2.5
41997	3.5
42011	2.0
42718	3.5
42723	3.0
43560	3.0
43871	2.5
43936	3.0
44191	3.0
44195	3.5
44199	2.0
44665	3.0
44761	3.5
44828	3.5
45442	2.5
45499	3.5
45722	2.5
45728	3.5
45730	2.5
45732	2.5
46530	3.0
46578	3.5
46965	3.0
46970	2.5
46974	2.5
47099	2.5
47200	3.0
47610	3.5
47644	3.0
48142	3.0
48385	4.0
48394	4.0
48516	4.0
48774	3.5
48780	2.5
49272	4.0
49396	2.5
49530	4.0
49932	2.0
49961	3.5
50442	3.0
50685	2.5
50794	4.0
50804	2.5
50872	3.5
51077	2.5
51080	3.5
51091	3.5
51255	3.5
51540	4.0
51662	4.0
51709	3.5
52241	3.5
52281	4.0
52328	3.5
52435	4.5
52722	2.5
52973	4.0
53121	2.5
53125	2.5
53322	3.0
53464	2.5
53519	3.0
53550	3.5
53972	3.5
53996	2.5
54001	4.0
54259	3.5
54272	3.0
54286	3.5
54503	4.0
54736	3.5
54995	4.0
54997	3.0
54999	4.0
55118	4.0
55267	3.0
55276	3.5
55290	3.5
55363	3.0
55765	3.5
55805	3.0
55820	3.0
55995	3.0
56152	3.0
56174	3.0
56367	4.0
56782	3.5
56788	3.0
56805	3.0
57274	3.5
57368	3.5
57640	3.0
57669	3.5
58047	3.0
58103	2.5
58295	3.0
58559	4.5
58998	4.0
59022	2.5
59103	3.5
59315	4.0
59369	3.0
59615	3.0
60040	3.5
60069	4.0
60072	3.0
60126	2.5
60487	4.0
60684	3.0
60756	3.0
60760	3.0
61024	3.0
61132	4.0
61240	3.0
61248	2.0
61323	3.0
61350	1.5
61729	3.0
62155	3.5
62374	3.0
62434	3.5
62849	3.5
63062	3.5
63082	4.0
63113	3.0
63131	3.0
63859	3.0
63992	2.0
64030	2.5
64575	2.5
64716	2.5
64839	4.5
65130	3.0
66097	3.5
66509	3.0
66934	3.5
67087	2.5
67734	3.5
68157	4.0
68159	3.0
68205	3.0
68319	2.5
68554	3.0
68952	3.5
68954	3.5
69122	3.5
69306	3.0
69481	3.5
69640	2.5
69644	2.5
69784	3.0
69844	3.5
70286	3.5
71379	3.5
71518	3.0
71520	2.5
72011	3.5
72737	3.0
72998	3.5
73017	3.5
73023	3.5
74458	3.5
74795	3.0
77561	3.5
78499	4.5
79091	3.0
79132	4.0
79293	3.5
79702	4.0
