1	2.5
2	4.0
7	1.5
8	4.0
10	0.5
11	3.0
13	5.0
15	4.5
19	2.0
22	2.5
26	3.0
27	3.5
31	3.5
32	3.0
34	2.5
39	3.5
44	4.5
46	2.5
47	2.5
48	3.5
60	2.5
62	3.5
65	3.0
74	3.5
95	4.5
104	4.5
110	2.5
126	2.5
145	3.0
150	2.5
153	3.5
158	4.5
160	3.0
163	4.0
165	3.5
169	3.5
170	3.5
172	3.5
173	4.0
180	3.5
181	3.5
185	2.5
188	3.5
191	2.5
208	3.5
216	2.5
230	3.0
231	2.5
235	2.5
239	3.5
252	3.5
253	4.5
260	4.5
262	3.5
265	2.0
266	4.5
277	1.0
282	4.0
288	3.0
292	2.5
303	3.5
316	4.5
317	2.5
318	1.5
327	4.5
328	4.0
329	4.0
332	3.5
338	3.0
344	4.0
353	5.0
355	2.5
356	1.5
357	3.0
360	2.5
361	3.5
364	5.0
365	2.5
367	4.5
368	3.5
374	3.5
377	4.5
378	3.5
379	4.5
380	4.0
410	4.0
415	3.5
419	3.0
420	4.0
421	2.5
426	4.0
432	3.0
434	2.0
435	3.5
442	4.0
454	2.0
455	3.5
457	2.0
466	2.5
480	5.0
485	4.5
494	3.5
500	4.5
502	3.5
509	2.0
520	4.0
532	3.5
539	0.5
543	4.0
546	4.0
551	4.0
552	4.0
558	4.5
585	2.5
586	4.0
587	3.0
588	4.5
589	4.5
590	3.5
592	3.5
594	2.0
595	5.0
596	3.0
597	3.0
605	3.5
609	4.0
613	2.5
616	4.5
631	3.5
637	3.0
647	3.0
648	3.5
653	3.0
661	3.0
671	3.5
673	4.0
688	3.0
694	3.0
708	4.0
709	5.0
711	3.5
719	0.5
724	4.5
733	4.0
736	4.5
761	3.0
765	3.5
780	4.0
783	3.0
784	1.0
786	3.5
788	2.5
799	4.0
802	4.0
810	1.5
818	1.0
830	4.0
832	3.5
836	3.5
839	4.0
840	4.0
842	3.5
866	4.0
881	3.0
910	5.0
911	2.5
914	3.0
919	3.0
920	0.5
953	1.5
969	3.5
986	3.0
1005	3.0
1009	4.0
1013	4.0
1014	2.0
1015	5.0
1016	3.5
1018	5.0
1021	4.0
1022	3.0
1024	3.0
1025	3.0
1027	4.0
1028	2.5
1029	3.5
1031	3.0
1032	2.0
1033	3.0
1035	3.5
1036	3.5
1042	4.0
1047	4.0
1049	1.0
1059	4.5
1061	4.5
1064	3.0
1073	1.0
1088	5.0
1097	3.5
1100	3.5
1101	4.0
1127	4.5
1196	4.0
1197	4.0
1198	3.5
1207	2.0
1210	5.0
1215	3.0
1220	4.0
1240	5.0
1258	4.5
1259	4.5
1262	2.5
1265	2.5
1268	4.5
1270	5.0
1271	5.0
1275	4.0
1282	5.0
1285	5.0
1290	4.0
1291	3.5
1297	4.5
1301	2.5
1302	3.0
1304	0.5
1320	3.5
1333	1.5
1334	3.5
1339	4.0
1343	2.5
1345	5.0
1347	5.0
1348	5.0
1367	3.0
1370	4.0
1371	3.0
1372	1.0
1373	2.0
1374	1.0
1375	0.5
1376	4.0
1377	3.5
1380	4.5
1381	3.0
1387	1.5
1388	1.5
1391	3.5
1393	1.5
1407	3.0
1409	2.0
1438	3.5
1466	3.5
1474	3.0
1479	4.0
1485	4.0
1513	4.0
1515	3.5
1517	0.5
1527	5.0
1544	4.5
1552	4.0
1556	2.5
1562	4.0
1566	4.0
1569	2.5
1573	4.0
1580	3.5
1584	3.5
1586	3.5
1587	4.0
1588	4.0
1590	3.5
1592	3.5
1595	3.5
1597	3.0
1606	3.5
1608	3.0
1610	1.5
1644	4.5
1645	2.5
1653	4.5
1660	4.5
1674	3.5
1676	3.5
1681	3.5
1682	4.0
1688	3.0
1690	3.0
1702	3.5
1703	2.5
1707	2.5
1713	2.0
1717	3.5
1721	3.5
1722	0.5
1726	2.5
1747	3.5
1748	3.5
1752	4.5
1762	3.5
1779	3.5
1784	3.0
1801	4.0
1804	4.0
1831	4.0
1835	3.0
1876	3.5
1882	4.0
1888	2.0
1894	2.5
1895	3.5
1907	4.5
1909	3.5
1911	3.5
1917	4.0
1918	4.0
1920	3.5
1923	2.0
1953	1.5
1954	3.0
1961	2.0
1967	4.5
1968	4.5
1982	4.0
1994	2.5
2000	4.0
2001	3.5
2002	3.5
2003	4.0
2004	3.0
2005	4.5
2006	2.0
2011	4.5
2012	5.0
2013	2.5
2015	4.0
2017	3.0
2018	2.5
2020	3.0
2021	4.5
2026	4.0
2028	1.5
2036	1.5
2038	4.5
2042	3.0
2046	3.0
2048	3.5
2052	4.5
2053	3.0
2054	5.0
2059	2.5
2078	3.0
2080	5.0
2081	4.0
2082	3.0
2085	4.5
2087	3.5
2089	3.5
2090	3.0
2092	2.5
2096	4.0
2100	3.0
2105	3.0
2114	3.0
2115	4.0
2116	3.0
2122	4.0
2123	4.0
2124	5.0
2125	4.0
2133	4.0
2134	4.0
2137	2.5
2139	3.0
2140	3.0
2141	2.5
2142	4.0
2144	4.5
2145	4.0
2161	4.0
2162	3.5
2167	4.5
2174	4.5
2181	4.0
2193	4.0
2194	4.0
2232	4.5
2245	4.0
2248	2.0
2263	1.5
2268	3.5
2269	2.5
2273	3.0
2279	4.0
2288	4.0
2291	5.0
2294	4.0
2316	3.5
2321	4.5
2322	3.5
2328	4.5
2335	4.0
2338	3.5
2340	3.0
2346	4.5
2353	2.0
2355	3.0
2366	3.0
2376	0.5
2378	3.5
2379	3.0
2394	3.0
2405	3.0
2406	3.0
2407	3.5
2409	3.0
2410	3.0
2413	4.0
2420	4.5
2421	3.0
2424	1.0
2428	3.5
2429	4.0
2431	3.0
2455	2.0
2463	4.0
2470	5.0
2471	4.0
2485	3.0
2491	3.5
2496	4.0
2497	2.5
2500	3.5
2506	3.0
2513	2.5
2517	4.0
2519	4.0
2524	2.5
2527	2.5
2528	3.5
2529	4.0
2539	3.0
2541	3.5
2548	4.0
2549	3.5
2558	3.5
2570	3.5
2571	5.0
2572	5.0
2581	3.5
2605	3.0
2606	3.0
2613	4.5
2616	3.0
2617	5.0
2628	3.0
2640	4.0
2657	2.5
2662	3.5
2668	3.5
2671	0.5
2683	0.5
2687	4.0
2688	3.0
2692	5.0
2694	1.5
2699	2.5
2701	2.5
2706	3.0
2710	2.0
2713	3.5
2716	5.0
2717	4.0
2719	3.5
2720	2.5
2724	3.0
2739	2.0
2746	5.0
2759	3.5
2761	3.0
2762	4.5
2763	3.0
2787	2.5
2791	4.5
2797	0.5
2803	2.5
2804	0.5
2807	4.0
2808	4.0
2822	4.0
2826	3.5
2827	3.0
2841	4.0
2846	2.5
2857	1.0
2858	5.0
2881	3.5
2888	3.0
2890	2.0
2908	4.0
2916	3.5
2918	4.5
2947	0.5
2948	0.5
2949	0.5
2953	4.0
2959	4.5
2985	5.0
2986	3.0
2987	4.5
2989	0.5
2991	0.5
3000	3.0
3008	4.5
3033	2.0
3034	3.5
3044	3.5
3051	3.5
3052	4.0
3054	4.0
3072	2.5
3081	4.5
3082	0.5
3095	2.0
3107	4.0
3113	2.5
3114	1.5
3146	1.5
3157	3.0
3175	3.0
3186	4.0
3225	2.0
3247	4.0
3248	3.5
3249	3.0
3255	4.5
3257	4.0
3258	3.5
3264	4.5
3270	3.5
3273	4.0
3274	3.5
3300	5.0
3354	4.5
3355	3.5
3361	2.5
3363	3.0
3388	2.5
3408	3.0
3409	4.0
3418	5.0
3438	4.5
3448	3.5
3452	3.5
3461	2.5
3471	2.0
3479	3.5
3480	3.5
3484	3.5
3489	4.5
3499	3.5
3510	4.5
3526	3.5
3554	2.5
3556	5.0
3564	2.0
3591	2.5
3615	3.0
3623	3.0
3635	0.5
3639	0.5
3646	2.5
3668	2.5
3686	4.0
3699	4.0
3703	4.0
3704	4.0
3708	4.0
3709	4.0
3717	4.0
3745	4.0
3751	2.0
3752	1.5
3755	2.5
3785	3.5
3786	4.5
3791	4.5
3793	4.5
3798	3.0
3799	4.0
3825	3.0
3826	1.5
3861	4.0
3863	4.5
3882	3.0
3889	4.0
3893	4.5
3897	3.0
3908	3.0
3916	3.0
3948	0.5
3959	3.5
3968	3.0
3969	4.5
3973	4.5
3977	3.5
3979	1.5
3984	0.5
3988	3.0
3991	3.0
3994	5.0
3997	3.5
3999	3.5
4014	5.0
4016	2.5
4018	1.0
4020	3.0
4022	0.5
4025	4.0
4027	0.5
4039	0.5
4040	3.5
4041	3.0
4052	3.0
4054	3.5
4062	3.5
4067	4.5
4068	4.0
4069	3.0
4080	2.5
4084	3.5
4085	4.5
4090	2.0
4091	3.0
4105	4.0
4128	4.5
4143	3.5
4155	3.0
4159	2.5
4161	3.5
4228	2.5
4231	4.0
4232	1.5
4238	2.5
4239	1.0
4246	2.0
4248	3.0
4270	5.0
4275	3.5
4291	4.0
4299	3.5
4305	3.0
4306	1.0
4321	3.0
4343	2.0
4351	4.5
4361	3.0
4366	4.0
4367	4.0
4368	3.5
4369	4.0
4372	3.0
4386	2.5
4388	3.0
4446	4.0
4447	4.0
4487	2.5
4489	3.5
4502	2.5
4519	4.5
4526	4.0
4545	3.5
4558	2.5
4571	2.5
4621	3.0
4638	3.5
4639	3.5
4643	4.0
4654	3.0
4673	4.0
4676	4.0
4679	2.0
4681	3.5
4700	4.0
4718	1.0
4719	3.5
4720	4.5
4728	1.0
4732	2.0
4744	4.0
4748	4.0
4770	3.0
4816	0.5
4823	2.5
4865	5.0
4867	2.5
4874	4.0
4876	3.5
4886	3.0
4887	4.0
4890	2.5
4896	3.0
4901	3.5
4915	3.0
4954	4.0
4958	1.5
4963	4.0
4974	1.5
4992	3.5
4993	4.5
5040	3.0
5065	3.5
5066	3.5
5092	4.0
5094	4.0
5103	3.5
5107	1.5
5108	4.0
5128	2.5
5159	4.0
5171	4.5
5218	3.0
5219	4.5
5254	4.0
5264	3.5
5266	3.0
5282	3.0
5294	4.0
5299	2.5
5303	2.0
5308	3.0
5309	2.5
5312	3.0
5313	3.5
5349	4.0
5363	3.5
5377	0.5
5378	4.5
5387	4.0
5400	1.5
5415	3.0
5418	5.0
5419	2.5
5445	3.5
5449	3.5
5452	2.5
5459	3.5
5463	3.5
5481	0.5
5502	2.5
5504	2.0
5541	3.0
5553	4.0
5618	3.5
5630	3.5
5667	4.0
5679	3.0
5784	3.5
5804	2.0
5810	3.0
5816	3.5
5872	0.5
5881	1.0
5943	3.0
5952	5.0
5956	4.5
5957	3.0
5991	3.0
6058	3.0
6059	3.5
6093	3.0
6155	3.0
6157	3.5
6218	3.0
6239	3.0
6264	4.5
6266	3.5
6287	2.5
6297	1.5
6333	5.0
6350	4.5
6365	4.0
6373	1.5
6377	3.0
6383	3.0
6503	4.0
6534	2.5
6535	1.5
6537	4.0
6539	5.0
6541	3.5
6564	3.5
6566	1.5
6595	3.5
6615	3.5
6624	3.5
6659	5.0
6695	3.0
6709	3.5
6731	3.5
6754	4.5
6765	4.0
6787	3.5
6793	4.0
6794	3.5
6810	3.0
6820	4.0
6863	4.0
6870	2.0
6874	2.5
6934	4.0
6936	0.5
6952	3.5
6959	3.5
6979	3.5
6996	4.0
7004	3.5
7046	2.5
7099	2.5
7101	2.5
7149	1.5
7153	4.0
7160	3.0
7163	4.0
7164	4.0
7254	2.5
7285	3.5
7318	0.5
7324	4.0
7325	0.5
7360	4.5
7369	1.5
7373	4.0
7376	2.5
7380	4.0
7438	3.0
7439	4.0
7444	3.5
7445	4.0
7451	1.5
7454	4.0
7569	0.5
7570	0.5
7573	0.5
7701	2.5
7757	4.5
7842	4.5
8360	0.5
8361	5.0
8368	4.5
8371	5.0
8373	1.5
8376	0.5
8528	0.5
8533	3.5
8614	3.0
8623	2.5
8633	3.5
8636	2.5
8640	4.0
8641	0.5
8643	4.0
8644	4.0
8665	4.0
8783	5.0
8807	2.5
8808	3.5
8810	4.0
8860	4.0
8861	4.5
8865	2.0
8870	3.0
8874	3.5
8908	4.0
8917	0.5
8947	3.0
8957	3.0
8961	3.0
8969	2.0
8970	1.5
8972	4.0
8985	3.5
26133	2.5
26662	3.0
27660	3.0
27706	2.5
30793	0.5
30810	2.0
30894	2.5
31221	3.5
31427	4.0
31658	4.5
31685	3.5
31696	4.0
32017	3.0
32296	1.5
33004	1.5
33493	3.5
33499	3.5
33679	3.5
33794	4.5
33834	5.0
33836	1.5
34319	4.0
34332	2.5
34334	2.0
34336	3.5
34405	4.5
34532	4.5
34534	4.0
36401	3.5
37386	3.5
37720	3.0
37729	4.0
37830	3.5
39435	2.5
40815	4.5
41569	3.0
42738	4.0
43928	4.0
44022	1.5
44191	4.5
44193	4.5
45081	4.0
45186	2.5
45499	0.5
45501	1.0
45668	4.0
45722	4.5
46530	1.0
46948	3.5
46972	3.0
48780	3.5
49278	3.5
51662	3.0
52245	0.5
52435	2.5
52458	2.5
53125	5.0
54001	4.5
54272	1.5
54286	4.5
55232	4.5
55282	4.0
56174	3.5
56367	2.5
56775	4.5
57368	3.5
58025	4.0
58559	2.0
58803	2.0
60037	4.0
60072	3.5
60074	3.0
60760	3.0
60937	3.5
61350	4.0
63992	3.5
65682	4.0
66097	4.0
66203	3.0
