6	5.0
11	4.0
15	2.0
16	3.0
18	2.0
21	5.0
24	2.0
25	5.0
27	3.0
32	4.0
39	4.0
45	2.0
46	1.0
47	4.0
50	5.0
52	1.0
74	2.0
86	4.0
94	4.0
95	2.0
104	3.0
110	5.0
111	3.0
140	1.0
141	4.0
147	2.0
153	3.0
157	3.0
161	5.0
166	4.0
173	1.0
188	3.0
193	1.0
194	3.0
196	2.0
203	1.0
208	4.0
216	2.0
223	4.0
225	4.0
233	4.0
246	3.0
247	3.0
260	5.0
266	4.0
267	2.0
272	2.0
293	5.0
296	5.0
300	2.0
305	1.0
316	4.0
318	5.0
322	4.0
325	2.0
327	3.0
328	3.0
329	3.0
330	3.0
337	2.0
339	4.0
340	4.0
342	2.0
349	5.0
356	5.0
360	3.0
361	4.0
365	3.0
367	3.0
368	4.0
377	4.0
380	4.0
417	4.0
426	2.0
428	5.0
431	4.0
432	2.0
442	3.0
445	3.0
457	5.0
468	1.0
475	3.0
480	4.0
494	4.0
500	3.0
505	2.0
507	4.0
508	1.0
509	2.0
511	3.0
524	4.0
527	4.0
529	4.0
537	2.0
539	4.0
540	1.0
542	1.0
543	3.0
544	2.0
550	4.0
553	4.5
569	3.0
586	3.0
587	3.0
589	4.0
590	4.0
592	4.0
593	5.0
597	4.0
608	4.0
610	5.0
612	1.0
628	4.5
635	3.0
648	4.0
662	3.0
671	3.0
710	1.0
719	2.0
728	4.0
733	4.0
736	4.0
743	2.0
745	4.0
748	4.0
762	2.0
785	4.0
788	3.0
798	2.0
802	4.0
809	2.0
835	4.0
839	2.0
848	2.0
858	5.0
866	3.0
882	3.0
908	4.0
912	3.0
919	4.0
923	2.0
924	4.0
953	4.0
991	3.0
999	4.0
1009	4.0
1012	4.0
1013	3.0
1031	3.0
1036	4.0
1037	2.0
1057	2.0
1060	5.0
1061	4.0
1073	5.0
1079	3.0
1088	2.0
1089	4.0
1090	4.0
1092	4.0
1094	2.0
1097	4.0
1100	3.0
1101	3.0
1113	3.0
1120	4.0
1124	5.0
1127	4.0
1135	3.0
1148	5.0
1179	3.0
1183	2.0
1187	2.0
1193	3.0
1196	5.0
1197	5.0
1198	5.0
1200	3.0
1208	3.0
1210	5.0
1213	5.0
1215	3.0
1220	5.0
1221	3.0
1222	4.0
1223	4.0
1226	4.0
1227	4.0
1231	4.0
1234	5.0
1242	5.0
1247	3.0
1249	3.0
1257	5.0
1258	3.0
1263	4.0
1265	4.0
1266	5.0
1270	4.0
1275	5.0
1276	4.0
1278	4.0
1287	4.0
1288	5.0
1291	5.0
1307	5.0
1347	1.0
1350	4.0
1356	4.0
1357	3.0
1358	4.0
1363	2.0
1371	3.0
1373	2.0
1374	4.0
1375	2.0
1376	4.0
1377	4.0
1379	3.0
1380	5.0
1381	3.0
1387	5.0
1393	4.0
1394	3.0
1396	5.0
1405	3.0
1408	5.0
1409	4.0
1425	3.0
1429	1.0
1432	3.0
1438	2.0
1441	4.0
1442	3.0
1466	5.0
1475	2.0
1476	3.0
1479	4.0
1500	3.0
1513	2.0
1517	4.0
1537	5.0
1541	3.0
1550	2.0
1552	4.0
1562	1.0
1573	4.0
1580	4.0
1584	4.0
1591	2.0
1594	3.0
1597	4.0
1606	2.0
1608	3.0
1610	5.0
1614	2.0
1616	3.0
1617	5.0
1625	4.0
1639	2.0
1641	3.0
1653	5.0
1663	5.0
1672	5.0
1674	2.0
1678	2.0
1682	3.0
1687	2.0
1693	4.0
1694	4.0
1701	2.0
1704	4.0
1721	3.0
1729	5.0
1748	5.0
1753	1.0
1777	3.0
1779	3.0
1784	4.0
1805	4.0
1810	3.0
1834	4.0
1845	4.0
1876	3.0
1884	3.0
1885	4.0
1894	2.0
1909	4.0
1912	4.0
1914	4.0
1921	4.0
1923	3.5
1952	3.0
1954	4.0
1955	3.0
1961	2.0
1968	5.0
1969	1.0
1970	1.0
1973	1.0
1974	1.0
1975	1.0
1982	2.0
1996	2.0
1997	4.0
2000	4.0
2001	4.0
2003	3.0
2005	4.0
2011	2.0
2014	3.0
2021	5.0
2028	5.0
2058	5.0
2059	3.0
2060	3.0
2064	5.0
2072	3.0
2081	3.0
2082	3.0
2088	4.0
2094	3.0
2097	3.0
2100	4.0
2105	3.0
2108	4.0
2109	4.0
2112	5.0
2114	4.0
2115	3.0
2126	3.0
2133	5.0
2139	3.0
2144	5.0
2146	3.0
2147	3.0
2160	3.0
2161	4.0
2174	4.0
2188	2.0
2193	4.0
2194	3.5
2231	5.0
2243	3.0
2248	5.0
2252	3.0
2253	2.0
2261	3.0
2262	2.0
2263	4.0
2268	5.0
2269	3.0
2278	5.0
2282	3.0
2302	5.0
2306	3.0
2329	5.0
2335	2.0
2340	3.0
2352	3.0
2353	4.0
2359	4.0
2371	5.0
2372	4.0
2375	2.0
2378	2.0
2384	3.0
2391	4.0
2393	4.0
2395	5.0
2402	2.0
2403	4.0
2406	3.0
2407	3.0
2409	4.0
2410	3.0
2411	2.0
2416	5.0
2427	3.0
2433	3.0
2447	3.0
2450	2.0
2451	2.0
2469	2.0
2473	2.0
2476	4.0
2485	2.0
2490	4.0
2502	4.5
2505	4.0
2518	4.0
2528	3.0
2529	3.0
2541	4.0
2551	2.0
2568	2.0
2571	5.0
2572	2.0
2599	4.0
2613	3.0
2628	4.0
2640	3.0
2688	4.0
2692	4.0
2702	2.0
2706	3.0
2710	4.0
2716	4.0
2717	2.0
2718	4.0
2723	2.0
2736	4.0
2746	3.0
2747	3.0
2762	5.0
2763	4.0
2770	3.0
2789	3.0
2791	4.0
2792	2.0
2794	3.0
2795	4.0
2796	3.0
2797	2.0
2798	1.0
2799	1.0
2803	3.0
2804	5.0
2815	3.0
2822	2.0
2836	4.5
2840	3.0
2846	3.0
2858	5.0
2870	4.0
2871	4.0
2872	5.0
2877	3.0
2881	3.0
2883	5.0
2915	3.0
2916	4.0
2918	5.0
2926	2.0
2950	2.0
2959	5.0
2961	1.0
2968	3.0
2985	3.0
2987	3.0
2989	3.0
2991	3.0
2993	3.0
3020	4.0
3028	3.0
3029	3.0
3033	3.0
3039	4.0
3040	4.0
3044	4.0
3063	2.0
3070	3.0
3087	2.0
3098	4.0
3100	4.0
3101	3.0
3104	5.0
3107	4.0
3108	3.0
3130	2.0
3147	3.5
3168	3.0
3169	4.0
3238	4.0
3256	4.0
3317	4.0
3360	4.5
3421	4.5
3508	5.0
3510	4.0
3552	4.5
3578	5.0
3677	4.0
3753	4.0
3863	3.0
3896	4.0
4002	5.0
4011	5.0
4019	5.0
4036	3.0
4223	4.5
4226	5.0
4564	4.0
4776	3.5
4878	4.0
4901	4.5
4963	5.0
4993	3.0
5060	3.0
5064	4.5
5065	4.0
5267	4.5
5349	4.0
5378	4.0
5418	4.0
5445	4.0
5464	4.5
5502	4.5
5630	3.5
6539	5.0
6808	4.5
6979	4.5
7018	4.5
7027	5.0
7143	4.5
7263	4.0
7502	5.0
8493	5.0
8783	4.0
8972	3.0
26614	5.0
30749	4.0
32031	4.0
32587	4.5
33493	5.0
33660	4.0
33794	4.5
37240	4.5
40583	3.5
44195	4.5
44199	4.0
45722	3.0
48304	4.5
48516	4.0
48780	4.0
54286	4.5
54997	4.5
55290	4.5
56174	3.5
58559	4.5
71535	3.5
73321	4.5
74795	4.5
79091	4.0
79702	4.5
84954	4.0
89745	3.5
91500	4.5
