1	3.0
5	1.0
16	4.5
21	4.0
24	4.0
27	2.0
31	3.0
32	4.0
34	4.0
39	4.0
47	4.0
48	1.0
50	5.0
61	2.0
69	2.5
70	3.0
88	2.0
104	3.0
111	5.0
123	4.0
141	3.5
153	1.0
158	3.0
160	1.0
169	1.0
170	3.0
173	2.5
175	5.0
179	1.0
180	4.0
185	1.5
188	3.5
203	3.0
207	2.0
208	1.0
223	5.0
231	1.0
233	4.0
235	4.0
253	3.0
260	5.0
273	2.0
288	5.0
292	3.0
293	5.0
296	5.0
300	4.0
312	2.0
316	3.5
318	4.0
319	4.0
327	4.0
332	2.0
333	2.0
338	4.0
344	4.0
345	4.0
348	4.0
353	4.0
355	2.5
356	3.5
357	3.0
358	4.0
364	4.0
366	3.0
367	4.0
368	3.0
372	4.0
377	3.0
410	4.0
419	1.0
432	2.0
435	3.0
441	4.0
442	3.5
454	2.0
455	2.0
457	3.5
466	2.0
471	4.0
480	4.5
482	4.0
485	2.0
500	4.0
518	3.0
520	4.0
529	3.0
541	5.0
543	4.0
546	2.0
550	4.0
551	5.0
555	4.0
558	1.0
586	4.5
588	5.0
589	4.0
592	5.0
593	5.0
594	3.0
595	4.0
596	4.0
608	5.0
610	3.0
616	3.0
628	4.0
648	3.0
661	4.0
663	5.0
671	5.0
673	4.0
707	3.0
709	4.0
719	4.0
733	4.0
743	3.0
750	5.0
765	2.0
778	4.0
780	3.0
783	2.0
784	4.0
801	3.0
832	3.0
858	5.0
903	4.0
904	4.0
908	4.5
919	5.0
923	3.0
924	5.0
928	3.5
953	3.0
968	4.0
1013	3.0
1022	2.0
1023	4.0
1024	4.0
1025	4.0
1028	4.0
1029	3.0
1030	2.0
1032	5.0
1033	4.0
1035	2.0
1036	4.5
1051	5.0
1060	4.0
1064	2.0
1073	4.0
1079	4.0
1080	5.0
1086	4.0
1088	3.0
1089	4.0
1097	3.0
1104	3.5
1111	4.0
1126	3.0
1136	5.0
1186	4.0
1194	3.0
1196	4.0
1197	5.0
1198	4.0
1199	4.5
1200	4.0
1202	5.0
1206	5.0
1208	5.0
1213	5.0
1214	5.0
1215	5.0
1219	5.0
1220	4.0
1222	5.0
1225	4.0
1230	4.0
1234	4.0
1235	5.0
1240	4.0
1241	3.5
1243	5.0
1252	5.0
1255	3.0
1256	4.0
1258	5.0
1259	4.0
1261	5.0
1265	5.0
1268	4.0
1270	4.0
1271	3.0
1274	5.0
1278	4.0
1282	4.0
1284	4.0
1285	5.0
1288	5.0
1291	3.5
1298	4.0
1301	3.5
1320	4.0
1321	4.0
1327	4.0
1333	4.0
1339	4.0
1342	3.5
1345	5.0
1347	5.0
1350	4.0
1366	3.0
1377	5.0
1380	4.0
1391	4.0
1393	2.0
1394	4.0
1405	3.0
1407	3.5
1411	4.0
1416	1.0
1449	4.0
1466	4.0
1476	3.0
1483	4.5
1485	2.0
1500	4.0
1517	3.0
1527	3.5
1552	3.5
1566	3.0
1580	4.0
1584	4.0
1594	4.0
1597	2.0
1608	3.5
1617	4.0
1625	4.0
1635	4.0
1639	4.0
1641	4.0
1644	1.0
1645	4.0
1673	4.0
1682	4.0
1688	3.0
1690	3.0
1701	3.5
1717	3.0
1719	5.0
1722	2.0
1729	3.0
1732	4.5
1747	4.0
1748	4.0
1754	4.0
1760	3.0
1772	2.0
1777	2.0
1784	3.0
1805	3.0
1810	3.0
1875	3.0
1882	1.0
1884	4.0
1907	3.0
1912	3.0
1919	2.5
1920	3.0
1921	5.0
1923	1.5
1924	2.0
1947	4.0
1962	3.0
1967	4.0
1968	3.0
1969	3.0
1970	4.0
1971	3.5
1982	4.0
1991	4.0
1994	4.0
1997	5.0
1999	4.5
2003	4.0
2004	3.0
2011	3.0
2018	3.0
2036	3.0
2052	3.5
2053	2.5
2054	2.0
2058	4.0
2060	3.0
2064	4.5
2065	4.0
2076	5.0
2078	4.0
2080	4.0
2081	4.0
2082	2.0
2083	3.5
2085	3.0
2087	2.0
2089	3.5
2090	3.0
2092	1.0
2093	4.0
2094	3.0
2096	2.0
2099	4.0
2105	3.0
2107	2.0
2108	5.0
2109	3.0
2115	4.0
2123	4.0
2124	4.0
2133	3.0
2136	2.0
2137	3.0
2139	4.0
2141	4.0
2142	3.0
2155	4.0
2159	3.0
2160	4.0
2161	3.0
2163	3.0
2167	4.0
2174	5.0
2176	4.0
2183	3.5
2186	4.0
2203	4.5
2268	4.0
2278	4.0
2279	2.0
2282	3.0
2288	4.5
2289	4.0
2291	5.0
2296	1.0
2302	4.0
2312	4.0
2316	2.0
2318	5.0
2320	4.0
2328	3.5
2329	4.0
2335	2.0
2338	1.5
2346	3.5
2352	3.0
2387	4.0
2395	5.0
2396	2.0
2406	4.0
2413	4.0
2428	2.5
2455	3.5
2459	5.0
2460	3.0
2502	3.0
2504	3.0
2505	3.0
2513	3.0
2517	3.5
2529	4.0
2541	3.0
2542	4.0
2548	3.0
2551	4.0
2553	4.0
2560	4.0
2567	3.0
2571	5.0
2580	4.0
2599	4.0
2606	3.0
2628	2.0
2640	4.0
2657	5.0
2683	1.0
2686	4.0
2687	2.0
2692	5.0
2694	2.0
2700	4.0
2702	4.0
2706	3.0
2709	4.0
2710	4.0
2712	3.0
2716	4.0
2723	4.0
2729	4.0
2746	4.0
2759	3.5
2761	4.0
2762	4.0
2770	4.0
2772	4.0
2788	4.0
2791	4.0
2804	4.0
2806	2.0
2846	3.0
2857	3.0
2858	4.0
2871	4.0
2877	4.0
2883	3.0
2890	4.0
2907	1.0
2918	4.0
2924	4.0
2926	4.0
2953	4.0
2959	5.0
2985	5.0
2987	5.0
2997	4.0
3000	4.0
3006	3.0
3008	5.0
3018	4.0
3019	4.0
3033	4.0
3034	3.0
3044	3.0
3052	5.0
3081	4.0
3087	4.0
3107	4.0
3113	2.0
3159	4.0
3160	4.0
3174	4.0
3175	3.5
3176	3.0
3181	4.0
3186	3.0
3208	3.0
3247	4.0
3248	2.5
3249	4.0
3250	3.5
3252	3.0
3253	4.0
3254	2.0
3255	3.0
3257	3.0
3258	3.5
3264	3.0
3273	2.5
3275	4.0
3298	4.0
3300	3.0
3301	3.0
3327	4.0
3354	3.0
3396	4.0
3397	3.0
3398	4.0
3409	4.0
3418	3.0
3438	3.0
3461	4.0
3471	4.5
3476	5.0
3481	4.0
3484	2.0
3499	4.0
3526	4.0
3535	3.0
3536	3.0
3545	4.0
3546	4.0
3549	5.0
3552	3.5
3557	3.0
3578	3.5
3608	4.0
3615	1.0
3616	2.0
3617	2.0
3676	3.0
3686	4.0
3730	4.0
3745	3.0
3751	3.0
3760	4.0
3785	1.0
3786	4.0
3793	3.0
3794	4.0
3809	4.0
3812	4.0
3835	1.5
3863	3.0
3868	4.0
3882	4.0
3897	4.0
3911	5.0
3917	3.5
3949	5.0
3972	4.0
3973	3.0
3977	2.0
3993	2.0
3994	2.0
4007	4.0
4010	3.5
4011	4.0
4016	4.0
4022	4.0
4027	4.0
4030	1.0
4034	4.0
4036	4.0
4040	3.0
4061	3.5
4085	3.0
4102	4.0
4105	4.0
4128	4.0
4148	3.0
4158	2.0
4210	4.0
4225	4.0
4226	4.0
4239	3.5
4262	4.5
4306	4.0
4308	2.0
4321	3.0
4368	3.0
4437	5.0
4448	3.0
4480	3.0
4519	4.0
4533	3.5
4571	4.0
4623	3.0
4624	5.0
4642	4.5
4676	3.0
4678	4.0
4679	3.0
4701	3.0
4718	2.0
4720	3.0
4725	3.0
4734	3.0
4754	3.0
4816	2.0
4846	4.0
4865	4.0
4873	4.0
4886	3.0
4896	4.0
4914	4.0
4936	3.0
4951	4.0
4980	4.0
4993	4.0
5072	4.0
5105	3.5
5111	3.5
5218	4.0
5225	4.0
5266	4.0
5269	4.0
5349	4.0
5378	3.0
5445	4.0
5528	4.0
5630	4.0
5669	5.0
5679	4.0
5782	5.0
5785	4.0
5810	4.0
5816	4.0
5853	4.0
5902	4.0
5945	3.5
5952	4.0
5959	3.5
5970	3.0
5992	4.0
6016	4.5
6104	4.0
6242	4.0
6250	4.0
6281	3.5
6323	3.0
6333	3.5
6365	3.5
6377	3.5
6379	4.0
6440	4.5
6502	4.5
6539	3.5
6615	3.0
6659	3.5
6707	3.5
6731	3.5
6773	4.0
6774	4.0
6807	4.0
6863	3.0
6874	3.5
6890	2.5
6893	4.0
6942	2.0
6957	3.5
6987	4.0
7147	4.0
7160	4.0
7318	1.0
7360	4.0
7361	4.0
7387	3.5
7802	4.0
8340	4.5
8360	3.5
8366	4.0
8368	4.0
8376	4.0
8464	3.5
8507	3.5
8604	3.5
8665	3.0
8784	3.5
8807	3.5
8827	4.5
8874	4.5
8910	4.5
8917	3.0
8950	2.5
8957	4.0
8961	4.5
27660	4.0
27772	3.5
30793	3.0
30810	4.5
32019	3.0
32587	4.0
33004	4.5
33493	2.5
33615	3.0
33679	2.5
33794	4.0
34048	2.0
34338	5.0
34405	4.0
40732	3.5
40815	3.5
48394	4.0
51255	5.0
51540	3.5
52281	4.0
52319	4.5
52435	4.0
53519	4.0
53953	3.0
54001	4.5
54995	4.0
55282	4.0
55820	4.5
56757	3.5
57274	4.0
57669	4.5
58559	4.5
59315	4.5
60684	4.0
61132	4.0
61240	4.5
61323	4.0
62956	4.0
63859	3.5
66097	4.0
66934	4.5
68157	4.5
68358	4.5
69481	4.5
69844	4.0
70286	4.5
71535	4.5
72998	2.5
73017	4.0
77561	4.0
79091	4.0
79132	4.0
80219	3.5
80549	4.0
81834	4.0
82459	4.0
83134	4.5
86332	4.5
86347	4.0
88125	4.0
88129	4.0
88140	4.0
89745	4.5
91500	4.5
91529	3.5
93840	4.5
94777	3.5
94959	4.0
96737	4.5
97304	4.0
97306	4.5
97913	4.5
98961	4.0
99114	4.5
102125	4.0
102445	4.0
103228	4.5
103249	4.0
103335	4.0
103341	4.0
104841	4.0
104879	4.5
106072	3.5
106696	3.0
106916	3.5
108932	4.5
109374	4.0
110102	4.5
112852	4.0
