1	5.0
2	4.0
8	4.0
10	4.0
11	4.0
14	4.0
29	4.0
34	4.0
39	3.0
47	4.0
48	3.0
50	3.0
58	4.0
60	4.0
62	3.0
82	4.0
86	4.0
87	3.0
110	4.0
141	5.0
144	3.0
147	4.0
150	4.0
151	4.0
153	4.0
154	4.0
158	4.0
162	5.0
169	3.0
175	3.0
180	4.0
198	4.0
205	4.0
207	4.0
208	4.0
216	2.0
224	4.0
230	4.0
231	3.0
235	4.0
239	3.0
256	3.0
260	5.0
262	4.0
276	4.0
288	4.0
296	4.0
300	4.0
314	4.0
316	4.0
318	4.0
337	4.0
339	4.0
344	3.0
346	4.0
349	4.0
350	4.0
351	4.0
353	4.0
355	2.0
356	4.0
364	5.0
365	4.0
367	4.0
374	4.0
377	4.0
380	4.0
383	4.0
410	4.0
412	3.0
419	3.0
431	4.0
432	3.0
435	3.0
440	4.0
441	5.0
442	4.0
454	4.0
455	3.0
457	4.0
458	3.0
460	3.0
466	2.0
471	4.0
473	2.0
474	4.0
477	4.0
480	5.0
484	4.0
485	3.0
491	4.0
494	4.0
500	4.0
502	2.0
505	3.0
507	4.0
515	4.0
524	4.0
527	5.0
529	4.0
539	3.0
541	3.0
553	4.0
558	3.0
562	4.0
569	3.0
575	4.0
585	4.0
586	4.0
587	4.0
588	5.0
589	5.0
590	4.0
592	4.0
593	5.0
594	4.0
595	5.0
596	5.0
608	4.0
647	4.0
648	3.0
653	4.0
661	4.0
673	3.0
700	2.0
711	3.0
714	4.0
724	3.0
733	4.0
736	4.0
737	1.0
748	5.0
750	4.0
765	3.0
778	5.0
780	4.0
784	3.0
786	4.0
788	3.0
800	5.0
801	3.0
808	4.0
818	4.0
828	4.0
829	1.0
832	4.0
833	2.0
837	3.0
848	3.0
851	2.0
858	4.0
866	5.0
881	4.0
899	4.0
903	5.0
910	4.0
912	5.0
913	5.0
919	5.0
920	4.0
923	5.0
924	5.0
944	5.0
953	5.0
969	5.0
986	4.0
991	4.0
994	3.0
1008	3.0
1009	4.0
1012	4.0
1013	4.0
1015	3.0
1017	4.0
1019	5.0
1021	3.0
1027	4.0
1028	4.0
1029	4.0
1035	5.0
1036	4.0
1042	4.0
1054	4.0
1059	4.0
1060	4.0
1073	4.0
1079	4.0
1091	4.0
1092	3.0
1093	3.0
1096	4.0
1097	5.0
1100	3.0
1101	4.0
1104	4.0
1111	4.0
1120	4.0
1126	3.0
1127	4.0
1131	4.0
1147	4.0
1171	4.0
1172	4.0
1183	3.0
1188	4.0
1193	4.0
1196	5.0
1198	5.0
1200	4.0
1204	4.0
1206	4.0
1207	5.0
1208	5.0
1210	5.0
1213	4.0
1214	4.0
1216	4.0
1219	4.0
1220	4.0
1221	4.0
1222	4.0
1228	4.0
1230	3.0
1234	4.0
1235	4.0
1240	4.0
1244	3.0
1246	4.0
1253	5.0
1254	5.0
1259	4.0
1270	5.0
1272	4.0
1274	3.0
1278	4.0
1282	4.0
1284	5.0
1285	4.0
1287	4.0
1288	4.0
1290	4.0
1291	4.0
1292	3.0
1296	3.0
1297	4.0
1300	5.0
1302	4.0
1307	3.0
1333	4.0
1339	4.0
1340	5.0
1343	4.0
1356	4.0
1357	4.0
1358	4.0
1370	4.0
1371	4.0
1372	4.0
1373	3.0
1374	4.0
1375	4.0
1376	4.0
1377	3.0
1378	4.0
1379	4.0
1380	4.0
1385	4.0
1387	4.0
1388	4.0
1391	4.0
1393	4.0
1396	4.0
1405	2.0
1407	3.0
1411	5.0
1431	2.0
1438	4.0
1441	3.0
1446	4.0
1453	4.0
1461	4.0
1466	4.0
1474	4.0
1476	4.0
1487	4.0
1488	4.0
1499	4.0
1513	3.0
1515	4.0
1517	4.0
1518	4.0
1527	4.0
1542	3.0
1544	4.0
1552	4.0
1562	3.0
1566	3.0
1569	4.0
1573	4.0
1580	4.0
1584	4.0
1587	3.0
1595	3.0
1603	4.0
1608	4.0
1610	4.0
1616	4.0
1617	5.0
1625	4.0
1633	4.0
1639	3.0
1653	4.0
1665	2.0
1673	3.0
1674	4.0
1676	4.0
1682	4.0
1686	4.0
1693	5.0
1704	3.0
1707	3.0
1713	4.0
1721	5.0
1729	4.0
1747	4.0
1772	5.0
1777	4.0
1784	3.0
1792	4.0
1794	4.0
1801	4.0
1810	4.0
1831	4.0
1833	4.0
1848	3.0
1876	4.0
1882	4.0
1883	4.0
1911	3.0
1914	4.0
1916	4.0
1917	4.0
1918	4.0
1920	4.0
1923	2.0
1931	4.0
1939	5.0
1940	5.0
1942	4.0
1947	5.0
1948	3.0
1951	4.0
1952	4.0
1954	4.0
1955	4.0
1958	4.0
1960	4.0
1961	4.0
1962	4.0
1968	4.0
1974	3.0
1992	1.0
1993	1.0
1994	4.0
2001	4.0
2003	4.0
2005	4.0
2011	4.0
2012	4.0
2018	5.0
2020	4.0
2022	5.0
2027	1.0
2028	4.0
2034	3.0
2043	3.0
2046	4.0
2052	4.0
2053	3.0
2054	4.0
2058	4.0
2059	4.0
2064	4.0
2067	5.0
2078	4.0
2087	3.0
2088	2.0
2091	4.0
2094	4.0
2107	4.0
2114	4.0
2115	4.0
2124	4.0
2125	4.0
2132	5.0
2133	3.0
2134	4.0
2135	3.0
2142	3.0
2144	4.0
2145	4.0
2161	4.0
2162	3.0
2167	4.0
2174	4.0
2194	4.0
2240	4.0
2241	3.0
2249	4.0
2268	4.0
2288	4.0
2291	4.0
2294	4.0
2302	4.0
2315	4.0
2316	3.0
2318	5.0
2320	4.0
2321	4.0
2324	5.0
2329	4.0
2333	5.0
2335	4.0
2366	5.0
2367	3.0
2369	3.0
2374	4.0
2382	2.0
2392	2.0
2394	4.0
2395	4.0
2408	3.0
2410	3.0
2411	3.0
2413	4.0
2414	3.0
2416	4.0
2420	4.0
2421	3.0
2422	3.0
2427	4.0
2428	4.0
2450	1.0
2453	3.0
2455	4.0
2469	3.0
2473	3.0
2474	4.0
2476	4.0
2496	2.0
2517	3.0
2518	4.0
2529	5.0
2530	4.0
2531	4.0
2539	3.0
2541	4.0
2546	5.0
2553	4.0
2555	1.0
2565	4.0
2571	5.0
2606	4.0
2617	4.0
2628	4.0
2639	4.0
2640	4.0
2641	4.0
2642	3.0
2648	5.0
2657	4.0
2664	5.0
2694	4.0
2699	4.0
2701	4.0
2706	5.0
2710	2.0
2713	4.0
2716	4.0
2717	3.0
2719	5.0
2722	4.0
2734	4.0
2739	3.0
2745	4.0
2746	4.0
2761	5.0
2762	5.0
2789	4.0
2791	3.0
2795	4.0
2797	4.0
2798	3.0
2803	4.0
2808	4.0
2841	5.0
2857	4.0
2860	4.0
2863	4.0
2877	4.0
2890	4.0
2915	4.0
2916	4.0
2936	4.0
2946	4.0
2947	4.0
2948	5.0
2949	4.0
2950	3.0
2953	4.0
2959	4.0
2987	5.0
2993	4.0
3005	4.0
3015	5.0
3039	4.0
3060	4.0
3068	4.0
3070	2.0
3071	4.0
3081	4.0
3087	3.0
3095	5.0
3104	4.0
3105	4.0
3108	4.0
3135	4.0
3147	5.0
3148	4.0
3178	5.0
3185	3.0
3189	4.0
3196	5.0
3210	4.0
3243	3.0
3244	4.0
3252	4.0
3253	4.0
3255	4.0
3256	4.0
3258	4.0
3263	4.0
3269	4.0
3296	4.0
3308	3.0
3330	4.0
3334	5.0
3359	4.0
3361	4.0
3386	5.0
3387	4.0
3388	3.0
3405	4.0
3412	5.0
3421	4.0
3441	4.0
3448	3.0
3461	4.0
3469	5.0
3471	5.0
3478	3.0
3480	4.0
3489	4.0
3500	3.0
3524	3.0
3552	4.0
3591	4.0
3633	4.0
3638	3.0
3686	4.0
3701	3.0
3703	4.0
3705	3.0
3733	4.0
3735	4.0
3740	3.0
3754	3.0
3770	4.0
3809	4.0
3868	4.0
5060	4.0
