1	2.0
2	3.0
5	1.5
10	3.0
11	3.0
16	3.5
17	3.0
18	3.0
19	0.5
21	1.0
22	0.5
24	3.5
25	2.5
29	5.0
31	2.0
32	5.0
36	3.0
39	3.5
44	3.0
45	3.0
46	2.5
47	4.0
50	5.0
52	3.5
58	4.0
62	0.5
65	1.5
69	3.0
70	3.0
72	4.0
74	2.5
81	3.5
92	1.5
97	3.5
101	5.0
104	2.0
105	2.0
110	3.0
111	4.0
117	4.0
125	3.5
141	3.0
144	3.5
150	3.0
153	2.0
158	3.5
162	4.0
163	4.0
165	3.0
168	2.0
170	4.0
172	3.0
173	1.5
177	3.0
180	4.0
185	3.0
186	2.0
190	3.0
193	2.5
196	2.5
198	3.5
203	3.0
207	1.5
208	1.5
215	4.0
216	3.5
218	1.5
222	2.5
223	4.0
230	4.0
231	0.5
232	3.5
235	4.0
236	1.0
247	3.5
252	2.5
253	3.5
256	0.5
260	5.0
265	5.0
266	3.0
273	2.0
282	3.0
288	3.5
292	2.5
293	4.5
296	5.0
300	3.0
303	2.5
314	2.0
316	3.5
318	5.0
319	3.0
327	4.0
329	4.0
333	3.5
337	4.0
339	3.0
344	0.5
345	3.0
350	3.0
353	4.0
355	2.0
356	3.5
357	3.0
358	3.0
364	3.0
367	2.0
368	3.0
372	3.5
376	1.0
377	3.0
380	1.0
381	1.0
408	3.0
410	1.5
412	3.5
413	3.0
432	2.5
434	0.5
435	2.0
441	4.0
442	2.5
454	3.0
455	1.0
471	4.0
475	3.5
480	3.0
481	4.0
482	3.5
492	3.5
500	3.0
508	3.5
509	3.0
515	3.5
520	3.0
524	2.5
527	4.0
535	4.0
538	3.0
539	0.5
540	2.5
541	5.0
543	3.0
551	4.5
552	2.0
553	3.0
555	4.5
556	4.0
562	4.5
585	2.0
586	2.5
587	2.5
588	3.5
590	4.0
592	4.0
593	5.0
594	3.5
595	4.0
596	3.5
597	2.5
608	5.0
610	3.0
611	3.0
616	3.5
648	4.0
653	2.0
661	5.0
671	3.0
673	1.0
674	4.0
678	4.0
680	3.0
700	3.5
708	2.5
709	1.5
714	3.5
720	5.0
724	4.0
733	3.0
736	1.0
741	4.0
745	4.0
750	5.0
762	3.0
766	3.5
778	4.0
780	3.0
783	1.5
784	3.5
785	4.0
788	1.0
802	0.5
804	3.0
805	3.5
832	2.0
836	2.0
837	3.0
838	3.0
839	3.0
858	5.0
866	4.0
898	4.5
904	4.0
906	4.5
908	5.0
912	4.0
913	4.0
914	4.0
919	5.0
920	5.0
922	4.5
923	4.5
924	3.0
926	4.5
928	4.0
968	3.0
1008	4.0
1009	2.5
1010	2.5
1013	2.5
1017	2.5
1019	3.5
1022	3.0
1025	3.0
1027	3.0
1028	4.0
1029	3.5
1030	3.0
1031	3.0
1032	3.0
1035	4.0
1036	3.5
1037	1.0
1042	3.5
1059	0.5
1060	2.0
1061	3.0
1073	4.5
1077	4.0
1078	3.5
1080	5.0
1084	4.0
1088	4.0
1089	5.0
1091	1.5
1092	2.5
1093	3.0
1094	4.0
1095	4.0
1097	4.0
1099	3.0
1100	3.0
1101	3.5
1104	4.0
1120	3.0
1124	3.5
1127	2.0
1135	3.5
1136	5.0
1148	5.0
1175	5.0
1177	2.5
1178	4.5
1179	4.0
1183	4.0
1189	4.0
1193	5.0
1196	5.0
1197	5.0
1198	5.0
1199	5.0
1200	4.5
1201	4.5
1202	3.5
1203	5.0
1204	4.5
1206	5.0
1207	4.0
1208	3.5
1209	5.0
1210	4.0
1211	4.5
1212	4.5
1213	3.5
1214	5.0
1215	4.0
1219	5.0
1220	3.0
1221	4.0
1222	4.0
1223	4.5
1225	4.0
1230	4.0
1231	4.0
1233	4.0
1234	4.5
1235	5.0
1237	4.0
1240	4.0
1242	4.0
1243	2.0
1244	3.5
1245	4.0
1246	5.0
1247	5.0
1248	4.0
1249	5.0
1251	4.0
1252	5.0
1253	3.5
1257	3.0
1258	5.0
1259	4.0
1260	4.0
1261	4.0
1262	4.5
1263	2.0
1265	4.0
1266	4.0
1267	5.0
1268	3.5
1270	3.0
1271	4.0
1273	4.5
1275	4.0
1276	4.0
1277	3.0
1280	4.0
1282	5.0
1285	5.0
1288	4.5
1291	5.0
1293	4.0
1295	3.5
1297	4.5
1298	2.0
1301	4.0
1302	4.0
1304	4.0
1307	3.5
1320	3.5
1327	2.0
1333	3.5
1339	3.5
1345	4.0
1350	4.0
1356	3.5
1358	4.5
1361	4.5
1367	3.0
1370	3.0
1371	3.5
1372	1.5
1373	3.5
1374	4.0
1375	3.5
1376	3.0
1377	3.5
1378	3.0
1379	2.5
1380	3.5
1385	1.0
1387	3.0
1391	3.0
1392	4.0
1393	4.0
1394	4.0
1396	5.0
1405	3.0
1407	2.5
1408	3.0
1409	1.5
1441	3.0
1449	4.0
1464	3.0
1479	4.0
1483	3.5
1485	1.5
1499	1.0
1500	3.5
1513	3.0
1517	4.5
1527	4.0
1544	3.0
1552	2.5
1569	1.5
1573	1.5
1580	2.0
1584	4.0
1586	2.5
1587	3.5
1589	2.0
1590	1.5
1591	3.5
1597	0.5
1603	1.5
1608	3.0
1610	4.5
1611	3.0
1617	5.0
1625	4.5
1635	4.5
1639	4.0
1641	4.0
1644	1.0
1645	5.0
1653	2.0
1658	2.0
1663	3.5
1673	2.0
1674	3.5
1676	2.5
1678	3.0
1680	2.0
1682	3.0
1688	3.0
1690	5.0
1693	2.5
1704	4.5
1711	3.0
1717	3.0
1719	4.5
1721	0.5
1722	2.5
1729	4.0
1732	5.0
1735	3.5
1747	1.0
1748	4.5
1753	3.0
1760	3.0
1777	4.0
1779	0.5
1784	5.0
1805	2.5
1831	1.0
1835	0.5
1876	1.0
1884	4.5
1885	3.5
1894	1.5
1895	3.0
1909	2.5
1912	3.5
1916	4.0
1917	3.0
1921	1.5
1923	2.0
1951	4.0
1952	4.0
1953	3.0
1954	4.0
1955	3.0
1956	1.0
1958	4.0
1960	4.0
1961	3.0
1962	4.0
1967	5.0
1968	5.0
1994	3.0
1997	3.0
2000	3.0
2001	1.0
2003	3.5
2005	4.0
2006	3.0
2010	5.0
2011	3.0
2012	3.0
2015	3.0
2017	2.5
2018	3.5
2020	4.0
2021	5.0
2022	4.0
2028	4.0
2033	4.0
2043	4.0
2046	3.0
2054	2.0
2058	2.5
2064	3.0
2065	4.0
2067	4.0
2076	3.0
2077	3.0
2078	4.0
2080	3.0
2081	3.0
2083	4.0
2085	2.5
2087	2.5
2090	4.0
2091	2.5
2093	3.0
2096	3.0
2097	2.0
2099	2.5
2100	2.5
2105	3.0
2106	3.0
2109	4.5
2114	4.0
2115	4.0
2116	2.0
2117	2.5
2120	1.5
2122	2.0
2124	2.0
2132	4.5
2133	3.0
2134	3.5
2136	3.5
2137	3.0
2138	3.0
2139	4.0
2140	5.0
2141	3.0
2143	4.0
2144	3.0
2145	4.0
2146	3.5
2150	4.5
2155	4.0
2159	3.0
2160	3.5
2161	4.0
2162	2.0
2167	2.5
2174	4.0
2186	4.5
2193	5.0
2231	3.5
2232	2.0
2240	2.0
2245	1.5
2248	4.0
2253	2.5
2263	3.0
2268	3.0
2273	3.0
2279	1.5
2291	5.0
2294	3.5
2296	1.0
2297	2.0
2300	4.0
2302	3.5
2303	4.0
2318	3.5
2321	2.0
2324	4.5
2329	3.0
2330	3.5
2335	3.0
2346	3.0
2348	3.0
2352	3.5
2353	1.0
2355	3.0
2359	3.5
2369	3.0
2371	3.5
2375	3.5
2378	3.0
2387	0.5
2389	0.5
2391	1.0
2393	3.0
2395	5.0
2396	3.5
2399	2.0
2406	3.0
2407	3.0
2410	2.0
2413	2.5
2414	2.5
2420	3.0
2422	2.5
2423	3.0
2424	1.0
2427	0.5
2428	3.0
2454	4.0
2455	4.5
2467	5.0
2470	3.0
2478	3.0
2495	5.0
2496	1.0
2502	4.5
2504	3.5
2511	3.5
2513	1.0
2529	5.0
2530	3.5
2533	3.0
2541	3.5
2542	4.0
2567	0.5
2571	5.0
2572	1.5
2579	4.0
2580	3.5
2581	3.0
2599	4.0
2616	1.5
2617	1.5
2628	4.0
2640	2.0
2641	3.0
2642	4.0
2657	3.5
2671	2.5
2672	3.0
2683	3.0
2686	4.0
2692	5.0
2693	4.0
2694	4.0
2699	1.5
2701	0.5
2706	2.5
2710	0.5
2712	2.0
2716	4.0
2717	3.0
2723	2.5
2724	1.5
2726	3.5
2730	4.0
2731	4.0
2732	4.0
2739	3.5
2746	3.0
2761	4.0
2762	5.0
2763	1.5
2764	4.5
2779	2.5
2787	2.0
2788	4.5
2789	2.5
2791	4.0
2797	3.5
2803	3.5
2804	4.0
2822	1.0
2840	1.5
2857	4.5
2858	5.0
2863	4.0
2871	3.0
2872	3.0
2875	1.0
2877	3.0
2890	4.0
2899	3.5
2916	4.0
2918	5.0
2921	4.0
2926	3.5
2940	3.5
2942	4.5
2946	4.0
2947	4.0
2952	3.5
2959	5.0
2966	4.0
2968	5.0
2987	4.0
2997	3.0
3000	5.0
3007	4.0
3019	3.0
3033	2.5
3034	5.0
3039	4.0
3052	4.0
3060	0.5
3070	4.5
3071	4.0
3072	3.0
3081	4.0
3082	2.5
3087	4.0
3100	4.0
3101	3.0
3105	2.5
3108	4.0
3142	3.0
3146	2.0
3147	4.0
3148	3.5
3152	4.5
3156	0.5
3160	2.0
3167	3.5
3168	4.0
3174	3.0
3175	0.5
3178	4.0
3196	4.0
3200	3.5
3210	5.0
3247	2.5
3252	3.5
3253	4.0
3254	2.0
3255	2.5
3257	1.0
3259	3.0
3261	4.0
3262	4.5
3263	2.0
3264	3.0
3274	3.5
3317	4.5
3328	4.0
3334	3.5
3354	3.0
3355	4.0
3361	3.5
3396	5.0
3397	4.0
3398	3.0
3408	4.0
3409	2.5
3418	4.5
3421	4.0
3424	3.0
3429	4.5
3435	4.5
3438	2.0
3441	2.0
3448	3.0
3450	3.0
3461	1.0
3467	3.5
3471	5.0
3477	3.0
3478	3.0
3479	3.5
3481	5.0
3489	3.0
3499	3.5
3504	4.5
3513	3.0
3521	4.0
3524	3.5
3535	3.0
3536	3.0
3545	3.5
3551	4.0
3552	4.0
3556	3.0
3578	3.0
3608	3.5
3617	3.5
3618	3.5
3623	3.0
3624	4.5
3633	4.5
3668	5.0
3671	4.5
3676	3.0
3683	4.5
3685	3.5
3686	1.0
3698	3.5
3699	3.0
3701	3.0
3702	2.0
3735	4.5
3740	4.0
3741	4.0
3744	2.0
3745	1.5
3747	5.0
3751	3.5
3760	4.0
3785	3.0
3791	3.0
3793	4.0
3801	3.5
3812	3.5
3825	1.5
3827	3.0
3844	3.0
3863	1.5
3897	5.0
3910	1.5
3911	4.5
3917	3.0
3925	4.0
3948	4.0
3949	3.0
3953	2.5
3969	0.5
3977	3.0
3996	4.5
3997	0.5
4002	3.5
4006	5.0
4011	4.5
4014	2.5
4018	2.0
4022	3.0
4027	5.0
4034	4.5
4036	4.0
4039	3.0
4041	3.0
4062	2.0
4085	3.0
4091	2.0
4103	4.5
4105	3.5
4121	2.5
4128	4.5
4132	2.0
4148	3.0
4161	3.0
4214	5.0
4226	5.0
4235	5.0
4239	3.0
4246	4.0
4254	0.5
4262	4.0
4280	4.0
4291	4.0
4306	3.0
4308	1.5
4321	3.0
4327	5.0
4333	2.0
4349	4.0
4351	3.0
4361	4.0
4367	3.0
4370	0.5
4378	3.0
4396	3.0
4406	4.5
4427	4.5
4464	3.5
4467	5.0
4474	1.5
4487	2.5
4489	2.5
4509	3.0
4545	4.0
4558	0.5
4571	4.0
4587	1.0
4621	0.5
4623	3.0
4624	2.5
4641	3.0
4642	4.0
4643	1.5
4649	4.0
4678	4.0
4681	3.0
4703	2.0
4713	2.0
4720	4.5
4754	3.5
4816	5.0
4835	5.0
4848	5.0
4857	5.0
4873	3.5
4878	5.0
4886	4.5
4896	4.0
4902	3.5
4911	3.0
4915	2.0
4936	2.0
4941	4.0
4951	0.5
4958	4.5
4963	4.0
4973	5.0
4975	1.5
4979	5.0
4980	3.0
4993	3.0
4995	3.5
5008	4.5
5013	3.0
5015	2.5
5039	3.5
5049	3.0
5060	5.0
5064	5.0
5066	0.5
5074	4.0
5103	2.0
5105	4.5
5135	4.0
5147	4.0
5151	4.0
5177	5.0
5225	5.0
5247	3.5
5265	3.0
5283	2.5
5291	4.0
5298	2.5
5299	0.5
5339	3.5
5349	3.0
5377	3.5
5378	4.0
5385	3.5
5388	3.5
5400	2.0
5418	3.0
5445	1.0
5446	3.5
5477	4.0
5508	3.0
5540	3.0
5617	5.0
5618	5.0
5650	5.0
5666	2.5
5669	3.0
5673	3.0
5679	3.0
5693	3.0
5782	4.0
5791	5.0
5796	3.5
5816	3.5
5902	4.0
5944	3.0
5945	4.0
5952	5.0
5954	3.0
5956	5.0
5971	4.0
5991	4.0
5995	3.5
6016	4.5
6062	4.5
6093	4.0
6104	4.0
6156	4.5
6188	3.0
6218	4.0
6223	3.0
6242	3.5
6296	2.5
6305	4.0
6333	4.5
6350	4.5
6365	4.5
6377	3.0
6380	4.0
6440	3.5
6502	4.0
6538	4.0
6539	4.5
6541	1.0
6550	2.5
6620	4.5
6645	3.0
6659	2.0
6709	5.0
6711	5.0
6743	3.5
6755	4.0
6773	5.0
6787	3.5
6791	4.0
6807	4.5
6863	3.5
6867	4.0
6870	3.5
6874	5.0
6890	1.0
6932	4.0
6934	2.5
6936	4.5
6942	3.5
6952	3.0
6953	3.5
6957	5.0
6979	4.5
7001	4.0
7013	3.5
7022	4.5
7034	4.0
7044	4.0
7045	4.0
7046	4.5
7060	3.0
7090	4.5
7123	3.5
7137	3.5
7139	3.5
7143	2.5
7147	3.0
7151	3.5
7153	3.5
7156	4.5
7160	4.5
7162	2.5
7163	3.5
7247	1.5
7254	2.5
7265	3.5
7285	3.0
7293	3.0
7325	4.0
7361	4.5
7366	2.5
7367	3.0
7371	3.0
7373	3.5
7376	1.0
7386	3.5
7438	5.0
7451	3.5
7454	3.0
7458	3.0
7460	4.0
7560	4.5
7669	4.5
7757	4.0
7827	2.5
7836	4.0
7841	3.5
7842	4.0
7934	4.0
8154	4.5
8169	3.0
8228	4.0
8360	4.0
8366	4.5
8368	4.5
8373	4.0
8376	5.0
8464	4.0
8477	4.0
8492	4.0
8507	3.0
8528	4.0
8581	3.5
8610	4.0
8622	4.5
8638	4.5
8641	4.0
8665	2.5
8690	3.0
8781	4.0
8783	3.5
8784	4.0
8798	4.0
8807	5.0
8865	3.5
8873	4.5
8874	4.5
8879	5.0
8910	3.0
8914	4.0
8917	2.5
8947	3.5
8948	2.5
8949	3.5
8950	4.0
8951	3.5
8957	3.5
8961	4.5
8965	3.0
8966	3.5
8969	4.0
8970	4.0
8972	2.5
8973	4.5
8974	3.0
8981	3.5
8984	4.0
8985	2.0
9018	4.5
26131	4.5
26133	4.5
26152	2.5
26662	4.0
26776	4.5
27266	3.5
27317	4.0
27611	5.0
27660	3.5
27706	3.5
27721	4.0
27790	4.0
27801	2.5
27839	2.5
27904	3.0
30707	4.0
30749	4.0
30793	3.0
30810	4.5
30812	4.0
30820	4.0
30850	3.5
30894	2.5
31658	4.5
31878	4.5
32587	4.0
33004	4.5
33162	4.0
33166	3.0
33171	4.0
33493	4.0
33679	2.0
33794	4.0
33880	4.0
34162	4.0
34319	2.0
34338	4.0
34405	4.0
34437	3.5
34520	3.0
34528	4.0
34532	3.0
34542	3.5
35836	4.5
36276	4.5
36401	4.0
36517	4.0
36535	3.5
37240	4.0
37384	3.0
37386	3.0
37727	3.0
37729	2.5
37733	3.5
37741	4.0
37857	3.5
38038	3.0
38304	4.0
38886	3.5
39183	4.0
39292	4.0
39381	4.0
39414	3.5
39446	2.5
40278	3.5
40583	4.0
40629	3.5
40815	4.5
41285	3.5
41566	3.0
41569	1.5
41571	3.0
41716	2.5
41997	3.0
42004	3.5
43376	3.0
44004	1.5
44191	4.5
44195	4.0
44199	4.0
44555	4.5
44665	4.0
44761	4.0
44788	4.0
44974	3.5
45028	3.5
45447	2.5
45499	3.0
45501	2.0
45517	3.5
45722	2.0
45728	3.5
45880	3.0
46578	4.5
46970	3.5
46976	4.0
47423	4.0
47610	4.0
47629	3.5
47997	2.0
47999	4.0
48043	3.5
48082	3.5
48385	3.5
48394	4.5
48516	4.0
48696	3.5
48738	4.0
48774	4.5
48780	4.0
48877	2.5
48997	4.5
49272	4.0
49278	3.0
49396	3.0
49772	4.0
49822	3.5
49932	3.0
49961	3.5
50685	4.0
50872	3.5
51255	3.5
51540	2.0
51662	3.0
52042	4.0
52241	3.5
52281	4.5
52328	3.5
52435	4.5
52722	3.5
52885	4.5
52952	4.0
52973	3.5
53000	3.0
53123	4.0
53125	3.0
53318	2.5
53322	2.5
53519	3.5
53894	4.0
53956	3.0
54001	4.5
54004	2.5
54190	2.5
54259	5.0
54272	4.0
54286	3.0
54503	3.5
54881	5.0
54995	4.0
54997	3.5
55052	2.5
55069	4.0
55118	4.0
55247	4.0
55269	3.5
55276	4.5
55280	4.0
55290	2.5
55363	4.0
55442	4.0
55444	4.0
55765	4.0
55805	3.5
55814	4.0
55820	4.5
55830	4.0
55908	3.0
55995	3.0
56152	2.0
56171	3.5
56174	3.5
56251	3.5
56333	3.5
56339	3.0
56367	4.5
56715	4.0
56757	2.0
56782	4.0
56788	4.0
56921	4.5
57640	3.5
57669	3.5
58025	1.0
58154	3.0
58295	3.5
58303	4.0
58559	3.5
58803	3.0
58998	3.5
59018	4.0
59126	4.0
59315	4.0
59387	4.5
59501	3.0
59615	2.5
60037	2.5
60069	4.5
60072	3.0
60161	3.5
60487	3.5
60684	3.5
60950	3.5
61024	2.0
61132	1.5
61236	3.0
61240	4.0
61323	4.0
61729	2.0
62155	3.5
62376	3.0
62434	3.5
62511	3.0
62849	2.5
62956	4.0
63072	4.0
63082	3.5
63113	2.0
63876	4.0
63992	3.5
64575	3.5
64620	4.0
64622	4.0
64839	4.0
64957	4.0
64969	4.0
65130	4.0
65216	3.5
65261	4.0
65642	3.0
66097	4.5
66297	4.0
66509	3.5
66934	4.5
67087	4.5
67197	1.5
67255	4.0
67267	4.0
67734	4.0
67997	4.5
68073	3.5
68157	4.0
68159	3.5
68237	3.5
68319	2.5
68358	4.0
68554	3.0
68848	4.0
68954	4.0
69122	2.0
69481	4.0
69757	4.0
69844	4.5
69951	4.0
70286	4.0
70293	4.0
70599	3.0
71057	2.0
71264	3.5
71282	5.0
71464	4.0
71518	5.0
71520	3.5
71535	3.5
71579	3.0
71899	4.0
72011	4.0
72226	4.5
72395	4.0
72720	3.5
72733	3.5
72737	3.5
72998	4.0
73017	4.0
73023	3.5
73266	4.0
73268	3.5
73321	3.0
74458	3.0
74545	4.0
74789	3.5
74795	4.0
76077	3.5
76093	4.5
76251	3.5
77455	4.0
77561	3.0
78574	4.5
79091	4.0
79132	4.0
79185	2.5
79242	4.0
79357	4.0
79702	4.0
80463	4.0
80489	3.5
80549	3.5
80906	4.5
80969	4.0
81564	3.0
81591	4.0
81834	4.0
81845	4.0
81847	3.0
82202	3.0
82459	4.0
82461	3.5
83349	3.5
84152	3.0
84954	4.0
85414	3.5
85510	1.0
86320	4.0
86332	3.0
86345	4.0
86347	4.0
86377	4.0
86833	4.0
86882	4.5
86898	2.5
87232	3.5
87306	2.5
87869	3.0
88125	4.5
88129	4.0
88163	4.0
88744	2.0
88810	3.0
89470	3.0
89492	4.0
89745	4.0
89753	3.5
89804	3.5
89864	3.5
89904	4.5
90405	2.5
90866	4.5
91077	4.0
91500	4.0
91529	3.0
91542	3.5
91630	2.5
91658	4.0
92535	4.5
93510	3.0
93840	4.0
94864	3.5
94959	5.0
95088	1.0
95167	4.0
95441	3.5
96610	3.0
97306	4.0
97752	4.0
97913	4.0
97921	3.5
97923	2.0
98809	3.5
99114	4.5
99149	3.5
