1	5.0
5	3.0
6	5.0
7	3.0
10	4.0
18	4.0
21	5.0
32	5.0
36	4.0
39	3.0
41	4.0
47	5.0
48	2.0
50	5.0
52	5.0
57	4.0
70	4.0
78	1.0
89	4.0
94	4.0
95	4.0
104	4.0
110	3.0
111	5.0
125	5.0
144	4.0
150	4.0
151	4.0
153	2.0
156	3.0
159	3.0
160	2.0
161	4.0
163	4.0
164	4.0
165	4.0
168	3.0
171	4.0
180	4.0
185	2.0
188	3.0
194	5.0
196	3.0
198	4.0
204	1.0
208	4.0
213	4.0
216	4.0
223	5.0
224	4.0
225	3.0
235	4.0
236	4.0
247	4.0
249	4.0
252	3.0
253	4.0
257	3.0
260	5.0
266	3.0
268	3.0
272	5.0
280	4.0
288	4.0
289	3.0
292	3.0
293	5.0
296	5.0
300	4.0
303	2.0
306	5.0
307	5.0
308	5.0
318	5.0
319	5.0
322	3.0
329	4.0
330	3.0
333	4.0
339	3.0
344	4.0
345	4.0
348	3.0
349	4.0
350	3.0
353	4.0
356	3.0
357	5.0
361	4.0
364	4.0
368	4.0
370	3.0
372	4.0
373	3.0
374	1.0
377	4.0
379	3.0
380	5.0
382	4.0
383	3.0
393	1.0
407	3.0
410	4.0
414	2.0
415	3.0
420	2.0
422	3.0
431	4.0
432	2.0
434	4.0
440	4.0
442	3.0
450	3.0
454	3.0
457	4.0
466	3.0
468	3.0
471	4.0
474	3.0
475	4.0
480	4.0
485	4.0
491	3.0
497	4.0
500	3.0
507	4.0
508	4.0
516	3.0
520	4.0
524	3.0
527	4.0
529	5.0
533	3.0
535	5.0
538	4.0
539	4.0
540	2.0
541	5.0
543	4.0
546	1.0
551	5.0
555	3.0
585	3.0
586	3.0
587	4.0
588	4.0
589	4.0
590	4.0
592	4.0
593	5.0
594	4.0
595	4.0
596	4.0
597	4.0
608	5.0
610	4.0
627	4.0
647	3.0
648	4.0
661	3.0
671	4.0
673	3.0
708	3.0
720	5.0
733	5.0
736	3.0
741	4.0
743	1.0
745	5.0
750	5.0
778	5.0
780	3.0
781	4.0
783	4.0
784	4.0
786	3.0
798	3.0
800	5.0
802	3.0
804	3.0
805	3.0
830	2.0
832	4.0
852	4.0
858	5.0
866	4.0
879	2.0
880	2.0
891	4.0
897	4.0
903	5.0
904	5.0
908	5.0
912	5.0
913	5.0
916	4.0
922	5.0
923	5.0
924	5.0
930	5.0
931	4.0
933	4.0
942	4.0
953	4.0
1020	3.0
1027	4.0
1029	4.0
1032	4.0
1036	4.0
1037	3.0
1042	2.0
1047	4.0
1049	4.0
1057	4.0
1059	3.0
1060	5.0
1061	4.0
1073	5.0
1079	5.0
1080	4.0
1086	4.0
1088	3.0
1089	5.0
1091	4.0
1092	4.0
1094	4.0
1095	5.0
1097	4.0
1100	3.0
1101	4.0
1120	3.0
1127	4.0
1131	4.0
1132	4.0
1136	5.0
1147	5.0
1148	5.0
1171	5.0
1176	3.0
1179	5.0
1183	4.0
1189	4.0
1190	4.0
1193	5.0
1196	5.0
1197	5.0
1198	5.0
1199	5.0
1200	4.0
1206	5.0
1207	5.0
1208	5.0
1210	4.0
1212	5.0
1213	5.0
1214	5.0
1215	4.0
1217	4.0
1218	4.0
1219	5.0
1220	4.0
1221	5.0
1222	5.0
1223	5.0
1224	5.0
1225	4.0
1230	5.0
1240	4.0
1242	4.0
1243	5.0
1245	5.0
1246	4.0
1247	5.0
1248	5.0
1249	5.0
1252	5.0
1253	4.0
1254	5.0
1258	5.0
1259	4.0
1260	5.0
1261	5.0
1264	3.0
1265	5.0
1266	4.0
1270	4.0
1271	3.0
1274	3.0
1275	4.0
1278	5.0
1284	5.0
1285	5.0
1287	4.0
1291	5.0
1296	3.0
1297	4.0
1298	4.0
1301	4.0
1302	4.0
1307	4.0
1321	5.0
1333	4.0
1339	4.0
1343	4.0
1345	4.0
1356	4.0
1357	4.0
1370	4.0
1372	4.0
1373	2.0
1374	4.0
1377	4.0
1378	4.0
1379	3.0
1380	4.0
1382	1.0
1387	4.0
1391	4.0
1393	4.0
1394	5.0
1396	5.0
1407	4.0
1408	4.0
1411	4.0
1425	4.0
1429	4.0
1441	4.0
1449	3.0
1459	3.0
1464	5.0
1466	3.0
1485	4.0
1488	3.0
1500	5.0
1517	4.0
1527	4.0
1544	3.0
1552	4.0
1573	5.0
1580	4.0
1584	3.0
1587	4.0
1589	4.0
1590	2.0
1591	2.0
1594	4.0
1597	3.0
1608	4.0
1610	5.0
1614	4.0
1615	4.0
1617	5.0
1629	3.0
1635	4.0
1639	5.0
1641	5.0
1653	4.0
1658	4.0
1673	5.0
1674	4.0
1678	3.0
1680	5.0
1682	4.0
1690	2.0
1693	2.0
1699	3.0
1701	2.0
1704	5.0
1717	2.0
1722	4.0
1726	1.0
1727	3.0
1729	4.0
1732	5.0
1735	4.0
1747	4.0
1760	3.0
1762	3.0
1777	4.0
1784	4.0
1792	3.0
1801	2.0
1831	2.0
1835	4.0
1836	2.0
1884	3.0
1885	4.0
1892	3.0
1894	3.0
1909	4.0
1912	3.0
1917	3.0
1918	3.0
1920	3.0
1923	4.0
1947	4.0
1954	4.0
1961	4.0
1962	4.0
1967	4.0
1968	5.0
1970	1.0
1973	1.0
1994	4.0
1997	5.0
2000	4.0
2001	4.0
2002	3.0
2003	4.0
2004	3.0
2005	5.0
2006	5.0
2011	4.0
2018	4.0
2019	5.0
2021	4.0
2025	4.0
2028	3.0
2046	4.0
2048	4.0
2054	4.0
2060	3.0
2065	4.0
2072	4.0
2076	4.0
2080	4.0
2081	4.0
2085	5.0
2087	4.0
2088	4.0
2093	4.0
2094	3.0
2096	4.0
2100	4.0
2105	4.0
2107	3.0
2108	5.0
2112	4.0
2115	4.0
2116	3.0
2120	3.0
2121	4.0
2124	4.0
2126	3.0
2133	3.0
2134	4.0
2139	5.0
2140	5.0
2141	4.0
2150	1.0
2153	2.0
2161	4.0
2165	4.0
2167	4.0
2174	4.0
2176	5.0
2183	4.0
2184	4.0
2186	5.0
2193	4.0
2194	5.0
2203	4.0
2243	4.0
2247	3.0
2248	5.0
2249	4.0
2252	2.0
2253	2.0
2266	3.0
2268	4.0
2280	2.0
2289	5.0
2291	5.0
2294	1.0
2297	3.0
2301	4.0
2302	4.0
2324	5.0
2329	4.0
2333	5.0
2336	5.0
2337	4.0
2352	4.0
2355	5.0
2376	3.0
2391	4.0
2393	4.0
2394	4.0
2395	5.0
2396	5.0
2399	3.0
2405	4.0
2406	4.0
2407	3.0
2410	3.0
2411	3.0
2413	5.0
2420	4.0
2421	2.0
2423	4.0
2428	4.0
2431	1.0
2432	1.0
2435	3.0
2443	4.0
2447	4.0
2450	4.0
2455	3.0
2456	2.0
2467	4.0
2470	4.0
2471	4.0
2478	5.0
2490	4.0
2496	3.0
2500	3.0
2506	1.0
2513	3.0
2514	2.0
2527	4.0
2528	4.0
2539	4.0
2542	5.0
2558	4.0
2567	2.0
2571	5.0
2572	4.0
2574	3.0
2580	4.0
2583	3.0
2598	4.0
2599	3.0
2605	3.0
2606	2.0
2616	3.0
2617	5.0
2628	4.0
2641	3.0
2643	2.0
2671	5.0
2677	3.0
2683	4.0
2688	3.0
2690	4.0
2692	5.0
2693	4.0
2694	4.0
2699	3.0
2700	5.0
2701	3.0
2702	3.0
2706	3.0
2707	4.0
2710	4.0
2712	4.0
2713	4.0
2716	5.0
2717	4.0
2718	4.0
2722	3.0
2723	4.0
2728	5.0
2729	4.0
2731	3.0
2732	5.0
2734	4.0
2735	4.0
2746	4.0
2747	3.0
2762	5.0
2763	4.0
2770	4.0
2779	4.0
2787	3.0
2788	5.0
2791	4.0
2792	4.0
2793	2.0
2795	4.0
2796	4.0
2797	4.0
2799	1.0
2801	3.0
2803	3.0
2804	4.0
2805	3.0
2822	4.0
2826	4.0
2841	4.0
2857	5.0
2858	5.0
2861	3.0
2863	5.0
2866	4.0
2872	4.0
2879	3.0
2890	4.0
2912	3.0
2915	4.0
2916	4.0
2918	5.0
2947	5.0
2948	5.0
2949	4.0
2953	1.0
2959	5.0
2968	4.0
2973	4.0
2978	3.0
2985	4.0
2986	3.0
2987	5.0
2990	3.0
2993	5.0
2996	1.0
2997	5.0
3005	4.0
3006	5.0
3016	3.0
3020	4.0
3033	4.0
3044	4.0
3052	4.0
3060	5.0
3063	3.0
3071	4.0
3081	4.0
3082	4.0
3087	4.0
3098	4.0
3100	3.0
3104	3.0
3105	4.0
3108	4.0
3114	5.0
3120	3.0
3125	4.0
3145	5.0
3146	3.0
3147	3.0
3148	4.0
3155	2.0
3160	5.0
3163	3.0
3173	2.0
3175	4.0
3176	4.0
3181	4.0
3208	2.0
3213	4.0
3219	3.0
3246	4.0
3247	3.0
3249	2.0
3252	4.0
3253	4.0
3254	4.0
3255	3.0
3256	4.0
3257	3.0
3260	4.0
3261	4.0
3263	3.0
3264	4.0
3267	4.0
3269	3.0
3271	3.0
3273	3.0
3300	3.0
3317	4.0
3328	2.0
3334	4.0
3355	4.0
3358	5.0
3361	4.0
3386	5.0
3387	3.0
3388	4.0
3397	4.0
3398	4.0
3421	4.0
3435	5.0
3439	3.0
3440	1.0
3441	4.0
3448	4.0
3450	3.0
3477	4.0
3478	4.0
3479	4.0
3481	5.0
3483	4.0
3484	3.0
3489	3.0
3499	4.0
3513	2.0
3526	4.0
3527	4.0
3528	3.0
3535	2.0
3536	4.0
3566	4.0
3578	5.0
3591	4.0
3608	3.0
3618	2.0
3623	4.0
3671	4.0
3676	4.0
3683	4.0
3686	4.0
3697	4.0
3698	4.0
3699	4.0
3701	4.0
3704	4.0
3709	3.0
3712	4.0
3717	4.0
3723	3.0
3729	4.0
3740	4.0
3744	4.0
3745	4.0
3751	5.0
3754	2.0
3763	4.0
3764	4.0
3770	4.0
3785	4.0
3786	4.0
3791	4.0
3793	4.0
3802	3.0
3826	1.0
3844	4.0
3863	4.0
3868	4.0
3869	3.0
3896	2.0
3897	5.0
3908	3.0
3911	4.0
3977	4.0
3983	4.0
3984	3.0
3988	2.0
3994	5.0
3996	4.0
3997	3.0
3998	3.0
4002	3.0
4005	2.0
4007	4.0
4010	4.0
4011	4.0
4022	5.0
4023	4.0
4027	5.0
4030	3.0
4031	2.0
4033	5.0
4034	5.0
4040	4.0
4063	3.0
4066	3.0
4085	4.0
4148	4.0
4158	3.0
4223	4.0
4226	5.0
4232	4.0
4246	4.0
4270	4.0
4285	4.0
4306	4.0
4308	4.0
4317	3.0
4321	3.0
4343	4.0
4344	4.0
4351	3.0
4367	3.0
4370	3.0
4383	5.0
4386	4.0
4544	3.0
4624	4.0
4638	3.0
4639	4.0
4641	5.0
4643	4.0
4718	1.0
4734	5.0
4744	4.0
4844	3.0
4848	5.0
4865	4.0
4878	4.0
4881	4.0
4886	5.0
4887	4.0
4896	3.0
4901	4.0
4914	5.0
4963	5.0
4970	4.0
4975	4.0
4979	5.0
4993	5.0
4995	4.0
5013	4.0
5026	5.0
5064	4.0
5266	4.0
5349	4.0
5377	5.0
5379	3.0
5419	2.0
5450	4.0
