1	4.0
2	4.0
6	5.0
10	3.5
14	5.0
16	5.0
19	3.0
21	5.0
22	3.5
24	2.5
25	4.5
32	5.0
34	2.5
36	4.5
39	3.0
47	5.0
50	5.0
69	4.5
70	3.0
72	2.5
88	3.0
89	2.5
101	4.5
104	3.0
105	2.0
110	4.5
111	5.0
145	4.0
147	4.5
150	3.0
153	3.5
160	3.0
162	5.0
163	4.0
165	4.0
175	4.5
180	4.5
186	2.5
195	2.5
208	0.5
215	5.0
216	3.0
223	4.5
231	5.0
235	3.0
246	5.0
253	5.0
260	5.0
288	5.0
292	4.0
293	5.0
296	5.0
300	4.0
317	3.5
318	5.0
333	3.0
337	4.0
339	2.0
344	3.0
345	2.0
349	3.0
353	3.5
356	5.0
357	4.5
364	3.5
365	3.0
367	4.5
368	4.5
377	4.0
380	3.0
423	3.0
428	4.5
431	4.0
441	5.0
448	3.0
454	3.0
456	5.0
457	3.5
474	4.5
475	5.0
480	5.0
481	4.0
497	4.0
500	3.0
501	4.5
508	5.0
522	4.0
524	3.5
527	4.0
529	4.5
539	4.0
541	4.5
543	3.0
544	2.0
551	5.0
555	4.0
556	5.0
586	3.5
588	3.0
589	4.0
592	3.5
593	5.0
597	2.5
599	4.5
608	5.0
628	5.0
648	4.5
673	3.0
736	4.0
750	5.0
778	5.0
780	4.5
782	3.5
784	3.5
788	3.5
829	2.5
832	4.0
836	2.0
858	5.0
904	2.5
908	3.5
909	3.5
912	4.0
919	3.0
920	4.0
923	3.0
924	4.5
949	4.5
1020	2.0
1036	4.5
1041	4.0
1049	4.0
1059	2.5
1060	5.0
1061	3.0
1073	3.5
1079	3.0
1084	3.5
1089	5.0
1090	4.0
1095	5.0
1097	3.5
1100	3.0
1101	3.0
1103	2.5
1120	4.0
1136	3.0
1147	5.0
1178	5.0
1185	4.5
1186	4.5
1189	5.0
1193	5.0
1194	5.0
1196	5.0
1198	5.0
1199	3.0
1200	4.0
1201	5.0
1203	5.0
1206	4.5
1207	4.0
1208	5.0
1209	4.5
1210	5.0
1213	5.0
1214	5.0
1217	4.5
1219	3.0
1220	4.0
1221	5.0
1222	5.0
1225	5.0
1227	5.0
1228	4.5
1230	4.5
1231	5.0
1234	4.0
1237	4.5
1240	4.5
1242	3.5
1244	5.0
1245	5.0
1247	4.0
1250	4.5
1252	4.5
1258	4.0
1259	5.0
1262	4.5
1263	5.0
1265	5.0
1266	5.0
1270	4.5
1272	5.0
1276	4.0
1285	4.0
1288	5.0
1291	5.0
1292	4.5
1293	3.5
1304	4.5
1307	4.0
1327	2.0
1354	4.0
1357	4.5
1358	2.5
1359	2.5
1361	5.0
1367	2.5
1370	4.0
1377	4.0
1387	4.0
1391	4.5
1393	4.5
1394	3.0
1396	3.0
1407	3.5
1408	4.0
1431	4.0
1438	3.5
1457	2.0
1466	4.0
1485	3.5
1487	3.5
1499	3.5
1500	5.0
1515	3.5
1517	5.0
1527	4.0
1544	4.0
1552	4.5
1562	2.0
1569	3.5
1573	5.0
1580	5.0
1584	3.5
1589	3.0
1591	2.0
1597	4.0
1605	1.5
1608	4.0
1614	4.0
1616	2.5
1617	4.5
1619	3.0
1620	3.5
1625	4.0
1639	5.0
1641	3.0
1645	3.0
1649	2.0
1653	4.0
1672	3.0
1673	4.5
1676	3.0
1682	4.5
1687	4.0
1689	2.5
1693	4.0
1702	3.0
1704	5.0
1719	4.0
1721	4.5
1722	3.0
1729	4.5
1732	5.0
1747	4.0
1748	2.5
1753	4.0
1772	3.0
1777	3.5
1784	4.5
1785	3.0
1801	3.5
1810	4.0
1827	4.5
1831	3.0
1840	4.5
1858	2.5
1876	2.0
1882	2.5
1884	4.5
1909	3.5
1911	2.5
1912	3.5
1917	3.0
1918	3.0
1923	4.5
1945	4.5
1952	5.0
1953	4.0
1954	5.0
1955	3.0
1956	5.0
1958	2.5
1961	4.0
1962	2.5
1965	2.5
1968	4.5
1982	3.5
1997	4.0
2000	4.0
2001	3.5
2002	3.0
2005	3.0
2006	3.5
2011	4.5
2012	4.5
2014	2.0
2020	5.0
2023	4.0
2028	5.0
2054	4.0
2058	4.0
2064	5.0
2076	4.0
2114	4.0
2115	5.0
2126	3.0
2132	5.0
2144	2.5
2153	3.5
2159	3.0
2167	4.5
2174	3.0
2194	4.0
2231	4.5
2248	4.5
2273	4.5
2278	3.5
2288	4.5
2289	3.0
2291	4.0
2294	2.0
2296	2.5
2302	4.0
2303	4.5
2318	4.5
2321	3.5
2324	4.5
2328	2.0
2329	5.0
2330	4.5
2333	4.5
2335	3.5
2340	3.5
2348	4.0
2352	4.5
2353	3.0
2355	1.5
2360	5.0
2378	2.0
2385	2.0
2395	5.0
2396	4.0
2406	2.5
2409	4.5
2410	4.0
2420	4.0
2424	4.0
2432	2.5
2447	2.5
2455	4.0
2470	3.5
2471	2.5
2474	4.5
2490	3.5
2496	4.0
2502	5.0
2505	2.5
2529	4.0
2539	4.5
2541	3.0
2542	5.0
2567	3.0
2571	5.0
2579	4.0
2580	4.5
2587	3.0
2599	4.0
2617	4.0
2628	2.5
2671	3.0
2683	5.0
2692	4.0
2693	4.5
2694	3.0
2699	2.0
2700	0.5
2701	3.0
2706	5.0
2712	4.0
2713	3.5
2716	5.0
2717	4.0
2720	3.0
2722	3.5
2723	3.0
2724	2.5
2730	5.0
2762	4.5
2763	4.0
2770	3.5
2797	2.5
2803	3.5
2805	3.5
2826	4.0
2858	5.0
2860	3.0
2871	4.0
2881	2.5
2889	3.0
2890	4.0
2907	1.0
2908	4.5
2912	3.5
2915	3.0
2918	5.0
2925	4.0
2936	3.5
2944	4.0
2953	2.0
2959	5.0
2971	4.0
2973	4.5
2987	4.0
2997	4.5
3005	3.0
3006	5.0
3007	5.0
3019	5.0
3020	4.0
3033	4.5
3039	3.0
3052	4.5
3068	4.0
3081	4.0
3093	4.5
3104	2.0
3107	4.0
3113	2.5
3114	4.5
3146	3.5
3152	5.0
3160	5.0
3168	5.0
3173	5.0
3174	4.5
3175	5.0
3176	4.0
3177	2.5
3178	4.0
3186	3.5
3200	5.0
3201	5.0
3210	3.5
3247	1.5
3252	4.5
3253	4.5
3254	3.0
3255	3.5
3263	4.0
3267	3.5
3271	3.0
3272	4.5
3275	4.0
3298	4.5
3300	4.0
3301	3.5
3317	5.0
3327	5.0
3328	5.0
3354	2.5
3355	3.0
3361	2.5
3362	4.5
3363	4.0
3386	4.0
3408	3.5
3418	3.5
3421	3.5
3424	5.0
3435	2.0
3468	5.0
3469	5.0
3471	3.5
3481	5.0
3489	4.0
3499	3.0
3504	5.0
3506	4.0
3510	2.5
3527	3.0
3534	2.5
3535	5.0
3543	5.0
3551	2.5
3566	3.0
3578	5.0
3593	0.5
3616	2.0
3617	4.5
3623	3.0
3624	3.5
3646	2.0
3681	5.0
3683	3.0
3685	3.0
3703	3.0
3705	2.0
3717	4.0
3728	4.0
3730	4.0
3735	3.5
3740	2.0
3741	4.0
3744	3.0
3751	3.0
3752	4.0
3753	4.0
3755	3.5
3783	4.5
3785	4.5
3793	4.0
3809	3.0
3821	2.0
3825	3.0
3826	3.0
3827	3.0
3844	2.0
3861	3.5
3863	3.5
3865	3.5
3882	2.0
3893	2.5
3895	3.0
3896	2.5
3897	5.0
3911	4.5
3916	3.5
3946	3.0
3948	4.5
3949	5.0
3969	3.0
3977	3.0
3979	3.0
3980	2.0
3983	4.5
3986	2.5
3988	2.0
3993	4.0
3994	4.0
3996	4.0
4002	3.0
4007	4.0
4011	5.0
4014	4.0
4015	2.0
4018	4.0
4019	3.5
4022	4.0
4025	3.0
4027	5.0
4029	4.0
4033	3.0
4034	5.0
4036	3.5
4037	5.0
4056	4.0
4069	2.0
4082	4.5
4085	3.0
4102	5.0
4105	4.0
4128	3.0
4148	5.0
4149	2.5
4153	3.0
4159	2.5
4161	3.5
4167	3.5
4223	3.0
4226	5.0
4228	2.0
4232	2.5
4235	4.5
4238	3.5
4239	4.0
4246	3.5
4262	5.0
4265	2.0
4270	3.5
4299	3.5
4305	1.5
4306	4.0
4310	3.0
4321	3.0
4326	5.0
4333	3.5
4340	2.0
4344	4.0
4351	3.0
4361	3.0
4367	2.0
4369	4.0
4370	3.0
4378	3.5
4388	3.5
4447	4.0
4448	3.0
4452	3.5
4488	3.5
4571	2.5
4616	3.0
4621	2.0
4638	2.5
4641	4.0
4679	2.5
4681	3.5
4718	4.5
4719	2.5
4720	3.5
4728	4.0
4734	5.0
4757	1.5
4776	5.0
4814	2.5
4816	4.5
4823	3.0
4835	4.0
4844	4.0
4845	1.5
4848	4.0
4855	3.5
4865	3.0
4873	4.5
4874	3.0
4878	5.0
4886	3.0
4890	3.0
4896	3.5
4901	3.0
4963	5.0
4973	5.0
4974	2.0
4975	2.0
4979	5.0
4993	4.5
4995	4.0
5009	4.0
5010	4.0
5014	3.5
5025	3.5
5065	2.0
5093	1.5
5108	3.0
5110	3.0
5111	3.0
5128	1.5
5147	4.0
5151	3.0
5220	2.0
5225	5.0
5254	4.0
5265	2.0
5266	4.0
5283	2.5
5291	5.0
5292	3.0
5293	3.0
5294	4.0
5299	3.0
5312	4.0
5313	2.0
5319	4.5
5325	5.0
5339	5.0
5349	4.0
5377	3.5
5378	2.5
5379	4.5
5388	5.0
5400	3.5
5401	3.0
5418	4.5
5445	4.5
5449	2.5
5452	1.5
5459	3.5
5463	2.0
5464	4.0
5478	2.5
5479	0.5
5481	5.0
5502	4.0
5506	3.5
5507	3.0
5523	0.5
5530	1.5
5572	2.0
5574	3.0
5577	5.0
5609	1.0
5618	3.5
5620	1.5
5621	1.5
5630	3.5
5669	5.0
5679	3.5
5772	5.0
5785	4.5
5810	5.0
5816	3.5
5872	3.0
5878	5.0
5900	4.5
5902	5.0
5903	3.5
5941	3.0
5943	2.0
5952	5.0
5954	5.0
5956	5.0
5957	2.0
5959	4.0
5989	5.0
5991	2.5
5995	3.5
6001	4.0
6003	3.0
6006	2.5
6016	5.0
6059	2.5
6062	4.0
6156	2.5
6157	2.0
6188	4.5
6197	2.0
6212	1.5
6218	3.0
6223	4.0
6250	3.0
6281	4.0
6287	4.5
6297	2.5
6301	4.5
6322	2.5
6323	4.0
6331	4.5
6333	3.0
6338	2.0
6365	4.5
6373	3.5
6377	4.0
6378	3.5
6380	5.0
6383	1.0
6440	4.5
6482	0.5
6502	3.5
6503	2.0
6534	2.0
6535	2.0
6537	2.0
6548	4.0
6564	2.0
6565	1.5
6567	3.5
6586	3.5
6593	2.0
6595	2.0
6620	3.5
6708	4.0
6709	4.5
6711	5.0
6721	2.5
6755	4.0
6787	5.0
6796	5.0
6862	2.0
6863	2.5
6867	4.5
6870	4.5
6873	3.5
6874	5.0
6879	3.0
6887	2.0
6888	3.5
6890	4.0
6934	2.5
6936	4.0
6942	4.0
6947	3.0
6951	0.5
6953	3.0
6957	4.5
6974	2.0
6993	4.5
7004	2.5
7007	1.5
7013	2.5
7063	5.0
7137	3.0
7143	2.5
7147	3.5
7149	4.0
7150	2.0
7153	4.5
7156	4.0
7160	3.5
7161	1.5
7254	3.0
7263	3.0
7293	2.5
7317	2.0
7325	3.0
7327	3.5
7346	2.0
7347	1.5
7360	3.5
7361	5.0
7366	1.0
7367	4.0
7373	3.5
7381	2.0
7419	4.0
7438	5.0
7445	3.5
7451	4.0
7454	2.5
7458	3.5
7482	5.0
7502	4.5
7836	5.0
7934	4.0
7981	4.0
8042	5.0
8340	3.0
8360	2.5
8361	3.5
8368	3.5
8373	1.5
8376	4.0
8464	3.5
8528	4.0
8531	2.0
8622	5.0
8636	4.0
8638	5.0
8641	4.5
8644	2.5
8665	4.5
8781	3.0
8783	3.5
8784	4.5
8798	5.0
8807	5.0
8865	2.0
8870	0.5
8874	4.0
8907	2.0
8908	2.5
8917	2.5
8937	5.0
8948	3.0
8949	4.5
8957	4.5
8958	4.5
8961	3.5
8966	4.0
8969	2.0
8972	2.0
8984	4.5
8985	3.0
9018	5.0
26729	5.0
27773	5.0
27808	2.0
27821	2.0
27822	2.0
27831	2.5
27839	2.5
27846	4.0
27873	5.0
27904	4.5
30707	3.5
30749	4.0
30810	5.0
30812	4.5
30820	4.0
30825	3.0
31225	2.0
31410	5.0
31420	2.0
31685	3.0
31696	3.5
31878	4.0
32019	3.0
32029	2.5
32296	1.5
32587	5.0
32598	2.0
33004	3.5
33154	5.0
33166	4.5
33493	3.5
33646	2.0
33660	4.0
33679	3.0
33794	5.0
33836	1.5
34048	4.0
34072	3.5
34153	5.0
34162	5.0
34271	5.0
34405	4.5
34437	3.5
34520	1.5
34542	4.0
35836	4.5
35957	2.5
36519	2.0
36529	4.0
37382	2.5
37733	4.0
37741	5.0
38061	4.5
38886	3.0
39183	4.0
39435	2.0
39444	2.0
39446	3.5
40278	3.0
40583	3.5
40815	3.0
40819	4.0
41569	2.5
41716	4.5
42011	2.5
42718	1.5
42723	3.5
42725	3.0
44191	4.5
44195	4.5
44199	4.5
44555	4.5
44665	3.0
44788	4.5
44972	2.5
44974	4.0
45499	2.5
45666	2.5
45672	2.0
45720	3.0
45722	2.5
45728	4.0
45732	0.5
46578	4.5
46965	3.0
46970	4.0
46976	3.5
47044	1.5
47200	4.0
47423	5.0
47518	1.5
47610	3.5
47629	4.0
47644	1.5
47997	2.0
47999	4.0
48304	4.0
48322	3.0
48385	5.0
48394	4.0
48516	5.0
48696	4.5
48738	4.5
48774	2.5
48780	4.0
48877	3.0
49272	4.0
49396	4.0
49651	3.0
50189	1.5
50442	3.0
50794	2.0
50804	2.5
51080	3.0
51091	3.0
51255	3.0
51540	5.0
51662	4.0
51709	2.5
51931	2.0
52245	3.0
52281	2.0
52328	3.0
52458	3.5
52973	4.5
52975	2.0
53129	3.5
53322	4.0
53519	2.0
53894	4.5
53953	0.5
53993	1.5
53996	2.5
54272	1.5
54286	4.0
54503	5.0
54881	5.0
54995	3.0
54997	4.0
55069	3.5
55118	4.0
55247	4.0
55276	4.5
55280	4.0
55282	3.0
55290	4.5
55363	5.0
55442	5.0
55721	4.0
55765	4.0
55820	5.0
55830	2.0
56145	4.5
56367	3.5
56587	2.5
56757	2.5
56782	5.0
56788	3.5
56805	2.5
57274	4.5
57640	2.5
57669	4.0
58293	0.5
58559	5.0
58803	2.5
58998	4.0
59022	3.5
59126	4.5
59315	3.0
59369	4.0
59615	2.5
60072	2.5
60074	1.5
60126	2.0
60684	3.5
60756	4.0
60760	1.0
60766	3.0
60950	4.0
61024	4.0
61132	4.0
61160	2.5
61236	4.5
61240	4.0
61248	1.5
61323	4.5
61729	2.0
62081	2.0
62374	2.5
62434	2.0
62511	3.5
62849	2.0
63082	4.5
63113	3.0
63131	3.5
63876	4.0
63992	0.5
64575	4.5
64614	4.5
64620	4.5
64839	4.5
64957	4.5
66203	1.5
66509	4.0
67087	4.5
67255	4.0
67734	4.0
67997	3.5
68135	1.0
68157	5.0
68159	3.0
68205	4.0
68237	4.0
68358	3.0
68952	2.0
69122	4.0
69481	5.0
69640	4.0
69757	3.5
69784	4.0
70286	4.5
71033	4.5
71135	3.0
71211	3.5
71379	2.5
71464	3.5
71535	3.5
71579	4.0
72011	4.0
72395	4.0
72998	3.0
73023	4.0
73344	5.0
74458	4.0
76077	1.5
76251	3.5
77455	5.0
78039	5.0
78209	3.5
78499	3.5
78574	4.5
79008	5.0
79132	4.0
79242	4.5
79592	4.0
79695	2.0
79702	3.5
80463	5.0
80489	4.0
80906	5.0
81562	4.0
81591	3.5
81845	4.5
81932	5.0
82459	3.5
83613	2.0
84392	3.0
85414	2.5
85774	4.5
86345	5.0
86347	5.0
86377	5.0
86833	3.0
86882	4.0
86898	4.0
87232	2.5
87306	2.0
88125	4.0
88129	4.5
88163	4.0
88744	4.0
89470	4.0
89492	5.0
89745	4.5
89753	4.0
89774	4.5
89804	4.5
89864	4.5
89904	4.5
91077	4.5
91529	5.0
91658	4.5
92259	5.0
92420	4.5
92535	5.0
93510	4.0
93840	4.0
94864	4.5
94959	5.0
96079	5.0
96610	4.5
96821	4.5
97304	4.5
97306	5.0
97752	3.0
97921	4.5
97923	4.5
97938	5.0
98154	5.0
98961	4.5
99114	5.0
102123	4.5
102445	4.5
103249	3.5
103341	4.0
104841	3.5
104879	5.0
104913	4.0
105504	5.0
105844	5.0
106100	4.5
106782	5.0
106916	5.0
106920	5.0
108932	4.0
109374	4.5
109487	4.0
110102	3.5
111362	4.5
111759	4.5
112175	2.5
112183	5.0
112290	5.0
112556	5.0
112623	5.0
112852	4.5
116797	5.0
