1	3.5
2	1.5
6	3.5
10	3.0
15	2.0
16	3.0
18	2.5
19	1.0
20	2.0
21	3.5
22	4.0
24	3.0
25	4.0
29	4.0
30	3.5
32	5.0
34	2.0
36	3.5
39	3.0
41	3.0
42	2.5
44	1.0
47	4.0
50	4.5
52	3.5
58	3.5
70	2.5
71	1.0
76	1.5
81	2.0
82	4.5
93	1.0
95	2.5
104	3.5
105	2.0
110	3.5
111	4.0
117	3.0
122	3.0
123	3.0
125	3.0
132	0.5
145	2.5
147	2.5
149	3.0
150	2.5
151	1.5
153	2.0
156	3.0
159	3.0
160	2.0
161	2.0
163	3.5
165	3.0
168	2.0
172	1.5
173	3.0
175	3.0
177	1.5
180	2.0
185	2.5
193	1.0
194	4.0
196	2.5
198	4.0
199	4.0
208	2.0
213	5.0
214	3.5
215	3.5
216	3.0
223	3.5
224	3.0
225	1.0
227	1.0
230	3.0
231	2.0
235	3.5
236	2.0
247	4.0
253	3.5
259	2.5
260	4.5
266	3.5
280	3.5
282	1.0
288	4.0
289	3.0
290	3.5
292	1.5
293	4.0
296	4.5
299	3.0
300	3.5
303	3.0
305	2.0
306	3.5
307	3.5
315	1.5
316	1.0
318	3.5
319	4.0
326	3.5
327	2.0
332	0.5
337	3.5
338	3.0
339	1.5
342	3.5
344	2.5
345	3.5
346	3.0
347	3.0
348	3.0
349	2.0
350	3.0
353	3.0
355	1.5
356	4.0
357	3.5
360	1.5
364	3.0
366	2.5
367	3.0
368	3.0
370	0.5
373	2.0
376	0.5
377	3.0
380	3.0
382	2.5
383	2.0
384	2.5
387	2.5
405	1.0
412	2.0
413	2.5
416	2.5
420	0.5
423	2.0
426	2.5
427	1.0
431	3.5
434	2.5
436	1.0
440	2.5
442	3.0
448	3.0
454	3.0
456	3.0
457	3.0
459	3.0
466	1.5
471	3.0
474	3.0
475	4.0
477	3.0
479	3.0
480	3.0
481	3.0
482	3.5
485	1.5
490	2.5
493	3.5
497	2.5
500	2.0
501	4.0
507	2.0
508	2.5
509	3.5
516	1.0
519	1.0
521	3.0
522	3.0
527	4.5
534	2.0
535	4.0
539	2.0
540	1.0
541	4.0
544	2.0
546	1.0
547	3.0
551	3.0
552	2.5
553	3.5
555	4.0
562	3.0
586	2.0
587	2.5
588	3.0
589	4.0
590	3.5
592	3.0
593	4.0
594	3.0
595	3.0
597	1.5
599	3.5
608	4.0
616	2.5
628	3.5
640	3.0
648	3.5
653	2.0
665	3.0
674	2.0
678	3.5
680	3.5
707	3.0
708	3.5
733	3.0
736	2.0
737	0.5
742	2.5
748	2.5
750	3.5
762	2.0
778	4.0
780	3.5
782	2.0
783	3.0
784	1.5
785	2.5
786	1.0
788	2.0
798	2.5
799	3.5
800	3.5
804	3.5
805	3.0
832	2.5
849	1.5
851	2.5
852	1.5
858	4.5
866	3.0
886	2.5
899	4.0
900	3.5
903	3.5
904	3.5
906	3.5
908	3.5
910	3.5
912	3.5
913	3.5
918	3.5
919	4.0
922	4.0
923	5.0
924	3.5
926	3.5
930	3.5
931	3.5
938	3.5
953	3.5
965	3.5
969	3.5
990	0.5
991	3.5
996	2.5
1004	0.5
1027	2.5
1028	3.0
1035	4.0
1036	3.5
1037	2.5
1041	3.0
1042	3.0
1047	3.0
1051	3.0
1057	4.0
1059	3.5
1061	3.0
1079	3.0
1080	3.5
1084	3.5
1086	3.0
1088	1.0
1089	3.5
1090	3.5
1092	3.5
1093	3.0
1094	3.5
1097	3.5
1101	2.5
1104	3.0
1120	3.5
1127	3.5
1128	2.0
1129	4.0
1135	2.5
1136	3.0
1148	3.5
1161	4.0
1171	3.5
1172	3.5
1175	3.5
1179	3.0
1183	3.0
1185	3.5
1186	3.0
1187	3.0
1188	3.5
1190	2.5
1193	4.0
1196	4.0
1197	3.5
1198	4.0
1199	3.5
1200	3.5
1201	4.0
1204	3.5
1206	3.0
1207	4.0
1208	4.0
1209	3.5
1210	3.0
1212	3.5
1213	4.0
1214	4.0
1215	3.0
1216	3.5
1217	4.0
1218	3.5
1219	3.5
1220	3.5
1221	3.5
1222	3.0
1225	3.5
1227	3.5
1228	4.0
1230	3.5
1231	3.0
1233	3.0
1234	3.5
1237	4.0
1240	3.5
1241	1.0
1244	3.5
1245	3.0
1246	3.0
1247	4.0
1248	3.5
1249	3.5
1250	3.5
1251	4.0
1252	3.5
1254	4.0
1255	1.5
1258	4.0
1259	3.0
1260	4.0
1261	3.5
1262	3.5
1263	4.5
1264	3.5
1265	3.5
1266	2.5
1268	1.5
1269	3.5
1270	3.5
1271	3.0
1273	3.5
1275	3.5
1279	3.0
1283	4.0
1284	3.5
1285	3.5
1287	3.0
1288	3.5
1290	3.0
1291	3.0
1293	3.5
1295	3.0
1299	3.5
1300	3.0
1302	2.0
1304	3.5
1305	3.5
1306	3.0
1307	3.5
1320	2.5
1321	3.5
1327	3.0
1333	2.5
1339	3.5
1342	1.5
1343	3.5
1344	3.0
1345	3.0
1346	3.5
1347	3.5
1350	3.5
1354	3.5
1357	3.0
1358	3.5
1370	3.5
1377	3.0
1378	3.0
1379	2.5
1380	3.5
1381	2.0
1385	0.5
1387	3.5
1391	3.5
1393	3.0
1394	3.5
1396	2.5
1407	3.5
1408	1.5
1432	1.0
1438	1.0
1441	3.5
1446	3.5
1454	3.0
1459	2.0
1464	2.5
1466	3.5
1476	3.5
1479	2.5
1483	2.5
1485	2.5
1488	2.5
1499	1.0
1500	3.0
1513	3.0
1515	1.0
1517	3.0
1518	2.5
1527	2.5
1542	3.0
1544	2.0
1552	3.5
1556	1.0
1569	3.0
1573	3.5
1580	3.0
1584	3.0
1586	2.5
1587	3.0
1589	3.0
1590	1.5
1591	2.5
1597	1.5
1600	3.5
1603	3.0
1608	2.0
1610	2.5
1611	3.5
1616	3.0
1617	4.0
1625	3.5
1626	0.5
1627	3.0
1635	4.0
1639	3.5
1641	3.0
1644	1.5
1645	3.5
1653	3.0
1655	0.5
1658	2.5
1672	2.5
1673	3.5
1674	3.0
1676	3.5
1680	3.0
1682	3.5
1687	3.0
1690	3.5
1693	2.5
1704	3.5
1711	2.0
1717	2.5
1721	3.0
1722	2.5
1729	4.0
1732	3.5
1735	2.0
1747	3.5
1748	2.5
1754	3.5
1760	1.0
1769	2.5
1772	0.5
1777	3.0
1779	2.0
1784	3.5
1792	1.5
1799	2.5
1805	3.0
1809	3.5
1831	2.0
1833	2.0
1834	3.0
1836	2.5
1840	3.0
1841	3.0
1875	3.0
1876	2.5
1882	3.0
1884	3.5
1892	1.5
1894	1.5
1909	3.0
1912	3.5
1916	3.5
1917	3.5
1918	1.5
1923	2.5
1944	3.5
1945	4.0
1947	4.0
1950	3.5
1952	4.0
1953	3.0
1954	4.0
1955	3.0
1956	3.0
1957	3.0
1959	2.0
1960	3.5
1961	3.0
1962	1.5
1964	3.0
1965	3.0
1967	2.0
1968	3.0
1969	2.0
1970	3.0
1971	2.5
1972	2.0
1973	2.5
1974	2.0
1975	1.5
1976	0.5
1978	1.5
1979	1.0
1980	1.5
1982	3.0
1983	3.0
1984	0.5
1985	2.0
1986	1.0
1991	3.0
1992	2.0
1993	1.5
1994	3.5
1995	1.5
1996	0.5
1997	3.0
2000	3.5
2001	3.5
2002	2.0
2003	3.5
2004	0.5
2005	1.5
2006	2.0
2011	3.5
2012	2.0
2019	4.5
2020	2.5
2021	3.0
2022	2.5
2023	3.0
2026	3.0
2028	3.5
2058	3.0
2068	3.5
2076	3.5
2078	4.0
2088	2.0
2094	2.0
2100	2.5
2105	2.5
2107	1.5
2108	2.5
2109	3.5
2110	3.0
2114	2.5
2115	3.0
2118	3.5
2119	1.5
2120	2.0
2121	2.0
2122	2.0
2126	3.0
2132	3.5
2134	1.5
2135	2.5
2136	2.5
2140	2.5
2145	3.0
2146	2.5
2147	1.0
2150	1.5
2153	1.5
2159	2.0
2160	3.5
2161	2.0
2167	3.0
2174	2.5
2178	3.5
2181	3.0
2186	3.0
2193	3.0
2194	4.0
2203	3.5
2206	3.0
2231	3.0
2232	3.0
2245	2.5
2247	2.5
2262	2.0
2263	3.0
2268	3.0
2273	2.5
2278	3.0
2279	2.0
2288	3.5
2289	3.0
2291	3.5
2294	3.0
2300	3.0
2303	3.5
2310	3.0
2311	2.5
2313	3.5
2318	4.0
2320	3.0
2321	3.0
2322	1.5
2324	3.0
2329	3.5
2335	2.0
2337	2.5
2338	1.5
2340	2.0
2344	4.5
2348	3.0
2353	3.5
2355	3.0
2360	4.0
2367	3.0
2369	3.0
2373	1.0
2376	3.0
2378	2.0
2379	1.0
2380	1.0
2381	0.5
2382	1.0
2383	1.0
2389	3.0
2390	3.0
2391	3.0
2396	3.0
2401	2.5
2402	2.0
2403	3.5
2404	0.5
2405	2.5
2406	3.0
2407	2.5
2408	1.5
2409	3.0
2410	2.5
2411	2.5
2412	2.0
2414	3.5
2420	3.0
2421	2.0
2424	1.5
2427	3.0
2428	2.5
2448	1.0
2455	3.0
2456	1.5
2459	3.0
2460	2.5
2463	3.0
2467	3.5
2468	1.5
2469	2.5
2470	1.0
2471	0.5
2474	2.5
2476	2.0
2478	2.0
2488	3.5
2490	2.5
2496	2.0
2513	3.5
2514	1.0
2517	3.0
2524	3.0
2529	3.5
2531	2.0
2533	3.0
2539	2.0
2540	2.5
2542	3.5
2551	2.5
2560	3.0
2568	1.5
2571	4.0
2580	3.5
2600	3.5
2605	1.5
2606	1.0
2611	2.0
2617	3.0
2628	2.5
2633	3.0
2640	3.5
2641	3.5
2642	2.5
2671	3.0
2672	2.5
2683	3.0
2688	2.0
2692	4.0
2694	3.0
2699	3.5
2700	3.0
2701	2.0
2702	3.0
2706	2.5
2707	3.5
2710	3.5
2712	3.0
2716	2.5
2717	2.5
2719	2.0
2722	2.5
2723	2.0
2724	1.0
2728	3.0
2730	3.5
2731	4.0
2732	4.5
2735	2.0
2739	3.0
2745	3.0
2746	3.0
2750	3.0
2761	3.5
2762	3.5
2763	1.5
2769	2.5
2770	2.0
2779	2.5
2789	3.0
2793	2.5
2797	3.0
2802	1.0
2803	3.0
2806	1.0
2808	2.0
2819	3.5
2826	2.5
2827	1.5
2840	1.5
2841	2.5
2843	4.0
2858	3.5
2860	2.0
2863	3.5
2866	3.0
2867	1.5
2871	3.0
2872	3.5
2875	1.5
2881	2.0
2890	3.0
2898	2.5
2900	2.5
2902	2.5
2908	3.5
2912	3.0
2915	2.5
2916	2.0
2917	3.0
2918	2.5
2921	3.0
2922	3.0
2942	2.0
2943	2.0
2944	3.5
2946	3.5
2947	3.0
2948	3.0
2949	3.0
2951	3.0
2956	2.5
2959	4.0
2968	3.5
2970	3.5
2971	3.0
2973	3.5
2976	3.0
2978	2.0
2985	3.5
2986	2.0
2987	3.0
2989	3.5
2990	3.0
2991	3.5
2993	3.0
2995	1.5
2997	3.5
3005	1.5
3006	3.5
3011	3.0
3015	3.0
3019	2.5
3020	3.5
3029	2.5
3030	3.5
3033	1.0
3034	3.0
3036	3.0
3037	4.0
3039	3.5
3052	2.5
3053	2.0
3060	4.0
3067	3.0
3081	3.5
3082	2.5
3083	3.5
3087	3.0
3089	5.0
3091	3.5
3101	3.0
3104	3.0
3105	2.0
3108	3.5
3113	1.5
3114	3.5
3125	2.5
3130	2.5
3142	3.0
3147	2.5
3148	2.5
3152	3.0
3155	1.5
3157	2.0
3160	4.0
3168	3.5
3169	3.5
3173	2.0
3174	3.0
3176	3.5
3186	3.0
3190	1.5
3197	1.5
3198	3.5
3203	3.5
3204	3.5
3225	1.0
3238	1.5
3246	3.0
3249	2.0
3250	3.0
3252	2.5
3253	2.5
3255	2.5
3256	2.5
3257	2.0
3258	2.0
3261	3.0
3262	2.5
3265	3.5
3267	3.0
3271	2.5
3272	3.0
3273	1.5
3274	3.0
3275	3.0
3285	3.0
3300	1.0
3310	2.5
3316	2.5
3317	3.0
3328	3.0
3334	3.5
3342	3.5
3354	2.0
3355	2.5
3361	2.0
3363	3.5
3365	3.5
3386	3.5
3391	1.0
3408	3.5
3409	3.5
3412	2.5
3418	3.5
3421	3.0
3424	3.5
3435	3.5
3441	2.5
3444	1.0
3448	3.5
3452	3.0
3461	3.0
3462	3.5
3471	4.0
3476	3.5
3479	3.0
3481	3.5
3489	2.0
3498	3.5
3499	3.0
3504	3.5
3505	3.5
3512	2.5
3513	2.0
3515	3.0
3519	3.0
3521	3.0
3527	3.0
3529	3.0
3534	2.0
3535	3.5
3538	2.5
3543	3.0
3545	3.5
3549	3.0
3550	3.0
3551	3.5
3555	1.5
3556	3.5
3557	2.5
3569	3.0
3578	4.0
3593	1.5
3594	3.5
3606	3.5
3608	3.0
3615	3.5
3623	3.0
3624	2.5
3633	3.0
3635	3.0
3638	3.0
3639	3.0
3649	3.0
3654	3.5
3671	3.5
3681	3.0
3682	3.0
3683	3.5
3684	2.5
3685	3.5
3686	3.0
3690	0.5
3693	2.5
3697	2.5
3698	2.5
3699	3.0
3701	1.5
3702	3.5
3703	3.5
3704	2.5
3705	1.5
3706	3.0
3707	1.5
3708	3.0
3709	1.5
3710	1.5
3717	2.0
3726	2.5
3727	3.5
3728	2.0
3735	3.0
3740	2.0
3744	2.5
3745	2.0
3751	3.0
3752	3.5
3753	3.0
3754	0.5
3755	1.5
3763	2.5
3764	1.5
3784	3.0
3785	2.0
3793	3.5
3798	2.5
3812	3.0
3821	2.0
3826	2.5
3827	0.5
3836	3.5
3841	1.5
3863	3.0
3868	1.0
3869	1.0
3873	3.5
3882	2.5
3893	3.0
3897	3.5
3910	4.5
3917	3.0
3918	2.5
3946	2.0
3947	3.0
3948	2.5
3950	3.0
3953	2.5
3967	3.5
3973	0.5
3977	3.0
3979	2.5
3980	2.5
3981	2.0
3984	3.5
3985	3.0
3986	2.0
3988	3.5
3994	3.0
3996	4.0
3998	1.5
3999	2.5
4002	2.5
4003	2.0
4005	3.0
4007	3.0
4008	3.5
4009	3.0
4010	2.5
4011	3.5
4014	2.0
4019	3.0
4020	2.0
4022	2.0
4025	2.0
4027	4.0
4033	3.0
4034	3.5
4039	2.5
4041	3.0
4054	2.5
4080	1.5
4082	3.0
4084	2.5
4085	3.0
4086	1.5
4091	2.0
4102	2.5
4103	3.5
4105	3.0
4117	3.0
4121	3.0
4128	3.0
4144	4.0
4148	2.5
4153	2.0
4159	2.5
4161	3.0
4167	2.0
4210	2.5
4218	3.0
4223	3.5
4226	3.5
4235	3.5
4238	2.5
4239	3.0
4246	2.0
4248	2.0
4262	4.0
4270	3.0
4280	3.0
4291	3.0
4299	3.0
4305	1.5
4306	3.5
4308	4.5
4310	2.0
4321	1.5
4326	3.5
4327	3.5
4329	3.5
4333	2.0
4343	2.5
4344	3.0
4351	3.0
4356	3.0
4361	3.0
4366	2.5
4367	2.5
4369	1.0
4370	4.0
4380	3.0
4387	2.5
4388	1.0
4396	3.0
4407	3.0
4410	3.5
4443	3.5
4446	1.5
4447	2.5
4448	3.0
4464	3.0
4465	3.0
4467	2.5
4477	1.5
4478	2.0
4487	2.0
4488	3.0
4489	2.5
4492	2.0
4498	2.5
4506	2.5
4529	3.5
4531	2.0
4541	1.5
4546	3.5
4553	2.5
4557	2.0
4558	2.0
4564	3.0
4571	2.5
4572	3.0
4577	3.0
4613	1.0
4621	1.0
4623	2.5
4638	1.5
4639	2.0
4641	3.0
4643	2.5
4654	1.0
4661	3.5
4673	2.5
4677	1.5
4681	3.5
4701	2.0
4703	2.0
4713	3.5
4718	2.5
4720	3.5
4728	3.5
4734	2.0
4735	0.5
4741	3.0
4744	3.0
4756	1.0
4757	3.0
4770	2.5
4776	3.0
4803	2.5
4814	2.5
4815	2.5
4816	3.0
4844	3.0
4855	3.5
4865	2.5
4866	2.5
4874	3.0
4876	2.5
4878	3.5
4881	4.0
4886	3.5
4889	3.0
4890	2.5
4896	3.0
4901	3.0
4903	3.5
4911	3.0
4912	3.5
4936	3.0
4941	3.0
4951	2.5
4954	2.5
4958	2.5
4963	3.5
4970	3.0
4973	3.0
4975	2.5
4979	3.0
4992	2.0
4993	3.5
4995	3.0
5010	3.5
5014	1.5
5015	3.5
5026	3.0
5027	1.5
5040	2.5
5049	3.5
5051	3.0
5055	3.0
5060	3.0
5065	2.0
5093	1.5
5094	1.5
5106	1.0
5110	1.5
5127	2.0
5128	2.5
5147	3.0
5171	2.5
5218	3.0
5219	2.0
5220	2.0
5247	3.0
5254	2.5
5264	1.5
5266	3.0
5282	2.0
5291	4.0
5293	2.5
5299	1.5
5303	1.0
5312	2.0
5313	2.0
5316	2.5
5323	1.5
5339	3.5
5349	3.0
5377	2.5
5378	3.5
5387	2.5
5388	3.0
5400	2.0
5414	3.0
5418	3.0
5419	1.5
5420	2.5
5444	3.0
5445	3.5
5449	2.0
5459	2.0
5463	3.0
5464	3.5
5478	3.0
5481	3.0
5502	2.0
5507	3.5
5508	3.5
5522	3.5
5528	2.5
5548	2.0
5553	3.0
5574	2.0
5602	3.5
5618	4.0
5621	2.0
5630	3.0
5666	1.5
5669	3.5
5673	3.0
5679	3.0
5712	3.0
5747	3.5
5784	1.5
5803	2.5
5809	3.5
5810	3.5
5816	3.0
5872	3.0
5890	3.0
5903	2.5
5941	2.5
5945	2.0
5952	4.0
5956	3.0
5989	3.5
5991	2.5
6001	3.0
6003	3.0
6058	3.0
6156	2.5
6157	2.5
6184	3.0
6213	3.0
6218	3.0
6242	3.5
6250	2.5
6263	3.5
6264	3.0
6281	3.5
6287	3.0
6294	1.5
6305	3.5
6323	3.5
6333	3.0
6365	3.0
6373	3.0
6377	3.5
6379	3.0
6440	3.5
6461	3.0
6484	2.0
6502	3.5
6503	3.0
6534	2.5
6535	2.0
6537	2.5
6539	2.5
6541	2.5
6548	2.0
6550	1.5
6564	2.0
6593	2.5
6595	2.0
6615	2.0
6617	3.0
6618	4.0
6620	3.0
6658	2.5
6659	2.5
6662	3.0
6664	2.0
6695	2.5
6709	2.0
6711	3.5
6754	2.0
6774	3.5
6783	4.0
6785	2.5
6786	3.5
6787	3.5
6791	3.5
6796	3.0
6807	3.0
6808	4.0
6810	1.5
6863	3.0
6874	3.5
6879	3.0
6880	3.0
6889	3.0
6890	3.5
6893	3.0
6934	3.0
6942	3.5
6947	1.5
6952	2.5
6957	3.5
6959	2.0
6966	3.0
6979	3.0
6987	3.5
6996	2.0
7000	2.0
7001	3.0
7004	1.5
7007	3.0
7008	3.0
7017	2.0
7022	3.0
7027	3.5
7034	3.5
7044	4.0
7046	3.5
7060	3.5
7072	3.5
7076	3.0
7090	3.5
7101	2.0
7102	1.5
7104	2.0
7137	3.0
7143	3.5
7153	4.0
7163	2.5
7164	2.5
7173	2.5
7215	3.5
7254	3.5
7293	2.5
7323	3.5
7324	3.0
7325	2.5
7347	2.5
7360	4.0
7361	4.0
7362	2.5
7367	2.0
7371	3.5
7373	3.0
7387	3.5
7419	3.5
7438	3.5
7439	2.0
7444	2.0
7445	3.0
7451	2.5
7454	2.5
7458	3.0
7481	3.0
7482	3.0
7569	3.5
7570	3.0
7618	3.5
7698	3.5
7766	3.5
7802	3.5
7925	4.0
7980	3.5
7981	3.5
8228	4.5
8360	3.5
8361	2.5
8368	3.0
8372	1.5
8491	3.5
8501	4.0
8528	2.5
8636	3.0
8640	3.0
8644	3.0
8665	2.0
8666	2.5
8784	3.5
8798	4.0
8810	1.5
8861	1.0
8865	2.0
8874	3.0
8880	3.0
8907	3.0
8917	3.0
8950	3.0
8957	2.0
8961	3.5
8969	1.5
8972	2.0
8984	1.0
8985	2.0
26680	2.5
27801	3.0
27821	3.0
27873	3.5
30793	3.5
31221	1.0
31420	2.0
31696	2.5
31878	3.5
32019	0.5
32029	3.5
32587	4.0
33679	2.0
34048	3.5
34319	3.0
