1	5.0
2	3.0
5	3.0
7	4.0
10	4.0
11	5.0
17	5.0
20	2.0
21	3.0
24	4.0
29	5.0
32	5.0
34	4.0
39	5.0
44	2.0
45	3.0
47	4.0
50	5.0
52	4.0
58	5.0
62	5.0
70	3.0
72	4.0
81	3.0
89	3.0
95	4.0
104	5.0
105	3.0
110	4.0
112	5.0
117	4.0
118	2.0
122	3.0
125	3.0
126	3.0
141	5.0
144	3.0
145	3.0
150	5.0
153	4.0
160	1.0
161	4.0
162	4.0
163	5.0
165	5.0
168	3.0
171	5.0
172	3.0
173	2.0
180	3.0
196	2.0
204	4.0
208	3.0
223	4.0
224	4.0
231	3.0
235	2.0
236	3.0
237	2.0
249	4.0
252	4.0
253	3.0
256	3.0
258	5.0
260	5.0
265	5.0
276	2.0
277	3.0
289	4.0
293	4.0
296	5.0
300	3.0
316	4.0
317	3.0
318	5.0
319	4.0
327	4.0
329	4.0
333	3.0
339	2.0
342	5.0
344	4.0
345	4.0
349	5.0
350	3.0
353	3.0
356	4.0
357	5.0
367	4.0
368	5.0
372	3.0
377	4.0
379	4.0
380	4.0
410	4.0
417	4.0
428	4.0
440	4.0
441	4.0
442	4.0
446	3.0
457	4.0
464	3.0
466	2.0
468	3.0
471	5.0
474	5.0
475	3.0
480	4.0
494	4.0
497	4.0
500	5.0
507	5.0
519	2.0
529	5.0
532	2.0
533	4.0
536	4.0
539	5.0
541	4.0
543	4.0
548	2.0
551	5.0
552	4.0
553	5.0
562	4.0
587	4.0
588	5.0
589	4.0
592	5.0
593	4.0
594	4.0
595	4.0
596	4.0
597	4.0
608	4.0
610	2.0
616	4.0
627	5.0
648	3.0
661	4.0
671	3.0
673	3.0
688	1.0
700	4.0
707	3.0
708	4.0
719	3.0
720	5.0
728	4.0
733	4.0
736	4.0
737	1.0
745	5.0
750	4.0
778	5.0
780	4.0
785	5.0
786	3.0
788	4.0
799	3.0
800	5.0
802	4.0
805	4.0
838	4.0
849	1.0
852	4.0
861	5.0
899	5.0
902	4.0
917	4.0
919	4.0
934	4.0
955	3.0
969	4.0
994	3.0
1009	5.0
1011	4.0
1022	4.0
1023	5.0
1027	4.0
1028	4.0
1029	4.0
1030	5.0
1036	5.0
1037	2.0
1047	5.0
1057	4.0
1059	3.0
1060	4.0
1061	4.0
1073	5.0
1077	5.0
1079	5.0
1080	5.0
1081	3.0
1084	3.0
1088	4.0
1089	4.0
1091	1.0
1094	4.0
1095	4.0
1097	4.0
1101	4.0
1120	4.0
1125	4.0
1126	3.0
1127	3.0
1129	2.0
1136	5.0
1148	5.0
1171	3.0
1179	3.0
1188	5.0
1193	5.0
1196	5.0
1197	5.0
1198	5.0
1199	5.0
1206	3.0
1210	5.0
1213	2.0
1220	4.0
1223	5.0
1225	5.0
1234	4.0
1235	5.0
1240	5.0
1243	5.0
1246	5.0
1247	5.0
1256	4.0
1257	5.0
1259	4.0
1265	4.0
1266	5.0
1270	4.0
1275	4.0
1276	5.0
1282	5.0
1285	4.0
1288	3.0
1289	4.0
1290	5.0
1291	5.0
1297	4.0
1298	3.0
1302	4.0
1304	4.0
1307	5.0
1339	2.0
1345	4.0
1356	3.0
1357	4.0
1358	4.0
1370	5.0
1371	4.0
1377	5.0
1378	3.0
1380	4.0
1385	5.0
1391	3.0
1393	5.0
1394	4.0
1396	5.0
1405	3.0
1407	4.0
1409	4.0
1414	3.0
1429	2.0
1431	2.0
1432	3.0
1438	2.0
1441	4.0
1453	2.0
1457	2.0
1466	3.0
1468	4.0
1476	4.0
1479	3.0
1485	3.0
1488	3.0
1499	2.0
1500	5.0
1503	2.0
1513	3.0
1517	5.0
1527	5.0
1541	3.0
1542	3.0
1544	3.0
1552	4.0
1566	4.0
1573	4.0
1580	4.0
1584	4.0
1587	3.0
1591	3.0
1608	3.0
1610	3.0
1611	4.0
1614	4.0
1616	3.0
1617	4.0
1625	3.0
1629	3.0
1639	5.0
1641	4.0
1642	3.0
1645	3.0
1653	4.0
1658	3.0
1663	5.0
1667	3.0
1674	5.0
1676	4.0
1680	4.0
1682	4.0
1704	5.0
1713	3.0
1721	5.0
1722	5.0
1729	4.0
1732	4.0
1735	3.0
1747	3.0
1748	4.0
1777	5.0
1779	2.0
1784	5.0
1799	4.0
1801	4.0
1810	4.0
1831	2.0
1834	5.0
1835	2.0
1840	4.0
1845	4.0
1858	3.0
1863	3.0
1876	2.0
1883	5.0
1885	4.0
1888	2.0
1894	2.0
1907	4.0
1909	4.0
1911	4.0
1912	4.0
1914	3.0
1917	3.0
1918	3.0
1920	4.0
1923	4.0
1954	4.0
1957	4.0
1960	3.0
1961	5.0
1962	5.0
1965	5.0
1967	4.0
1968	4.0
1997	4.0
2000	4.0
2001	4.0
2002	4.0
2006	5.0
2011	4.0
2012	4.0
2020	4.0
2022	4.0
2025	5.0
2028	5.0
2038	4.0
2040	4.0
2050	5.0
2051	4.0
2054	3.0
2058	4.0
2064	3.0
2078	5.0
2080	3.0
2081	5.0
2082	4.0
2085	4.0
2087	4.0
2089	4.0
2090	4.0
2091	4.0
2094	4.0
2100	4.0
2105	4.0
2108	4.0
2109	5.0
2110	4.0
2111	4.0
2115	4.0
2124	5.0
2125	4.0
2126	4.0
2134	5.0
2136	3.0
2137	5.0
2138	4.0
2140	5.0
2143	4.0
2144	4.0
2145	4.0
2146	4.0
2161	4.0
2162	3.0
2167	4.0
2174	4.0
2193	5.0
2194	4.0
2231	3.0
2243	4.0
2245	4.0
2247	3.0
2248	5.0
2261	5.0
2268	4.0
2273	5.0
2278	3.0
2282	5.0
2289	3.0
2291	4.0
2294	4.0
2302	4.0
2316	3.0
2318	4.0
2321	4.0
2329	5.0
2334	4.0
2340	3.0
2344	3.0
2352	4.0
2353	4.0
2355	4.0
2366	4.0
2371	4.0
2374	3.0
2375	3.0
2378	4.0
2384	4.0
2385	3.0
2391	4.0
2393	3.0
2395	5.0
2396	5.0
2399	3.0
2402	4.0
2403	4.0
2405	3.0
2406	5.0
2407	4.0
2408	3.0
2410	3.0
2411	3.0
2413	3.0
2420	4.0
2421	4.0
2422	3.0
2423	3.0
2424	3.0
2431	3.0
2432	2.0
2433	3.0
2447	4.0
2468	2.0
2469	3.0
2470	4.0
2471	3.0
2473	3.0
2474	4.0
2478	4.0
2485	5.0
2490	3.0
2496	3.0
2502	4.0
2517	3.0
2528	4.0
2539	5.0
2541	5.0
2542	5.0
2558	2.0
2567	4.0
2571	5.0
2572	4.0
2580	3.0
2581	4.0
2598	4.0
2599	3.0
2605	2.0
2615	4.0
2617	3.0
2622	3.0
2628	4.0
2640	5.0
2641	3.0
2642	4.0
2643	3.0
2657	3.0
2671	5.0
2672	2.0
2683	5.0
2686	4.0
2690	5.0
2694	4.0
2699	1.0
2700	4.0
2701	1.0
2706	4.0
2707	4.0
2710	4.0
2716	4.0
2717	3.0
2718	4.0
2735	3.0
2739	4.0
2761	5.0
2762	5.0
2770	4.0
2788	5.0
2791	4.0
2792	3.0
2797	4.0
2804	5.0
2805	3.0
2808	3.0
2826	2.0
2857	4.0
2858	5.0
2860	3.0
2890	5.0
2915	4.0
2916	4.0
2918	5.0
2942	4.0
2949	4.0
2959	5.0
2968	5.0
2985	4.0
2986	2.0
2987	4.0
2997	5.0
3033	4.0
3039	4.0
3040	4.0
3044	5.0
3060	4.0
3070	4.0
3072	4.0
3082	3.0
3088	5.0
3104	4.0
3107	3.0
3108	4.0
3114	4.0
3147	5.0
5060	5.0
