1	3.0
2	3.0
3	3.0
6	4.5
9	3.0
10	3.0
11	3.5
15	2.5
16	3.5
19	2.0
20	3.0
21	3.0
23	3.0
24	3.5
25	3.5
31	3.5
32	3.0
36	2.5
39	3.0
44	3.0
47	3.5
50	4.5
58	2.5
65	1.0
69	3.5
70	3.5
79	3.0
86	3.5
95	3.0
104	3.5
110	4.5
125	2.5
141	3.5
145	4.0
150	3.5
151	3.5
153	1.0
160	2.5
161	3.0
163	4.0
164	3.0
165	4.0
168	3.0
170	4.0
172	3.0
173	3.0
175	3.0
180	3.5
185	3.0
203	1.0
204	3.0
208	3.0
215	2.0
216	3.0
223	3.0
231	3.0
253	3.5
266	4.0
267	2.0
276	3.5
280	3.5
288	3.0
292	2.5
293	3.5
296	3.5
303	3.5
316	3.0
318	4.0
327	2.5
333	3.5
339	2.5
344	3.0
349	3.0
350	3.0
353	3.5
355	1.0
356	3.5
357	3.0
361	2.5
364	3.5
367	2.0
368	3.0
370	1.5
372	3.0
376	3.5
377	3.5
379	3.0
380	4.5
410	2.5
420	1.5
428	3.5
431	3.5
434	4.0
435	1.0
441	4.5
442	3.5
454	3.0
455	2.0
457	4.0
464	2.5
474	4.0
480	3.5
485	2.5
493	3.5
494	3.0
500	3.0
514	3.5
517	3.5
520	2.0
539	4.0
543	1.5
553	4.0
586	4.0
587	3.5
588	3.0
589	4.0
590	3.5
592	4.0
593	4.0
597	3.5
608	3.5
628	4.0
647	3.0
648	4.0
708	3.0
719	3.5
724	3.0
733	3.5
736	3.5
737	2.5
748	3.0
762	2.5
778	3.0
780	4.0
784	2.0
785	3.5
786	3.5
788	3.5
798	3.0
802	3.5
805	4.0
832	3.5
849	3.0
852	3.0
880	2.5
919	3.5
1012	3.5
1017	3.5
1027	3.5
1036	4.0
1042	3.0
1047	3.5
1049	3.5
1060	3.0
1073	2.5
1088	3.5
1089	4.0
1091	2.5
1092	3.5
1093	4.0
1095	3.0
1097	3.5
1100	3.0
1101	4.0
1120	3.5
1129	3.0
1193	4.0
1197	3.0
1213	4.0
1215	3.0
1240	4.5
1258	4.0
1259	4.0
1265	4.0
1266	4.0
1270	5.0
1276	3.0
1291	3.0
1297	4.0
1302	4.0
1347	3.0
1370	4.0
1377	3.0
1380	3.0
1381	1.0
1385	3.5
1387	3.5
1393	4.0
1407	3.5
1408	5.0
1409	3.5
1431	2.0
1466	4.0
1476	3.0
1479	4.0
1485	3.5
1499	2.5
1500	4.0
1513	2.0
1517	3.0
1527	3.5
1552	3.5
1556	2.5
1562	1.0
1573	4.0
1580	3.0
1584	3.5
1586	3.0
1587	3.0
1589	3.0
1593	3.0
1597	3.0
1608	3.5
1610	3.0
1616	3.5
1617	4.0
1625	4.5
1644	3.0
1645	3.5
1672	3.5
1673	3.5
1682	3.5
1687	3.5
1704	4.0
1717	2.0
1721	2.5
1722	2.5
1732	4.5
1753	3.0
1777	4.0
1784	3.5
1801	3.0
1805	2.5
1835	3.5
1883	2.5
1884	3.5
1894	2.5
1895	3.5
1912	3.5
1917	3.0
1918	3.5
1923	3.0
1954	4.0
1967	3.5
1968	3.0
1974	4.0
2000	3.5
2001	3.5
2002	3.5
2003	3.0
2005	4.5
2006	3.5
2011	4.0
2012	2.5
2028	4.0
2036	3.0
2042	2.5
2054	3.0
2058	3.5
2081	3.0
2082	3.0
2115	3.5
2124	2.5
2133	4.0
2161	3.5
2167	3.5
2174	4.0
2193	4.0
2194	4.5
2231	4.0
2268	4.0
2273	3.5
2278	3.5
2279	2.5
2291	2.5
2302	4.0
2313	2.5
2329	4.5
2335	2.5
2340	3.0
2353	4.5
2395	3.5
2405	3.0
2406	3.0
2411	3.5
2413	3.5
2416	3.0
2420	3.5
2421	3.0
2423	4.0
2424	3.0
2427	3.5
2428	3.0
2431	3.0
2447	3.5
2470	3.5
2471	2.0
2478	3.0
2485	2.0
2490	4.0
2502	3.5
2505	3.0
2539	3.0
2541	3.0
2567	3.0
2571	4.5
2572	3.5
2580	3.0
2598	4.0
2599	2.5
2605	3.0
2616	2.5
2617	4.0
2628	3.5
2671	3.0
2683	3.0
2688	3.0
2692	3.0
2694	4.0
2699	2.5
2701	2.5
2706	4.0
2707	3.0
2710	2.5
2712	2.5
2716	3.5
2717	2.5
2723	2.5
2724	3.0
2735	3.0
2762	4.0
2763	4.0
2770	3.0
2772	3.5
2791	3.5
2797	3.0
2803	3.5
2808	3.0
2826	3.5
2841	3.5
2858	4.0
2871	3.5
2881	3.5
2890	3.5
2915	3.5
2916	3.5
2918	4.0
2942	2.5
2953	3.0
2959	3.5
2985	3.0
2987	2.5
3005	3.0
3020	3.5
3033	3.5
3039	4.0
3081	3.5
3082	3.0
3087	3.5
3098	3.5
3107	4.0
3147	4.0
3148	3.0
3160	4.0
3173	3.5
3174	2.5
3175	3.0
3210	4.0
3247	3.0
3253	2.5
3254	2.5
3255	4.0
3256	4.0
3257	3.0
3263	3.5
3270	3.5
3275	4.0
3285	3.0
3298	4.5
3300	3.5
3301	3.5
3360	4.0
3361	4.0
3362	3.0
3408	3.5
3409	3.5
3418	3.5
3421	4.0
3438	2.5
3448	3.5
3452	3.0
3481	4.0
3489	3.0
3510	3.5
3527	4.0
3552	4.5
3556	3.0
3578	4.5
3617	3.5
3623	3.5
3686	3.0
3697	2.5
3698	3.5
3702	3.0
3703	3.0
3717	3.5
3740	3.5
3744	3.0
3752	3.5
3753	3.0
3755	3.5
3785	3.0
3791	3.0
3793	4.5
3809	3.5
3825	2.0
3826	2.5
3861	3.5
3869	2.0
3882	2.5
3897	4.0
3911	4.0
3916	3.5
3948	4.5
3968	2.5
3969	3.5
3977	3.5
3994	4.0
4007	4.5
4008	3.5
4011	4.0
4015	1.0
4018	3.5
4019	3.5
4023	4.5
4025	2.5
4034	4.5
4040	3.0
4054	2.5
4069	3.0
4084	3.5
4085	4.5
4128	3.5
4149	3.0
4207	3.5
4226	3.5
4239	4.5
4262	4.0
4265	2.5
4270	2.5
4299	3.0
4306	3.5
4308	3.0
4344	3.5
4351	4.0
4367	3.5
4369	3.5
4372	3.0
4388	3.0
4447	2.0
4448	4.0
4483	1.0
4489	4.0
4558	2.5
4623	4.0
4639	3.0
4643	3.0
4679	3.5
4701	3.5
4718	3.5
4776	4.5
4823	5.0
4865	3.5
4878	3.0
4890	3.0
4896	4.0
4901	4.0
4958	3.5
4963	4.5
4975	4.0
4979	3.0
4992	3.0
4993	4.5
4995	3.5
5010	3.5
5014	2.5
5049	3.0
5055	3.5
5064	3.5
5110	4.0
5152	3.5
5254	3.5
5266	3.5
5267	3.0
5292	3.0
5296	3.0
5299	2.0
5349	3.5
5377	3.5
5418	4.5
5445	3.5
5459	3.5
5464	4.0
5481	3.0
5502	3.5
5507	3.0
5524	3.5
5620	3.0
5630	3.5
5679	3.5
5810	4.0
5816	4.0
5872	3.0
5903	3.5
5952	4.5
5956	3.5
5957	2.5
5959	3.0
5970	2.0
5989	4.0
6155	3.0
6157	3.5
6188	4.5
6287	3.5
6333	4.0
6365	4.0
6373	3.0
6377	3.5
6378	4.0
6383	3.0
6534	3.0
6539	4.0
6541	3.0
6564	3.5
6565	3.5
6659	3.0
6708	3.0
6709	3.5
6711	3.0
6754	4.0
6796	4.0
6863	3.5
6870	3.5
6874	3.0
6888	3.0
6934	3.5
6936	4.0
6942	4.0
6944	2.0
6947	3.5
6957	4.0
7004	3.5
7046	3.0
7143	4.0
7149	3.5
7153	4.5
7162	4.0
7254	3.5
7293	3.0
7325	3.5
7360	3.5
7373	4.0
7438	3.0
7444	3.0
7445	4.0
7454	3.0
7458	3.5
7502	4.0
8132	3.5
8361	3.0
8368	4.0
8376	3.5
8528	4.0
8533	4.0
8636	3.5
8638	2.0
8641	3.0
8644	4.0
8665	4.0
8784	3.5
8798	3.5
8874	4.0
8947	4.0
8948	3.0
8957	4.0
8961	4.5
8972	4.0
8977	3.0
8984	3.5
8985	3.5
26614	3.5
30707	3.5
30825	3.5
31685	4.0
31696	3.0
31878	2.0
32587	4.0
32596	4.0
32598	4.0
33166	4.0
33493	4.0
33615	3.0
33660	3.5
33679	3.5
33794	4.5
34048	3.0
34162	4.5
34405	3.5
35836	4.0
36529	4.0
37384	3.0
37733	4.0
39183	2.5
40629	2.0
40815	4.0
40819	4.5
41285	3.5
41566	4.0
41569	4.0
41997	4.0
42738	3.5
43919	2.0
44191	3.5
44199	3.5
44555	2.5
44665	4.0
45447	3.5
45499	4.0
45720	3.5
45722	4.0
46530	3.0
46578	3.5
46972	3.5
47099	3.0
47610	4.0
48304	4.5
48385	3.5
48394	3.5
48516	4.0
48774	3.5
48780	4.0
49272	4.5
49278	3.5
49530	4.5
50872	3.5
51084	3.0
51255	4.0
51662	4.0
52319	3.0
52973	4.0
53322	3.5
53972	3.5
53996	4.5
54001	4.0
54286	4.0
54503	4.5
54881	4.0
54997	4.0
55118	4.0
55363	3.0
55721	4.5
55765	3.5
55820	3.5
55995	3.0
56174	4.0
56367	3.5
56775	4.0
57640	3.5
57669	2.5
58025	3.5
58559	5.0
58998	4.0
59315	4.0
59369	4.0
59725	3.0
60074	3.5
60684	3.0
61024	3.5
61132	3.5
61236	3.0
62081	4.0
62394	3.0
62434	3.0
63082	3.5
63113	3.5
63131	4.0
63992	4.0
64614	4.0
64622	2.5
64957	3.5
65216	2.5
65514	4.0
67087	5.0
67197	3.0
67255	4.0
68157	3.5
68159	3.5
68319	4.0
68358	4.0
68791	3.0
68954	4.5
69122	4.0
69481	3.5
69526	3.0
69757	4.0
69844	4.0
70286	4.0
71282	3.5
71535	4.0
71838	3.0
72011	4.0
72998	3.5
73017	4.0
73023	3.5
74458	3.0
76077	4.0
76093	4.0
76251	3.5
77561	4.0
78469	3.5
79132	5.0
79293	3.5
80463	4.0
80489	4.5
81229	3.5
81788	4.5
81834	5.0
81845	3.0
81932	4.0
82459	3.5
83613	3.0
84152	4.0
84392	4.0
85414	3.5
86190	3.5
86332	4.0
86833	4.5
87232	4.5
87520	3.0
88125	5.0
88129	4.5
88140	3.5
88163	4.5
88744	4.0
89492	4.0
89745	4.0
89774	5.0
89904	2.0
91077	4.0
91500	3.5
91529	4.5
91542	4.0
91630	4.5
93840	3.5
94864	3.5
95510	4.0
96079	3.5
96610	4.0
96821	4.0
97938	3.0
98809	3.5
98961	4.0
99114	4.5
102445	4.0
104879	3.5
104913	4.5
