6	4.5
14	3.5
16	4.5
36	4.0
47	5.0
50	3.5
94	3.0
101	3.5
111	5.0
145	1.5
154	4.0
161	3.0
162	4.0
177	3.0
194	2.5
199	5.0
214	4.0
215	4.5
227	2.5
229	3.5
247	4.0
257	2.0
260	4.5
280	2.0
281	4.5
290	3.5
296	5.0
300	4.0
306	4.5
318	3.5
337	4.5
349	3.0
371	3.0
376	2.5
382	3.0
390	3.5
407	2.5
412	4.5
426	3.5
431	4.0
454	3.0
456	4.5
457	4.0
474	4.0
480	2.5
495	3.0
501	4.0
515	3.5
529	4.5
544	2.0
548	2.5
569	2.5
589	4.0
593	4.5
594	4.0
596	4.0
599	4.5
608	4.5
648	3.0
694	2.5
735	3.5
750	4.5
858	5.0
866	4.5
899	5.0
903	5.0
904	4.5
905	4.5
907	3.5
908	5.0
910	4.0
912	5.0
913	4.0
918	4.5
919	4.0
920	3.5
922	5.0
923	5.0
924	5.0
926	4.0
928	4.0
929	4.5
930	4.5
933	3.5
936	4.0
940	4.0
942	4.0
943	4.0
945	5.0
946	4.5
950	3.5
951	4.5
953	3.5
954	4.5
955	4.5
965	3.5
968	4.5
1003	3.0
1004	2.0
1029	4.0
1032	4.0
1034	4.0
1035	4.0
1036	3.5
1047	3.5
1069	4.5
1073	4.0
1079	3.5
1084	4.0
1089	4.5
1090	4.0
1094	4.0
1095	4.0
1103	5.0
1126	2.0
1162	4.5
1178	4.5
1179	4.5
1186	4.0
1193	4.5
1196	4.0
1198	2.5
1199	4.0
1200	4.5
1201	4.0
1203	3.5
1204	5.0
1206	4.0
1208	4.0
1209	3.0
1210	4.5
1211	3.5
1212	5.0
1213	5.0
1214	4.0
1217	4.5
1218	4.5
1219	4.5
1221	5.0
1228	4.0
1230	5.0
1232	3.5
1233	3.5
1234	3.0
1236	4.0
1237	4.0
1240	3.5
1244	5.0
1245	4.5
1248	4.5
1250	4.0
1251	4.0
1252	5.0
1254	5.0
1256	4.0
1258	4.5
1260	4.0
1261	4.0
1263	4.5
1265	4.5
1266	5.0
1267	3.5
1272	3.5
1276	4.0
1280	4.0
1281	3.5
1282	4.0
1284	5.0
1291	2.0
1292	4.0
1302	2.5
1303	4.0
1305	5.0
1333	3.5
1342	3.5
1345	4.5
1346	3.5
1347	2.5
1354	4.0
1361	4.5
1385	3.5
1387	5.0
1391	2.5
1394	4.0
1404	3.0
1405	3.0
1407	3.5
1419	4.5
1464	3.5
1476	2.5
1499	2.5
1500	3.0
1615	3.0
1617	4.5
1625	4.0
1635	2.0
1639	4.0
1649	4.0
1653	2.5
1672	2.5
1673	4.5
1704	4.0
1717	2.5
1719	4.0
1729	5.0
1732	4.0
1735	2.5
1748	2.5
1834	4.0
1904	4.0
1912	4.5
1916	4.0
1934	3.0
1935	3.5
1939	3.5
1944	3.0
1945	4.5
1946	2.5
1949	4.5
1952	4.5
1953	4.0
1956	4.0
1958	5.0
1961	3.5
1965	3.5
1966	4.5
1982	4.5
1997	4.0
2000	4.0
2004	4.0
2019	5.0
2020	4.5
2021	1.0
2022	3.5
2064	4.0
2065	4.0
2066	4.5
2068	5.0
2070	3.5
2076	4.0
2088	2.5
2111	2.5
2114	2.5
2115	2.0
2118	4.5
2160	4.5
2167	2.5
2176	4.5
2178	4.0
2182	4.0
2186	5.0
2202	4.0
2203	4.5
2204	3.5
2208	5.0
2243	5.0
2248	4.5
2252	2.5
2278	2.5
2288	4.5
2289	4.0
2303	4.0
2311	2.5
2318	4.0
2337	2.5
2348	4.0
2360	4.0
2366	3.5
2371	2.5
2375	1.5
2384	3.0
2391	4.5
2395	5.0
2402	1.0
2403	2.5
2414	2.0
2427	4.5
2439	2.5
2455	5.0
2459	4.0
2475	3.5
2488	4.0
2490	2.5
2511	5.0
2525	3.0
2553	3.0
2554	2.0
2575	4.0
2580	3.5
2618	2.5
2624	3.0
2660	4.0
2692	4.0
2700	3.0
2712	4.5
2716	4.0
2721	1.5
2730	4.5
2731	5.0
2732	5.0
2745	2.5
2746	4.5
2761	2.5
2779	3.0
2797	3.0
2808	1.5
2858	4.5
2859	4.0
2863	4.0
2871	4.0
2900	3.0
2905	3.5
2908	3.5
2916	3.5
2917	4.5
2920	4.5
2921	3.5
2925	5.0
2927	4.5
2932	5.0
2935	4.0
2936	4.5
2937	4.5
2943	1.5
2944	3.0
2947	3.5
2952	4.0
2959	4.5
2971	4.0
2973	4.5
2987	4.0
2997	4.5
3006	4.0
3016	3.0
3017	2.0
3018	4.5
3019	4.0
3030	4.0
3032	2.0
3067	2.5
3075	4.5
3089	4.5
3091	5.0
3093	5.0
3095	4.5
3097	5.0
3099	2.5
3104	4.5
3134	5.0
3152	2.5
3160	5.0
3176	4.5
3182	3.5
3196	3.5
3224	4.0
3262	3.5
3265	4.5
3307	5.0
3317	2.5
3342	2.5
3355	3.5
3358	3.5
3359	3.0
3362	3.0
3365	5.0
3384	3.5
3386	4.5
3424	3.5
3435	5.0
3461	3.0
3462	4.0
3467	3.5
3468	5.0
3470	5.0
3471	2.5
3480	4.0
3481	4.0
3503	4.0
3504	4.5
3516	2.5
3527	3.0
3543	3.5
3551	2.5
3576	3.0
3608	4.0
3676	3.5
3681	4.0
3682	2.5
3683	4.0
3685	4.0
3697	2.5
3699	2.5
3703	4.5
3704	2.5
3706	4.0
3726	4.5
3727	3.0
3730	5.0
3741	5.0
3769	4.0
3788	4.0
3801	5.0
3809	2.5
3868	3.5
3869	3.0
3882	2.5
3897	4.5
3910	4.0
3983	4.5
3998	2.5
4002	4.5
4009	4.0
4034	4.0
4037	4.0
4041	4.0
4077	3.0
4144	4.0
4210	3.0
4211	3.5
4226	4.5
4327	3.0
4329	5.0
4334	3.5
4340	2.5
4349	3.5
4351	4.0
4356	4.0
4410	4.0
4432	5.0
4464	3.5
4506	2.0
4531	2.0
4533	3.0
4553	4.0
4641	3.5
4703	2.5
4754	4.0
4776	3.0
4845	1.5
4846	2.5
4848	4.5
4855	2.5
4873	5.0
4890	2.5
4903	4.5
4914	4.5
4932	4.0
4956	4.5
4969	5.0
4973	4.0
4979	4.0
5004	3.0
5017	4.5
5027	1.5
5049	4.5
5060	4.5
5102	2.5
5105	4.0
5120	3.5
5139	2.5
5177	4.5
5225	4.0
5291	4.0
5339	3.5
5349	4.0
5363	2.5
5367	2.0
5377	3.0
5418	3.0
5479	2.5
5500	4.0
5506	2.5
5603	4.0
5611	1.0
5673	5.0
5690	4.5
5693	3.5
5712	4.5
5792	3.0
5809	3.5
5812	4.5
5853	4.0
5893	4.5
5902	5.0
5954	4.5
6001	3.5
6016	2.5
6058	2.5
6062	3.0
6093	2.5
6156	2.5
6157	1.5
6197	2.5
6214	4.0
6218	1.5
6281	2.5
6287	2.0
6290	2.5
6296	2.0
6297	2.5
6301	4.5
6305	4.5
6322	3.0
6323	2.0
6331	3.0
6333	2.0
6365	2.5
6367	4.0
6373	1.5
6377	2.5
6378	2.0
6379	2.5
6380	4.5
6385	2.0
6428	3.5
6440	3.5
6484	2.5
6502	3.0
6503	3.5
6534	2.0
6537	2.5
6538	2.5
6539	3.0
6548	0.5
6552	2.5
6565	2.5
6586	2.0
6587	2.5
6593	2.5
6595	2.5
6615	2.5
6617	2.5
6618	2.5
6620	2.5
6639	3.0
6650	3.5
6669	5.0
6707	2.0
6708	3.5
6709	2.0
6711	3.0
6731	2.5
6774	2.5
6783	4.5
6787	4.0
6862	3.0
6863	3.5
6867	2.0
6870	2.5
6873	3.0
6874	4.5
6880	0.5
6888	2.5
6890	2.5
6932	3.0
6934	2.0
6936	2.5
6942	2.5
6947	2.5
6952	2.0
6953	3.0
6957	3.5
6975	4.5
6993	5.0
7007	3.5
7044	2.5
7045	3.0
7064	4.0
7072	3.5
7075	4.0
7116	4.0
7132	3.5
7139	2.5
7143	3.0
7147	3.0
7149	2.5
7150	3.0
7151	2.0
7153	2.0
7156	2.5
7158	3.0
7160	2.5
7162	3.5
7163	3.0
7215	4.0
7254	2.5
7265	3.0
7285	2.0
7327	5.0
7346	2.5
7347	2.5
7348	3.5
7360	2.5
7361	4.0
7362	2.0
7366	1.5
7367	2.5
7371	5.0
7373	2.0
7387	5.0
7419	5.0
7438	4.0
7439	2.0
7445	2.0
7451	2.5
7458	3.0
7460	2.5
7560	4.0
7587	4.5
7698	4.0
7700	4.5
7706	3.5
7766	4.5
7802	3.0
7827	1.5
7925	4.5
7981	3.5
8014	2.0
8042	5.0
8128	4.5
8154	4.5
8340	3.0
8368	2.5
8370	2.5
8376	2.0
8464	2.5
8491	4.5
8507	3.5
8528	2.0
8529	2.0
8622	3.0
8636	3.5
8638	5.0
8665	2.5
8781	2.5
8783	2.0
8798	3.0
8860	2.5
8865	2.0
8874	2.5
8879	2.5
8910	3.5
8914	3.5
8917	2.5
8947	2.0
8949	3.0
8950	3.0
8951	3.5
8957	1.5
8961	2.0
8966	2.0
8970	2.0
8973	2.5
8977	3.5
8981	2.5
8983	2.5
8984	2.5
8985	1.5
9018	3.5
25788	4.5
26131	4.0
26242	3.0
27266	4.0
27317	4.5
27592	3.5
27721	3.0
27727	3.0
27741	2.5
27772	2.5
27773	3.5
27788	2.5
27801	2.5
27808	2.5
27821	2.0
27846	3.5
27873	2.5
27904	3.5
30707	4.0
30749	2.5
30810	3.5
30812	3.5
30822	2.0
30898	2.5
31420	2.5
31427	1.5
31658	3.5
31696	2.0
31878	3.0
32029	2.5
32587	3.5
32598	3.0
33164	2.5
33166	1.5
33171	2.0
33437	2.0
33493	2.5
33679	2.0
33794	2.5
33834	2.5
33880	3.5
34048	2.5
34162	2.5
34271	3.0
34323	3.0
34332	2.5
34338	2.5
34437	3.0
34532	2.5
34542	4.0
35836	3.0
35957	2.5
36276	4.0
36401	2.0
36517	2.0
36527	2.5
36529	2.5
37382	1.5
37720	2.5
37733	4.5
37741	3.0
38061	3.5
38304	3.5
38798	3.0
38886	3.5
39183	3.0
39231	2.5
39292	2.5
39381	2.5
39414	2.0
39444	2.0
39446	1.5
40278	2.5
40583	2.0
40629	3.5
40732	2.5
40815	2.5
40819	2.5
41285	4.0
41569	2.5
41716	2.0
41863	2.0
41997	1.5
42418	5.0
42632	2.0
42723	2.5
43376	2.0
43679	3.0
43936	2.5
44191	2.5
44195	3.0
44199	3.0
44397	2.5
44555	2.5
44694	2.5
44761	4.0
44788	1.0
44828	2.5
44974	1.5
45028	3.0
45186	2.5
45210	2.0
45501	2.5
45517	1.5
45722	2.5
45728	2.5
45730	3.0
45880	3.0
45950	2.5
46578	1.5
46948	2.0
46965	2.5
46967	2.5
46970	2.0
46974	2.5
47044	2.5
47200	2.5
47423	3.5
47610	2.5
47629	2.5
47997	2.5
48043	1.5
48082	2.5
48142	2.5
48304	2.5
48322	3.0
48385	3.0
48394	3.0
48516	4.5
48696	2.0
48774	3.0
48780	2.5
48783	2.0
48997	4.0
49272	2.5
49278	3.0
49396	2.0
49530	2.0
49932	2.0
49961	1.5
50794	1.0
50872	2.5
51080	2.5
51086	2.0
51091	2.5
51255	3.5
51540	4.5
51662	1.0
51709	3.0
51935	2.0
52042	3.0
52241	2.0
52281	4.0
52319	3.5
52328	3.0
52458	2.5
52604	3.0
52722	2.0
52952	2.5
52973	2.5
53000	2.5
53123	2.0
53129	2.5
53318	2.5
53322	2.5
53519	4.5
53550	2.0
53894	2.5
53953	2.5
53972	2.0
53996	2.5
54001	2.0
54190	2.5
54259	2.5
54272	2.0
54503	3.0
54736	2.0
54881	3.0
54995	3.0
54997	2.0
54999	1.5
55052	2.5
55069	3.0
55094	2.5
55118	2.5
55247	3.5
55267	2.5
55269	2.5
55276	2.5
55280	2.5
55282	1.5
55290	3.5
55363	2.5
55442	2.5
55721	1.5
55765	3.0
55805	2.0
55814	3.5
55820	4.5
55830	2.5
56145	2.0
56152	2.5
56174	2.5
56333	3.0
56339	2.5
56367	3.0
56587	2.5
56607	1.5
56757	2.5
56782	5.0
56788	3.0
56805	2.5
57274	4.0
57368	2.0
57528	2.0
57640	2.5
57669	2.0
58047	2.5
58103	2.0
58162	1.5
58295	2.0
58559	3.0
58998	2.5
59018	1.0
59126	2.5
59315	2.0
59369	2.5
59387	1.5
59615	2.0
60037	1.5
60040	2.0
60069	2.5
60072	2.0
60684	2.5
60766	2.5
60950	4.0
61024	2.5
61132	2.5
61240	2.5
61323	4.0
62374	2.5
62434	2.5
62511	3.5
63062	3.5
63072	2.5
63082	2.0
63113	1.5
63131	2.5
63876	3.5
63992	2.0
64575	3.0
64614	3.5
64620	2.5
64622	2.5
64839	3.0
64957	2.5
65130	2.0
65261	3.0
65642	2.0
66509	2.5
67087	2.5
67267	2.0
67734	3.5
67997	2.5
68157	5.0
68159	2.0
68205	2.0
68237	2.5
68358	2.5
68791	2.0
68848	3.0
68952	3.5
68954	2.5
69122	2.5
69134	4.0
69481	3.0
69640	2.5
69844	2.5
69951	1.5
70293	2.0
71211	2.5
71282	2.5
71379	3.0
71464	2.0
71535	2.5
71579	2.0
71745	2.0
71838	1.0
72011	3.0
72226	4.0
72395	1.5
72720	2.5
72731	2.0
72733	2.0
72998	2.5
73017	2.5
73023	2.5
73266	2.5
73321	2.0
73344	2.5
74458	4.0
74545	3.0
74789	2.0
76251	1.5
76293	2.0
77455	3.5
77561	2.5
78039	1.5
78499	2.5
78574	3.0
79057	2.5
79132	3.5
79242	3.5
79293	2.5
79592	2.5
79695	1.5
79702	2.5
80219	2.5
80463	4.0
80489	2.5
80549	2.5
81229	2.0
81562	3.0
81591	4.0
81782	3.0
81788	2.5
81834	2.0
81845	2.5
81932	3.0
82202	2.0
82459	3.0
82461	1.5
83349	2.0
83613	1.5
84152	3.0
84392	2.5
84601	2.5
84772	1.5
84944	2.5
84954	2.0
85414	2.5
85774	3.5
86190	1.5
86320	3.5
86882	2.5
86898	4.0
87306	2.5
88125	2.0
88129	4.5
88744	2.5
89470	2.5
89492	3.0
89753	2.5
89864	2.5
90866	2.5
91077	2.5
91630	2.5
91658	2.5
