1	5.0
3	3.0
4	3.5
6	4.5
7	3.0
16	4.0
20	3.0
21	4.5
22	4.5
23	3.5
25	5.0
27	4.0
29	4.0
32	4.5
34	5.0
35	4.0
39	3.0
45	5.0
47	5.0
50	5.0
57	4.0
58	4.0
66	2.0
70	4.0
82	5.0
94	4.0
95	3.0
110	5.0
111	5.0
118	3.5
121	4.5
125	4.0
135	2.5
141	3.5
150	5.0
151	4.0
153	3.0
154	4.0
163	4.0
164	4.0
165	3.0
168	3.0
171	3.5
175	4.0
176	5.0
177	3.0
182	3.0
190	3.5
191	3.0
193	2.5
195	3.0
203	4.0
207	3.0
208	2.5
224	4.0
225	3.5
230	4.5
233	3.5
234	3.0
235	5.0
236	3.5
247	5.0
249	5.0
253	3.0
260	5.0
261	4.5
265	5.0
266	4.0
270	3.5
273	3.0
276	2.0
278	3.5
280	4.0
281	4.5
282	3.5
288	5.0
292	3.5
293	5.0
296	5.0
299	3.5
305	3.0
306	4.5
307	4.5
308	4.0
314	5.0
316	4.0
317	2.5
318	5.0
319	4.0
328	3.5
337	5.0
339	3.5
342	3.0
344	3.0
345	4.0
347	3.5
348	4.0
356	5.0
357	3.0
360	2.0
361	4.0
364	5.0
366	4.0
367	3.0
368	4.0
372	4.0
373	4.0
376	4.0
377	4.0
380	4.0
382	3.0
408	3.0
410	3.0
415	2.0
419	2.5
421	4.0
422	4.0
427	3.0
438	3.5
440	4.0
441	4.0
451	3.5
455	4.0
457	4.0
459	3.0
468	3.0
474	3.0
477	4.5
480	4.0
481	4.0
490	4.0
491	4.0
495	4.0
497	4.0
500	4.0
506	4.0
508	4.5
509	4.0
515	4.5
518	3.0
519	2.0
520	3.5
524	4.0
527	5.0
532	4.0
533	3.5
537	3.5
539	4.5
540	3.5
541	5.0
543	3.0
550	3.0
551	5.0
552	4.0
553	4.0
555	4.0
562	4.0
574	4.0
581	4.0
586	3.0
587	3.0
589	4.0
590	4.5
592	4.0
593	5.0
594	5.0
595	4.0
597	3.5
608	5.0
613	4.0
616	4.0
628	4.5
640	3.0
648	3.5
653	3.0
697	3.0
708	4.5
714	4.0
724	3.0
733	4.0
736	4.0
742	3.5
780	4.0
781	3.5
782	3.0
786	3.0
788	3.5
802	4.0
832	3.5
835	4.0
842	3.0
849	3.0
852	3.5
866	5.0
880	3.0
892	4.0
898	4.5
899	5.0
900	4.0
901	4.0
902	5.0
903	5.0
904	5.0
906	4.5
909	4.5
910	5.0
911	4.5
912	5.0
913	4.0
914	4.0
915	4.0
916	5.0
918	4.0
919	5.0
920	3.0
922	5.0
923	4.5
926	4.5
927	4.0
928	4.5
930	4.0
932	4.5
934	4.0
942	5.0
951	4.5
953	4.5
954	4.5
955	4.5
968	5.0
969	5.0
994	4.5
1010	3.0
1022	5.0
1028	4.0
1029	5.0
1032	4.0
1034	2.5
1035	5.0
1036	3.5
1037	3.0
1041	4.0
1059	4.0
1060	4.5
1069	4.5
1073	4.0
1079	5.0
1081	3.0
1084	5.0
1088	4.0
1089	4.5
1091	3.0
1092	5.0
1093	4.0
1094	4.0
1097	4.5
1099	4.5
1100	3.0
1101	4.0
1103	4.5
1104	4.5
1120	4.5
1124	4.0
1127	3.0
1129	4.0
1130	3.0
1172	5.0
1175	4.0
1179	5.0
1185	4.5
1186	4.0
1188	5.0
1190	4.0
1193	5.0
1196	3.0
1197	5.0
1198	5.0
1200	4.5
1206	3.5
1207	5.0
1214	4.0
1219	5.0
1220	4.0
1222	3.0
1225	4.5
1228	4.0
1233	4.0
1234	5.0
1235	4.5
1240	4.5
1245	4.5
1247	4.0
1248	3.0
1249	5.0
1252	5.0
1257	4.0
1258	5.0
1259	5.0
1260	5.0
1262	4.5
1265	2.0
1266	4.5
1269	5.0
1270	4.0
1273	4.0
1274	3.0
1275	4.0
1276	4.0
1278	5.0
1282	5.0
1283	5.0
1284	4.5
1285	5.0
1287	4.0
1288	4.0
1291	4.0
1295	4.5
1296	3.0
1298	4.0
1302	4.0
1304	5.0
1305	4.0
1307	4.0
1321	4.0
1327	4.0
1330	3.5
1333	4.0
1339	4.0
1340	4.0
1342	3.0
1343	4.0
1344	5.0
1345	5.0
1346	4.0
1347	5.0
1350	4.0
1352	4.0
1354	4.0
1358	5.0
1370	2.0
1374	3.0
1378	3.0
1380	4.0
1381	2.0
1387	5.0
1388	3.0
1392	4.0
1393	4.0
1394	4.0
1407	5.0
1408	4.0
1409	3.0
1438	3.0
1441	5.0
1474	2.5
1475	3.0
1476	3.0
1483	4.0
1499	2.0
1500	4.0
1513	3.5
1518	3.5
1544	4.0
1554	4.0
1556	2.0
1562	3.0
1569	3.0
1573	4.0
1580	4.0
1587	3.0
1589	4.0
1594	4.0
1610	4.0
1611	4.5
1614	4.0
1617	5.0
1620	4.0
1627	3.5
1635	5.0
1639	4.0
1641	5.0
1643	4.0
1647	3.5
1653	3.0
1660	4.0
1663	3.0
1673	4.5
1674	4.0
1676	3.0
1680	4.0
1682	4.5
1683	3.0
1694	4.0
1704	4.5
1719	4.5
1721	4.0
1734	4.0
1735	3.0
1777	4.0
1779	3.0
1784	4.0
1794	4.0
1801	3.0
1805	4.0
1816	3.5
1834	4.5
1835	3.0
1844	4.0
1882	3.0
1885	4.0
1889	4.0
1894	2.0
1897	3.0
1911	4.0
1916	4.5
1917	4.0
1923	4.0
1938	4.0
1945	5.0
1947	5.0
1952	4.0
1954	4.0
1955	4.0
1956	4.0
1958	3.0
1961	5.0
1962	4.0
1967	4.0
1968	4.0
1973	3.0
1974	4.0
1982	5.0
1991	3.0
1994	4.0
1997	5.0
2000	3.0
2003	5.0
2005	5.0
2006	4.0
2014	3.5
2018	5.0
2020	4.0
2022	4.0
2025	4.0
2028	4.0
2052	3.0
2064	4.0
2065	5.0
2066	5.0
2076	5.0
2078	4.0
2080	5.0
2081	4.0
2087	5.0
2090	4.0
2096	4.0
2100	4.0
2105	4.0
2106	4.0
2108	4.0
2115	3.0
2121	4.0
2122	3.0
2125	4.0
2132	4.5
2137	4.0
2138	4.0
2144	4.0
2145	3.0
2146	3.0
2154	4.0
2159	3.5
2160	5.0
2167	4.0
2174	4.0
2176	4.5
2178	4.5
2181	4.0
2184	3.0
2186	4.5
2194	4.0
2203	5.0
2206	4.5
2208	4.5
2236	4.0
2248	4.0
2263	4.0
2266	3.5
2272	3.5
2273	3.5
2279	3.0
2282	4.0
2289	4.0
2291	5.0
2294	4.0
2301	4.0
2302	3.0
2310	4.0
2312	4.5
2313	4.5
2315	2.0
2316	4.0
2318	4.5
2320	4.0
2321	5.0
2324	5.0
2329	5.0
2331	5.0
2333	5.0
2335	3.0
2336	4.0
2346	3.0
2355	5.0
2357	4.5
2359	4.0
2366	5.0
2367	4.0
2369	3.5
2389	3.0
2391	4.0
2396	5.0
2406	3.0
2407	3.5
2424	3.5
2431	3.0
2432	3.0
2436	4.0
2437	3.5
2439	4.5
2442	5.0
2443	4.0
2447	3.5
2454	5.0
2455	4.0
2459	3.5
2467	4.0
2468	3.0
2469	4.0
2488	4.0
2496	3.5
2505	4.0
2506	3.5
2513	3.0
2517	4.0
2518	3.0
2519	4.0
2528	4.0
2529	3.0
2542	5.0
2551	4.0
2560	2.0
2563	3.0
2565	4.0
2570	4.0
2571	4.5
2579	4.5
2581	3.5
2594	5.0
2598	4.0
2599	4.0
2605	3.0
2612	4.5
2617	4.0
2622	4.0
2628	3.0
2629	2.5
2639	3.5
2640	4.0
2644	4.5
2648	5.0
2657	5.0
2664	4.0
2668	3.0
2671	3.0
2682	4.0
2686	5.0
2688	3.5
2692	4.0
2699	3.0
2700	4.0
2701	2.5
2706	3.0
2710	4.0
2712	3.0
2713	2.0
2716	4.0
2718	4.0
2719	3.0
2724	2.0
2726	5.0
2729	4.0
2731	4.0
2732	4.5
2739	5.0
2746	4.5
2747	4.5
2757	5.0
2762	5.0
2763	5.0
2764	5.0
2769	4.5
2779	4.0
2791	3.0
2793	3.0
2797	4.0
2802	4.0
2806	3.0
2822	3.0
2826	2.5
2840	5.0
2841	5.0
2846	4.0
2857	3.0
2858	5.0
2861	3.0
2862	3.0
2863	5.0
2867	4.0
2871	5.0
2872	4.5
2902	3.0
2908	5.0
2915	4.0
2916	3.0
2917	5.0
2918	4.0
2940	5.0
2952	5.0
2956	4.0
2959	4.0
2971	4.0
2985	4.0
2987	4.0
2995	3.0
2996	3.5
2997	4.5
3008	4.0
3015	4.0
3016	4.0
3019	5.0
3037	4.0
3039	3.0
3044	4.0
3052	4.0
3053	4.0
3061	5.0
3063	3.5
3067	5.0
3072	4.0
3075	5.0
3081	4.0
3082	3.0
3083	4.0
3088	5.0
3089	4.5
3097	4.0
3098	4.0
3101	5.0
3105	3.5
3107	4.0
3108	4.0
3111	3.5
3114	4.0
3115	3.5
3129	4.0
3147	5.0
3148	4.5
3152	4.5
3160	5.0
3175	3.0
3181	4.5
3186	4.0
3203	5.0
3204	3.5
3208	2.0
3210	4.0
3249	4.0
3252	4.5
3253	4.0
3255	4.0
3256	3.0
3257	2.0
3258	3.0
3259	3.0
3266	4.0
3267	4.0
3269	4.0
3271	5.0
3274	3.5
3275	4.5
3317	5.0
3324	3.0
3330	5.0
3334	4.5
3355	3.0
3361	4.0
3362	4.5
3365	4.0
3394	3.0
3396	5.0
3408	4.0
3418	5.0
3421	3.0
3426	4.0
3435	5.0
3451	4.5
3461	5.0
3468	4.5
3469	5.0
3471	4.0
3475	5.0
3478	3.0
3479	4.0
3481	4.0
3499	5.0
3506	3.5
3507	4.5
3516	3.5
3524	4.0
3527	3.0
3529	4.0
3535	4.0
3543	5.0
3545	5.0
3546	5.0
3549	4.0
3550	4.0
3551	4.5
3552	2.5
3556	5.0
3565	3.0
3578	5.0
3594	3.0
3606	4.0
3614	4.0
3668	4.0
3671	4.5
3675	4.0
3683	5.0
3684	5.0
3686	4.0
3697	2.0
3699	3.0
3702	4.0
3703	4.0
3705	3.0
3706	3.5
3707	3.5
3708	3.5
3717	4.0
3723	4.0
3747	4.0
3751	5.0
3755	4.0
3763	4.0
3784	3.0
3785	3.5
3791	4.0
3793	4.0
3794	4.5
3801	4.5
3825	3.5
3826	4.0
3827	3.0
3831	4.0
3835	3.0
3844	3.5
3893	4.0
3895	2.0
3897	4.5
3909	3.5
3910	5.0
3911	4.0
3917	4.0
3932	4.0
3949	5.0
3952	4.5
3953	2.0
3967	4.0
3968	3.0
3977	3.0
3979	2.0
3983	4.5
3992	5.0
3993	5.0
4008	4.0
4014	4.5
4017	4.0
4018	2.0
4020	5.0
4022	4.0
4025	3.0
4027	4.0
4029	5.0
4030	3.5
4034	5.0
4036	5.0
4037	4.0
4041	3.0
4054	3.0
4061	4.0
4062	4.0
4063	3.5
4067	3.5
4077	4.0
4082	4.5
4085	3.0
4086	3.0
4128	4.0
4132	3.0
4148	3.0
4178	4.0
4205	3.5
4210	4.0
4218	4.5
4226	5.0
4231	2.0
4235	5.0
4239	4.0
4246	4.0
4251	3.0
4262	4.5
4270	3.0
4280	5.0
4285	4.0
4291	4.0
4292	5.0
4306	4.0
4308	4.0
4318	3.5
4321	4.0
4322	4.5
4333	2.0
4345	4.0
4351	4.0
4356	4.0
4359	5.0
4361	4.0
4372	4.0
4383	4.0
4396	3.0
4432	4.5
4447	4.0
4448	4.0
4464	4.0
4465	4.5
4474	3.5
4478	4.0
4487	3.0
4506	4.0
4508	4.0
4545	4.0
4546	5.0
4587	3.5
4613	4.0
4621	3.0
4623	5.0
4641	5.0
4642	4.0
4643	4.0
4661	4.0
4676	2.5
4677	3.5
4682	3.0
4699	3.0
4700	3.5
4703	4.5
4720	5.0
4723	4.5
4754	5.0
4757	4.0
4770	4.0
4776	5.0
4787	4.5
4803	4.0
4809	4.0
4816	3.0
4821	4.0
4835	4.0
4844	4.0
4848	4.0
4865	4.0
4867	3.0
4878	4.0
4880	4.0
4881	4.0
4890	3.5
4896	4.0
4902	5.0
4903	5.0
4912	4.0
4914	4.0
4929	2.5
4932	4.0
4936	5.0
4941	3.0
4951	4.0
4954	4.0
4963	3.5
4973	5.0
4975	4.0
4976	5.0
4978	5.0
4979	4.0
4992	3.0
4993	5.0
5013	4.0
5015	5.0
5049	3.0
5051	4.0
5060	4.0
5064	4.0
5074	4.0
5081	3.5
5103	4.0
5105	4.0
5214	3.0
5222	4.0
5225	4.0
5237	4.0
5247	3.0
5254	3.0
5267	4.0
5269	4.0
5294	5.0
5299	4.5
5303	3.0
5308	3.5
5309	3.0
5312	3.5
5319	5.0
5329	4.0
5349	5.0
5364	4.0
5377	4.0
5379	3.5
5388	4.0
5418	4.0
5419	3.0
5421	4.0
5438	2.0
5445	3.0
5446	4.5
5464	4.5
5477	4.0
5502	4.0
5505	4.0
5528	4.0
5540	4.0
5544	4.0
5548	3.5
5553	3.5
5568	3.0
5577	4.0
5608	5.0
5610	3.0
5613	4.0
5617	4.0
5620	3.5
5630	3.0
5649	5.0
5666	3.0
5668	4.0
5673	4.0
5679	4.5
5685	4.0
5782	4.5
5791	4.0
5812	4.0
5816	4.0
5876	4.0
5878	5.0
5902	4.0
5945	4.0
5952	4.0
5954	4.5
5956	4.0
5957	2.5
5989	4.0
5991	4.0
5992	4.5
5995	5.0
6016	4.5
6155	3.5
6170	4.5
6183	4.0
6197	3.0
6214	4.0
6216	4.0
6218	4.0
6223	4.0
6238	2.0
6281	3.0
6291	4.5
6323	4.0
6333	3.5
6365	3.5
6377	5.0
6380	4.5
6385	5.0
6436	4.0
6502	4.5
6538	4.0
6539	4.0
6552	4.5
6565	4.5
6591	4.5
6593	3.5
6636	4.0
6639	5.0
6658	3.5
6659	4.0
6708	4.0
6711	4.5
6724	4.5
6743	4.5
6753	3.5
6785	4.0
6786	4.5
6810	3.0
6832	4.0
6852	4.5
6862	4.0
6863	4.0
6867	4.5
6870	4.5
6881	4.0
6944	4.0
6950	3.5
6953	5.0
6957	4.5
6987	4.5
6993	3.0
7008	4.0
7013	4.5
7044	4.5
7046	3.5
7101	3.0
7116	4.5
7137	4.5
7139	5.0
7147	4.5
7151	4.5
7153	4.5
7155	3.5
7158	4.5
7160	4.0
7161	3.5
7162	5.0
7215	4.5
7254	4.5
7256	4.5
7263	4.5
7265	3.5
7285	4.5
7293	3.5
7303	4.5
7318	4.0
7347	3.5
7361	4.5
7419	4.0
7444	3.5
7451	3.5
7619	4.5
8154	4.0
8360	3.5
8368	4.0
8464	4.5
8501	4.0
8507	4.5
8610	4.0
8622	4.5
8623	4.5
8636	4.5
8645	4.5
8665	4.0
8783	3.0
8784	4.0
8870	3.0
8874	4.5
8880	4.5
8947	3.5
8949	5.0
8950	4.5
8951	4.0
8957	3.0
8958	4.5
8961	4.5
8966	4.5
8973	4.5
8981	4.0
26084	4.5
26680	4.0
27317	4.0
27721	4.0
27727	4.5
27773	4.5
27788	3.5
27803	4.5
27808	4.0
27815	4.5
27831	4.5
27838	4.0
27878	4.5
30707	4.5
30749	5.0
30812	5.0
30820	4.5
30898	4.5
32587	4.0
33166	4.5
33171	4.5
33794	4.5
33880	4.0
37729	4.0
