16	4.0
18	4.5
19	0.5
32	3.0
47	4.0
50	4.5
65	2.5
69	0.5
70	1.0
110	4.0
122	3.0
141	2.0
144	2.5
145	0.5
147	4.0
150	3.5
157	2.0
160	1.5
170	2.5
180	5.0
198	3.0
216	2.0
223	5.0
246	0.5
253	4.0
260	5.0
266	3.5
288	4.0
289	2.0
290	3.0
296	4.0
318	4.0
337	4.5
344	1.0
353	3.5
356	4.5
358	3.5
364	3.0
372	4.0
419	0.5
420	2.5
427	3.5
428	4.0
429	3.0
431	4.0
432	2.0
435	0.5
437	3.0
441	3.5
455	1.0
480	3.5
481	5.0
493	4.5
508	3.5
522	2.5
527	4.0
541	2.5
555	4.5
592	2.0
593	3.5
608	4.5
663	4.0
678	2.0
750	4.0
778	4.5
784	2.0
858	4.5
902	4.0
1020	1.0
1036	1.0
1059	4.5
1079	4.0
1080	4.5
1086	1.5
1089	4.5
1090	4.0
1093	3.0
1129	3.0
1136	5.0
1185	3.5
1193	4.5
1194	3.0
1196	5.0
1197	4.0
1198	4.5
1200	3.5
1206	4.5
1208	4.5
1210	5.0
1213	5.0
1214	3.5
1215	3.0
1219	4.0
1220	3.5
1221	5.0
1222	3.0
1235	4.0
1240	4.0
1242	4.5
1246	3.5
1247	4.0
1258	4.5
1259	4.0
1262	2.0
1265	3.5
1266	4.5
1267	1.0
1268	3.0
1270	3.5
1272	1.0
1276	4.5
1278	3.5
1285	5.0
1297	4.0
1298	4.5
1299	3.0
1302	3.0
1304	3.0
1321	3.5
1343	3.0
1345	3.0
1350	4.0
1358	4.5
1374	4.0
1377	1.5
1394	4.0
1466	3.5
1499	1.5
1500	3.0
1517	3.5
1584	2.0
1587	3.0
1610	3.0
1617	3.5
1639	4.0
1663	3.0
1673	3.5
1682	4.5
1693	4.0
1704	3.5
1729	4.0
1732	4.0
1747	3.5
1835	2.5
1884	4.0
1916	3.5
1923	5.0
1954	3.5
1960	3.5
1961	3.5
1968	4.5
1991	1.0
1992	1.0
1994	4.0
2000	3.5
2005	4.0
2011	2.5
2012	0.5
2021	2.5
2023	4.0
2028	4.0
2072	4.5
2083	3.0
2105	3.0
2108	4.0
2114	4.0
2115	4.0
2117	4.0
2122	4.0
2133	2.0
2134	3.5
2139	3.5
2140	4.0
2143	4.0
2145	3.0
2160	3.0
2174	4.0
2193	3.0
2194	4.5
2236	3.5
2248	2.5
2261	3.5
2288	3.5
2291	3.5
2302	4.0
2313	2.0
2321	3.5
2329	4.5
2355	2.0
2371	4.0
2403	3.5
2407	2.5
2408	1.0
2423	4.0
2458	3.0
2459	3.5
2463	3.5
2502	4.5
2529	4.0
2539	2.5
2542	4.5
2571	4.5
2572	1.5
2580	3.5
2596	4.0
2605	2.5
2641	3.0
2657	4.5
2683	3.5
2694	0.5
2700	4.0
2706	3.5
2710	3.0
2716	4.0
2746	3.0
2762	3.0
2770	0.5
2788	4.5
2791	4.5
2795	5.0
2797	3.0
2858	5.0
2871	4.5
2872	4.0
2915	4.0
2959	4.5
2997	3.5
3000	2.5
3019	4.5
3020	4.0
3033	5.0
3039	4.0
3052	3.5
3081	3.5
3087	3.0
3107	1.5
3108	4.0
3147	4.5
3148	4.0
3160	3.0
3181	4.0
3186	4.5
3210	5.0
3246	4.0
3253	3.0
3261	4.5
3271	4.5
3275	4.5
3361	3.0
3363	2.5
3386	3.5
3396	3.5
3398	3.0
3421	2.5
3441	3.5
3450	2.5
3477	4.0
3481	3.5
3498	3.5
3499	3.5
3527	3.0
3534	2.0
3535	4.0
3552	4.0
3578	4.5
3581	4.0
3671	4.0
3735	4.0
3740	3.5
3809	3.5
3868	4.0
3896	3.0
3943	3.0
3948	3.0
3949	4.5
3977	0.5
4002	3.5
4006	3.5
4008	3.0
4010	4.0
4011	3.0
4014	4.0
4022	3.5
4027	4.5
4034	3.5
4039	3.0
4066	3.5
4084	4.0
4085	4.5
4091	3.0
4102	5.0
4128	4.0
4214	3.0
4226	5.0
4239	3.5
4246	0.5
4262	5.0
4306	3.0
4321	2.0
4326	3.0
4370	3.0
4396	3.0
4467	3.0
4474	1.0
4477	3.5
4478	2.5
4483	4.0
4488	4.0
4489	3.5
4499	3.0
4571	3.5
4616	3.5
4623	3.0
4678	3.5
4679	2.0
4681	3.0
4718	3.0
4720	3.5
4734	3.5
4776	4.0
4865	4.0
4874	3.5
4878	4.5
4886	3.5
4915	3.0
4954	3.5
4963	4.0
4975	4.5
4979	4.5
4980	0.5
4993	3.0
5010	3.0
5027	3.0
5040	3.0
5049	4.0
5064	4.5
5103	2.5
5110	5.0
5139	3.0
5218	3.0
5293	2.5
5325	5.0
5349	4.0
5418	4.0
5445	3.5
5464	4.0
5481	3.5
5524	2.0
5540	2.5
5582	1.0
5650	4.0
5679	3.0
5810	3.5
5952	3.0
5956	4.0
5989	2.0
5995	4.0
6001	2.0
6093	3.5
6188	4.5
6223	3.0
6281	2.5
6287	2.0
6323	4.0
6333	3.5
6373	3.5
6377	3.0
6502	4.5
6503	0.5
6539	3.0
6548	0.5
6586	2.0
6617	3.0
6639	2.0
6659	2.5
6664	2.0
6708	3.5
6753	3.5
6794	0.5
6796	4.0
6807	4.5
6870	4.5
6874	3.0
6893	3.5
6953	3.0
6957	3.0
6979	4.5
7143	3.5
7147	4.0
7153	3.0
7156	1.0
7161	0.5
7162	3.0
7173	2.5
7254	3.5
7293	1.5
7361	5.0
7373	3.0
7387	4.0
7438	3.0
8132	4.5
8464	3.5
8528	2.0
8633	3.5
8636	3.5
8641	2.5
8665	3.5
8784	4.0
8798	2.5
8807	4.0
8874	5.0
8910	5.0
8917	2.5
8957	4.0
8958	4.5
8961	3.0
8977	3.0
26133	0.5
26614	4.0
27706	4.0
27831	4.0
30749	5.0
30793	2.0
31420	2.5
31696	2.5
33004	4.0
33493	3.5
33660	3.5
33794	4.0
33836	2.0
34072	0.5
34162	4.5
34437	4.0
35836	2.5
36529	3.0
36535	4.5
36708	4.5
37729	2.0
37731	5.0
37733	3.0
37741	3.5
38061	3.5
38886	4.5
39183	4.0
40278	1.0
40819	3.0
44191	0.5
44665	3.0
44694	4.5
45517	1.5
45672	3.5
45728	5.0
46578	5.0
46948	3.0
46976	5.0
47099	4.5
47610	3.5
47640	3.5
47997	4.5
47999	4.5
48304	4.5
48385	5.0
48394	4.0
48516	4.5
48738	4.0
48774	3.0
48780	5.0
49272	1.5
49530	4.0
50068	4.5
50601	4.0
50872	3.0
50912	5.0
51091	4.0
51255	4.5
51540	3.5
51662	2.5
52328	3.5
52435	3.5
52952	4.5
53123	5.0
53318	4.5
54190	3.5
54259	3.5
54286	3.0
54503	4.5
55247	5.0
55269	5.0
55280	5.0
55290	3.5
55765	4.0
55768	2.0
55820	4.5
55995	0.5
56339	5.0
56367	4.5
56607	3.5
56715	5.0
56757	5.0
56782	4.0
56788	2.0
56949	1.5
57528	4.0
58293	1.5
58559	5.0
60040	3.0
60069	3.5
60161	4.5
60684	3.5
60950	3.5
61024	3.5
61132	3.0
62376	1.5
62434	5.0
62956	3.5
63062	3.0
63082	4.5
63859	3.0
64839	3.5
64957	3.5
66097	4.0
66297	4.0
66509	2.5
66934	4.5
67734	4.0
68157	3.5
68237	4.5
68319	3.5
68358	3.5
68954	3.0
69122	4.5
69406	1.5
69526	1.0
69640	2.5
69644	2.5
69757	4.5
69784	5.0
69844	3.0
70286	3.5
70336	1.0
71535	4.0
71745	2.5
72011	3.5
72998	3.5
74458	3.5
76093	3.0
76175	0.5
76251	5.0
77561	2.5
77866	2.0
