1	5.0
2	3.5
11	4.0
16	3.0
17	5.0
21	4.0
25	3.0
32	5.0
34	5.0
36	2.0
43	2.0
47	5.0
48	1.0
50	2.0
52	4.0
58	5.0
100	2.0
111	2.0
125	2.0
141	2.0
144	3.0
150	4.5
176	5.0
223	4.0
230	3.0
236	4.0
246	3.0
260	5.0
265	5.0
266	3.5
272	4.0
296	4.0
300	4.0
305	3.0
314	3.0
318	3.0
342	2.0
345	5.0
349	4.0
350	2.0
356	1.0
357	4.0
364	3.0
373	4.0
376	2.5
412	4.0
441	2.0
454	4.0
457	4.0
471	3.0
480	3.0
497	4.0
500	3.0
509	4.5
515	4.5
527	4.0
538	3.0
539	5.0
541	5.0
551	3.0
586	1.0
587	3.5
588	3.0
590	2.0
593	5.0
594	4.0
595	4.0
597	4.0
608	5.0
610	2.0
616	2.0
647	4.0
671	4.0
708	4.0
720	5.0
728	2.0
745	5.0
750	5.0
778	5.0
801	3.0
802	2.5
837	4.0
838	4.0
848	3.0
858	4.0
902	3.0
903	4.0
904	5.0
912	4.0
919	4.0
920	5.0
924	4.0
931	1.0
953	3.0
954	3.0
969	3.5
994	5.0
1020	3.0
1022	4.0
1023	4.0
1028	4.0
1031	2.5
1032	4.0
1035	5.0
1036	3.0
1041	3.0
1042	3.0
1059	4.0
1060	4.0
1073	5.0
1079	5.0
1080	5.0
1086	4.0
1088	2.5
1089	4.0
1091	2.5
1092	3.5
1095	4.5
1096	5.0
1097	3.0
1101	4.0
1120	3.0
1124	3.5
1125	4.0
1127	3.0
1136	5.0
1147	4.0
1148	5.0
1172	4.0
1175	5.0
1179	4.0
1183	5.0
1186	3.5
1188	5.0
1193	5.0
1196	4.0
1197	5.0
1198	4.0
1199	2.0
1201	5.0
1203	4.0
1204	5.0
1208	4.0
1210	4.0
1213	3.0
1214	5.0
1219	4.0
1220	4.0
1221	4.0
1223	5.0
1225	5.0
1230	4.0
1231	3.0
1233	3.0
1234	5.0
1235	4.0
1243	4.0
1245	2.5
1246	2.5
1247	5.0
1254	3.0
1258	5.0
1259	2.0
1263	4.0
1265	4.0
1267	2.0
1269	4.0
1270	4.0
1282	5.0
1288	5.0
1291	3.0
1292	4.5
1295	5.0
1296	5.0
1302	4.5
1304	5.0
1307	4.0
1333	3.0
1357	3.5
1366	3.0
1380	4.0
1387	2.5
1393	4.0
1394	4.0
1405	4.0
1409	4.0
1411	4.0
1449	5.0
1500	1.0
1513	4.0
1517	4.0
1537	4.0
1542	4.0
1569	1.0
1573	3.0
1584	2.0
1589	1.0
1608	4.0
1610	4.0
1614	4.0
1617	2.0
1625	4.0
1633	1.0
1639	3.0
1641	5.0
1643	3.0
1653	4.0
1678	4.0
1680	4.0
1682	5.0
1683	3.0
1693	3.0
1699	4.0
1704	4.0
1711	2.0
1721	4.0
1730	3.0
1732	5.0
1734	4.0
1747	3.0
1784	3.0
1827	5.0
1834	3.0
1835	4.0
1883	4.0
1892	2.0
1907	1.0
1911	3.0
1914	4.5
1917	0.5
1921	3.0
1923	4.0
1947	3.5
1954	4.0
1958	4.0
1959	5.0
1960	4.0
1961	4.0
1962	3.0
1967	4.0
1968	3.0
1994	3.5
1997	4.0
2000	3.0
2011	2.5
2014	3.0
2018	4.0
2020	5.0
2025	5.0
2064	5.0
2078	5.0
2080	3.0
2081	4.0
2085	4.0
2087	4.0
2096	4.0
2099	5.0
2100	4.0
2108	4.0
2134	1.0
2137	4.0
2160	4.0
2174	4.0
2193	3.0
2243	5.0
2248	3.0
2266	2.0
2268	5.0
2269	3.0
2282	3.0
2289	4.0
2300	4.5
2302	3.0
2312	5.0
2321	3.0
2324	4.0
2330	5.0
2336	5.0
2346	3.5
2352	4.0
2355	4.0
2359	4.0
2369	2.5
2371	4.0
2384	2.5
2390	1.0
2395	0.5
2396	3.0
2406	4.0
2407	3.0
2424	2.5
2433	3.0
2436	2.0
2467	5.0
2470	2.0
2478	3.0
2485	2.0
2492	3.0
2497	1.0
2502	2.5
2539	4.0
2542	4.0
2550	4.0
2567	2.0
2571	2.0
2575	3.0
2580	4.0
2599	5.0
2611	4.0
2618	4.0
2622	4.5
2628	3.0
2671	3.0
2683	3.0
2690	4.0
2696	4.0
2699	1.0
2706	1.0
2707	3.0
2710	4.0
2716	4.0
2745	4.5
2762	5.0
2770	2.0
2791	4.0
2797	5.0
2804	5.0
2827	1.0
2858	4.0
2863	4.0
2889	3.0
2891	4.0
2908	2.0
2916	4.0
2918	4.0
2959	4.5
2966	4.0
2973	4.0
2997	5.0
3006	4.0
3044	4.0
3052	1.0
3072	4.5
3081	2.0
3087	4.0
3100	3.0
3101	4.0
3107	3.0
3114	5.0
3125	1.0
3145	2.0
3148	4.0
3160	3.0
3174	3.0
3175	4.0
3176	2.0
3182	2.5
3186	3.0
3252	2.5
3257	2.0
3260	4.0
3271	4.0
3301	1.0
3317	4.0
3325	1.0
3361	3.0
3396	4.0
3408	4.0
3418	3.0
3421	3.0
3429	5.0
3448	3.5
3450	4.0
3471	4.0
3499	4.0
3536	4.0
3551	3.5
3552	4.5
3555	3.0
3618	4.0
3671	4.5
3751	3.0
3798	2.5
3827	2.0
3831	4.0
3852	0.5
3865	4.0
3893	2.0
3897	4.0
3911	4.0
3948	4.0
3952	4.0
3967	5.0
3977	3.0
3983	3.0
3996	5.0
4002	5.0
4008	4.0
4014	4.0
4016	1.0
4018	3.0
4022	4.5
4027	4.0
4029	3.0
4034	5.0
4077	3.0
4226	4.0
4232	4.0
4246	4.0
4306	3.0
4308	4.0
4321	3.0
4361	4.0
4378	3.0
4447	4.0
4464	5.0
4465	4.5
4477	1.0
4499	4.0
4529	5.0
4546	4.5
4639	3.0
4641	3.5
4720	4.5
4878	3.0
4880	4.0
4886	5.0
4896	5.0
4901	3.5
4967	4.5
4973	5.0
4979	4.0
4993	5.0
4995	3.5
5009	4.0
5016	3.0
5034	5.0
5060	4.0
5135	4.5
5218	2.0
5225	2.5
5266	3.0
5299	4.5
5316	3.0
5377	5.0
5388	3.0
5415	2.5
5445	4.5
5446	5.0
5450	3.5
5502	3.5
5530	1.0
5617	5.0
5618	5.0
5669	5.0
5679	3.0
5812	4.0
5816	5.0
5878	3.0
5902	3.5
5945	3.5
5952	5.0
5989	3.5
5991	3.5
5992	3.5
5995	2.0
6093	0.5
6296	4.0
6297	4.0
6299	4.5
6323	4.0
6331	4.0
6377	5.0
6380	4.5
6385	5.0
6440	4.0
6539	3.5
6541	2.5
6552	4.0
6565	4.0
6618	4.0
6620	3.5
6711	4.5
6773	3.5
6791	5.0
6807	5.0
6810	2.0
6863	2.5
6867	5.0
6870	3.5
6936	1.5
6942	4.5
6947	4.5
6952	0.5
6957	3.0
7090	4.5
7151	4.5
7153	4.0
7158	5.0
7160	3.5
7162	4.0
7164	4.0
7247	1.0
7254	2.5
7325	3.5
7361	4.5
8366	3.5
8368	5.0
8376	2.5
8464	4.5
8622	5.0
8783	3.5
8874	4.5
8879	5.0
8917	4.5
8949	3.5
8951	3.0
8958	3.5
8961	3.5
8965	2.0
8969	3.5
8970	4.0
8983	4.0
27706	4.0
27721	3.5
30825	4.0
31427	4.0
31658	3.5
32031	2.5
33166	4.5
33880	2.0
34048	3.5
34072	3.5
34153	5.0
34338	4.0
36276	3.0
36517	3.5
37727	3.5
37741	4.0
39183	4.5
39381	2.5
40339	2.5
40583	4.0
40629	2.5
40815	5.0
41285	2.0
41566	4.0
43560	4.0
44195	2.5
44555	4.0
45517	5.0
45720	4.0
45732	3.5
45880	4.0
45950	5.0
46578	4.5
46723	4.5
46850	4.5
48385	4.5
48394	2.0
49274	3.5
49961	3.0
50872	4.0
53123	4.0
54001	5.0
54997	4.5
55247	4.0
55276	4.5
55805	2.5
56152	4.0
58295	4.5
58559	4.0
60069	4.5
63082	4.5
64614	4.0
64622	3.0
68358	3.5
68954	5.0
69844	4.5
