1	3.5
2	2.0
3	2.0
5	1.5
6	4.0
7	2.5
10	1.5
11	2.5
14	3.0
15	1.0
16	3.0
17	2.5
18	2.5
19	1.5
21	2.5
22	2.0
25	3.0
29	4.0
32	4.0
34	3.5
36	3.0
41	3.0
44	0.5
45	2.5
47	3.5
48	2.5
50	4.5
58	4.0
70	2.0
95	1.5
104	1.5
105	2.5
107	2.0
110	3.0
111	4.0
112	2.5
135	1.0
141	2.5
145	1.5
147	2.5
150	3.0
151	2.5
153	1.0
158	1.5
160	1.5
161	2.5
163	1.5
165	3.0
168	1.5
172	0.5
173	0.5
180	2.5
185	1.5
186	2.0
193	1.0
196	1.0
204	1.0
208	1.5
223	3.5
225	1.5
231	1.5
235	4.5
236	2.5
237	2.0
247	4.0
249	3.0
252	2.0
253	3.0
256	1.0
260	2.0
266	2.0
272	3.0
273	2.5
275	2.0
277	2.0
282	2.5
288	3.0
290	3.5
292	1.5
293	4.0
296	4.5
299	3.0
300	3.0
303	1.5
315	1.5
316	2.0
317	1.5
318	5.0
327	1.0
337	3.5
339	1.5
342	2.5
344	1.5
345	3.0
349	2.5
350	2.5
353	4.5
355	1.5
356	2.5
357	2.5
364	2.5
365	2.0
367	2.0
368	1.5
370	1.0
376	1.5
377	2.0
379	1.0
380	2.0
382	2.0
383	3.0
410	1.5
413	2.0
415	1.5
419	1.0
420	1.5
432	1.0
434	1.5
435	1.0
437	1.5
440	2.5
442	1.0
454	2.0
455	2.0
457	3.0
466	1.5
468	2.0
471	3.0
474	2.5
475	3.0
480	2.5
485	2.0
491	2.5
494	2.0
497	3.5
500	2.0
507	3.0
508	3.5
509	4.0
520	2.0
527	4.0
532	1.5
539	2.0
541	4.5
543	2.5
551	5.0
552	2.0
553	2.5
555	3.0
586	1.0
587	2.5
588	3.0
589	2.5
590	3.5
592	3.0
593	3.5
595	3.5
596	4.0
597	3.0
608	4.0
628	2.5
637	1.0
639	2.5
647	2.0
648	2.0
653	2.0
673	2.5
718	2.5
719	1.5
724	1.5
733	2.0
736	2.0
737	0.5
743	1.5
745	3.5
750	4.5
760	3.0
762	0.5
778	4.0
780	1.5
784	1.0
785	1.5
786	0.5
788	2.0
799	2.5
802	1.5
805	2.5
830	1.5
832	1.5
849	1.5
852	1.5
858	4.5
879	1.5
880	2.0
898	3.5
899	4.5
902	3.5
903	4.0
904	4.0
908	3.5
910	4.0
912	5.0
913	4.0
919	3.5
920	3.5
923	4.0
924	4.0
953	4.0
968	3.5
986	2.0
1020	1.0
1022	3.0
1027	2.0
1028	3.0
1029	4.0
1035	3.5
1036	2.5
1042	2.0
1047	2.5
1057	2.5
1059	2.5
1061	3.0
1073	2.5
1079	4.0
1080	4.5
1088	2.5
1089	4.5
1090	3.5
1092	1.0
1094	2.5
1097	3.0
1101	1.5
1103	3.0
1120	3.0
1127	3.0
1129	2.5
1136	4.5
1148	3.0
1161	4.0
1175	4.0
1183	3.5
1185	4.0
1193	4.0
1196	2.5
1198	3.0
1199	5.0
1200	3.0
1201	4.5
1203	4.0
1204	3.5
1206	5.0
1207	3.5
1208	5.0
1210	2.5
1212	3.5
1213	3.5
1214	3.0
1215	2.5
1219	2.5
1220	2.5
1221	4.5
1222	3.0
1223	3.0
1225	3.5
1227	4.0
1228	4.0
1230	3.0
1231	3.0
1233	4.5
1234	3.5
1237	3.5
1240	3.0
1242	3.0
1243	4.0
1246	4.0
1247	3.0
1249	3.5
1250	4.5
1251	4.0
1258	3.5
1259	3.5
1261	3.5
1262	4.0
1263	4.0
1265	1.5
1266	3.5
1270	2.5
1272	3.5
1278	3.5
1281	4.0
1282	4.0
1288	3.5
1291	3.5
1293	4.0
1299	2.5
1304	3.5
1307	2.5
1320	2.5
1333	3.0
1339	4.0
1345	2.5
1347	2.0
1348	5.0
1354	4.0
1356	2.0
1357	4.0
1366	2.5
1367	2.0
1370	1.5
1374	2.5
1377	2.5
1378	2.0
1380	2.0
1385	2.0
1387	3.5
1391	2.5
1393	2.5
1394	2.5
1407	1.5
1408	4.0
1409	1.5
1411	3.0
1416	2.5
1425	2.5
1438	2.0
1446	3.5
1466	3.5
1476	2.0
1479	2.0
1485	1.5
1500	2.0
1513	1.5
1517	2.5
1527	1.5
1537	3.5
1544	0.5
1552	1.5
1554	2.0
1556	1.0
1562	1.0
1573	1.5
1580	3.0
1584	3.0
1586	1.0
1587	3.0
1589	2.0
1590	2.5
1591	0.5
1595	1.0
1597	1.5
1608	1.5
1610	3.0
1617	4.5
1625	3.0
1635	3.5
1639	3.5
1641	3.5
1644	1.0
1645	2.0
1653	3.0
1670	2.5
1673	3.5
1676	1.5
1680	2.5
1682	2.5
1690	1.5
1704	3.0
1713	1.5
1717	1.0
1721	2.5
1722	1.5
1729	3.5
1732	3.5
1747	3.0
1748	3.5
1769	1.5
1772	1.5
1777	1.0
1779	1.0
1784	3.5
1805	1.0
1809	5.0
1831	1.0
1876	2.0
1882	1.0
1884	4.0
1885	2.5
1889	3.0
1909	1.0
1911	1.5
1912	2.0
1917	1.0
1918	2.0
1921	4.0
1923	2.0
1924	1.0
1927	3.5
1947	3.0
1953	3.5
1954	3.0
1960	3.0
1961	3.5
1968	3.0
1994	2.5
1997	4.0
2000	2.5
2001	2.0
2002	2.0
2003	1.5
2006	1.5
2009	2.5
2010	4.0
2011	2.0
2012	2.0
2018	3.5
2019	5.0
2021	2.0
2022	2.5
2023	3.0
2025	2.0
2026	2.0
2027	1.5
2028	2.5
2053	1.0
2054	1.5
2058	2.0
2059	1.5
2076	4.0
2078	3.0
2081	3.0
2087	3.0
2094	2.0
2100	2.0
2105	2.5
2115	2.0
2124	1.5
2126	2.0
2153	1.0
2160	3.5
2161	2.5
2167	2.0
2174	2.5
2193	2.5
2194	3.0
2231	2.0
2268	2.5
2273	2.0
2278	2.5
2288	3.0
2291	4.5
2294	3.0
2300	3.5
2302	3.0
2312	3.5
2313	3.5
2321	2.5
2324	4.5
2329	4.0
2335	1.5
2336	3.5
2338	1.0
2352	3.0
2353	1.5
2355	2.5
2366	3.0
2378	1.5
2379	1.0
2380	1.0
2381	0.5
2382	0.5
2383	0.5
2391	3.0
2394	2.5
2395	2.5
2396	3.0
2405	2.0
2406	2.0
2420	2.0
2421	1.5
2422	1.0
2424	2.0
2427	3.0
2428	1.5
2431	1.5
2455	2.5
2467	2.0
2470	2.0
2474	2.5
2478	2.0
2490	2.0
2498	1.5
2500	1.5
2502	4.5
2505	2.0
2529	2.5
2539	2.0
2541	2.0
2542	3.5
2571	3.0
2572	2.0
2594	3.5
2599	3.0
2605	1.5
2616	2.0
2617	2.0
2628	0.5
2640	2.5
2641	1.5
2657	3.0
2664	1.5
2671	2.0
2683	2.5
2688	1.5
2692	3.5
2694	2.0
2699	1.5
2700	3.0
2701	1.0
2702	2.5
2706	1.5
2707	2.5
2710	1.5
2712	3.0
2716	1.5
2717	1.5
2719	1.0
2720	1.0
2722	1.0
2723	2.0
2724	1.5
2728	3.0
2729	2.5
2746	2.5
2747	2.5
2761	3.5
2762	2.5
2763	1.5
2788	2.5
2791	3.0
2792	1.5
2793	1.5
2797	2.0
2803	2.0
2805	1.5
2826	1.5
2858	4.5
2881	1.5
2890	3.5
2906	1.5
2908	3.0
2916	3.0
2918	3.0
2944	3.5
2947	2.0
2948	2.0
2949	2.0
2951	3.0
2953	0.5
2959	4.0
2968	3.0
2985	2.5
2987	3.5
2989	2.0
2997	4.0
3005	2.5
3006	3.0
3020	2.5
3030	3.5
3033	2.5
3052	3.0
3053	1.5
3054	1.0
3062	3.5
3066	3.5
3067	2.5
3081	4.0
3082	1.5
3083	4.0
3091	3.5
3105	3.5
3107	2.0
3108	4.0
3114	3.0
3147	2.5
3148	3.0
3156	2.5
3157	2.0
3159	3.0
3160	4.0
3175	2.0
3176	3.0
3247	1.5
3252	3.0
3253	2.5
3256	2.5
3257	2.0
3264	1.5
3269	2.0
3273	1.0
3300	3.0
3301	2.0
3307	4.0
3317	3.0
3324	1.5
3354	1.5
3386	3.0
3396	3.0
3408	2.5
3418	2.5
3421	3.0
3439	1.0
3448	3.5
3450	2.0
3481	4.0
3489	1.5
3498	3.5
3503	3.5
3513	2.0
3527	3.0
3535	2.0
3555	1.0
3569	3.0
3578	2.5
3614	1.5
3617	2.0
3623	1.5
3624	1.0
3681	4.0
3684	2.5
3697	2.0
3698	1.5
3703	3.0
3717	1.0
3742	5.0
3745	2.0
3751	3.0
3752	2.0
3753	1.5
3754	1.5
3755	1.0
3785	1.0
3793	3.5
3798	2.5
3821	1.0
3824	1.5
3826	1.0
3827	2.0
3863	1.5
3868	2.5
3897	3.0
3908	1.0
3910	5.0
3916	2.5
3946	1.0
3948	2.0
3949	4.5
3950	3.0
3953	1.5
3967	3.0
3977	1.5
3981	1.5
3993	2.5
3994	2.0
3996	2.5
4008	3.0
4011	3.0
4014	2.5
4018	2.0
4022	2.0
4025	1.5
4027	3.5
4033	3.5
4034	3.5
4041	2.5
4047	3.5
4054	2.0
4085	2.0
4144	4.0
4148	1.5
4223	2.0
4226	3.5
4235	4.0
4238	2.0
4246	2.5
4248	2.0
4255	0.5
4262	4.0
4265	0.5
4270	1.0
4296	2.5
4299	2.0
4306	4.0
4308	4.0
4310	1.0
4321	1.5
4327	4.0
4343	1.0
4344	1.5
4361	3.0
4367	1.0
4370	2.5
4388	1.0
4406	4.0
4446	1.0
4447	1.5
4448	2.5
4571	2.5
4572	2.5
4621	1.5
4638	0.5
4643	1.0
4718	1.0
4720	3.5
4734	1.5
4744	1.0
4776	3.0
4816	1.5
4848	4.5
4865	2.5
4876	1.0
4878	3.5
4886	2.5
4896	1.5
4954	2.5
4958	1.5
4963	2.5
4967	4.0
4973	4.5
4975	2.0
4979	3.0
4993	3.5
4994	2.5
4995	3.0
5010	3.0
5013	2.5
5040	1.5
5051	2.5
5060	3.5
5065	1.5
5107	2.0
5108	2.0
5128	1.0
5152	2.0
5218	2.5
5219	1.0
5225	3.5
5265	2.5
5266	2.0
5269	4.5
5283	2.0
5291	3.5
5299	2.0
5313	1.0
5316	2.0
5349	3.0
5377	2.5
5378	2.0
5418	2.5
5419	1.5
5444	2.0
5445	1.5
5459	1.0
5463	1.0
5464	2.5
5481	2.0
5489	2.5
5502	1.5
5504	1.0
5522	2.5
5574	1.5
5608	2.5
5613	1.5
5617	2.5
5630	2.5
5669	3.0
5679	2.0
5785	1.5
5810	2.0
5816	1.5
5890	2.0
5902	3.0
5944	1.5
5945	3.0
5952	3.0
5954	3.0
5957	1.5
5989	2.5
5991	2.5
5992	3.0
6016	4.0
6058	1.5
6157	1.0
6187	2.0
6197	3.5
6218	3.5
6242	2.0
6333	3.5
6365	1.0
6377	2.5
6378	2.0
6380	3.0
6383	0.5
6482	0.5
6502	2.5
6535	1.5
6537	1.5
6539	2.0
6541	1.5
6565	2.5
6586	1.5
6593	1.5
6615	1.0
6711	4.0
6776	4.0
6796	3.0
6807	2.5
6874	3.0
6888	1.0
6934	1.0
6936	1.5
6942	2.5
6944	2.0
6951	1.0
6954	3.5
6975	3.5
7004	1.5
7022	3.5
7034	2.5
7044	2.5
7147	4.5
7153	3.0
7173	1.5
7235	3.5
7318	3.0
7323	3.5
7360	1.5
7361	3.5
7387	3.0
7438	3.5
7698	3.0
7925	3.0
7980	3.5
8360	2.5
8361	1.5
8368	2.0
8370	3.5
8372	1.5
8387	0.5
8464	2.5
8493	2.5
8636	3.0
8638	3.5
8798	4.0
8810	1.5
8907	2.0
8957	2.0
8961	2.5
27266	3.0
27317	4.0
27721	4.5
30793	3.0
30812	3.0
31410	3.5
33794	2.5
36276	3.5
36529	3.5
40815	2.5
