2	2.5
6	4.5
21	2.0
29	5.0
31	4.0
32	5.0
34	4.0
45	4.0
47	4.5
50	4.5
52	5.0
58	5.0
110	3.5
111	5.0
125	5.0
150	4.0
153	2.5
156	5.0
162	5.0
164	4.0
165	3.5
172	3.0
175	4.5
176	5.0
196	3.5
208	3.0
223	4.5
224	4.0
235	4.0
246	5.0
247	5.0
260	4.0
266	4.0
293	4.0
296	5.0
305	4.0
318	4.0
322	5.0
339	1.5
344	2.0
348	4.0
356	3.5
357	3.0
363	5.0
364	3.5
367	2.0
374	1.0
380	2.0
417	5.0
426	4.0
441	5.0
465	3.5
471	4.0
475	4.5
481	4.0
492	5.0
500	3.0
514	4.0
535	5.0
538	4.5
541	5.0
543	3.0
549	5.0
551	3.5
556	5.0
581	3.0
586	3.0
588	4.0
589	5.0
592	3.0
593	4.5
594	5.0
608	5.0
663	4.0
736	2.5
750	5.0
780	3.0
839	3.5
858	5.0
880	3.5
903	5.0
904	5.0
908	5.0
912	5.0
913	5.0
916	5.0
919	4.0
922	5.0
923	4.0
924	5.0
930	5.0
934	5.0
947	5.0
953	5.0
954	5.0
955	5.0
968	4.0
969	5.0
1017	4.5
1020	3.0
1028	4.0
1035	3.5
1036	3.5
1041	5.0
1050	5.0
1057	5.0
1060	5.0
1073	4.0
1077	4.0
1078	4.0
1079	2.0
1080	5.0
1081	4.0
1089	5.0
1090	4.5
1092	4.0
1093	4.0
1095	4.0
1096	5.0
1097	5.0
1101	3.5
1103	5.0
1124	4.5
1125	5.0
1127	4.0
1136	5.0
1147	5.0
1148	5.0
1172	5.0
1175	5.0
1178	5.0
1179	4.0
1184	5.0
1189	5.0
1191	3.0
1193	5.0
1194	4.0
1196	5.0
1198	4.0
1199	5.0
1200	5.0
1201	5.0
1202	5.0
1203	5.0
1204	5.0
1206	5.0
1207	5.0
1208	5.0
1210	3.0
1211	3.0
1213	5.0
1214	5.0
1217	4.0
1219	5.0
1221	5.0
1222	4.5
1224	5.0
1225	4.0
1228	5.0
1230	5.0
1233	4.5
1234	4.5
1238	3.0
1240	4.0
1243	5.0
1244	5.0
1246	4.0
1247	5.0
1248	5.0
1249	5.0
1250	5.0
1252	5.0
1258	4.0
1259	5.0
1261	4.0
1262	5.0
1263	5.0
1264	5.0
1265	5.0
1266	5.0
1267	4.0
1270	3.0
1274	5.0
1276	5.0
1278	4.0
1279	5.0
1284	5.0
1287	5.0
1288	5.0
1292	5.0
1298	4.5
1299	5.0
1302	4.5
1303	5.0
1304	5.0
1321	4.0
1333	5.0
1344	5.0
1367	4.0
1387	4.5
1391	4.0
1394	5.0
1405	5.0
1408	3.0
1414	5.0
1454	4.0
1500	4.0
1517	4.0
1552	2.5
1573	2.0
1580	3.0
1584	3.5
1610	3.0
1617	4.0
1635	5.0
1641	4.0
1645	2.5
1649	4.0
1653	4.5
1663	4.0
1673	5.0
1674	4.0
1701	5.0
1704	4.0
1711	4.0
1721	4.0
1732	5.0
1734	5.0
1747	4.0
1748	3.0
1753	4.0
1810	4.0
1834	4.5
1883	4.0
1884	4.0
1916	4.0
1917	3.5
1919	4.0
1923	4.0
1944	4.5
1945	5.0
1952	5.0
1953	5.0
1957	4.0
1961	3.5
1965	5.0
1968	3.0
1974	3.0
1997	4.0
2011	2.0
2019	5.0
2021	2.5
2028	4.5
2058	4.5
2064	4.0
2065	3.0
2105	2.5
2108	3.0
2117	4.0
2118	4.0
2122	3.5
2124	4.0
2132	5.0
2144	4.0
2145	4.0
2150	4.0
2194	4.0
2202	5.0
2206	5.0
2232	5.0
2243	4.0
2268	4.5
2282	5.0
2289	5.0
2302	2.5
2321	3.0
2324	5.0
2352	4.0
2356	4.0
2366	4.5
2369	3.5
2378	3.0
2384	5.0
2395	5.0
2396	4.0
2402	3.5
2406	3.0
2407	3.0
2455	4.0
2502	4.0
2504	4.0
2527	4.0
2532	2.0
2542	5.0
2567	2.5
2571	4.0
2598	3.0
2599	4.0
2617	3.0
2628	2.0
2657	1.0
2662	5.0
2677	5.0
2683	3.0
2692	4.5
2699	4.0
2700	5.0
2701	2.0
2706	5.0
2712	5.0
2716	3.0
2726	4.0
2750	5.0
2761	3.0
2762	2.0
2779	3.0
2788	4.5
2791	4.0
2793	4.0
2797	4.0
2804	4.0
2829	2.0
2858	4.0
2859	4.0
2863	5.0
2871	5.0
2889	4.0
2908	4.0
2915	3.0
2916	3.0
2918	4.0
2919	5.0
2924	4.0
2936	5.0
2942	2.5
2946	4.0
2947	4.5
2948	4.5
2952	5.0
2959	4.0
2966	5.0
2968	5.0
2973	5.0
2976	3.0
2985	4.0
2987	4.0
2997	4.0
3006	5.0
3007	4.0
3018	4.5
3030	5.0
3033	2.5
3039	3.0
3044	4.5
3052	4.0
3060	4.0
3067	5.0
3072	4.0
3077	5.0
3081	4.0
3083	4.0
3088	4.5
3091	4.0
3093	5.0
3105	4.0
3108	5.0
3115	2.0
3129	3.0
3135	5.0
3145	2.0
3147	4.0
3148	3.0
3159	5.0
3160	5.0
3163	3.0
3168	5.0
3173	3.0
3174	3.0
3175	4.0
3176	3.0
3178	4.5
3179	4.0
3182	5.0
3186	4.0
3196	5.0
3210	5.0
3244	4.0
3253	4.0
3254	3.5
3261	3.0
3263	3.0
3273	2.0
3285	4.0
3298	4.0
3307	5.0
3317	4.5
3328	4.0
3334	5.0
3354	2.0
3358	4.0
3359	5.0
3361	5.0
3362	5.0
3363	4.0
3396	4.0
3408	5.0
3418	3.5
3424	5.0
3429	3.5
3435	5.0
3448	2.5
3451	5.0
3468	5.0
3471	5.0
3476	4.5
3481	3.0
3503	3.0
3504	5.0
3521	4.0
3526	4.5
3534	4.0
3535	4.5
3543	5.0
3552	4.0
3555	4.0
3556	4.5
3578	4.0
3618	5.0
3623	3.5
3671	4.5
3683	5.0
3685	4.0
3700	5.0
3702	4.0
3703	5.0
3730	5.0
3735	5.0
3741	5.0
3745	4.0
3747	5.0
3751	3.0
3755	4.0
3760	4.0
3783	4.5
3791	2.0
3793	4.0
3809	3.5
3811	5.0
3819	4.0
3863	4.0
3896	3.0
3897	4.0
3911	4.0
3925	4.0
3929	4.0
3948	2.0
3949	5.0
3950	4.0
3952	4.0
3953	5.0
3969	4.5
3983	4.5
3993	3.5
3996	4.5
3998	1.0
4002	4.0
4008	4.5
4011	4.0
4017	4.5
4022	4.0
4027	5.0
4029	4.5
4031	3.0
4033	4.5
4034	4.0
4037	5.0
4082	5.0
4102	4.0
4128	3.0
4225	4.5
4226	4.5
4239	4.5
4246	4.0
4304	4.5
4306	4.0
4322	4.0
4327	5.0
4345	4.5
4361	3.0
4370	5.0
4378	4.5
4407	4.5
4410	4.0
4641	4.0
4718	4.0
4776	3.0
4848	4.0
4873	4.5
4878	4.5
4881	5.0
4886	4.0
4896	2.5
4903	4.5
4956	4.0
4963	4.0
4967	4.5
4969	3.5
4973	4.5
4979	5.0
4993	5.0
4995	4.0
5008	5.0
5010	4.5
5013	4.5
5015	4.0
5060	5.0
5074	4.5
5120	4.0
5135	4.5
5152	3.0
5177	5.0
5225	4.5
5266	4.0
5291	5.0
5325	5.0
5339	4.0
5349	3.0
5378	3.5
5379	4.5
5388	4.0
5391	4.0
5418	3.0
5420	3.0
5445	4.0
5446	3.5
5459	3.0
5464	4.0
5508	4.0
5577	4.5
5617	4.5
5669	3.0
5673	4.0
5693	4.0
5747	4.5
5782	4.0
5792	4.5
5876	4.0
5878	5.0
5890	4.5
5902	5.0
5952	3.0
5954	5.0
5955	4.0
5956	3.0
5959	3.5
5989	4.5
5995	4.5
6003	5.0
6016	5.0
6184	4.5
6296	4.0
6301	5.0
6331	5.0
6365	3.5
6380	4.5
6502	4.0
6539	2.5
6548	3.0
6552	4.5
6565	4.5
6595	4.0
6620	4.5
6645	4.5
6708	4.5
6711	5.0
6731	3.5
6773	5.0
6777	5.0
6787	5.0
6796	4.0
6807	5.0
6852	4.5
6863	2.0
6867	4.0
6870	5.0
6874	4.5
6890	4.5
6934	3.0
6936	3.5
6947	4.5
6952	3.5
6953	5.0
6954	5.0
6957	2.5
7044	4.5
7076	4.5
7084	5.0
7090	4.0
7137	4.5
7139	4.5
7147	3.5
7153	4.0
7156	5.0
7158	4.5
7160	4.5
7256	5.0
7323	3.0
7360	4.5
7361	5.0
7366	3.0
7367	4.5
7373	4.5
7387	4.5
7419	5.0
7438	4.5
7445	3.5
7451	3.5
7454	3.0
7460	2.0
7566	4.5
7698	4.0
7980	4.5
7983	5.0
8207	4.5
8228	5.0
8366	4.5
8368	2.5
8464	3.5
8529	4.0
8622	4.5
8636	4.0
8644	3.5
8665	3.5
8783	4.0
8784	4.0
8798	4.5
8874	4.5
8879	3.5
8937	4.0
8961	3.5
9018	3.0
26729	5.0
27822	4.0
32587	4.0
33004	4.5
33493	3.5
33794	4.0
37741	5.0
38304	4.0
41569	4.5
45210	3.5
45722	2.5
46578	4.0
48394	4.0
48516	4.0
48774	3.5
54286	4.0
55276	3.5
55820	5.0
57528	3.0
