17	4.5
21	4.5
28	5.0
34	4.5
36	5.0
39	4.0
50	5.0
52	3.0
58	4.0
72	2.5
82	4.0
85	3.0
111	4.0
215	4.0
223	3.0
232	4.0
261	3.0
262	4.0
265	4.0
272	4.0
281	3.0
296	5.0
300	4.0
307	4.0
314	4.0
318	4.0
342	4.0
345	4.5
348	4.0
356	3.0
357	3.0
364	2.0
412	4.0
428	4.0
441	3.0
452	4.0
475	5.0
477	3.0
497	4.0
508	4.0
509	5.0
515	5.0
523	4.0
527	4.0
531	4.0
535	4.0
537	3.0
538	4.0
590	3.0
592	3.0
605	3.0
608	4.5
615	4.0
720	5.0
728	4.5
745	4.0
750	4.5
800	4.5
837	3.5
838	3.0
858	4.5
902	3.5
904	4.0
905	3.0
908	4.5
909	4.0
912	4.0
919	4.0
920	4.0
924	3.0
928	4.0
930	4.0
951	3.0
969	4.5
994	5.0
1028	2.0
1041	4.0
1073	3.0
1077	4.0
1078	3.0
1079	4.0
1080	4.0
1094	5.0
1096	5.0
1097	3.0
1124	3.0
1125	3.0
1131	4.0
1132	4.0
1136	4.0
1148	4.0
1150	4.0
1171	4.0
1172	4.0
1177	3.0
1179	3.0
1183	4.5
1184	4.0
1185	5.0
1186	5.0
1187	4.0
1188	5.0
1189	4.0
1193	4.0
1197	4.0
1202	2.0
1203	4.0
1206	3.0
1207	5.0
1211	4.0
1213	4.0
1219	4.0
1221	5.0
1222	2.0
1223	3.0
1224	4.0
1225	4.0
1230	5.0
1231	4.0
1234	3.0
1235	3.0
1238	4.0
1242	4.0
1244	4.5
1246	4.0
1247	5.0
1252	4.0
1254	4.0
1256	3.0
1259	4.0
1262	3.5
1264	5.0
1267	3.5
1269	3.0
1270	3.0
1280	4.0
1284	5.0
1285	4.0
1288	5.0
1289	3.0
1292	4.0
1293	4.0
1295	4.0
1296	5.0
1300	5.0
1304	3.0
1305	2.0
1307	3.0
1354	5.0
1365	3.0
1394	4.0
1408	3.0
1411	4.0
1414	2.0
1449	5.0
1466	5.0
1500	4.0
1542	4.0
1569	3.0
1580	2.0
1611	2.0
1617	4.0
1633	4.5
1639	4.0
1641	5.0
1643	3.5
1672	4.0
1673	2.0
1674	3.0
1682	4.0
1683	4.0
1694	4.0
1704	3.0
1719	3.0
1721	2.0
1747	5.0
1810	3.0
1883	2.5
1914	3.0
1923	4.0
1938	3.0
1939	3.0
1945	5.0
1947	4.0
1956	4.0
1957	4.0
1961	3.0
1962	4.0
1963	2.5
1966	2.0
2010	2.0
2020	4.0
2064	4.0
2065	4.0
2067	4.0
2069	4.0
2070	4.0
2130	4.0
2144	3.5
2150	3.0
2151	3.0
2174	2.0
2186	3.0
2208	3.0
2239	4.0
2243	3.0
2247	5.0
2248	4.0
2252	3.0
2282	3.0
2289	5.0
2300	3.0
2303	3.0
2312	4.0
2321	4.5
2331	4.0
2336	4.0
2349	5.0
2352	3.0
2359	5.0
2360	3.5
2366	2.5
2384	4.0
2394	1.0
2395	2.0
2396	5.0
2398	3.0
2407	3.0
2442	4.5
2470	2.0
2502	3.5
2542	4.5
2571	2.0
2572	3.0
2575	4.0
2580	4.0
2583	4.5
2598	3.0
2599	5.0
2618	3.5
2622	4.0
2671	3.0
2677	3.0
2686	4.0
2687	1.0
2690	4.0
2692	4.0
2696	4.0
2716	3.0
2718	4.0
2739	3.0
2761	4.0
2763	3.5
2788	4.0
2797	4.0
2801	4.0
2804	4.0
2805	3.5
2858	5.0
2890	4.5
2891	4.0
2912	5.0
2915	4.0
2918	2.0
2919	4.0
2966	3.5
2973	3.0
2987	4.0
2997	3.0
3006	5.0
3037	3.0
3044	4.0
3060	5.0
3067	4.0
3068	4.0
3072	4.0
3077	3.0
3079	4.0
3083	4.0
3090	4.0
3134	4.0
3148	4.0
3157	3.5
3160	4.0
3163	3.0
3176	3.0
3189	2.0
3260	5.0
3317	4.0
3328	4.0
3361	4.5
3362	4.0
3422	4.5
3424	3.0
3429	5.0
3448	3.0
3481	5.0
3504	3.0
3526	3.0
3534	4.0
3538	5.0
3569	3.5
3578	3.0
3598	2.0
3618	3.5
3700	4.5
3733	3.5
3735	5.0
3751	5.0
3783	4.0
3811	5.0
3814	4.0
3831	3.0
3882	2.0
3897	3.5
3911	4.5
3948	4.0
3949	4.0
3952	3.0
3967	4.0
3983	5.0
3992	2.5
3996	3.0
4014	3.0
4018	2.5
4024	4.0
4027	5.0
4029	3.0
4034	4.0
4055	3.0
4077	4.0
4117	4.5
4225	4.0
4226	5.0
4235	4.5
4246	4.5
4280	4.0
4306	3.0
4308	2.5
4318	4.0
4322	4.0
4345	3.0
4361	4.0
4378	5.0
4381	4.0
4447	2.0
4464	3.0
4529	4.0
4641	4.0
4642	3.0
4881	4.0
4886	3.5
4896	3.5
4914	4.0
4963	2.5
4967	4.0
4973	5.0
4974	2.0
4976	3.0
4978	4.5
4979	4.0
4993	3.0
5013	5.0
5034	4.0
5051	4.0
5060	2.5
5135	3.0
5225	3.5
5299	2.5
5377	4.0
5446	4.0
5450	4.0
5505	4.0
5577	4.0
5603	3.5
5617	4.0
5669	4.0
5685	4.0
5747	4.5
5812	3.5
5878	4.0
5902	4.0
5945	4.0
5989	3.5
5992	4.0
5995	3.5
6016	3.0
6218	4.5
6235	4.0
6296	4.5
6297	4.0
6331	3.5
6538	4.0
6552	4.5
6620	3.5
6711	5.0
6773	3.0
6786	4.5
6863	3.5
6867	4.0
6881	4.0
6954	3.0
6993	4.5
7084	4.0
7139	4.0
7149	3.0
7151	4.0
7156	4.0
7158	4.0
7162	4.5
7285	4.0
7323	4.0
7361	3.5
7371	4.0
7419	4.0
7566	4.0
8128	4.0
8228	4.0
8368	4.0
8376	3.0
8464	4.0
8622	3.5
8638	4.5
8645	4.5
8784	3.5
8873	4.5
8874	4.5
8937	4.5
8949	4.5
8951	4.5
8958	3.5
8961	5.0
8966	4.0
8970	4.0
8981	3.5
9018	3.5
27721	3.5
27790	4.5
27878	4.5
30850	3.0
33154	4.0
33166	4.0
33660	3.5
34072	3.5
34271	4.0
34338	4.5
34437	4.0
34528	5.0
35836	4.0
36517	4.5
37733	4.5
37741	5.0
38038	3.5
38798	3.0
38886	5.0
39183	4.5
39292	4.5
40339	4.0
40583	3.5
40629	4.0
40815	3.0
40819	3.0
41285	4.0
41863	4.0
42004	4.0
44195	4.0
44199	4.5
44555	5.0
44694	3.5
45028	3.5
45928	3.5
45950	3.5
46578	5.0
46976	4.0
47610	4.0
47629	5.0
48394	3.0
48696	4.0
48738	4.0
48774	4.5
49961	4.5
51080	4.5
51255	5.0
52952	4.0
53123	4.0
53322	2.5
54001	4.0
54281	3.5
54503	3.5
54997	4.0
55069	4.0
55094	4.5
55118	5.0
55276	4.5
55280	4.5
56333	5.0
56367	3.5
56782	4.0
56788	3.5
56805	4.0
57669	4.5
58047	2.0
58295	3.5
59018	4.0
60069	3.0
61323	3.5
63082	4.5
64575	4.0
64620	4.0
67255	4.0
67997	5.0
70293	3.0
72011	4.0
72720	3.0
78039	4.0
78209	4.5
78574	5.0
79242	5.0
79702	4.0
80463	5.0
80489	3.0
80906	4.0
81834	3.5
81845	4.0
81932	4.0
86833	4.0
89904	4.0
91077	4.0
91529	3.0
91658	3.5
95088	5.0
97304	3.5
97921	3.5
105504	4.0
105844	4.5
106100	4.0
106916	4.0
108932	4.0
109374	4.5
