1	3.0
2	3.0
10	2.5
12	3.0
13	2.0
19	4.0
20	2.0
21	3.0
22	3.0
34	2.0
36	4.0
39	3.0
47	5.0
48	2.0
50	3.5
70	2.0
71	2.0
93	2.0
104	3.0
105	3.0
110	5.0
126	2.5
145	3.0
150	3.0
153	3.0
158	3.0
160	2.0
163	3.0
165	3.0
169	2.0
170	3.0
172	3.0
175	3.0
193	2.0
195	2.0
196	2.0
208	2.5
231	3.0
236	2.5
239	2.0
253	4.0
260	5.0
261	4.0
288	3.0
292	3.0
296	4.5
316	5.0
337	3.5
339	3.0
344	3.5
345	4.0
351	2.0
353	2.0
355	3.0
356	5.0
364	5.0
367	4.0
368	4.0
370	3.0
376	2.5
377	3.0
379	2.0
380	2.0
382	3.0
383	3.0
393	2.0
420	3.0
421	2.0
432	2.0
434	2.0
435	3.0
440	2.0
442	2.0
454	3.0
455	2.5
466	3.0
468	3.0
477	4.0
480	4.0
484	2.5
485	2.5
500	2.0
502	2.0
507	3.0
508	4.0
519	2.0
520	3.0
527	4.0
531	4.0
539	4.0
540	2.0
541	3.0
551	4.0
552	4.0
586	2.5
587	3.0
588	3.0
589	4.0
590	4.0
592	4.0
593	4.0
594	3.0
595	4.0
596	3.0
597	4.0
608	4.0
616	3.5
619	2.0
648	3.0
656	2.0
661	3.0
662	2.0
673	3.0
694	3.5
709	3.0
711	2.0
720	3.5
733	4.0
736	3.0
737	1.0
743	2.0
745	4.0
762	2.0
778	4.0
780	3.0
782	3.0
783	2.0
784	2.0
785	3.0
788	2.5
798	2.0
802	4.0
808	2.5
829	2.0
832	3.0
837	2.0
838	3.0
852	2.0
858	3.0
888	2.0
912	4.0
920	4.0
923	4.0
924	3.5
1005	2.0
1011	2.0
1020	3.0
1022	3.0
1027	4.0
1028	3.0
1029	3.0
1032	3.0
1033	3.5
1035	3.5
1036	3.5
1047	2.0
1059	2.0
1073	5.0
1080	2.5
1088	4.0
1089	3.5
1092	3.0
1097	4.0
1101	4.0
1148	4.0
1183	3.0
1193	3.5
1196	5.0
1200	3.0
1201	3.5
1210	4.0
1214	4.0
1222	3.0
1233	3.0
1240	4.0
1258	3.0
1259	4.0
1270	4.0
1271	5.0
1287	3.5
1291	3.0
1300	3.5
1307	3.0
1320	2.0
1343	3.0
1347	3.0
1367	2.0
1370	3.0
1377	3.0
1378	3.0
1379	2.0
1380	3.5
1381	3.0
1385	2.0
1387	4.0
1388	3.0
1389	2.0
1391	2.0
1393	3.0
1399	2.0
1405	2.5
1407	3.0
1422	2.0
1438	4.0
1466	3.0
1468	2.0
1485	3.0
1499	1.0
1515	2.0
1527	4.0
1544	3.0
1552	3.0
1556	2.0
1562	3.0
1569	3.0
1573	3.0
1580	4.0
1586	2.0
1587	3.0
1588	2.0
1589	2.0
1592	2.0
1595	2.0
1600	2.0
1603	2.0
1608	3.0
1609	2.0
1610	4.0
1617	4.0
1619	4.0
1625	3.0
1644	2.0
1653	3.5
1658	3.0
1672	3.0
1673	3.0
1676	3.0
1680	3.0
1682	2.0
1688	2.5
1690	3.0
1693	3.0
1702	2.0
1704	4.0
1707	2.0
1713	2.5
1717	2.0
1721	3.0
1722	2.0
1726	2.0
1729	4.0
1730	3.0
1732	3.0
1747	3.0
1760	1.0
1772	2.0
1777	2.0
1779	2.5
1784	4.0
1792	2.0
1801	2.0
1805	2.0
1831	2.0
1862	2.0
1866	4.0
1876	2.0
1882	3.0
1883	3.0
1889	3.0
1907	2.5
1911	3.0
1917	4.0
1918	3.0
1920	2.0
1921	2.0
1923	4.0
1954	3.0
1983	2.0
2000	4.0
2001	3.0
2002	3.0
2003	4.0
2004	4.0
2006	3.0
2011	3.0
2012	3.0
2018	3.0
2023	3.0
2028	3.5
2042	3.0
2048	3.0
2050	3.0
2051	2.5
2053	2.0
2054	2.5
2059	3.0
2078	3.5
2080	3.0
2081	3.0
2082	2.0
2085	3.0
2087	3.0
2088	2.0
2094	3.0
2096	3.0
2105	4.0
2107	1.0
2115	4.0
2121	2.5
2124	3.0
2126	2.0
2137	3.0
2152	1.0
2161	3.0
2162	2.0
2163	2.0
2167	3.0
2174	3.0
2188	3.0
2193	4.0
2266	3.0
2273	2.0
2278	3.0
2279	2.0
2291	3.0
2294	3.0
2296	3.0
2302	3.0
2324	4.0
2329	4.0
2335	3.0
2336	3.0
2340	3.0
2344	3.0
2353	3.0
2354	2.5
2355	3.0
2378	4.0
2379	3.0
2380	3.0
2381	3.0
2382	3.0
2383	3.0
2389	3.0
2396	3.0
2402	2.0
2403	3.0
2404	2.0
2407	3.0
2408	3.0
2409	3.0
2410	2.0
2411	2.0
2412	3.0
2420	3.0
2421	3.0
2422	3.0
2424	3.0
2428	3.0
2431	3.0
2432	3.0
2470	4.0
2471	2.5
2485	3.0
2490	3.0
2497	2.0
2505	3.0
2513	4.0
2525	2.0
2529	3.0
2533	2.5
2542	3.0
2561	3.0
2567	3.0
2571	4.0
2572	5.0
2581	2.0
2605	3.0
2617	3.0
2628	3.0
2640	3.0
2641	3.0
2642	2.0
2643	2.0
2671	4.0
2688	2.0
2694	3.0
2700	3.0
2701	3.0
2706	3.0
2707	2.0
2710	2.0
2712	3.0
2713	2.0
2716	3.0
2717	2.0
2718	2.5
2722	3.0
2724	3.0
2735	3.0
2746	3.0
2761	3.5
2770	3.0
2797	4.0
2802	3.0
2806	3.0
2807	2.0
2808	3.0
2826	3.0
2827	2.0
2840	3.0
2858	4.5
2875	3.0
2881	2.0
2916	3.0
2942	3.5
2947	3.0
2949	3.0
2951	3.5
2953	2.0
2959	4.0
2985	3.0
2986	2.0
2987	3.5
2991	3.0
3004	2.0
3005	3.0
3006	4.0
3033	3.0
3034	3.0
3045	3.0
3052	4.0
3060	4.0
3081	2.0
3114	2.0
3147	4.5
3148	3.0
3155	3.0
3157	1.0
3173	2.0
3175	2.0
3176	3.0
3178	4.0
3186	3.0
3208	3.0
3213	3.0
3219	2.5
3250	4.0
3253	3.0
3254	2.0
3257	3.0
3260	3.0
3263	3.0
3273	1.0
3274	2.5
3275	4.5
3285	1.0
3286	2.0
3287	2.5
3354	2.0
3355	3.0
3386	4.0
3398	3.0
3408	4.0
3418	4.0
3426	2.5
3438	3.0
3448	3.0
3483	2.0
3489	3.0
3513	3.0
3527	4.0
3529	3.0
3534	3.0
3535	2.0
3555	3.0
3564	2.5
3578	3.0
3614	2.0
3617	2.0
3623	2.0
3639	3.0
3672	2.5
3697	3.0
3698	2.5
3709	2.5
3717	3.0
3740	3.0
3745	2.5
3751	4.0
3752	3.0
3753	3.0
3755	2.0
3785	2.0
3793	3.0
3798	3.0
3821	2.5
3825	3.0
3826	1.0
3827	3.0
3836	2.5
3868	3.0
3869	3.0
3877	2.0
3882	3.0
3908	2.0
3948	2.0
3955	2.0
3967	3.5
3969	4.0
3977	2.5
3979	3.0
3980	3.0
3984	3.0
3986	2.0
3988	3.0
3991	2.0
3994	3.0
3996	3.0
3998	3.0
4007	3.0
4010	4.0
4011	4.0
4018	4.0
4019	3.0
4022	4.0
4025	3.0
4034	1.0
4039	2.5
4054	3.0
4061	2.0
4069	2.0
4080	2.0
4084	3.0
4085	4.0
4104	2.5
4124	2.0
4148	4.0
4149	2.0
4159	3.0
4161	4.0
4226	2.5
4238	3.0
4246	2.0
4248	2.0
4254	3.0
4270	2.5
4285	3.0
4291	3.0
4299	5.0
4306	4.0
4308	1.0
4310	3.0
4321	2.0
4340	2.0
4343	2.5
4344	3.0
4366	2.5
4367	3.0
4368	3.0
4369	3.5
4370	3.0
4386	3.0
4388	1.0
4396	3.0
4447	3.0
4487	3.0
4502	2.5
4519	2.5
4526	3.0
4558	3.0
4563	3.0
4571	3.0
4638	3.0
4643	3.0
4677	3.0
4686	2.0
4701	3.0
4718	3.0
4719	3.5
4741	3.0
4770	2.0
4775	1.0
4815	3.0
4816	2.0
4844	3.0
4855	3.0
4865	3.0
4874	4.0
4876	5.0
4878	4.0
4886	4.0
4890	2.5
4896	3.0
4901	3.0
4936	4.0
4963	3.5
4974	2.0
4975	2.0
4992	4.0
4993	5.0
4995	4.0
5014	3.5
5015	2.5
5026	2.5
5040	2.0
5049	3.0
5106	0.5
5128	2.0
5135	2.5
5151	2.0
5171	2.5
5218	3.0
5219	2.5
5254	3.0
5266	3.0
5293	3.0
5296	3.5
5299	3.0
5308	3.0
5309	2.0
5312	3.0
5313	2.0
5323	2.5
5349	3.0
5377	3.5
5378	3.0
5388	3.0
5400	3.0
5418	3.0
5419	2.5
5444	3.5
5445	4.0
5449	2.0
5459	4.0
5464	3.0
5478	2.5
5480	1.0
5481	2.0
5502	3.0
5507	3.0
5523	2.0
5528	3.0
5530	2.0
5541	3.0
5548	3.0
5572	3.0
5618	4.5
5620	2.0
5630	4.0
5669	4.0
5679	4.0
5693	3.0
5784	3.5
5803	3.0
5816	3.0
5872	2.0
5882	3.0
5900	3.0
5942	3.0
5945	2.0
5952	5.0
5954	2.0
5956	3.0
5969	4.0
5970	4.0
5989	4.0
5995	3.5
6003	2.5
6155	3.5
6157	2.0
6187	4.5
6188	3.0
6197	2.0
6213	3.0
6218	4.0
6263	3.0
6264	2.5
6266	3.0
6281	3.0
6287	3.0
6290	3.0
6291	3.0
6323	3.5
6333	4.0
6365	4.0
6373	3.0
6377	2.5
6378	3.0
6383	4.0
6502	3.0
6503	2.5
6534	3.0
6535	2.5
6537	3.0
6539	3.5
6541	3.0
6548	3.0
6550	2.0
6564	3.0
6586	3.0
6593	2.5
6595	3.0
6615	2.0
6709	2.5
6711	2.0
6754	3.5
6793	3.0
6794	3.0
6807	2.5
6863	3.5
6874	4.0
6888	1.0
6889	3.0
6942	2.0
6947	3.0
6950	3.5
6951	3.0
6952	4.0
6953	2.0
6957	3.0
6979	3.0
7004	3.0
7022	3.5
7090	4.0
7143	2.5
7149	3.0
7150	2.5
7153	5.0
7154	3.0
7155	3.0
7160	3.5
7162	3.0
7164	2.5
7173	3.5
7293	3.5
7317	3.0
7324	3.5
7325	3.0
7347	3.0
7361	3.0
7369	3.0
7371	3.5
7373	3.5
7438	3.0
7454	3.0
7458	3.0
8360	3.5
8361	3.0
8368	3.0
8644	4.0
