1	4.0
2	5.0
3	2.0
4	3.0
5	1.0
6	3.0
7	3.0
8	4.0
10	3.0
11	2.0
13	3.0
17	3.0
19	1.0
21	4.0
25	4.0
29	5.0
31	3.0
34	4.0
36	5.0
39	4.0
41	5.0
43	4.0
44	1.0
45	2.0
46	2.0
48	3.0
57	3.0
58	3.0
68	3.0
72	3.0
73	4.0
78	2.0
79	2.0
88	1.0
95	1.0
104	2.0
105	2.0
107	1.0
110	5.0
111	4.0
113	3.0
123	5.0
126	2.0
132	3.0
140	2.0
141	3.0
147	3.0
150	3.0
151	4.0
153	2.0
154	5.0
157	4.0
158	1.0
160	2.0
162	4.0
163	3.0
164	4.0
165	1.0
169	1.0
172	3.0
173	1.0
179	2.0
180	3.0
181	1.0
186	2.0
188	2.0
191	3.0
194	3.0
195	2.0
198	3.0
199	3.0
203	3.0
204	2.0
208	3.0
209	2.0
213	5.0
216	1.0
217	1.0
218	3.0
222	3.0
223	5.0
224	2.0
225	2.0
230	2.0
231	1.0
235	5.0
236	4.0
237	1.0
239	1.0
246	4.0
248	2.0
252	3.0
255	2.0
256	1.0
257	2.0
258	1.0
260	2.0
261	3.0
262	4.0
265	4.0
266	3.0
267	1.0
271	3.0
272	4.0
275	2.0
276	1.0
277	2.0
281	3.0
282	3.0
290	4.0
296	3.0
300	4.0
302	3.0
303	3.0
305	3.0
313	2.0
314	4.0
316	2.0
317	2.0
318	5.0
322	1.0
325	1.0
327	2.0
329	3.0
333	1.0
337	4.0
338	2.0
339	2.0
342	2.0
343	1.0
344	1.0
345	4.0
348	2.0
349	1.0
350	4.0
354	3.0
355	1.0
356	1.0
357	4.0
360	1.0
361	3.0
362	2.0
364	2.0
365	4.0
366	2.0
367	1.0
368	4.0
370	1.0
371	2.0
374	1.0
376	2.0
377	2.0
379	1.0
380	1.0
381	2.0
383	3.0
387	3.0
390	3.0
408	2.0
410	4.0
412	3.0
413	3.0
415	2.0
416	3.0
418	1.0
419	2.0
420	2.0
421	3.0
422	3.0
426	3.0
427	1.0
429	1.0
431	2.0
432	1.0
433	2.0
434	1.0
435	3.0
440	4.0
441	3.0
444	1.0
446	5.0
454	4.0
455	1.0
457	3.0
458	3.0
460	1.0
468	3.0
471	3.0
474	2.0
475	4.0
477	3.0
480	3.0
485	1.0
489	2.0
495	4.0
497	3.0
500	3.0
502	2.0
507	3.0
508	4.0
509	2.0
515	4.0
516	3.0
517	3.0
518	3.0
519	2.0
520	2.0
527	3.0
529	3.0
531	4.0
532	4.0
534	3.0
535	4.0
536	2.0
538	3.0
539	2.0
540	1.0
541	4.0
542	3.0
543	3.0
546	1.0
551	1.0
552	2.0
553	4.0
555	3.0
558	3.0
565	3.0
575	3.0
585	2.0
586	1.0
587	2.0
588	3.0
589	2.0
590	4.0
592	4.0
593	4.0
594	3.0
595	3.0
596	3.0
597	3.0
599	2.0
606	1.0
608	4.0
609	3.0
611	2.0
615	4.0
616	3.0
631	1.0
637	2.0
647	3.0
648	3.0
653	3.0
661	4.0
665	3.0
671	4.0
673	2.0
674	4.0
680	3.0
688	1.0
707	2.0
708	3.0
709	2.0
711	2.0
714	5.0
719	2.0
720	4.0
724	2.0
725	3.0
728	3.0
731	3.0
736	1.0
745	4.0
747	1.0
750	4.0
761	2.0
762	2.0
778	3.0
780	2.0
782	3.0
783	3.0
784	2.0
785	2.0
788	2.0
800	5.0
801	3.0
804	2.0
805	4.0
828	2.0
830	3.0
833	1.0
837	4.0
838	3.0
840	2.0
849	2.0
851	2.0
858	2.0
861	3.0
880	2.0
881	1.0
886	1.0
888	2.0
891	1.0
897	3.0
898	3.0
899	3.0
900	3.0
901	2.0
902	3.0
903	3.0
904	3.0
905	3.0
908	5.0
909	3.0
910	5.0
911	4.0
912	4.0
913	5.0
914	3.0
915	3.0
916	3.0
917	3.0
918	2.0
919	4.0
920	4.0
921	4.0
922	5.0
923	3.0
924	3.0
926	3.0
928	4.0
930	4.0
931	3.0
933	4.0
934	3.0
936	4.0
938	3.0
940	4.0
941	4.0
942	3.0
943	3.0
944	3.0
945	3.0
946	4.0
947	5.0
948	3.0
949	4.0
950	5.0
951	4.0
952	3.0
953	2.0
954	3.0
955	4.0
965	4.0
968	1.0
969	3.0
971	3.0
986	5.0
990	1.0
994	3.0
996	1.0
1004	2.0
1005	1.0
1006	3.0
1007	2.0
1008	3.0
1009	2.0
1010	1.0
1011	1.0
1012	3.0
1013	3.0
1014	3.0
1015	2.0
1016	2.0
1017	3.0
1018	2.0
1019	3.0
1021	2.0
1022	3.0
1023	2.0
1025	2.0
1027	4.0
1028	4.0
1029	3.0
1030	2.0
1031	2.0
1032	4.0
1033	1.0
1035	3.0
1036	1.0
1047	4.0
1049	2.0
1051	3.0
1057	1.0
1064	2.0
1066	3.0
1069	4.0
1073	4.0
1077	2.0
1078	2.0
1079	4.0
1080	4.0
1081	3.0
1082	3.0
1083	2.0
1084	4.0
1085	3.0
1086	3.0
1088	2.0
1090	4.0
1091	2.0
1093	3.0
1094	4.0
1095	3.0
1096	3.0
1097	2.0
1099	3.0
1100	2.0
1101	1.0
1103	4.0
1104	3.0
1105	1.0
1120	4.0
1124	3.0
1125	3.0
1127	3.0
1129	2.0
1130	2.0
1131	3.0
1132	3.0
1135	2.0
1136	4.0
1148	4.0
1150	4.0
1161	5.0
1162	5.0
1171	5.0
1172	4.0
1173	3.0
1178	3.0
1183	3.0
1184	3.0
1185	3.0
1188	5.0
1189	3.0
1190	3.0
1193	5.0
1194	2.0
1196	3.0
1197	4.0
1198	3.0
1199	4.0
1200	2.0
1201	3.0
1202	5.0
1203	4.0
1204	3.0
1206	4.0
1207	5.0
1208	3.0
1209	3.0
1210	3.0
1212	5.0
1213	2.0
1214	4.0
1215	3.0
1217	5.0
1219	2.0
1220	2.0
1221	1.0
1224	4.0
1225	3.0
1226	2.0
1227	3.0
1228	2.0
1230	1.0
1231	2.0
1233	3.0
1234	3.0
1235	4.0
1237	4.0
1240	2.0
1242	3.0
1243	4.0
1244	1.0
1245	4.0
1246	3.0
1247	3.0
1248	5.0
1249	5.0
1250	3.0
1251	5.0
1252	5.0
1253	3.0
1254	4.0
1256	5.0
1257	3.0
1258	3.0
1259	3.0
1260	5.0
1261	2.0
1262	4.0
1263	4.0
1264	4.0
1265	2.0
1266	4.0
1267	4.0
1269	4.0
1270	3.0
1271	4.0
1272	2.0
1273	4.0
1275	3.0
1276	5.0
1277	4.0
1278	3.0
1280	4.0
1281	4.0
1282	4.0
1283	3.0
1284	5.0
1285	3.0
1286	2.0
1287	4.0
1288	3.0
1289	4.0
1290	2.0
1291	3.0
1292	5.0
1293	3.0
1295	1.0
1296	2.0
1299	4.0
1300	4.0
1301	3.0
1302	4.0
1303	3.0
1304	3.0
1305	3.0
1307	1.0
1320	3.0
1327	1.0
1333	3.0
1334	3.0
1337	3.0
1339	4.0
1340	5.0
1342	1.0
1343	3.0
1344	3.0
1345	2.0
1346	3.0
1347	1.0
1348	4.0
1350	2.0
1356	3.0
1358	4.0
1359	1.0
1361	4.0
1367	3.0
1370	1.0
1371	3.0
1372	3.0
1373	3.0
1374	3.0
1375	3.0
1376	3.0
1377	3.0
1378	2.0
1379	2.0
1380	1.0
1381	1.0
1385	2.0
1387	1.0
1388	1.0
1389	1.0
1390	2.0
1391	2.0
1392	4.0
1393	3.0
1394	5.0
1395	2.0
1396	5.0
1401	3.0
1405	1.0
1408	4.0
1410	2.0
1411	4.0
1416	1.0
1419	4.0
1422	4.0
1425	4.0
1429	2.0
1431	2.0
1432	2.0
1440	1.0
1441	2.0
1449	4.0
1460	3.0
1465	4.0
1466	3.0
1468	1.0
1476	2.0
1479	3.0
1480	3.0
1485	2.0
1495	1.0
1499	2.0
1503	2.0
1517	3.0
1526	2.0
1527	3.0
1541	2.0
1542	5.0
1544	2.0
1552	2.0
1562	3.0
1566	3.0
1569	2.0
1580	3.0
1584	3.0
1586	2.0
1587	2.0
1588	2.0
1589	3.0
1592	2.0
1593	2.0
1595	1.0
1597	4.0
1604	2.0
1606	3.0
1608	2.0
1609	3.0
1610	3.0
1614	3.0
1617	3.0
1619	4.0
1620	3.0
1633	5.0
1639	3.0
1644	1.0
1646	2.0
1648	3.0
1653	3.0
1660	3.0
1663	3.0
1667	3.0
1672	3.0
1674	3.0
1676	2.0
1678	4.0
1680	2.0
1681	1.0
1682	2.0
1683	3.0
1686	2.0
1687	2.0
1688	2.0
1689	3.0
1690	3.0
1693	4.0
1699	3.0
1701	2.0
1702	2.0
1703	1.0
1704	4.0
1707	1.0
1711	4.0
1713	3.0
1719	2.0
1721	2.0
1722	3.0
1726	4.0
1729	4.0
1730	4.0
1732	4.0
1735	4.0
1747	4.0
1752	2.0
1760	1.0
1772	3.0
1777	2.0
1779	3.0
1783	2.0
1784	2.0
1788	4.0
1792	2.0
1794	3.0
1801	3.0
1806	3.0
1827	4.0
1831	1.0
1834	4.0
1835	3.0
1836	2.0
1840	4.0
1841	2.0
1845	3.0
1848	3.0
1855	2.0
1863	1.0
1873	4.0
1876	1.0
1882	1.0
1883	5.0
1884	3.0
1885	5.0
1894	2.0
1895	2.0
1897	2.0
1904	4.0
1907	3.0
1909	3.0
1911	2.0
1912	4.0
1913	3.0
1914	5.0
1917	1.0
1918	3.0
1919	4.0
1920	2.0
1923	3.0
1924	3.0
1927	4.0
1931	4.0
1934	3.0
1935	4.0
1936	3.0
1938	3.0
1939	4.0
1941	4.0
1944	3.0
1945	4.0
1946	3.0
1947	1.0
1948	3.0
1949	3.0
1950	4.0
1951	3.0
1952	3.0
1953	3.0
1954	1.0
1955	3.0
1956	3.0
1957	4.0
1958	2.0
1959	3.0
1960	5.0
1961	3.0
1962	3.0
1963	3.0
1964	3.0
1965	4.0
1966	3.0
1967	4.0
1968	3.0
1969	1.0
1970	1.0
1971	1.0
1972	1.0
1973	1.0
1974	1.0
1975	1.0
1976	1.0
1977	1.0
1978	1.0
1979	1.0
1980	1.0
1981	1.0
1982	2.0
1983	1.0
1984	1.0
1985	1.0
1986	1.0
1991	2.0
1992	2.0
1993	1.0
1994	2.0
1995	1.0
1996	1.0
1997	2.0
1998	1.0
1999	1.0
2000	4.0
2001	4.0
2002	3.0
2003	2.0
2004	2.0
2005	3.0
2006	4.0
2009	3.0
2010	4.0
2011	1.0
2012	2.0
2013	1.0
2014	1.0
2015	1.0
2016	2.0
2017	1.0
2018	3.0
2019	5.0
2020	3.0
2021	3.0
2022	4.0
2023	2.0
2028	4.0
2033	3.0
2042	1.0
2046	3.0
2048	2.0
2050	1.0
2051	1.0
2052	3.0
2053	2.0
2054	2.0
2057	3.0
2058	3.0
2059	3.0
2060	1.0
2064	4.0
2065	1.0
2066	4.0
2067	3.0
2068	2.0
2069	2.0
2071	3.0
2072	2.0
2076	4.0
2077	3.0
2078	4.0
2080	3.0
2081	3.0
2082	1.0
2083	1.0
2084	1.0
2085	3.0
2087	3.0
2088	2.0
2089	2.0
2090	2.0
2092	2.0
2094	2.0
2095	2.0
2096	3.0
2097	3.0
2099	4.0
2100	3.0
2102	4.0
2105	3.0
2107	1.0
2108	2.0
2109	1.0
2110	2.0
2112	2.0
2114	3.0
2115	1.0
2116	1.0
2117	3.0
2118	3.0
2119	2.0
2121	1.0
2122	2.0
2123	1.0
2124	4.0
2125	4.0
2126	3.0
2130	3.0
2132	1.0
2133	2.0
2134	1.0
2135	2.0
2136	1.0
2137	3.0
2139	3.0
2140	3.0
2141	1.0
2142	1.0
2144	3.0
2145	2.0
2147	1.0
2148	2.0
2149	1.0
2150	4.0
2151	3.0
2152	1.0
2153	2.0
2155	4.0
2160	3.0
2161	3.0
2162	2.0
2163	2.0
2171	3.0
2173	3.0
2174	4.0
2178	2.0
2181	3.0
2182	3.0
2183	3.0
2184	4.0
2186	3.0
2193	3.0
2194	2.0
2202	2.0
2203	4.0
2206	4.0
2208	5.0
2212	4.0
2239	4.0
2240	2.0
2241	2.0
2243	3.0
2245	1.0
2247	3.0
2248	3.0
2253	1.0
2259	1.0
2261	3.0
2262	2.0
2268	3.0
2269	1.0
2272	2.0
2278	3.0
2282	4.0
2287	4.0
2288	2.0
2289	5.0
2290	1.0
2294	1.0
2297	2.0
2300	4.0
2301	1.0
2302	4.0
2303	2.0
2306	2.0
2311	2.0
2312	3.0
2313	3.0
2315	1.0
2316	2.0
2321	4.0
2324	4.0
2331	3.0
2333	4.0
2335	1.0
2338	1.0
2346	2.0
2348	3.0
2349	2.0
2351	3.0
2352	3.0
2353	4.0
2354	1.0
2355	2.0
2357	4.0
2359	4.0
2361	5.0
2363	4.0
2364	3.0
2365	2.0
2366	3.0
2367	1.0
2370	1.0
2371	1.0
2372	1.0
2373	3.0
2374	2.0
2375	2.0
2376	3.0
2378	1.0
2379	1.0
2380	1.0
2381	1.0
2382	1.0
2383	1.0
2384	4.0
2387	2.0
2389	1.0
2390	4.0
2391	3.0
2392	1.0
2393	3.0
2394	2.0
2395	3.0
2396	4.0
2398	3.0
2399	1.0
2401	3.0
2402	1.0
2403	1.0
2404	1.0
2405	2.0
2406	1.0
2407	2.0
2408	3.0
2409	1.0
2410	1.0
2411	1.0
2412	1.0
2413	1.0
2414	2.0
2418	2.0
2420	3.0
2421	1.0
2422	1.0
2423	2.0
2424	1.0
2427	3.0
2428	2.0
2429	1.0
2430	3.0
2431	3.0
2432	2.0
2433	4.0
2437	4.0
2439	4.0
2450	1.0
2454	3.0
2455	3.0
2457	3.0
2458	2.0
2459	1.0
2460	1.0
2463	4.0
2467	4.0
2468	3.0
2469	2.0
2470	1.0
2471	1.0
2473	1.0
2474	3.0
2475	2.0
2476	2.0
2478	1.0
2488	4.0
2490	4.0
2497	2.0
2498	1.0
2502	4.0
2505	2.0
2511	4.0
2513	2.0
2514	1.0
2517	2.0
2518	1.0
2520	2.0
2521	1.0
2524	1.0
2525	2.0
2527	3.0
2528	3.0
2529	2.0
2530	1.0
2531	1.0
2532	2.0
2533	2.0
2535	2.0
2539	3.0
2542	4.0
2548	1.0
2550	4.0
2551	3.0
2553	4.0
2554	4.0
2555	1.0
2565	3.0
2568	2.0
2571	4.0
2581	2.0
2599	4.0
2612	4.0
2613	2.0
2615	2.0
2616	2.0
2617	2.0
2628	3.0
2633	3.0
2634	3.0
2639	1.0
2640	2.0
2641	3.0
2642	2.0
2643	2.0
2644	4.0
2648	5.0
2654	3.0
2660	4.0
2662	3.0
2664	4.0
2668	2.0
2671	4.0
2677	4.0
2683	4.0
2686	4.0
2687	3.0
2688	2.0
2692	4.0
2696	3.0
2699	2.0
2701	2.0
2707	5.0
2709	2.0
2710	3.0
2716	2.0
2717	1.0
2720	2.0
2722	2.0
2724	1.0
2728	3.0
2729	3.0
2730	3.0
2731	3.0
2732	4.0
2734	2.0
2735	2.0
2736	2.0
2739	3.0
2745	2.0
2746	3.0
2747	3.0
2748	2.0
2750	2.0
2752	3.0
2757	3.0
2761	3.0
2762	4.0
2763	3.0
2764	3.0
2770	4.0
2771	3.0
2779	2.0
2782	3.0
2788	4.0
2789	2.0
2791	1.0
2792	1.0
2794	1.0
2795	1.0
2796	2.0
2797	2.0
2801	4.0
2802	3.0
2803	3.0
2804	3.0
2805	3.0
2817	1.0
2819	3.0
2822	1.0
2826	4.0
2828	1.0
2829	1.0
2836	4.0
2843	4.0
2846	1.0
2857	4.0
2858	4.0
2859	3.0
2861	3.0
2862	3.0
2863	4.0
2866	2.0
2867	2.0
2870	3.0
2871	3.0
2872	3.0
2877	2.0
2881	3.0
2883	4.0
2890	4.0
2891	2.0
2898	2.0
2901	1.0
2902	1.0
2903	1.0
2905	5.0
2906	2.0
2912	4.0
2915	3.0
2916	4.0
2917	1.0
2918	1.0
2919	3.0
2920	5.0
2921	3.0
2922	3.0
2925	5.0
2926	3.0
2929	4.0
2932	4.0
2935	4.0
2941	2.0
2942	1.0
2943	3.0
2944	3.0
2946	3.0
2947	3.0
2948	4.0
2949	3.0
2950	1.0
2951	4.0
2953	1.0
2956	2.0
2959	2.0
2961	1.0
2968	4.0
2969	3.0
2970	3.0
2971	2.0
2973	1.0
2983	4.0
2985	3.0
2986	3.0
2987	2.0
2989	3.0
2990	4.0
2991	4.0
2993	4.0
2997	5.0
3000	5.0
3005	4.0
3006	5.0
3011	4.0
3015	3.0
3016	1.0
3017	2.0
3018	4.0
3022	5.0
3024	2.0
3028	4.0
3030	5.0
3032	3.0
3033	3.0
3034	2.0
3035	4.0
3036	3.0
3037	4.0
3039	4.0
3040	2.0
3044	3.0
3045	3.0
3051	3.0
3054	1.0
3061	4.0
3062	3.0
3066	3.0
3067	5.0
3068	3.0
3071	4.0
3072	4.0
3074	4.0
3075	4.0
3081	4.0
3082	2.0
3087	3.0
3088	5.0
3089	4.0
3090	4.0
3091	5.0
3093	4.0
3095	5.0
3096	5.0
3098	4.0
3099	3.0
3100	4.0
3101	3.0
3102	3.0
3104	4.0
3108	3.0
3111	4.0
3114	4.0
3115	5.0
3130	1.0
3134	5.0
3135	3.0
3142	3.0
3145	4.0
3146	1.0
3152	2.0
3153	4.0
3155	4.0
3156	1.0
3157	3.0
3159	4.0
3160	3.0
3167	3.0
3168	4.0
3169	3.0
3173	2.0
3175	4.0
3194	3.0
3196	4.0
3197	3.0
3198	3.0
3200	4.0
3201	4.0
3203	3.0
3204	3.0
3206	1.0
3210	4.0
3219	2.0
3224	5.0
3243	1.0
3244	2.0
3247	2.0
3248	1.0
3251	2.0
3252	2.0
3253	3.0
3254	3.0
3255	4.0
3256	1.0
3257	1.0
3258	2.0
3263	4.0
3264	3.0
3269	2.0
3274	1.0
3285	1.0
3286	1.0
3287	2.0
3296	4.0
3301	4.0
3307	5.0
3308	2.0
3310	4.0
3316	3.0
3317	4.0
3324	3.0
3325	2.0
3328	5.0
3330	3.0
3334	5.0
3341	5.0
3350	4.0
3354	2.0
3355	4.0
3359	3.0
3360	2.0
3361	4.0
3362	4.0
3363	2.0
3364	4.0
3365	4.0
3384	3.0
3386	4.0
3387	1.0
3388	1.0
3391	1.0
3392	3.0
3394	1.0
3396	2.0
3397	2.0
3398	2.0
3408	4.0
3412	4.0
3418	4.0
3420	3.0
3421	4.0
3422	2.0
3424	3.0
3430	1.0
3435	5.0
3438	1.0
3439	1.0
3440	1.0
3441	1.0
3448	3.0
3450	2.0
3451	3.0
3461	3.0
3462	5.0
3467	5.0
3468	4.0
3469	4.0
3470	5.0
3471	2.0
3476	2.0
3479	3.0
3481	5.0
3483	2.0
3489	4.0
3494	3.0
3498	3.0
3499	2.0
3501	2.0
3504	4.0
3505	2.0
3506	2.0
3507	3.0
3508	4.0
3513	3.0
3515	1.0
3516	4.0
3519	3.0
3524	2.0
3525	1.0
3526	2.0
3527	2.0
3528	2.0
3529	3.0
3534	2.0
3535	1.0
3543	3.0
3545	2.0
3546	2.0
3548	3.0
3549	3.0
3550	3.0
3551	4.0
3552	1.0
3555	1.0
3564	1.0
3576	3.0
3578	4.0
3591	2.0
3593	2.0
3608	2.0
3614	3.0
3615	3.0
3617	2.0
3618	2.0
3623	2.0
3624	4.0
3629	5.0
3633	3.0
3635	3.0
3638	3.0
3639	3.0
3646	2.0
3649	2.0
3653	3.0
3654	4.0
3660	2.0
3668	2.0
3671	4.0
3672	2.0
3675	2.0
3676	3.0
3681	4.0
3682	2.0
3684	2.0
3685	3.0
3686	3.0
3688	1.0
3689	1.0
3690	1.0
3693	3.0
3697	2.0
3699	3.0
3700	4.0
3701	2.0
3702	4.0
3703	5.0
3704	4.0
3705	3.0
3706	3.0
3707	2.0
3708	2.0
3710	1.0
3712	3.0
3717	1.0
3723	3.0
3724	3.0
3729	3.0
3730	4.0
3733	3.0
3735	4.0
3740	2.0
3741	3.0
3742	4.0
3744	3.0
3751	3.0
3752	2.0
3753	4.0
3754	2.0
3755	1.0
3760	2.0
3763	3.0
3766	1.0
3769	3.0
3784	2.0
3788	3.0
3789	4.0
3791	2.0
3793	3.0
3798	2.0
3799	1.0
3801	4.0
3809	3.0
3811	4.0
3812	2.0
3814	3.0
3819	5.0
3821	1.0
3825	1.0
3826	1.0
3827	2.0
3844	3.0
3852	2.0
3858	4.0
3861	1.0
3863	3.0
3865	3.0
3868	1.0
3869	1.0
3871	4.0
3873	4.0
3877	1.0
3879	2.0
3893	3.0
3895	1.0
3897	5.0
3909	3.0
3911	5.0
3916	3.0
3917	1.0
3918	1.0
3919	1.0
3925	4.0
3927	3.0
3928	2.0
3929	4.0
3930	3.0
3932	3.0
3943	2.0
3946	1.0
3947	3.0
3948	3.0
3953	1.0
3959	3.0
3968	3.0
3969	4.0
3972	3.0
3973	1.0
3977	1.0
3978	1.0
3979	1.0
3980	3.0
3981	1.0
3984	3.0
3985	1.0
3986	2.0
3987	2.0
3988	1.0
3990	1.0
3991	2.0
3994	2.0
3996	5.0
3997	2.0
3999	2.0
4002	3.0
4003	1.0
4005	3.0
4006	1.0
4007	2.0
4008	3.0
4009	3.0
4010	3.0
4011	3.0
4014	4.0
4015	2.0
4016	2.0
4017	2.0
4018	3.0
4019	5.0
4023	2.0
4024	3.0
4025	1.0
4027	3.0
4029	4.0
4031	2.0
4033	3.0
4034	4.0
4039	3.0
4041	3.0
4047	4.0
4052	4.0
4056	3.0
4062	2.0
4069	2.0
4084	2.0
4085	3.0
4086	2.0
4090	2.0
4102	2.0
4103	4.0
4104	1.0
4105	2.0
4124	1.0
4132	2.0
4133	2.0
4148	2.0
4158	1.0
4161	2.0
4167	2.0
4191	4.0
4205	3.0
4214	4.0
4215	2.0
4218	4.0
4220	3.0
4232	3.0
4238	3.0
4239	3.0
4246	3.0
4247	1.0
4255	1.0
4262	2.0
4263	3.0
4270	2.0
4275	3.0
4276	2.0
4280	2.0
4291	3.0
4292	3.0
4296	1.0
4299	2.0
4306	3.0
4310	1.0
4318	3.0
4321	2.0
4322	4.0
4326	3.0
4327	4.0
4329	3.0
4333	3.0
4339	4.0
4349	4.0
4356	3.0
4357	3.0
4359	4.0
4361	4.0
4366	3.0
4367	1.0
4386	1.0
4396	1.0
4406	4.0
4410	2.0
4422	2.0
4424	4.0
4427	4.0
4432	4.0
4443	4.0
4464	2.0
4467	4.0
4474	2.0
4477	1.0
4478	2.0
4487	1.0
4489	2.0
4498	2.0
4499	3.0
4502	1.0
4508	3.0
4519	3.0
4529	3.0
4533	2.0
4541	3.0
4557	2.0
4558	1.0
4563	1.0
4571	4.0
4572	2.0
4587	2.0
4621	1.0
4623	3.0
4638	1.0
4639	1.0
4643	2.0
4673	1.0
4677	2.0
4679	3.0
4681	3.0
4686	1.0
4700	3.0
4701	1.0
4705	4.0
4710	4.0
4713	3.0
4748	1.0
4754	4.0
4784	3.0
4799	4.0
4802	3.0
4803	3.0
4809	3.0
4816	2.0
4823	1.0
4835	2.0
4855	3.0
4857	3.0
4890	2.0
4896	4.0
4911	3.0
4912	3.0
4914	5.0
4928	5.0
4932	2.0
4936	2.0
4954	4.0
4963	2.0
4970	4.0
4971	2.0
4993	5.0
5010	1.0
5039	4.0
5060	4.0
5064	4.0
5120	4.0
5139	2.0
5147	3.0
5649	4.0
6184	3.0
