1	3.0
2	3.5
3	2.5
5	1.0
6	3.5
7	1.5
10	3.0
11	4.5
14	3.0
15	2.5
16	3.0
18	2.0
19	1.5
20	2.5
21	3.0
22	3.5
24	3.0
25	3.0
31	2.5
32	3.5
34	4.0
35	3.0
36	2.5
39	3.0
42	1.0
43	2.5
45	2.5
47	4.0
50	3.5
52	4.0
62	2.5
65	1.5
79	2.5
89	3.0
94	2.5
95	3.0
104	1.5
105	3.0
110	3.0
111	3.5
125	2.5
135	1.0
141	2.0
150	3.5
151	2.0
153	2.0
156	3.0
158	3.0
159	2.0
160	1.0
161	3.5
162	3.5
164	2.0
165	3.0
168	2.5
170	3.5
172	4.0
173	0.5
176	3.5
185	3.0
194	3.0
198	2.5
203	3.0
208	3.5
209	2.5
223	1.5
225	2.5
227	1.0
230	3.5
231	0.5
235	3.0
246	2.5
247	2.5
253	2.0
256	1.0
257	3.0
260	5.0
266	2.0
271	3.0
272	3.5
273	2.0
275	2.5
276	3.5
277	3.5
280	1.5
281	3.0
282	3.0
288	2.5
292	2.5
293	4.0
296	4.5
299	2.5
300	2.5
303	3.5
315	3.0
316	4.5
317	2.5
318	3.0
319	3.0
322	3.0
337	4.0
338	2.5
339	2.5
342	2.5
344	1.5
345	3.0
348	3.0
349	3.5
350	3.5
351	2.5
353	2.5
354	2.5
355	1.5
356	4.0
357	4.0
361	2.5
364	3.0
367	3.0
368	3.0
369	3.0
370	1.0
371	3.0
373	3.5
374	1.5
376	3.5
377	3.0
378	2.5
380	4.0
382	2.5
383	1.0
384	1.0
408	2.5
410	2.0
415	2.5
420	2.0
423	3.0
428	3.0
431	3.0
432	3.0
434	3.5
437	2.5
440	3.0
441	1.5
442	3.0
444	2.0
454	2.5
455	2.0
456	2.0
457	2.5
458	1.5
459	2.5
466	2.5
468	2.5
471	3.0
474	3.5
475	3.0
477	2.5
480	5.0
485	3.5
490	3.0
491	3.0
492	3.5
494	3.5
500	2.5
507	4.0
508	5.0
509	2.5
515	3.0
516	2.5
520	2.5
527	4.0
529	3.5
531	3.0
533	2.0
534	2.5
535	3.0
538	4.0
539	4.0
541	4.0
551	4.5
552	3.5
553	3.0
555	3.5
586	2.5
587	3.0
589	4.5
590	2.0
592	4.0
593	4.0
594	3.5
596	3.5
597	3.0
608	4.0
627	2.5
628	4.0
631	0.5
640	2.5
647	3.5
648	3.0
650	2.5
661	2.5
674	4.0
678	3.0
688	2.5
691	3.0
695	2.5
708	3.0
714	2.0
719	1.5
724	2.5
733	3.5
736	3.5
742	2.0
748	3.5
750	3.0
761	2.0
762	1.5
766	2.0
780	3.5
784	0.5
785	1.5
786	3.0
798	2.5
799	2.5
800	3.0
802	2.5
805	3.0
830	1.5
832	2.5
836	1.0
848	2.5
849	3.0
851	1.5
852	2.0
858	3.5
866	4.5
886	2.0
898	4.5
899	4.0
900	3.0
901	2.0
902	3.5
903	3.5
904	2.0
905	3.0
906	3.0
907	3.5
908	3.5
909	2.5
910	4.0
911	3.0
912	5.0
913	4.0
914	2.5
915	2.5
916	2.5
918	2.5
919	5.0
920	3.5
921	3.0
922	4.0
923	3.5
924	5.0
930	3.5
933	3.5
934	2.5
936	2.5
938	3.0
940	5.0
942	2.0
945	3.5
948	3.0
949	3.0
951	3.0
952	3.0
953	3.0
955	2.5
965	2.0
969	3.5
973	3.0
986	2.5
991	2.5
994	3.0
999	3.5
1006	3.0
1007	2.5
1009	2.5
1012	3.5
1013	2.5
1017	2.5
1019	3.0
1020	2.5
1022	3.0
1027	2.0
1028	4.0
1029	3.0
1032	3.0
1034	2.5
1035	3.5
1036	3.0
1041	3.5
1042	2.5
1047	2.5
1049	2.5
1060	2.0
1061	3.5
1066	3.5
1073	3.0
1079	2.5
1080	2.5
1081	4.5
1082	3.0
1084	3.5
1085	3.0
1086	2.5
1088	3.5
1089	3.5
1092	3.5
1094	4.0
1095	2.5
1096	3.0
1097	3.5
1100	2.0
1101	3.5
1103	3.5
1104	3.5
1120	3.0
1124	4.0
1125	2.5
1126	1.5
1127	4.5
1129	3.5
1135	2.0
1136	3.5
1147	3.5
1172	2.0
1179	4.0
1183	2.5
1185	4.0
1186	3.0
1187	3.0
1188	3.0
1191	1.0
1193	4.5
1194	2.5
1196	4.0
1197	5.0
1198	4.5
1199	2.5
1200	3.0
1201	2.0
1203	4.0
1204	2.0
1206	5.0
1207	4.0
1208	3.5
1209	2.0
1210	3.5
1212	2.5
1213	2.5
1214	5.0
1219	4.0
1221	3.0
1224	2.0
1225	4.0
1226	3.5
1227	2.5
1228	3.0
1230	3.5
1231	3.5
1233	2.5
1234	5.0
1235	4.0
1236	3.0
1240	4.0
1242	2.5
1243	1.5
1244	3.5
1245	3.0
1246	2.5
1247	3.0
1248	2.0
1249	2.0
1250	4.0
1252	3.5
1253	3.5
1254	3.0
1259	4.0
1262	3.5
1263	4.0
1265	3.0
1266	4.0
1267	3.0
1268	3.5
1269	2.5
1270	4.0
1271	3.0
1272	3.0
1273	1.0
1276	3.0
1278	4.0
1282	5.0
1283	4.0
1284	2.5
1285	3.0
1287	3.0
1288	3.5
1291	5.0
1292	3.0
1293	3.0
1296	3.0
1299	3.0
1301	3.5
1302	2.5
1303	4.0
1304	4.0
1305	3.0
1307	2.0
1320	2.0
1333	3.0
1339	3.0
1343	3.0
1344	3.0
1345	3.0
1357	2.5
1358	3.5
1361	3.0
1363	2.5
1366	2.5
1367	3.0
1370	3.0
1371	3.0
1372	1.5
1374	2.0
1375	2.5
1376	4.0
1377	3.5
1378	2.5
1380	4.0
1381	2.0
1385	3.0
1387	4.0
1388	2.5
1390	2.0
1391	2.5
1393	2.5
1394	3.0
1396	3.5
1401	3.0
1404	2.5
1408	3.0
1409	3.0
1416	3.0
1438	3.5
1441	3.5
1442	3.0
1459	3.5
1466	1.5
1474	2.0
1479	2.0
1480	3.5
1485	2.5
1487	2.5
1500	3.0
1503	2.5
1517	2.0
1518	2.5
1527	3.5
1542	3.5
1544	3.5
1552	3.0
1556	1.0
1562	1.0
1573	3.0
1580	3.5
1584	3.0
1589	2.5
1590	1.0
1594	3.0
1597	3.5
1608	3.5
1610	5.0
1611	2.5
1616	3.5
1617	3.5
1619	2.0
1620	3.0
1625	3.0
1633	3.5
1635	3.5
1639	3.0
1641	2.0
1645	3.0
1653	3.5
1660	3.0
1663	3.0
1672	2.5
1673	3.5
1674	4.0
1676	2.5
1678	2.5
1680	3.5
1682	3.5
1687	4.0
1694	2.5
1699	2.0
1701	2.5
1704	3.0
1711	3.5
1721	3.0
1722	3.0
1727	3.0
1729	4.5
1732	2.5
1747	2.5
1748	3.0
1754	3.0
1777	2.0
1779	1.0
1784	2.5
1792	2.0
1794	3.0
1799	3.0
1801	3.0
1805	3.0
1810	3.0
1831	2.5
1833	3.5
1834	3.5
1835	3.0
1848	2.0
1873	3.0
1883	3.0
1885	3.0
1892	3.5
1894	1.0
1907	3.0
1912	3.0
1921	2.0
1923	3.5
1938	3.0
1940	2.5
1942	3.0
1944	3.0
1945	3.0
1946	2.5
1947	3.0
1949	3.0
1950	3.5
1951	3.5
1952	3.5
1953	3.0
1954	3.0
1955	3.0
1956	2.5
1957	3.5
1958	2.5
1959	3.0
1960	3.5
1961	3.0
1962	3.0
1964	3.5
1966	3.5
1967	3.0
1968	3.5
1993	1.0
1994	3.0
1995	2.0
1996	0.5
1997	3.5
2000	2.5
2001	2.0
2002	1.5
2005	2.5
2006	3.0
2009	3.5
2011	3.0
2012	4.0
2013	3.0
2015	3.0
2018	3.5
2020	3.0
2021	2.5
2023	2.5
2028	3.0
2034	2.0
2046	2.5
2054	2.5
2058	3.0
2059	2.0
2064	2.5
2065	2.5
2067	3.0
2068	3.0
2069	2.5
2070	2.5
2071	3.0
2076	2.0
2077	3.0
2080	3.5
2081	3.0
2085	3.0
2087	3.5
2088	3.5
2091	2.5
2094	3.5
2096	3.5
2097	2.5
2100	3.0
2105	3.0
2106	3.0
2108	3.5
2109	2.5
2110	3.0
2112	2.5
2114	0.5
2115	2.5
2117	3.0
2118	2.0
2124	2.5
2130	3.0
2134	3.0
2135	2.5
2136	2.5
2140	3.5
2141	2.5
2143	2.5
2144	4.0
2145	2.5
2150	3.0
2153	2.5
2154	2.5
2160	3.5
2161	3.0
2165	2.5
2171	3.0
2174	3.5
2176	3.0
2181	2.5
2182	3.0
2183	3.0
2184	2.5
2186	2.5
2193	4.0
2194	4.0
2202	2.5
2203	3.0
2212	3.0
2231	3.0
2236	3.5
2239	3.0
2240	2.5
2241	3.0
2243	3.0
2245	3.0
2247	2.5
2248	3.0
2249	2.5
2253	1.0
2259	2.5
2268	2.5
2269	2.0
2278	4.0
2282	3.0
2288	2.0
2289	3.5
2290	3.0
2291	3.5
2300	2.5
2302	3.5
2310	3.0
2311	3.0
2312	3.0
2313	3.5
2316	2.5
2318	3.0
2321	3.0
2322	3.5
2324	2.0
2329	3.0
2334	3.0
2336	2.5
2340	3.0
2344	3.0
2348	2.5
2352	3.5
2353	3.5
2359	2.5
2366	3.0
2369	2.0
2372	2.5
2375	1.0
2376	2.5
2391	3.0
2392	1.0
2395	2.5
2396	2.5
2398	3.5
2403	2.0
2405	2.5
2406	4.0
2407	3.5
2408	2.0
2414	4.0
2420	3.0
2421	2.0
2422	1.0
2423	2.5
2424	2.5
2431	2.0
2433	3.0
2436	2.5
2439	2.5
2443	3.0
2454	3.0
2455	3.5
2463	2.5
2467	3.5
2468	2.5
2469	3.0
2470	3.0
2471	2.0
2474	2.5
2490	3.5
2498	2.0
2501	2.5
2502	3.0
2505	2.5
2517	2.5
2520	2.5
2524	2.5
2527	3.5
2528	3.0
2529	2.5
2539	1.0
2542	0.5
2551	2.5
2561	3.0
2565	3.5
2571	3.5
2579	2.0
2580	3.0
2581	2.5
2583	3.0
2605	2.5
2615	2.0
2616	3.0
2617	2.0
2618	3.5
2628	2.0
2640	4.5
2641	3.0
2657	4.0
2662	3.5
2670	3.0
2671	3.0
2672	3.5
2677	3.0
2682	3.0
2683	1.0
2686	3.5
2688	2.5
2694	3.0
2699	3.0
2701	2.0
2707	2.5
2710	0.5
2712	3.5
2713	2.5
2716	3.5
2717	2.5
2720	1.0
2723	2.0
2726	3.0
2728	3.0
2729	3.0
2730	2.5
2734	3.0
2735	3.0
2736	2.5
2739	3.0
2745	2.5
2746	4.5
2747	2.5
2750	3.0
2762	3.5
2763	4.5
2764	3.0
2769	2.5
2770	3.0
2771	2.5
2774	3.0
2779	3.0
2791	3.0
2797	2.5
2804	3.5
2805	1.5
2807	0.5
2819	4.0
2826	1.5
2827	2.5
2858	3.5
2862	1.5
2866	3.0
2871	3.0
2872	4.5
2875	2.5
2877	3.0
2881	3.5
2882	2.5
2883	3.5
2890	2.0
2908	3.5
2912	1.0
2915	3.0
2916	4.0
2917	3.5
2918	2.5
2919	3.5
2926	3.0
2940	3.0
2941	3.5
2942	2.5
2944	3.0
2947	3.0
2948	3.0
2949	2.5
2952	3.0
2959	2.5
2967	3.0
2968	3.5
2970	2.5
2971	3.0
2973	3.0
2983	3.0
2985	3.5
2986	1.0
2987	3.5
2989	3.0
2990	2.5
2993	3.0
2997	3.0
3005	3.0
3006	3.0
3011	3.0
3015	2.5
3019	2.5
3020	3.5
3032	2.5
3033	2.0
3034	1.5
3035	3.0
3036	1.5
3039	2.5
3044	2.5
3052	3.0
3053	2.5
3061	3.5
3062	3.0
3063	3.0
3066	3.5
3068	3.0
3070	3.0
3071	3.5
3072	2.5
3079	3.0
3081	2.5
3082	3.0
3087	3.0
3088	2.5
3089	3.5
3094	3.5
3095	3.5
3098	3.0
3099	3.5
3100	3.0
3101	3.0
3102	3.0
3104	4.0
3105	3.0
3107	3.0
3108	3.0
3111	2.5
3113	2.5
3114	3.0
3129	1.0
3130	1.5
3135	2.5
3145	3.0
3147	3.5
3148	3.5
3152	3.0
3155	2.5
3156	2.0
3157	3.5
3159	4.0
3160	3.0
3167	3.0
3168	2.5
3169	3.0
3174	2.5
3175	3.5
3176	2.5
3178	3.5
3181	2.5
3185	2.5
3186	2.5
3194	3.0
3196	3.5
3197	2.5
3198	3.5
3200	3.5
3201	2.5
3203	3.0
3204	3.0
3210	3.0
3219	2.5
3238	2.5
3244	4.0
3246	3.0
3247	2.0
3249	3.0
3250	2.5
3251	3.5
3252	3.0
3253	1.5
3254	0.5
3255	3.5
3256	3.5
3257	2.0
3258	2.5
3260	3.0
3263	2.5
3268	1.5
3269	2.5
3270	2.5
3271	3.0
3274	3.0
3285	2.5
3296	3.0
3301	3.5
3308	3.0
3316	3.0
3317	3.0
3330	2.5
3334	3.0
3341	3.0
3347	3.0
3354	2.0
3355	2.5
3359	3.0
3361	3.0
3362	3.0
3363	3.0
3364	3.0
3365	2.0
3384	3.0
3386	3.0
3392	1.5
3394	1.5
3408	3.5
3409	2.5
3412	3.0
3418	3.5
3420	3.0
3421	3.5
3424	3.5
3435	3.0
3448	2.5
3450	3.5
3451	3.5
3452	3.0
3468	3.0
3469	3.5
3471	3.5
3477	2.5
3478	2.5
3479	2.5
3480	2.5
3481	2.5
3489	3.0
3494	3.0
3499	2.0
3500	1.5
3503	3.0
3505	3.5
3507	3.5
3508	3.5
3510	3.0
3513	2.5
3516	3.0
3519	2.5
3524	3.5
3526	3.0
3527	4.0
3528	2.5
3543	3.0
3545	5.0
3548	2.5
3549	3.0
3551	3.0
3555	4.5
3556	2.0
3557	3.0
3566	2.5
3578	2.5
3581	1.5
3591	2.0
3606	3.5
3618	1.5
3623	1.5
3633	2.5
3634	3.0
3635	3.0
3638	2.5
3639	2.5
3649	2.5
3654	2.5
3668	3.0
3671	3.0
3675	4.0
3682	2.5
3683	3.0
3684	2.5
3685	4.5
3686	2.5
3697	1.0
3698	2.5
3699	4.0
3702	2.0
3703	1.0
3706	3.5
3707	2.5
3712	3.0
3717	2.0
3723	3.0
3724	3.5
3726	3.0
3728	3.0
3729	2.5
3730	3.0
3733	3.5
3735	3.0
3740	2.5
3744	2.5
3747	2.0
3751	3.5
3752	2.5
3753	2.0
3755	3.5
3763	3.5
3764	2.0
3769	3.0
3783	2.5
3784	3.0
3785	1.5
3788	3.0
3789	3.5
3791	2.0
3793	3.0
3798	3.0
3801	3.5
3809	2.0
3811	3.0
3812	3.0
3821	1.0
3825	2.5
3826	2.5
3827	3.0
3831	2.5
3844	2.5
3861	2.5
3863	3.0
3865	1.0
3871	3.0
3873	4.0
3893	3.5
3897	3.0
3910	2.5
3911	3.0
3915	2.5
3916	3.0
3927	3.0
3930	3.0
3947	2.5
3948	2.0
3950	1.5
3952	2.5
3959	3.0
3967	3.0
3968	1.0
3969	2.5
3972	2.5
3977	2.5
3978	2.5
3980	2.5
3981	2.5
3983	3.0
3984	3.5
3985	3.0
3986	3.0
3987	2.0
3988	2.0
3993	2.0
3994	3.0
3996	4.0
3998	2.5
3999	1.5
4002	2.0
4005	2.5
4007	3.5
4009	3.0
4010	1.0
4011	3.0
4014	3.0
4018	2.5
4019	3.0
4020	3.0
4022	3.5
4023	2.5
4025	2.0
4027	3.0
4029	2.5
4033	3.0
4034	3.0
4037	4.0
4039	3.0
4041	3.0
4054	2.0
4055	3.5
4056	2.0
4062	3.0
4063	2.0
4069	1.5
4080	2.5
4084	2.5
4085	3.5
4086	4.0
4102	2.5
4103	3.5
4117	3.0
4121	3.0
4132	2.0
4148	2.5
4161	2.5
4167	2.5
4174	2.5
4178	3.5
4187	3.5
4191	3.5
4205	2.5
4207	1.0
4210	2.5
4211	3.5
4218	2.0
4220	3.0
4223	4.0
4225	3.5
4226	3.0
4228	3.0
4232	2.5
4234	2.5
4238	3.0
4239	2.5
4246	2.5
4262	3.0
4263	3.0
4267	3.5
4276	3.0
4280	3.0
4291	2.5
4292	3.0
4298	2.5
4299	3.0
4304	2.5
4305	3.0
4306	4.5
4308	2.0
4310	0.5
4318	2.5
4321	3.5
4322	3.0
4326	3.5
4327	3.0
4333	1.5
4339	3.0
4343	2.5
4344	3.0
4349	2.5
4351	2.5
4356	4.0
4357	3.5
4359	3.5
4361	4.0
4366	2.5
4367	2.5
4368	1.5
4369	0.5
4370	4.0
4396	2.5
4406	3.5
4410	3.5
4427	3.0
4443	4.0
4447	3.0
4448	3.0
4450	1.0
4464	3.5
4465	3.5
4467	3.0
4474	2.5
4478	2.5
4487	2.5
4489	3.5
4498	2.0
4499	4.0
4506	3.5
4508	3.0
4529	4.0
4531	3.0
4545	3.0
4557	3.0
4558	2.0
4564	2.5
4572	3.0
4587	3.0
4613	2.0
4616	3.5
4621	3.0
4638	3.5
4639	2.5
4641	2.5
4642	2.5
4643	4.5
4661	3.0
4673	2.0
4676	2.0
4677	3.0
4679	2.5
4681	2.5
4703	3.0
4705	4.0
4710	3.0
4713	3.0
4720	3.5
4723	3.0
4727	3.0
4733	3.0
4745	3.5
4754	2.5
4756	2.5
4776	3.0
4784	3.0
4787	4.0
4792	2.0
4799	2.5
4802	3.0
4803	4.0
4809	3.5
4812	2.0
4814	3.0
4816	1.5
4844	3.5
4845	0.5
4848	3.5
4855	3.0
4857	5.0
4865	3.0
4866	2.5
4867	3.0
4874	3.5
4876	2.0
4878	0.5
4880	3.0
4881	3.0
4886	4.0
4887	2.0
4889	4.0
4890	3.5
4896	3.5
4901	4.0
4903	4.0
4912	3.5
4936	4.5
4954	3.5
4956	3.0
4958	3.0
4963	3.0
4967	3.0
4971	3.0
4973	3.5
4975	3.5
4976	2.5
4978	3.0
4979	2.5
4990	2.0
4992	3.5
4993	3.5
4994	3.5
4995	3.0
5008	3.0
5009	1.5
5013	4.0
5014	3.5
5015	3.5
5016	3.0
5021	3.5
5025	3.0
5026	2.0
5027	1.5
5039	1.0
5049	3.0
5055	3.0
5060	3.0
5064	2.5
5074	3.5
5081	3.0
5092	2.5
5093	3.0
5094	0.5
5103	2.0
5107	3.5
5108	3.0
5120	4.0
5127	3.0
5139	3.0
5152	2.5
5171	2.5
5214	3.5
5218	3.0
5220	2.5
5222	3.0
5237	3.5
5265	1.0
5266	2.5
5267	3.0
5282	2.5
5292	3.0
5293	3.5
5294	3.0
5299	2.5
5303	3.0
5308	3.0
5309	2.0
5312	2.5
5316	3.0
5349	3.5
5364	3.0
5367	3.0
5377	3.0
5378	1.5
5380	3.5
5387	3.0
5388	3.0
5391	3.5
5400	3.0
5410	3.5
5414	1.5
5415	2.0
5418	3.0
5420	0.5
5421	3.0
5438	1.0
5445	3.5
5446	3.0
5452	0.5
5463	1.5
5464	4.5
5470	3.5
5479	3.0
5480	3.5
5481	0.5
5501	0.5
5502	3.0
5505	3.0
5506	1.0
5522	1.0
5528	3.0
5530	3.0
5544	3.0
5548	3.0
5553	3.0
5574	2.5
5577	3.5
5582	2.0
5602	2.5
5603	2.5
5611	3.0
5617	3.5
5621	2.5
5630	3.0
5666	2.0
5667	1.5
5668	3.5
5669	2.0
5673	2.0
5679	4.0
5685	3.0
5693	4.0
5707	4.0
5712	3.0
5747	2.5
5772	4.5
5782	4.0
5784	0.5
5791	2.5
5792	2.5
5796	2.5
5803	1.0
5804	2.5
5809	3.5
5810	2.5
5812	3.5
5816	3.0
5872	3.0
5876	3.5
5881	3.0
5893	3.0
5900	1.0
5902	3.0
5903	3.5
5941	2.5
5944	2.0
5945	3.0
5952	3.0
5954	3.0
5955	3.0
5956	2.5
5957	3.0
5959	3.0
5989	3.0
5991	5.0
5992	4.0
5995	3.0
6001	2.0
6003	2.0
6016	3.5
6058	2.5
6059	2.5
6093	2.5
6156	0.5
6157	1.0
6166	0.5
6183	3.0
6184	3.0
6187	3.0
6188	2.0
6212	3.0
6223	2.0
6238	2.5
6239	3.0
6242	3.0
6263	3.0
6264	3.5
6281	4.0
6287	1.0
6294	0.5
6297	3.0
6299	3.5
6303	3.5
6305	2.5
6322	3.0
6323	3.5
6331	2.5
6333	3.0
6338	0.5
6365	3.0
6373	1.5
6377	4.0
6378	4.0
6380	3.0
6385	2.5
6428	3.5
6436	3.0
6502	1.0
6503	1.5
6534	1.0
6535	3.0
6537	1.0
6538	3.0
6539	3.0
6541	2.0
6550	1.0
6552	3.5
6564	2.5
6565	3.0
6591	3.0
6620	3.0
6624	3.0
6636	3.0
6645	3.0
6658	3.0
6659	2.5
6662	2.5
6663	2.0
6664	2.5
6708	3.0
6711	2.5
6724	4.0
6743	3.0
6753	3.0
6754	1.5
6764	2.5
6765	2.5
6773	2.5
6777	4.0
6785	3.5
6786	5.0
6787	3.5
6807	3.5
6808	3.5
6810	3.0
6820	2.0
6832	3.5
6852	4.0
6862	3.0
6863	1.0
6867	4.0
6870	3.0
6873	0.5
6874	4.0
6879	2.5
6881	3.5
6890	2.0
6893	2.5
6932	2.5
6936	1.5
6942	3.0
6944	1.0
6947	3.5
6950	1.5
6953	2.5
6957	1.0
6959	2.5
6966	2.0
6974	2.5
6979	3.5
6986	3.0
6993	3.0
7000	2.0
7004	3.0
7008	2.0
7017	2.5
7018	3.0
7027	2.5
7044	2.0
7045	2.5
7046	3.5
7072	2.5
7073	3.0
7075	2.5
7076	3.0
7084	3.0
7090	1.5
7091	2.5
7101	2.5
7121	2.5
7132	2.5
7137	2.5
7139	2.5
7143	2.5
7147	2.0
7149	3.0
7150	3.0
7151	2.5
7153	3.0
7154	2.5
7155	3.0
7156	3.0
7158	2.5
7160	3.0
7161	1.0
7163	2.0
7164	3.0
7173	2.5
7247	2.5
7254	2.0
7256	3.5
7263	3.0
7265	3.5
7285	3.5
7293	2.5
7303	5.0
7324	2.5
7346	1.5
7347	2.0
7348	2.0
7361	3.5
7371	2.0
7380	2.0
7386	2.5
7438	4.0
7444	1.0
7445	2.5
7451	1.5
7460	2.5
7481	3.0
7560	3.0
7569	2.5
7570	2.5
7618	2.5
7619	2.5
7698	3.0
7701	0.5
7757	2.5
7827	2.5
7934	3.0
7980	3.0
7983	2.5
8042	2.5
8169	2.5
8183	3.0
8207	3.5
8228	3.5
8337	4.0
8340	3.0
8360	3.0
8361	3.0
8366	2.0
8373	1.0
8376	2.0
8492	3.0
8493	2.5
8526	1.0
8528	2.5
8529	2.0
8530	3.0
8596	2.0
8610	3.0
8614	1.5
8622	0.5
8623	4.0
8633	3.5
8636	2.5
8640	0.5
8644	2.0
8645	2.0
8665	1.0
8690	3.0
8781	2.0
8783	1.5
8784	1.5
8798	3.0
8807	1.5
8860	2.5
8865	2.5
8866	1.0
8874	2.0
8879	2.5
8880	4.0
8907	2.5
8908	0.5
8910	1.5
8914	1.0
8916	2.5
8937	1.5
8949	3.0
8950	2.5
8951	2.5
8958	2.5
8961	2.5
8965	3.5
8966	3.0
8968	2.0
8970	3.0
8981	3.0
9018	1.0
26084	3.5
26242	4.0
26555	1.5
27660	2.0
27788	3.0
27790	2.0
27808	3.0
27821	2.5
27822	3.5
27831	2.0
27837	2.0
27838	3.0
27904	1.5
30707	5.0
30749	3.0
30810	2.0
30812	2.0
30816	1.5
30820	3.5
30822	3.0
30850	2.5
30898	1.5
32029	2.0
32587	3.5
33004	2.0
33166	4.0
33171	3.0
33493	0.5
33660	3.0
33679	1.0
33794	1.0
33836	0.5
33880	3.0
34048	3.0
34072	3.5
34319	2.0
34332	2.5
34338	3.0
34405	2.5
34437	2.0
34528	3.0
35836	0.5
36517	2.0
36527	3.0
36529	2.0
36535	2.0
37382	1.0
37720	2.5
37733	4.0
37741	4.5
37857	2.0
38061	1.5
38798	3.0
38886	1.0
39183	3.0
39292	3.5
39414	2.0
39444	2.0
40583	2.5
40819	2.5
41285	2.5
41569	2.0
41863	2.5
41997	2.5
42004	2.5
42418	1.0
43396	2.5
43560	2.5
44195	3.0
44199	3.0
44665	2.5
44709	2.5
44761	1.0
44974	4.0
45447	2.0
45720	1.5
45730	1.5
46530	1.5
46578	2.5
46723	2.0
46850	3.0
46976	3.0
47099	2.0
47423	2.5
47610	2.0
47629	3.0
48142	1.5
48516	2.5
48696	3.5
48738	3.5
48774	1.5
48780	2.5
48783	2.5
48997	1.5
49272	2.5
49530	2.5
49772	2.0
49822	2.0
49824	3.0
49932	1.0
49961	4.0
50068	3.0
50442	1.5
50601	3.0
50685	3.5
50872	3.5
50912	2.0
51080	3.0
51091	2.0
51255	1.0
51540	2.0
51662	2.5
52241	2.5
52328	1.5
52458	2.0
52604	3.0
53322	2.0
53972	3.5
54001	1.0
54259	3.5
54736	2.0
54997	4.0
55052	2.0
55094	3.0
55247	1.5
55267	3.0
55276	3.5
55280	2.5
55290	3.5
55363	1.5
55805	2.5
55820	3.0
56171	2.5
56174	1.5
56367	3.0
56782	1.5
56788	3.5
