2	2.0
7	2.0
11	3.0
19	1.0
22	4.0
29	2.0
32	3.0
39	2.0
44	3.0
47	4.0
50	3.0
58	3.0
60	3.0
62	3.0
66	2.0
68	2.0
81	3.0
95	3.0
110	3.0
112	3.0
117	3.0
141	2.0
150	4.0
151	3.0
153	2.0
160	2.0
165	3.0
170	2.0
172	3.0
173	2.0
174	1.0
177	4.0
185	3.0
188	3.0
196	2.0
198	2.0
204	3.0
215	5.0
223	4.0
230	3.0
231	1.0
236	4.0
252	2.0
253	2.0
260	5.0
262	4.0
265	2.0
275	3.0
282	3.0
288	2.0
292	4.0
296	3.0
300	4.0
306	5.0
307	4.0
308	3.0
314	3.0
315	3.0
316	2.0
317	2.0
318	5.0
327	2.0
329	3.0
330	2.0
332	3.0
339	4.0
340	3.0
344	2.0
345	3.0
349	3.0
350	3.0
351	2.0
353	3.0
356	3.0
357	2.0
364	3.0
366	3.0
367	3.0
368	3.0
370	2.0
371	3.0
377	4.0
379	3.0
380	2.0
393	2.0
405	1.0
407	4.0
410	2.0
415	2.0
420	2.0
423	2.0
434	3.0
435	1.0
440	4.0
442	4.0
455	2.0
457	5.0
466	3.0
468	3.0
471	3.0
474	3.0
479	2.0
480	3.0
485	2.0
489	2.0
494	3.0
495	2.0
500	2.0
502	2.0
504	2.0
511	3.0
512	3.0
519	1.0
520	1.0
521	2.0
529	4.0
531	4.0
532	2.0
539	3.0
541	2.0
542	2.0
543	4.0
548	2.0
551	2.0
552	2.0
555	3.0
562	4.0
565	4.0
586	1.0
587	2.0
588	2.0
589	5.0
590	2.0
592	4.0
593	5.0
594	4.0
595	5.0
596	3.0
597	3.0
606	2.0
608	4.0
610	1.0
611	2.0
648	1.0
653	3.0
667	1.0
674	1.0
691	2.0
692	2.0
708	3.0
718	1.0
719	2.0
724	2.0
728	2.0
733	4.0
735	3.0
736	2.0
737	1.0
742	2.0
748	2.0
780	2.0
784	1.0
785	3.0
786	2.0
788	2.0
798	2.0
799	3.0
829	3.0
832	3.0
836	1.0
839	2.0
849	2.0
858	1.0
879	2.0
880	2.0
891	2.0
898	3.0
902	2.0
904	4.0
911	5.0
912	3.0
916	4.0
919	4.0
923	1.0
924	1.0
933	4.0
940	3.0
951	4.0
953	4.0
955	4.0
968	4.0
969	3.0
996	3.0
1004	2.0
1007	3.0
1009	4.0
1010	3.0
1012	2.0
1014	4.0
1018	2.0
1019	3.0
1022	4.0
1025	4.0
1028	2.0
1029	3.0
1030	1.0
1031	2.0
1032	2.0
1036	5.0
1037	3.0
1047	3.0
1073	3.0
1079	3.0
1080	2.0
1089	3.0
1090	3.0
1091	4.0
1097	2.0
1101	3.0
1105	2.0
1126	1.0
1127	5.0
1129	4.0
1135	2.0
1136	4.0
1172	3.0
1183	3.0
1185	3.0
1190	2.0
1193	4.0
1196	4.0
1197	5.0
1198	5.0
1199	2.0
1200	5.0
1206	2.0
1208	2.0
1210	3.0
1214	5.0
1215	3.0
1219	4.0
1220	2.0
1221	1.0
1222	2.0
1225	1.0
1230	2.0
1231	3.0
1238	2.0
1240	5.0
1241	4.0
1243	2.0
1246	4.0
1249	2.0
1255	3.0
1257	3.0
1258	3.0
1259	4.0
1261	4.0
1262	4.0
1263	3.0
1265	5.0
1266	3.0
1270	5.0
1271	3.0
1275	3.0
1276	3.0
1277	3.0
1278	3.0
1282	2.0
1285	3.0
1287	4.0
1291	5.0
1293	2.0
1297	4.0
1300	3.0
1304	2.0
1307	2.0
1320	2.0
1321	3.0
1327	1.0
1332	3.0
1333	3.0
1334	3.0
1339	2.0
1342	2.0
1343	3.0
1345	3.0
1346	1.0
1347	5.0
1356	2.0
1359	2.0
1370	4.0
1371	1.0
1372	2.0
1373	2.0
1374	4.0
1375	4.0
1376	4.0
1377	2.0
1385	4.0
1387	4.0
1388	2.0
1390	3.0
1391	3.0
1394	2.0
1396	3.0
1407	2.0
1408	2.0
1425	3.0
1429	3.0
1438	2.0
1441	3.0
1475	2.0
1479	1.0
1483	1.0
1497	2.0
1499	2.0
1500	3.0
1503	2.0
1513	2.0
1517	3.0
1526	2.0
1527	4.0
1552	3.0
1554	3.0
1556	2.0
1562	2.0
1569	2.0
1573	3.0
1580	3.0
1584	3.0
1586	2.0
1587	2.0
1589	2.0
1590	2.0
1591	2.0
1597	3.0
1603	2.0
1608	2.0
1610	2.0
1614	2.0
1615	2.0
1623	2.0
1625	3.0
1639	3.0
1641	3.0
1644	2.0
1655	2.0
1674	4.0
1676	4.0
1680	4.0
1682	4.0
1687	2.0
1688	3.0
1689	3.0
1690	2.0
1704	4.0
1717	2.0
1721	4.0
1747	3.0
1748	4.0
1752	2.0
1762	2.0
1777	3.0
1779	2.0
1792	2.0
1799	3.0
1801	2.0
1831	1.0
1833	2.0
1835	3.0
1876	3.0
1882	2.0
1885	2.0
1889	3.0
1894	3.0
1904	3.0
1909	3.0
1913	3.0
1916	3.0
1917	3.0
1918	2.0
1919	3.0
1920	3.0
1921	2.0
1923	4.0
1954	4.0
1957	2.0
1958	1.0
1959	1.0
1962	4.0
1967	2.0
1968	5.0
1969	1.0
1970	4.0
1971	3.0
1972	3.0
1973	2.0
1975	2.0
1976	2.0
1977	2.0
1978	3.0
1979	2.0
1980	2.0
1981	1.0
1982	4.0
1983	3.0
1984	1.0
1985	2.0
1991	5.0
1992	2.0
1993	1.0
1994	3.0
1997	2.0
2000	4.0
2001	3.0
2002	3.0
2003	4.0
2004	4.0
2006	3.0
2011	4.0
2012	4.0
2015	3.0
2018	4.0
2019	4.0
2020	3.0
2021	1.0
2025	2.0
2028	3.0
2034	1.0
2046	4.0
2054	3.0
2058	4.0
2064	3.0
2067	2.0
2072	2.0
2076	1.0
2077	2.0
2078	2.0
2081	5.0
2087	3.0
2091	3.0
2096	4.0
2100	3.0
2105	4.0
2107	2.0
2108	3.0
2109	2.0
2115	4.0
2117	3.0
2118	3.0
2119	1.0
2120	2.0
2121	1.0
2122	2.0
2124	2.0
2133	4.0
2134	3.0
2136	3.0
2140	1.0
2144	4.0
2145	4.0
2148	3.0
2150	2.0
2153	1.0
2159	4.0
2160	2.0
2161	3.0
2167	3.0
2174	5.0
2193	3.0
2194	3.0
2240	5.0
2248	4.0
2249	3.0
2252	4.0
2253	1.0
2266	2.0
2279	2.0
2288	5.0
2291	4.0
2294	4.0
2300	3.0
2301	2.0
2302	5.0
2306	2.0
2310	4.0
2312	3.0
2320	2.0
2321	4.0
2322	3.0
2328	3.0
2334	3.0
2335	4.0
2338	2.0
2340	3.0
2355	4.0
2359	4.0
2369	2.0
2370	2.0
2373	1.0
2375	2.0
2377	1.0
2378	2.0
2379	1.0
2380	1.0
2381	1.0
2393	2.0
2395	2.0
2396	4.0
2398	3.0
2402	3.0
2403	4.0
2404	2.0
2405	2.0
2406	4.0
2407	4.0
2408	3.0
2409	3.0
2410	3.0
2411	3.0
2412	2.0
2416	1.0
2421	2.0
2422	3.0
2424	4.0
2431	2.0
2450	1.0
2451	2.0
2454	3.0
2455	3.0
2456	2.0
2460	1.0
2469	2.0
2470	3.0
2471	2.0
2478	3.0
2496	3.0
2501	4.0
2513	3.0
2517	2.0
2528	3.0
2535	2.0
2542	3.0
2553	3.0
2571	4.0
2599	3.0
2616	1.0
2617	3.0
2640	4.0
2641	4.0
2642	2.0
2643	1.0
2644	3.0
2648	4.0
2657	2.0
2660	2.0
2672	3.0
2683	4.0
2692	4.0
2699	3.0
2710	3.0
2716	5.0
2717	2.0
2723	3.0
2734	2.0
2735	2.0
2739	2.0
2746	1.0
2747	2.0
2762	3.0
2779	3.0
2787	3.0
2791	4.0
2792	2.0
2793	2.0
2797	3.0
2798	1.0
2799	1.0
2808	3.0
2815	3.0
2858	5.0
2862	1.0
2867	3.0
2871	2.0
2872	2.0
2900	2.0
2901	2.0
2903	2.0
2916	4.0
2918	4.0
2944	4.0
2949	2.0
2959	4.0
2968	2.0
2985	4.0
2986	2.0
2987	2.0
2989	4.0
2990	2.0
2991	3.0
3008	4.0
3016	3.0
3017	2.0
3029	2.0
3033	2.0
3034	4.0
3036	1.0
3039	2.0
3040	2.0
3070	2.0
3071	4.0
3072	2.0
3087	4.0
3095	2.0
3100	2.0
3104	3.0
3105	3.0
3107	2.0
3108	2.0
3120	2.0
3130	2.0
3147	4.0
3160	4.0
3175	4.0
3198	2.0
3208	2.0
3219	4.0
3243	2.0
3247	3.0
3249	3.0
3250	3.0
3255	4.0
3256	3.0
3257	2.0
3258	2.0
3263	2.0
3267	3.0
3270	4.0
3272	2.0
3296	5.0
3418	4.0
3450	3.0
3499	4.0
3527	4.0
3576	4.0
3681	3.0
3699	4.0
3702	3.0
3703	4.0
3726	4.0
3727	4.0
3753	2.0
3755	4.0
3793	4.0
3917	3.0
3948	4.0
5060	3.0
5649	3.0
