1	5.0
3	3.0
5	3.0
10	3.0
19	2.0
32	5.0
34	4.0
47	4.0
50	4.0
52	4.0
95	2.5
104	3.0
107	3.5
110	3.5
150	3.5
151	3.5
153	2.0
165	3.5
168	2.5
172	2.5
196	2.5
231	2.5
235	5.0
239	2.5
252	3.5
260	5.0
282	3.0
292	3.0
296	4.0
316	3.0
318	4.0
329	3.5
337	3.0
344	2.0
348	4.5
349	3.5
356	4.0
364	4.0
367	3.0
368	3.5
377	4.0
380	3.5
410	3.0
419	1.5
434	3.0
440	3.0
442	3.5
457	4.0
471	5.0
480	4.5
492	4.0
500	2.5
508	3.0
520	4.0
527	4.5
539	3.0
541	4.5
543	3.5
551	5.0
585	2.5
587	2.5
588	4.0
589	4.5
590	4.5
592	4.5
593	4.5
594	4.5
595	4.0
597	3.0
608	5.0
631	1.5
648	2.5
653	4.0
661	4.0
673	2.5
709	2.5
719	3.5
720	5.0
733	3.0
736	2.5
745	5.0
750	5.0
761	2.5
780	2.5
783	2.5
784	3.0
785	3.5
788	2.5
805	2.5
852	3.0
858	5.0
880	2.5
898	4.0
899	4.5
903	4.0
904	4.5
905	4.5
908	4.5
909	5.0
910	4.5
915	4.5
923	5.0
924	4.0
926	4.0
928	4.5
933	4.0
951	4.0
953	5.0
965	4.0
1012	4.0
1022	3.5
1025	4.5
1028	5.0
1030	3.5
1032	4.0
1033	3.0
1057	4.0
1064	2.5
1073	5.0
1077	4.0
1078	4.0
1079	5.0
1080	5.0
1081	3.0
1086	4.5
1089	5.0
1091	2.5
1097	5.0
1120	4.0
1125	4.0
1136	5.0
1148	5.0
1183	4.0
1193	4.5
1196	5.0
1197	4.0
1198	5.0
1199	5.0
1200	4.5
1201	5.0
1202	3.5
1207	4.5
1208	3.5
1210	5.0
1214	5.0
1219	5.0
1220	4.0
1223	4.5
1225	4.5
1230	5.0
1234	4.5
1235	4.5
1240	4.0
1244	4.5
1245	4.5
1248	4.0
1250	5.0
1256	4.5
1257	3.5
1258	4.0
1259	4.5
1261	4.5
1267	4.5
1270	5.0
1276	4.5
1278	5.0
1283	4.5
1288	5.0
1291	4.0
1292	5.0
1297	3.0
1301	4.0
1302	4.0
1304	4.5
1307	4.0
1320	4.0
1333	4.5
1356	4.0
1371	3.0
1372	4.0
1373	3.5
1374	4.0
1375	3.5
1376	5.0
1377	3.5
1380	4.0
1387	5.0
1392	3.5
1394	4.5
1405	3.5
1438	2.5
1441	3.0
1527	4.5
1544	3.5
1552	3.5
1562	1.0
1566	3.5
1580	3.5
1584	4.0
1610	4.0
1641	3.0
1644	2.0
1645	2.5
1653	4.0
1658	3.5
1663	3.5
1674	4.5
1690	3.5
1693	3.5
1701	4.0
1707	1.0
1721	3.0
1726	3.5
1732	4.5
1784	3.5
1799	4.0
1827	4.0
1907	3.0
1909	4.0
1920	2.5
1923	4.0
1946	4.5
1953	4.5
1963	4.0
1967	4.5
1968	4.5
1975	3.0
1991	3.0
2003	3.5
2004	4.0
2005	4.0
2011	3.5
2012	4.5
2014	4.0
2022	4.5
2028	3.0
2048	3.5
2054	3.0
2064	4.0
2065	4.0
2072	3.0
2078	4.5
2080	4.0
2081	4.0
2083	4.0
2085	4.0
2087	4.0
2088	2.0
2089	3.5
2090	4.0
2092	1.5
2093	4.0
2096	4.5
2109	4.5
2110	3.5
2115	5.0
2123	2.5
2133	3.0
2134	4.0
2137	3.0
2139	3.5
2140	4.5
2141	3.0
2145	4.0
2155	4.0
2174	4.0
2176	4.0
2183	4.0
2184	4.5
2186	4.5
2212	4.0
2243	4.5
2248	4.0
2268	3.0
2290	4.0
2294	4.0
2300	4.5
2301	4.0
2302	4.0
2324	4.0
2355	4.0
2356	3.5
2361	4.0
2371	4.0
2372	3.0
2375	3.5
2378	2.5
2379	1.5
2380	1.5
2381	1.0
2382	1.0
2383	1.0
2393	3.5
2399	2.5
2406	3.5
2407	3.0
2413	4.0
2416	2.5
2423	4.5
2428	3.5
2453	3.0
2454	4.0
2456	2.5
2469	2.5
2470	3.0
2502	5.0
2539	3.0
2571	4.5
2628	3.0
2640	4.5
2641	4.0
2642	3.0
2643	2.0
2657	3.5
2660	4.5
2662	4.0
2671	3.5
2683	3.0
2687	3.5
2692	4.0
2693	4.0
2700	4.0
2706	2.5
2712	4.0
2716	5.0
2717	3.5
2746	4.0
2747	3.5
2750	4.5
2761	4.5
2788	4.5
2791	4.0
2792	3.5
2797	3.5
2804	4.5
2822	3.0
2858	3.5
2863	5.0
2916	3.5
2918	4.0
2935	5.0
2936	4.5
2953	3.5
2968	3.5
2973	4.0
2985	4.0
2987	5.0
2997	4.5
3033	4.0
3034	5.0
3039	4.0
3067	3.5
3087	4.0
3088	5.0
3114	4.5
3129	4.5
3147	3.0
3159	3.5
3174	3.0
3175	4.0
3213	4.0
3248	1.5
3255	3.0
3267	3.5
3300	3.5
3317	4.5
3326	3.0
3354	3.0
3361	4.0
3362	4.5
3363	4.5
3387	2.0
3388	3.0
3396	5.0
3397	4.0
3398	4.0
3408	3.0
3421	4.5
3429	5.0
3448	3.5
3471	5.0
3481	5.0
3483	3.5
3489	3.0
3504	4.5
3507	5.0
3524	4.0
3526	3.0
3548	4.5
3552	3.0
3556	4.0
3593	0.5
3608	4.0
3618	4.0
3623	3.0
3671	5.0
3683	4.0
3745	1.5
3751	4.5
3752	2.5
3754	2.0
3760	3.0
3793	4.0
3794	4.0
3809	4.0
3812	4.0
3814	4.0
3852	3.0
3868	3.5
3897	4.0
3910	4.0
3911	4.0
3928	4.5
3948	3.0
3979	1.5
3994	4.0
3996	4.5
4002	4.0
4006	3.0
4010	3.0
4011	4.5
4016	3.5
4017	4.0
4023	3.0
4027	5.0
4029	4.5
4034	3.5
4055	4.0
4062	3.0
4069	1.5
4084	3.0
4085	3.5
4090	3.0
4091	3.0
4104	2.0
4105	4.0
4128	4.0
4132	2.5
4158	1.0
4161	3.0
4226	4.5
4232	4.0
4246	4.0
4276	4.5
4280	3.0
4291	4.0
4304	4.5
4306	2.0
4308	4.5
4310	1.0
4327	4.5
4333	3.5
4343	2.0
4349	4.0
4359	4.5
4361	4.0
4366	2.0
4369	2.0
4370	2.5
4378	3.5
4446	1.5
4467	3.5
4477	3.0
4483	1.0
4489	3.0
4499	4.5
4502	2.5
4509	3.0
4519	3.0
4526	2.0
4544	2.5
4545	3.5
4558	3.0
4564	3.0
4571	3.0
4621	2.5
4623	3.0
4624	3.5
4638	3.0
4641	4.5
4643	2.5
4678	3.0
4679	4.0
4681	3.0
4720	4.0
4733	3.5
4734	2.0
4799	5.0
4873	3.0
4878	4.0
4881	5.0
4886	5.0
4896	3.5
4903	4.5
4911	3.5
4973	5.0
4979	4.5
4990	2.5
4993	5.0
5004	4.0
5010	4.0
5013	4.0
5015	3.0
5021	4.0
5060	4.5
5065	3.0
5074	4.0
5135	3.5
5171	2.5
5218	4.0
5219	3.0
5298	4.0
5308	2.5
5323	3.0
5339	3.5
5349	3.5
5377	4.5
5378	3.5
5388	3.5
5418	4.5
5419	2.0
5444	4.0
5445	3.5
5459	2.5
5463	3.5
5478	3.5
5480	3.0
5500	3.0
5502	3.0
5504	3.0
5505	3.5
5548	4.0
5577	3.5
5602	5.0
5603	5.0
5617	5.0
5618	4.0
5650	4.0
5669	4.5
5673	3.0
5679	4.0
5796	4.0
5816	3.5
5833	4.0
5878	4.5
5881	3.0
5882	2.5
5902	4.0
5903	4.0
5944	3.0
5945	4.0
5952	5.0
5971	4.5
5989	3.5
5992	3.5
5995	4.0
6001	4.0
6003	4.0
6016	4.5
6062	4.5
6157	1.0
6183	4.5
6218	4.0
6242	4.0
6250	3.0
6264	2.5
6296	4.0
6331	5.0
6333	4.0
6365	2.5
6373	3.0
6377	4.5
6380	4.5
6440	4.5
6502	5.0
6503	2.0
6534	2.0
6537	3.0
6539	4.5
6541	2.5
6552	4.0
6620	5.0
6650	4.5
6662	4.5
6711	4.5
6764	3.5
6773	5.0
6807	4.0
6863	4.0
6870	4.0
6873	4.0
6874	5.0
6888	2.0
6934	2.0
6936	3.5
6947	4.0
6954	4.0
6957	3.0
6959	3.0
6993	4.5
7022	4.0
7028	4.5
7036	3.0
7046	3.5
7060	4.0
7073	5.0
7084	4.5
7091	4.5
7102	2.5
7132	4.5
7139	5.0
7147	4.5
7151	4.5
7153	5.0
7158	3.5
7160	3.5
7247	4.0
7323	4.5
7360	4.0
7361	5.0
7367	3.5
7373	4.0
7386	3.5
7438	4.5
7451	4.0
7458	2.0
7706	4.5
7934	4.5
7981	4.0
7983	4.5
8132	3.5
8169	3.0
8228	4.0
8360	3.0
8361	3.0
8368	4.0
8371	1.5
8373	2.5
8376	4.0
8464	4.5
8492	4.5
8529	3.0
8542	5.0
8596	4.0
8610	4.0
8614	2.5
8622	4.5
8623	4.0
8636	4.5
8640	2.5
8641	3.0
8644	3.0
8665	4.0
8666	1.0
8781	3.0
8783	2.5
8784	4.0
8807	3.5
8810	3.0
8865	4.0
8870	2.5
8874	5.0
8907	1.0
8910	3.5
8914	4.5
8949	4.5
8950	4.0
8961	5.0
8965	2.5
8966	4.5
8970	4.0
8974	3.5
8983	4.0
8984	3.0
27706	4.5
27721	5.0
27772	2.5
30707	4.0
30810	4.0
30812	4.0
