1	1.5
2	2.5
3	3.5
10	3.5
13	2.0
19	2.0
32	4.5
34	1.5
47	3.5
48	1.5
50	4.0
65	0.5
104	3.0
141	2.5
150	3.5
153	2.0
158	2.5
165	3.5
203	3.0
208	4.0
223	2.0
231	1.0
260	2.5
277	1.0
296	3.5
316	3.5
317	2.0
329	4.0
337	3.0
344	2.0
355	1.5
356	3.5
362	1.5
364	2.0
367	1.5
374	2.0
377	3.0
410	3.0
419	3.5
435	3.5
457	3.0
480	3.0
497	3.5
500	3.0
520	3.5
527	4.0
551	3.0
575	1.5
586	2.5
588	1.5
589	3.5
592	2.5
593	4.0
594	2.0
595	1.5
597	2.0
608	3.5
648	2.5
724	4.0
733	4.0
736	3.5
741	3.5
750	3.5
765	3.0
780	3.5
784	2.0
788	1.5
837	3.0
902	2.0
912	3.0
914	1.0
919	2.5
920	2.5
1015	3.0
1020	4.0
1021	2.0
1022	3.0
1032	3.5
1036	4.0
1059	2.0
1073	4.5
1080	3.5
1081	3.5
1088	0.5
1125	3.5
1127	3.0
1136	4.0
1196	3.0
1197	3.0
1198	3.5
1200	3.0
1210	2.5
1214	3.5
1215	4.0
1225	2.0
1232	2.5
1240	3.5
1242	3.0
1246	4.0
1258	3.5
1261	4.0
1262	4.0
1270	3.5
1278	4.0
1291	3.5
1293	4.0
1320	3.5
1356	4.0
1370	3.0
1376	4.0
1387	3.0
1391	4.0
1405	1.0
1408	2.5
1438	3.5
1461	2.5
1479	4.0
1485	2.5
1517	2.0
1527	3.5
1544	2.0
1552	3.0
1556	2.0
1573	3.0
1580	3.0
1584	3.5
1610	4.0
1653	4.0
1665	3.5
1678	1.5
1682	3.5
1690	4.0
1702	3.0
1704	2.5
1707	2.0
1711	2.5
1713	3.0
1721	3.5
1722	3.5
1747	3.5
1779	4.0
1792	3.5
1806	3.5
1831	3.0
1882	3.0
1907	2.0
1911	1.5
1917	3.0
1920	3.0
1927	3.5
1951	4.0
1961	3.5
1968	2.5
1997	3.0
2011	2.5
2012	2.0
2028	3.0
2046	2.5
2048	2.0
2052	4.0
2054	3.0
2058	3.0
2081	3.0
2105	2.5
2114	3.5
2115	3.5
2117	3.5
2123	2.0
2124	3.5
2125	2.5
2144	2.0
2153	3.0
2170	2.5
2174	1.5
2268	3.0
2273	1.5
2291	2.5
2294	3.0
2296	2.0
2297	5.0
2300	4.0
2301	3.5
2302	2.5
2321	3.0
2324	4.5
2353	3.5
2355	2.0
2359	3.0
2392	3.0
2393	3.5
2394	3.0
2413	3.0
2423	3.5
2424	2.0
2428	3.0
2470	3.5
2498	2.5
2501	4.5
2502	3.5
2555	2.0
2565	1.5
2571	4.0
2605	3.5
2617	3.0
2628	3.0
2657	3.0
2683	3.0
2694	2.0
2701	4.0
2713	2.5
2716	4.0
2717	3.5
2719	4.5
2720	2.0
2723	4.0
2746	3.0
2761	3.0
2762	4.0
2791	3.5
2792	2.0
2797	3.0
2804	2.5
2810	4.0
2881	2.5
2916	4.0
2918	4.0
2944	2.5
2947	2.5
2953	3.0
2959	4.5
2987	1.5
2991	3.0
3000	4.0
3033	4.5
3052	3.5
3082	3.5
3146	1.0
3157	1.5
3175	2.5
3208	3.5
3247	3.0
3248	3.0
3275	3.0
3300	4.0
3301	3.0
3355	4.5
3408	2.5
3409	4.5
3448	3.0
3450	4.0
3471	3.5
3489	2.5
3510	3.5
3552	0.5
3555	4.0
3623	1.5
3624	2.0
3646	2.0
3717	3.0
3751	4.0
3763	3.0
3784	3.0
3785	2.5
3786	3.5
3793	3.0
3826	2.0
3882	1.0
3916	0.5
3948	2.0
3977	1.5
3979	2.5
3980	3.5
4002	2.5
4011	3.0
4016	4.0
4019	4.5
4022	3.5
4025	3.0
4027	3.0
4039	1.5
4066	2.5
4105	1.5
4148	4.0
4153	3.0
4226	4.0
4232	1.5
4262	1.5
4270	3.5
4299	2.5
4306	2.0
4308	4.0
4343	3.5
4367	3.0
4370	4.5
4386	4.0
4388	2.0
4447	2.5
4489	2.5
4499	4.0
4544	3.5
4545	3.5
4621	1.5
4638	4.0
4643	3.0
4678	4.0
4701	1.0
4719	2.5
4720	4.5
4728	3.5
4816	3.0
4844	3.5
4874	4.0
4878	4.0
4886	2.0
4890	2.0
4896	3.0
4963	3.5
4973	4.0
4979	0.5
4993	3.0
4994	4.5
5010	2.5
5013	0.5
5014	4.0
5047	2.5
5064	2.5
5093	4.0
5103	2.0
5110	3.0
5159	1.5
5218	2.5
5219	4.0
5220	2.5
5265	3.0
5294	2.0
5299	2.0
5313	2.5
5349	2.0
5377	4.0
5378	2.0
5418	4.5
5445	4.0
5449	2.5
5452	2.0
5459	2.0
5479	3.5
5502	2.5
5507	2.5
5528	4.0
5530	4.0
5618	3.0
5621	2.5
5630	4.0
5669	3.5
5679	3.5
5690	4.0
5785	0.5
5791	3.0
5803	1.5
5816	3.0
5872	3.5
5903	3.0
5952	2.5
5989	3.5
5991	3.0
5995	4.5
6093	2.5
6166	1.5
6218	3.5
6242	4.0
6281	4.0
6283	4.0
6287	2.5
6294	2.5
6323	4.5
6333	3.0
6338	1.5
6365	4.0
6373	2.0
6377	2.5
6378	4.5
6502	4.0
6537	3.0
6539	3.5
6541	3.5
6550	3.5
6564	3.5
6565	2.5
6593	2.0
6618	4.5
6645	3.5
6659	4.0
6662	2.5
6663	3.0
6708	4.0
6753	3.5
6807	3.5
6820	3.0
6863	3.0
6874	4.0
6879	3.5
6888	2.0
6893	3.5
6934	2.5
6947	2.0
6951	2.0
6952	4.0
7022	4.0
7045	3.0
7143	4.0
7147	4.5
7153	2.5
7158	3.5
7162	3.0
7173	2.5
7254	4.5
7293	3.0
7325	1.5
7347	4.0
7360	4.0
7387	4.5
7438	3.5
7439	3.5
7454	4.0
7458	2.5
7560	5.0
7701	2.5
8360	0.5
8361	3.5
8368	3.5
8371	2.5
8373	3.5
8376	0.5
8464	4.0
8529	4.5
8533	4.0
8596	4.0
8622	4.5
8636	1.5
8644	4.0
8665	3.5
8781	3.0
8783	3.5
8798	4.0
8827	3.5
8861	4.0
8873	3.5
8874	4.0
8907	1.5
8947	3.0
8949	0.5
8957	4.0
8961	2.0
8966	4.0
8970	3.5
8972	3.0
26662	4.0
27660	0.5
27706	2.5
27821	1.5
27837	4.0
30749	4.0
30793	3.5
30812	4.5
30816	2.5
30825	2.5
32029	3.5
32587	1.0
33004	4.5
33158	2.5
33493	2.5
33615	2.0
33679	3.0
33794	4.0
34048	3.0
34162	1.0
34334	3.5
36401	4.0
36517	3.0
36519	1.5
36708	2.5
37380	3.0
37727	3.0
37857	4.0
38038	3.5
39183	3.0
39446	3.5
40732	3.5
40815	3.0
40826	4.0
41566	3.0
41569	3.0
42002	4.0
42734	4.0
43871	3.0
43928	3.5
43936	3.0
44022	1.5
44191	4.5
44195	3.5
44665	4.5
44972	3.5
45081	3.5
45431	3.0
45442	2.5
45447	3.0
45499	3.0
45672	2.5
45722	4.0
46578	4.0
46965	2.0
46970	0.5
46972	2.5
46976	4.5
47610	3.5
48385	2.0
48394	4.0
48780	5.0
48877	3.0
49272	3.5
49286	3.0
49530	3.5
49651	2.0
50794	2.0
50798	1.5
50804	4.5
50872	3.0
51255	4.5
51540	4.0
51575	0.5
51662	3.0
53000	4.0
53894	4.5
53972	3.5
53996	3.5
54001	4.0
54286	4.0
55232	4.0
56156	3.5
56174	2.0
56251	4.0
56367	3.5
56757	4.0
58559	4.0
60684	3.5
61132	3.0
62336	1.5
63082	4.0
65261	3.5
66934	4.5
67255	5.0
68157	4.0
68237	4.0
68554	3.5
68954	4.0
69844	4.0
70286	4.5
70293	3.5
71535	4.0
72998	3.0
73017	2.5
73323	5.0
74458	4.5
74510	5.0
76251	3.5
79091	4.0
79132	5.0
79702	3.0
81591	2.5
81847	4.5
84152	4.0
84772	4.5
86377	4.0
87232	3.0
88125	4.5
88810	4.0
89745	3.5
91500	4.5
91529	4.5
91542	2.5
91658	4.5
92535	4.0
93840	4.5
96079	4.0
97304	3.5
97913	3.5
97938	4.0
106489	4.0
106920	4.5
