1	5.0
6	4.5
14	4.5
16	4.0
17	4.5
21	4.0
25	4.5
32	3.5
36	4.5
39	3.0
47	3.5
50	4.0
62	3.0
95	3.0
104	2.0
110	3.5
111	4.5
144	4.0
150	4.0
161	4.0
162	4.0
168	3.0
172	2.5
196	2.0
208	2.5
223	3.5
231	4.5
235	4.0
246	5.0
288	5.0
292	3.5
296	5.0
318	4.5
333	4.0
337	4.0
344	3.0
345	4.0
349	4.0
350	2.5
356	4.0
357	4.5
364	3.0
367	3.5
372	3.5
377	3.0
379	3.5
380	4.0
434	3.5
454	4.0
455	2.0
457	4.5
474	4.0
475	3.0
477	4.0
480	3.5
481	3.5
485	3.5
508	3.5
520	3.5
524	3.5
527	4.5
529	3.0
535	4.0
541	5.0
555	4.5
587	3.0
589	4.5
590	4.0
592	3.5
593	4.5
595	4.5
597	3.0
608	5.0
616	4.0
648	3.5
680	4.0
733	3.0
736	2.0
750	5.0
778	4.5
780	2.0
784	4.0
785	4.0
832	3.0
838	4.5
858	5.0
899	5.0
903	4.5
904	4.5
912	4.0
913	4.0
922	4.5
923	4.0
924	4.5
926	5.0
953	4.0
986	4.5
1022	4.0
1037	3.5
1060	4.5
1061	2.0
1073	4.0
1077	4.0
1088	3.0
1089	3.5
1090	4.5
1092	4.0
1093	3.5
1094	4.0
1097	4.5
1100	3.5
1101	2.5
1120	3.5
1127	4.0
1129	4.0
1136	4.0
1179	4.0
1183	4.5
1185	4.0
1186	4.5
1189	4.5
1193	4.5
1196	4.5
1197	4.0
1198	4.0
1200	5.0
1201	4.0
1206	3.0
1207	4.0
1208	4.0
1210	4.0
1213	5.0
1214	5.0
1219	4.0
1221	4.5
1222	4.5
1225	4.5
1228	3.0
1230	4.5
1231	4.5
1233	4.5
1235	4.0
1240	4.5
1242	4.0
1246	4.5
1247	5.0
1259	4.0
1263	4.5
1265	4.5
1266	4.5
1267	4.0
1270	4.0
1271	4.0
1280	4.5
1285	3.0
1289	5.0
1291	4.0
1296	4.0
1297	3.5
1298	4.0
1300	4.5
1302	4.0
1307	4.0
1320	3.5
1321	3.0
1333	3.0
1347	4.0
1358	4.0
1361	4.5
1374	4.0
1377	3.5
1380	4.5
1381	2.0
1385	3.0
1388	1.5
1393	4.0
1396	4.0
1408	4.0
1441	4.0
1479	4.0
1485	4.0
1499	1.0
1500	2.5
1517	3.5
1527	3.5
1552	2.5
1580	2.0
1584	4.0
1586	2.0
1591	2.0
1610	4.5
1617	4.0
1641	3.5
1649	4.0
1653	4.5
1674	4.0
1676	1.0
1678	4.5
1680	4.0
1682	4.0
1690	1.0
1693	4.0
1704	3.0
1719	4.0
1721	4.5
1732	3.0
1747	3.5
1777	2.5
1784	4.0
1810	3.5
1876	3.0
1917	2.0
1920	2.0
1923	3.5
1939	4.5
1947	4.0
1952	4.0
1953	4.0
1954	4.0
1958	5.0
1959	3.5
1961	4.0
1962	4.0
1968	4.5
1994	4.0
1997	2.5
2003	2.5
2004	1.5
2010	4.5
2011	3.5
2021	4.0
2023	4.5
2025	4.0
2028	3.5
2034	4.5
2046	3.5
2054	3.0
2064	4.0
2078	4.0
2080	3.5
2081	4.0
2082	2.0
2100	3.0
2105	5.0
2109	4.0
2115	4.0
2117	4.0
2134	2.5
2137	4.0
2138	4.0
2140	4.0
2144	4.5
2145	4.5
2150	4.5
2161	4.5
2174	3.5
2231	3.0
2243	3.5
2248	4.0
2268	4.0
2311	4.5
2313	4.5
2321	4.5
2324	4.0
2348	4.0
2352	3.0
2355	3.5
2359	4.5
2369	2.5
2378	3.5
2391	4.5
2395	3.5
2401	3.5
2405	3.5
2406	3.5
2407	4.0
2410	3.0
2411	4.0
2413	3.0
2423	4.0
2427	4.0
2433	4.0
2450	1.5
2455	3.5
2470	3.0
2474	3.5
2501	4.5
2502	4.5
2505	3.5
2571	3.0
2599	5.0
2613	3.5
2624	4.5
2640	4.0
2657	4.0
2668	2.5
2683	4.0
2688	2.5
2700	4.0
2706	3.5
2710	4.0
2712	4.5
2729	4.5
2739	4.0
2746	4.0
2762	4.0
2791	4.0
2797	3.0
2804	4.5
2808	1.5
2841	3.5
2858	4.5
2871	3.5
2890	3.0
2908	4.0
2915	4.0
2916	4.0
2918	4.5
2921	4.5
2922	4.0
2935	5.0
2942	3.5
2950	3.5
2951	4.0
2959	3.0
2973	4.5
2985	4.0
2997	3.5
3007	5.0
3019	4.0
3020	4.0
3033	3.5
3039	4.5
3044	4.0
3052	2.5
3060	4.0
3070	4.0
3098	4.0
3100	4.5
3101	4.0
3105	4.5
3142	4.5
3148	4.0
3160	3.0
3168	5.0
3175	3.5
3176	4.5
3182	4.5
3210	4.5
3252	3.5
3253	3.0
3256	4.0
3259	4.5
3260	4.0
3263	4.0
3271	4.0
3360	3.5
3361	4.0
3386	4.5
3396	3.5
3418	3.5
3421	4.5
3424	4.5
3435	4.5
3448	4.0
3471	5.0
3476	4.0
3479	3.5
3481	3.5
3499	4.0
3508	4.0
3527	4.0
3535	4.0
3552	4.0
3556	3.5
3578	3.0
3591	3.5
3593	1.5
3617	4.0
3681	4.0
3683	4.5
3698	4.0
3699	4.0
3702	4.0
3703	4.0
3704	3.5
3741	4.5
3745	2.5
3752	3.0
3755	3.5
3770	4.5
3791	4.5
3809	3.5
3827	3.0
3897	3.5
3911	4.0
3949	3.5
3959	4.0
3969	3.5
3977	3.5
3981	3.5
4002	4.0
4007	5.0
4008	4.5
4022	3.5
4034	4.5
4103	4.5
4121	3.5
4214	3.5
4223	4.0
4226	3.5
4246	3.5
4262	2.5
4299	3.5
4306	2.5
4310	2.0
4326	4.0
4361	4.0
4370	4.0
4443	4.0
4571	2.0
4720	4.0
4812	3.0
4848	3.0
4855	4.0
4881	3.5
4886	4.0
4890	3.5
4901	4.5
4936	4.0
4941	4.5
4958	4.0
4963	4.5
4974	3.0
4975	3.5
4979	2.5
4980	1.5
4995	4.0
5004	4.0
5010	3.0
5015	4.5
5025	2.5
5049	3.5
5299	3.5
5377	3.5
5418	4.5
5445	4.5
5459	2.0
5502	3.5
5506	4.0
5508	3.5
5617	4.0
5620	2.5
5669	4.0
5673	3.0
5679	3.0
5810	4.0
5881	4.0
5956	4.0
5989	4.0
5991	4.0
5995	4.0
6016	5.0
6188	3.5
6331	4.5
6365	2.5
6377	5.0
6385	4.5
6534	2.0
6539	3.0
6620	3.0
6645	4.5
6659	1.0
6711	4.5
6774	3.5
6796	4.5
6808	4.5
6863	3.5
6870	4.5
6936	4.0
6947	4.0
6979	4.5
7004	3.5
7143	3.5
7147	4.0
7156	5.0
7160	4.0
7163	4.0
7256	4.0
7360	4.0
7361	4.0
7387	4.5
7419	5.0
7451	3.5
7481	3.5
7566	4.0
7802	4.5
7836	4.0
8228	4.0
8340	4.0
8360	2.5
8361	3.0
8373	3.0
8376	4.5
8464	3.5
8493	4.0
8533	4.0
8581	4.5
8622	3.5
8633	4.5
8638	3.0
8641	2.5
8665	4.0
8781	3.5
8784	2.5
8798	4.5
8810	1.0
8874	3.0
8917	3.5
8949	4.5
8961	4.5
8966	4.0
8981	4.0
26729	4.5
27846	4.0
30707	4.5
30749	4.0
31694	4.0
33004	4.0
33154	4.5
33162	4.5
33166	4.5
33660	4.0
34048	3.5
34072	5.0
34162	4.0
34319	4.0
34405	3.5
34528	5.0
34542	4.5
35836	4.0
36517	4.0
37240	4.5
37733	4.5
37741	4.0
38886	4.0
39183	4.5
39292	4.0
40583	4.5
40819	4.0
40826	3.0
41566	2.5
41569	4.5
44195	4.0
45210	3.5
45720	2.5
45722	3.0
45950	4.0
46578	5.0
47200	4.0
47999	4.0
48394	4.0
48516	4.5
48774	4.5
48780	4.5
48997	4.0
50068	4.0
50872	4.5
51080	4.0
52281	3.0
52458	3.5
52973	4.0
53121	1.5
53519	5.0
53550	4.0
53894	3.5
53993	3.0
53996	2.0
54272	4.0
54286	4.0
54881	4.0
55118	4.5
55247	5.0
55276	4.5
55820	4.5
56171	4.0
56367	4.5
56782	4.5
80463	4.5
81845	5.0
