1	5.0
2	4.0
3	3.0
5	3.0
12	3.0
18	4.0
19	5.0
21	4.0
24	3.0
25	3.0
29	5.0
31	3.0
32	4.0
34	3.0
39	4.0
42	4.0
44	2.0
47	4.0
48	3.0
50	5.0
60	3.0
62	3.5
63	4.0
69	5.0
70	4.0
88	3.5
97	4.0
101	3.0
104	5.0
110	5.0
111	5.0
125	4.0
141	4.0
147	4.0
150	3.5
153	3.0
157	3.0
158	2.5
160	4.0
162	3.0
170	3.5
172	3.0
173	1.0
175	3.5
180	4.5
185	4.0
186	3.0
187	4.0
190	3.5
191	0.5
193	2.5
196	3.0
198	2.0
208	3.5
209	3.0
216	3.0
218	4.0
223	5.0
231	4.0
234	4.0
235	4.0
247	5.0
253	3.0
260	5.0
265	4.0
266	2.0
267	3.0
273	2.5
282	3.0
288	3.0
292	3.0
293	5.0
296	4.0
307	4.0
314	3.5
316	3.0
317	3.0
318	4.0
325	3.0
327	4.0
328	2.0
329	2.0
330	2.0
333	4.0
337	5.0
344	3.0
345	4.0
353	3.5
355	2.0
356	4.0
357	3.0
358	2.0
364	5.0
366	4.0
367	2.0
368	4.0
370	3.0
372	3.0
377	3.0
380	3.0
382	2.0
410	5.0
413	3.0
426	3.0
429	3.5
432	3.0
434	3.0
435	5.0
440	4.0
441	4.0
442	3.0
449	5.0
450	3.0
455	2.5
457	2.0
466	4.0
467	4.0
471	4.0
473	3.0
480	5.0
482	3.5
485	2.5
493	3.0
495	4.0
500	4.0
516	3.0
518	4.0
519	3.0
520	4.0
522	4.0
524	4.0
527	5.0
529	3.5
532	4.0
533	2.5
539	3.0
541	4.5
542	2.0
543	3.0
546	2.0
550	2.5
551	5.0
553	3.5
555	4.0
562	4.0
569	3.0
585	3.0
586	5.0
587	2.0
588	3.0
589	5.0
590	3.0
592	4.0
593	5.0
594	4.0
595	4.0
596	4.0
597	3.0
606	2.0
608	5.0
610	2.0
637	3.0
653	4.0
661	4.0
663	4.0
668	5.0
671	3.0
673	3.0
674	3.5
678	3.0
680	4.0
700	4.0
708	3.0
709	3.0
724	3.5
733	3.0
735	5.0
736	2.0
741	5.0
743	3.0
748	3.0
750	5.0
762	2.0
766	3.5
778	4.0
780	4.0
781	3.5
784	2.0
785	4.0
788	4.0
799	4.0
801	4.0
829	2.0
832	2.0
833	1.0
842	1.0
849	3.0
851	4.0
858	4.0
879	2.5
880	4.0
903	5.0
904	4.0
908	4.0
913	4.0
919	4.0
920	3.0
923	5.0
924	3.5
951	4.0
968	5.0
1013	3.0
1019	4.0
1022	2.0
1025	4.0
1027	3.0
1028	3.0
1029	2.0
1030	3.0
1032	3.0
1035	3.0
1036	3.0
1037	4.0
1042	4.0
1049	3.0
1051	3.0
1060	3.0
1061	3.0
1073	3.5
1079	3.0
1080	3.0
1084	4.0
1088	2.0
1089	4.0
1090	4.0
1091	4.0
1092	3.0
1093	2.5
1094	3.0
1097	4.0
1101	2.0
1111	4.0
1120	3.0
1126	4.0
1128	4.0
1129	4.0
1130	3.0
1136	4.0
1148	3.5
1175	4.0
1194	3.0
1196	5.0
1197	4.0
1198	4.0
1200	3.0
1201	4.0
1206	4.0
1207	4.0
1208	4.0
1210	5.0
1214	4.0
1215	3.0
1217	5.0
1219	5.0
1220	3.5
1222	4.0
1225	4.0
1228	4.0
1230	4.0
1235	4.5
1240	3.0
1241	4.0
1242	4.0
1244	4.0
1246	3.5
1247	5.0
1248	4.0
1249	4.0
1255	3.5
1257	3.0
1258	4.0
1259	4.0
1261	5.0
1265	3.5
1266	3.5
1268	2.0
1270	3.0
1271	3.0
1273	4.0
1274	5.0
1275	4.0
1278	5.0
1282	4.0
1285	5.0
1288	4.0
1289	4.5
1291	3.0
1293	4.0
1297	3.0
1298	2.0
1302	3.0
1305	4.0
1307	3.0
1320	3.5
1321	4.0
1327	4.0
1330	3.0
1333	4.0
1334	4.0
1339	3.0
1342	3.0
1343	4.0
1345	4.0
1346	3.0
1347	5.0
1348	3.0
1350	4.0
1354	4.0
1356	4.0
1357	5.0
1358	4.0
1359	2.5
1361	3.0
1374	2.0
1377	2.0
1378	2.0
1379	2.0
1380	3.0
1381	2.0
1387	4.0
1389	3.0
1391	4.0
1392	3.5
1393	3.5
1394	4.0
1401	4.0
1405	2.0
1407	4.0
1408	3.0
1411	4.0
1419	4.0
1431	4.0
1441	3.5
1454	2.0
1461	3.5
1464	4.0
1468	3.0
1475	3.0
1476	4.0
1485	4.0
1500	4.0
1513	4.0
1517	5.0
1527	5.0
1544	3.0
1552	2.0
1556	2.0
1573	3.0
1580	4.0
1584	2.0
1586	2.5
1587	3.0
1588	4.0
1590	3.0
1591	2.0
1597	3.5
1603	3.0
1604	2.0
1610	3.5
1614	4.0
1617	3.5
1623	2.0
1625	4.0
1635	4.0
1639	3.0
1641	4.5
1642	3.0
1644	3.0
1645	3.0
1653	3.0
1660	3.5
1663	4.0
1665	3.0
1673	4.0
1676	4.0
1682	3.0
1690	3.0
1702	4.0
1704	3.5
1707	2.0
1713	3.0
1717	2.0
1729	3.0
1732	4.0
1734	5.0
1747	3.0
1748	3.0
1753	3.0
1760	2.5
1777	4.0
1779	3.0
1784	3.5
1797	4.0
1805	3.0
1831	3.0
1882	2.0
1883	2.0
1884	4.0
1885	4.0
1892	1.0
1895	2.0
1909	3.0
1911	4.0
1916	5.0
1920	3.0
1921	5.0
1923	4.0
1924	4.0
1954	2.0
1961	3.0
1962	3.0
1965	4.0
1967	4.0
1968	3.0
1969	4.0
1970	4.0
1971	4.0
1972	2.0
1973	3.0
1974	5.0
1975	5.0
1976	3.0
1977	2.0
1978	2.0
1979	3.0
1980	2.0
1981	2.0
1982	5.0
1983	4.0
1984	1.0
1985	3.0
1986	3.0
1991	3.0
1994	3.0
1997	4.0
2000	3.0
2001	3.0
2002	3.0
2003	5.0
2004	3.0
2005	4.0
2009	3.0
2011	3.0
2012	3.0
2013	3.5
2018	3.0
2019	4.0
2021	4.0
2022	4.0
2028	5.0
2046	3.5
2052	2.0
2053	2.0
2054	3.0
2058	4.0
2060	3.5
2066	4.0
2071	4.0
2076	4.0
2078	3.0
2080	2.0
2081	3.0
2083	3.5
2085	3.0
2087	3.0
2088	2.0
2090	2.0
2093	3.0
2094	3.0
2096	3.0
2097	4.0
2100	3.0
2105	3.0
2106	3.0
2107	3.0
2109	4.0
2114	3.0
2115	5.0
2116	4.0
2117	4.0
2122	4.0
2124	3.0
2133	3.0
2134	4.0
2137	2.0
2139	4.0
2140	5.0
2141	2.0
2142	1.0
2143	4.0
2144	3.0
2145	3.0
2150	3.5
2155	5.0
2159	4.0
2160	3.0
2161	5.0
2163	4.0
2167	3.0
2169	2.0
2170	3.0
2174	4.0
2183	4.0
2193	4.0
2194	3.0
2232	2.5
2247	3.0
2253	2.0
2268	3.5
2269	3.0
2273	3.5
2275	5.0
2279	2.0
2282	5.0
2288	4.0
2291	4.0
2294	5.0
2301	3.0
2302	3.0
2313	3.0
2315	2.0
2316	2.0
2318	4.0
2320	3.0
2321	4.0
2325	3.0
2327	3.0
2329	5.0
2330	5.0
2335	4.0
2336	5.0
2337	4.0
2338	2.0
2348	5.0
2353	3.0
2355	4.0
2361	5.0
2366	3.0
2369	2.0
2372	3.0
2378	4.0
2379	4.0
2380	3.0
2381	4.0
2382	3.0
2383	3.0
2387	3.0
2389	2.0
2395	3.0
2396	4.0
2398	3.5
2403	3.0
2406	3.0
2407	2.0
2413	4.0
2416	3.0
2420	4.0
2421	3.0
2422	3.0
2423	4.0
2424	2.5
2428	3.0
2447	3.0
2450	3.0
2451	2.0
2453	3.0
2455	2.0
2456	2.0
2459	4.0
2470	3.0
2471	3.0
2473	2.0
2478	3.0
2485	2.0
2488	4.5
2496	3.0
2500	3.0
2502	3.0
2504	3.0
2513	4.0
2517	3.0
2525	2.0
2529	4.0
2530	3.0
2531	3.0
2532	3.0
2533	3.0
2539	3.0
2541	2.0
2542	4.0
2548	1.0
2550	4.0
2571	3.0
2572	3.0
2580	3.0
2581	3.0
2587	4.0
2596	4.0
2599	4.0
2600	4.0
2606	3.0
2615	3.0
2617	3.0
2628	4.0
2634	3.0
2639	3.0
2640	4.0
2641	3.0
2644	3.0
2648	4.0
2654	4.0
2657	3.0
2662	4.0
2664	4.0
2668	4.0
2683	5.0
2686	4.0
2692	5.0
2693	4.0
2694	4.0
2699	3.0
2700	4.0
2701	3.0
2702	4.0
2706	2.0
2710	4.0
2716	3.0
2717	3.0
2718	3.5
2719	2.0
2722	3.0
2723	3.0
2724	2.0
2731	4.0
2735	3.0
2746	4.0
2759	4.0
2761	4.0
2762	4.0
2770	3.0
2772	3.0
2782	4.0
2787	2.0
2791	4.5
2792	3.0
2793	3.5
2794	4.0
2795	4.0
2797	3.0
2798	2.0
2804	4.0
2840	3.0
2858	4.0
2867	3.0
2871	3.5
2872	3.0
2881	2.5
2901	4.0
2903	4.0
2912	4.5
2915	3.0
2916	3.0
2918	4.0
2926	4.0
2942	3.0
2944	3.0
2947	3.0
2953	3.0
2968	3.0
2985	3.0
2986	2.0
2987	4.0
2995	2.5
2997	4.0
3016	4.0
3017	4.0
3018	4.0
3020	4.0
3033	5.0
3034	3.0
3039	3.0
3040	4.0
3052	3.0
3053	2.0
3063	2.0
3070	4.5
3081	5.0
3087	4.0
3089	5.0
3101	3.5
3107	3.0
3114	4.0
3146	3.5
3147	4.0
3156	3.0
3157	3.0
3168	4.0
3174	4.0
3175	5.0
3177	4.0
3181	4.0
3189	3.0
3208	3.0
3210	4.0
3243	3.0
3246	4.0
3250	3.0
3253	4.0
3254	4.0
3255	4.0
3256	3.0
3258	3.0
3261	3.0
3262	4.5
3263	4.0
3264	3.0
3266	5.0
3274	3.0
3275	4.0
3285	3.0
3286	3.0
3328	5.0
3386	4.0
3387	3.0
3388	3.0
3392	2.0
3408	3.0
3409	4.0
3418	4.0
3421	3.0
3438	3.0
3439	2.0
3444	1.0
3448	3.0
3450	4.0
3451	4.0
3476	4.0
3477	4.0
3478	3.0
3480	2.5
3481	5.0
3489	3.0
3499	3.0
3504	5.0
3527	4.0
3535	5.0
3538	3.0
3552	3.0
3564	2.0
3578	4.0
3591	3.5
3608	5.0
3616	2.0
3617	3.0
3624	3.0
3646	3.5
3660	3.0
3671	4.0
3676	5.0
3677	3.5
3686	3.0
3688	3.0
3693	3.0
3702	3.5
3709	3.0
3730	5.0
3740	4.0
3741	4.0
3742	4.5
3747	3.5
3751	3.0
3752	3.0
3760	4.0
3773	3.0
3785	4.0
3786	4.0
3788	4.0
3791	3.0
3793	4.0
3794	5.0
3821	3.0
3826	3.0
3858	4.0
3863	2.0
3868	4.0
3869	4.0
3882	3.5
3893	3.0
3897	3.0
3911	4.0
3917	4.0
3925	5.0
3943	4.0
3948	4.0
3955	4.0
3968	3.0
3973	2.0
3979	4.0
3988	3.0
3994	3.0
3996	5.0
4002	3.0
4006	3.0
4008	3.0
4011	3.5
4015	3.0
4017	3.5
4022	3.0
4029	3.0
4034	4.0
4040	1.0
4066	4.0
4068	3.0
4085	3.0
4091	3.0
4102	4.0
4104	4.0
4105	4.0
4121	3.0
4128	4.0
4132	4.0
4143	3.0
4148	2.5
4149	3.0
4158	2.0
4161	3.0
4210	3.5
4214	4.0
4215	3.0
4232	4.5
4235	4.0
4247	3.5
4248	2.0
4251	4.5
4255	1.0
4262	3.5
4270	3.0
4291	3.0
4299	3.5
4306	4.0
4321	3.0
4340	3.0
4343	2.0
4361	3.5
4378	4.5
4386	2.0
4388	3.5
4437	5.0
4446	2.0
4447	3.5
4450	3.0
4467	4.0
4477	3.0
4480	3.0
4483	4.0
4489	5.0
4492	2.0
4499	4.0
4502	2.0
4509	4.0
4533	4.0
4541	5.0
4544	2.0
4545	3.0
4558	2.0
4563	1.0
4571	3.0
4587	2.0
4623	4.0
4624	3.0
4641	3.5
4642	3.5
4643	2.0
4649	4.5
4673	2.5
4676	3.0
4678	2.0
4679	4.0
4682	3.0
4713	4.5
4718	3.5
4719	3.0
4728	3.5
4734	3.0
4744	2.5
4754	4.0
4757	3.5
4799	3.0
4816	4.0
4821	2.0
4845	3.5
4865	3.0
4867	3.0
4874	3.5
4878	3.5
4886	5.0
4890	3.0
4896	5.0
4899	3.0
4914	5.0
4974	3.5
4979	5.0
4980	2.0
4990	4.0
4993	4.0
4995	3.5
5025	3.0
5047	1.5
5103	4.0
5110	4.0
5139	4.0
5146	3.0
5171	3.0
5225	4.0
5264	2.5
5265	3.0
5283	3.0
5292	4.0
5308	3.0
5309	2.0
5323	2.0
5325	3.5
5349	4.0
5363	4.0
5378	3.5
5401	4.0
5418	4.0
5419	3.0
5449	3.0
5459	3.0
5478	4.0
5481	3.0
5489	3.5
5500	4.0
5502	3.0
5508	3.5
5522	3.0
5523	2.0
5540	3.5
5541	3.5
5572	4.0
5577	4.5
5618	4.0
5649	4.0
5666	4.5
5669	3.5
5679	3.5
5685	4.0
5784	3.5
5816	3.5
5833	4.0
5853	4.0
5878	4.0
5893	3.5
5942	3.5
5945	4.0
5952	4.5
6003	4.5
6016	4.5
6058	4.0
6062	3.5
6156	3.0
6188	4.5
6242	5.0
6270	4.0
6281	3.0
6287	3.5
6290	3.0
6296	3.0
6301	4.5
6331	4.0
6333	3.5
6365	3.0
6373	4.0
6377	4.0
6503	4.0
6539	5.0
6541	3.5
6550	4.0
6615	3.0
6645	4.0
6659	3.0
6662	4.0
6707	4.5
6711	5.0
6731	4.0
6754	3.0
6755	4.0
6763	2.5
6774	4.0
6796	4.5
6810	3.0
6820	4.0
6857	3.0
6863	4.5
6874	4.0
6880	4.0
6888	3.0
6936	4.0
6953	3.0
6957	3.5
6966	3.0
6987	4.0
7022	4.5
7036	3.5
7044	3.5
7045	4.0
7046	3.0
7090	4.5
7143	3.5
7147	4.5
7150	3.0
7153	4.5
7173	3.0
7235	4.0
7293	3.5
7317	5.0
7346	3.5
7360	4.0
7367	3.5
7373	3.0
7386	4.0
7387	4.5
7438	4.5
7451	5.0
7454	3.0
7482	3.5
7802	4.0
7842	4.0
8360	3.0
8361	3.0
8366	4.0
8368	4.0
8376	4.5
8387	2.5
8507	4.0
8528	4.0
8531	3.5
8622	4.5
8633	3.0
8636	3.5
8641	4.0
8665	4.0
8807	4.0
8810	4.0
8873	3.0
8874	4.5
8917	4.5
8957	3.0
8961	4.0
8974	3.5
8983	4.0
27317	3.5
27592	3.5
27706	2.5
27773	4.5
30793	3.0
30810	3.5
31658	4.5
31804	4.5
31878	4.0
32587	4.0
33004	4.0
33166	2.5
33493	3.5
33794	4.0
33880	4.5
34150	3.0
34162	3.5
34271	3.5
34332	3.0
34338	3.0
34405	4.5
35836	4.0
36708	4.0
37729	3.5
37857	3.0
38038	4.0
38886	3.5
39183	3.0
39292	4.0
40278	3.5
40583	4.0
40815	4.0
41566	4.0
41569	3.5
41997	3.5
42723	3.5
42725	3.5
42738	3.0
43679	3.5
44195	3.5
44665	4.0
44761	4.0
44828	4.0
45447	3.0
45499	3.0
45666	4.0
45722	3.5
45730	4.0
45732	3.0
46530	3.0
46578	3.0
46948	3.5
46970	4.5
46972	4.0
46976	4.0
47610	4.0
47640	3.5
48082	3.5
48385	4.5
48394	4.0
48516	4.0
48774	4.0
48780	3.5
49272	4.0
49822	3.0
50872	4.0
51255	4.0
51662	3.0
51709	4.5
52245	3.5
52722	2.5
52973	3.5
53125	3.5
53464	3.5
53996	2.5
54001	4.0
54259	5.0
54286	3.5
54503	4.0
54881	3.5
54997	4.0
54999	4.5
55247	3.5
55269	4.0
55820	4.0
55995	3.0
56171	3.0
56174	3.0
56757	3.5
56782	4.5
57368	3.0
57669	3.5
58559	3.5
59022	2.5
59315	4.0
59369	3.5
59615	3.0
59784	3.5
60069	3.5
60074	3.0
60684	3.5
61132	4.5
62376	5.0
63082	3.5
63113	3.0
64614	4.0
64839	4.5
64957	4.0
65216	3.5
67408	3.0
68157	4.0
68319	3.0
68358	4.0
68554	3.5
68793	4.0
68954	4.5
69122	4.5
69784	3.5
69844	4.0
70286	3.5
71535	3.5
71745	3.5
72407	3.0
72998	4.0
