1	4.0
2	4.0
3	4.0
5	4.0
6	4.0
7	3.0
10	4.0
11	3.0
14	4.0
15	3.0
16	4.0
17	4.0
19	3.0
20	4.0
21	4.0
22	4.0
23	4.0
25	3.0
31	3.0
32	4.0
34	3.0
36	4.0
39	3.0
44	3.0
45	4.0
47	4.0
48	3.0
50	4.0
62	4.0
69	4.0
87	4.0
95	4.0
104	3.0
110	4.0
111	3.0
112	3.0
125	4.0
135	3.0
140	4.0
141	4.0
145	4.0
150	4.0
153	3.0
158	4.0
160	4.0
161	4.0
163	4.0
165	4.0
168	4.0
170	4.0
172	3.0
173	3.0
175	4.0
185	4.0
186	4.0
195	4.0
196	4.0
198	4.0
204	3.0
208	1.0
215	4.0
223	3.0
224	4.0
231	1.0
235	3.0
236	4.0
252	4.0
253	4.0
256	3.0
260	4.0
261	4.0
262	4.0
267	4.0
277	1.0
282	4.0
289	4.0
292	4.0
293	4.0
296	4.0
300	4.0
303	4.0
305	4.0
315	3.0
316	4.0
317	3.0
318	4.0
327	3.0
329	3.0
333	3.0
339	4.0
344	4.0
349	4.0
350	4.0
353	4.0
355	3.0
356	4.0
357	4.0
360	4.0
361	4.0
364	4.0
367	4.0
368	4.0
370	4.0
374	3.0
376	4.0
377	4.0
378	4.0
379	3.0
380	4.0
383	4.0
410	4.0
413	4.0
415	3.0
420	3.0
428	4.0
432	4.0
434	4.0
435	4.0
440	4.0
441	3.0
442	1.0
453	4.0
454	4.0
457	4.0
466	4.0
468	4.0
474	4.0
480	4.0
482	3.0
485	3.0
494	4.0
497	3.0
500	4.0
502	1.0
508	4.0
509	4.0
517	4.0
518	4.0
519	3.0
520	4.0
527	4.0
529	4.0
532	4.0
539	4.0
541	4.0
543	4.0
544	4.0
546	4.0
551	4.0
552	4.0
553	3.0
585	4.0
586	4.0
587	3.0
588	4.0
589	4.0
590	4.0
592	4.0
593	4.0
594	4.0
595	4.0
596	4.0
597	4.0
599	4.0
605	4.0
608	4.0
616	3.0
628	4.0
637	4.0
647	4.0
648	4.0
653	3.0
673	3.0
688	3.0
708	4.0
719	4.0
733	4.0
736	4.0
741	4.0
743	4.0
748	4.0
750	4.0
761	4.0
765	4.0
780	4.0
783	4.0
784	4.0
785	4.0
786	4.0
788	3.0
798	4.0
802	4.0
805	4.0
830	4.0
832	3.0
836	4.0
837	3.0
838	4.0
849	4.0
852	3.0
858	4.0
886	3.0
898	4.0
899	4.0
900	4.0
901	4.0
902	4.0
903	4.0
904	4.0
905	4.0
908	4.0
909	4.0
910	4.0
911	4.0
912	4.0
913	4.0
914	4.0
915	4.0
916	4.0
919	4.0
920	4.0
922	4.0
923	1.0
924	1.0
930	4.0
932	4.0
933	4.0
934	4.0
947	4.0
951	4.0
952	3.0
953	4.0
954	4.0
955	4.0
969	4.0
1010	4.0
1013	4.0
1014	4.0
1015	4.0
1016	4.0
1017	3.0
1019	4.0
1020	3.0
1022	4.0
1024	4.0
1025	4.0
1027	4.0
1028	3.0
1029	4.0
1032	1.0
1035	4.0
1036	4.0
1042	4.0
1047	4.0
1059	3.0
1061	4.0
1073	1.0
1079	3.0
1080	4.0
1083	4.0
1084	1.0
1086	3.0
1088	4.0
1089	3.0
1090	4.0
1091	3.0
1092	4.0
1094	4.0
1095	1.0
1097	4.0
1100	4.0
1101	4.0
1113	4.0
1124	4.0
1126	4.0
1127	4.0
1129	4.0
1135	1.0
1136	1.0
1183	4.0
1193	4.0
1194	4.0
1196	4.0
1197	3.0
1198	4.0
1199	3.0
1200	4.0
1203	4.0
1204	4.0
1206	1.0
1207	4.0
1208	3.0
1210	4.0
1212	4.0
1213	4.0
1214	4.0
1219	4.0
1220	3.0
1221	4.0
1222	4.0
1225	4.0
1226	4.0
1228	3.0
1230	3.0
1231	4.0
1233	4.0
1234	4.0
1235	4.0
1240	4.0
1242	4.0
1246	4.0
1247	4.0
1249	4.0
1250	4.0
1252	4.0
1254	4.0
1257	4.0
1258	5.0
1259	4.0
1262	4.0
1263	3.0
1265	4.0
1267	4.0
1269	3.0
1270	4.0
1271	4.0
1272	4.0
1274	4.0
1275	4.0
1276	4.0
1278	4.0
1282	3.0
1284	4.0
1287	4.0
1288	4.0
1291	4.0
1293	4.0
1296	4.0
1297	4.0
1302	4.0
1304	4.0
1307	4.0
1320	4.0
1321	4.0
1343	1.0
1350	4.0
1356	4.0
1367	3.0
1370	4.0
1371	4.0
1372	4.0
1373	4.0
1374	4.0
1375	4.0
1376	4.0
1377	3.0
1378	4.0
1380	4.0
1385	3.0
1387	4.0
1388	4.0
1391	1.0
1393	4.0
1394	4.0
1395	4.0
1396	4.0
1407	4.0
1408	4.0
1422	4.0
1432	4.0
1438	4.0
1449	4.0
1457	4.0
1459	4.0
1476	4.0
1479	4.0
1485	1.0
1500	4.0
1515	4.0
1517	4.0
1527	3.0
1541	3.0
1544	4.0
1552	3.0
1556	3.0
1562	3.0
1566	4.0
1569	4.0
1573	4.0
1580	4.0
1584	4.0
1586	4.0
1587	4.0
1588	3.0
1589	4.0
1590	4.0
1591	4.0
1593	3.0
1597	3.0
1603	4.0
1608	4.0
1610	4.0
1616	4.0
1617	4.0
1619	3.0
1620	4.0
1625	4.0
1639	3.0
1641	4.0
1645	4.0
1648	1.0
1653	4.0
1663	4.0
1672	4.0
1673	4.0
1674	4.0
1676	4.0
1678	4.0
1681	3.0
1682	4.0
1687	3.0
1690	4.0
1702	1.0
1704	4.0
1707	1.0
1713	4.0
1721	4.0
1722	4.0
1729	4.0
1732	4.0
1747	4.0
1748	4.0
1752	4.0
1754	4.0
1777	4.0
1779	4.0
1784	4.0
1792	4.0
1801	4.0
1805	3.0
1831	3.0
1833	4.0
1835	4.0
1876	4.0
1882	4.0
1883	3.0
1888	4.0
1894	3.0
1907	3.0
1909	4.0
1911	4.0
1917	4.0
1918	3.0
1923	4.0
1947	4.0
1950	4.0
1953	3.0
1954	4.0
1955	4.0
1957	3.0
1961	3.0
1962	4.0
1967	4.0
1968	4.0
2000	4.0
2001	4.0
2002	4.0
2003	4.0
2004	3.0
2005	4.0
2006	4.0
2011	4.0
2012	4.0
2013	4.0
2018	4.0
2019	4.0
2021	3.0
2027	3.0
2028	4.0
2046	4.0
2053	3.0
2054	4.0
2058	4.0
2059	4.0
2078	4.0
2080	4.0
2081	4.0
2082	4.0
2083	4.0
2085	4.0
2087	4.0
2088	4.0
2090	4.0
2094	4.0
2096	4.0
2100	3.0
2105	3.0
2109	4.0
2114	4.0
2115	4.0
2124	4.0
2125	4.0
2126	4.0
2133	4.0
2134	1.0
2139	4.0
2140	4.0
2141	3.0
2144	4.0
2145	3.0
2150	4.0
2153	4.0
2161	4.0
2167	3.0
2174	4.0
2193	1.0
2194	4.0
2205	4.0
2232	1.0
2243	4.0
2245	4.0
2248	4.0
2262	4.0
2268	4.0
2273	4.0
2278	4.0
2289	4.0
2291	4.0
2294	4.0
2296	1.0
2300	4.0
2301	4.0
2302	4.0
2311	3.0
2321	4.0
2325	3.0
2329	4.0
2335	3.0
2340	4.0
2353	4.0
2355	4.0
2359	4.0
2371	4.0
2372	4.0
2375	4.0
2376	3.0
2378	3.0
2379	3.0
2380	3.0
2381	3.0
2382	3.0
2383	3.0
2384	3.0
2390	4.0
2392	4.0
2393	4.0
2395	4.0
2396	4.0
2398	4.0
2402	1.0
2403	4.0
2404	3.0
2405	4.0
2406	4.0
2407	4.0
2409	4.0
2410	4.0
2411	4.0
2412	3.0
2420	4.0
2421	4.0
2422	4.0
2423	4.0
2424	4.0
2427	3.0
2428	4.0
2431	3.0
2433	4.0
2447	4.0
2468	4.0
2470	3.0
2471	4.0
2478	4.0
2485	3.0
2490	3.0
2496	4.0
2497	4.0
2501	4.0
2502	4.0
2505	3.0
2520	4.0
2524	4.0
2528	3.0
2529	4.0
2535	3.0
2539	4.0
2542	4.0
2549	3.0
2558	4.0
2565	4.0
2567	4.0
2568	3.0
2571	4.0
2572	4.0
2581	4.0
2598	3.0
2599	4.0
2600	4.0
2605	4.0
2616	3.0
2617	4.0
2622	4.0
2628	4.0
2640	4.0
2641	3.0
2642	3.0
2643	3.0
2657	4.0
2662	3.0
2671	4.0
2672	4.0
2676	4.0
2683	4.0
2687	3.0
2688	4.0
2690	4.0
2694	3.0
2699	4.0
2700	4.0
2701	3.0
2706	4.0
2707	4.0
2709	4.0
2716	4.0
2717	4.0
2718	4.0
2720	4.0
2722	4.0
2723	4.0
2724	4.0
2739	4.0
2746	4.0
2761	4.0
2762	4.0
2763	3.0
2764	4.0
2770	4.0
2772	4.0
2791	4.0
2792	4.0
2794	4.0
2795	4.0
2797	3.0
2803	4.0
2804	4.0
2805	3.0
2815	3.0
2816	1.0
2826	1.0
2829	4.0
2836	4.0
2840	4.0
2857	3.0
2858	4.0
2860	4.0
2861	4.0
2863	4.0
2870	4.0
2871	4.0
2872	4.0
2881	4.0
2883	4.0
2889	4.0
2890	4.0
2891	3.0
2906	4.0
2915	4.0
2916	3.0
2917	4.0
2918	4.0
2942	4.0
2944	4.0
2947	4.0
2948	4.0
2949	4.0
2951	3.0
2953	4.0
2959	4.0
2968	4.0
2978	3.0
2985	4.0
2986	4.0
2987	3.0
2989	4.0
2990	3.0
2991	3.0
2993	4.0
2997	4.0
3004	4.0
3005	3.0
3006	4.0
3028	3.0
3033	1.0
3034	4.0
3039	4.0
3052	4.0
3060	4.0
3062	4.0
3072	4.0
3082	4.0
3087	4.0
3097	4.0
3098	4.0
3101	4.0
3105	4.0
3107	4.0
3108	4.0
3113	4.0
3114	4.0
3146	4.0
3147	4.0
3148	4.0
3155	4.0
3156	4.0
3157	3.0
3160	4.0
3168	4.0
3173	4.0
3174	3.0
3175	1.0
3186	4.0
3194	4.0
3197	4.0
3200	4.0
3208	4.0
3244	4.0
3246	4.0
3247	4.0
3248	3.0
3252	4.0
3253	1.0
3255	4.0
3256	4.0
3257	4.0
3258	4.0
3263	4.0
3270	4.0
3275	4.0
3285	4.0
3298	3.0
3300	4.0
3301	4.0
3316	4.0
3317	3.0
3328	1.0
3354	4.0
3355	4.0
3358	4.0
3359	4.0
3360	4.0
3361	4.0
3362	4.0
3363	4.0
3386	4.0
3396	4.0
3397	4.0
3398	3.0
3408	4.0
3421	3.0
3435	4.0
3438	4.0
3439	3.0
3440	4.0
3444	3.0
3448	4.0
3450	4.0
3451	4.0
3452	3.0
3471	4.0
3481	3.0
3489	4.0
3504	4.0
3507	4.0
3510	4.0
3513	4.0
3515	3.0
3524	4.0
3527	4.0
3534	4.0
3535	4.0
3536	4.0
3543	4.0
3545	4.0
3549	4.0
3551	4.0
3552	3.0
3555	3.0
3565	4.0
3576	4.0
3578	4.0
3593	1.0
3594	4.0
3615	4.0
3616	4.0
3617	4.0
3623	4.0
3624	3.0
3633	3.0
3635	3.0
3638	4.0
3639	3.0
3646	4.0
3671	4.0
3675	4.0
3682	4.0
3686	4.0
3697	4.0
3698	4.0
3699	4.0
3701	4.0
3702	3.0
3703	4.0
3704	4.0
3705	4.0
3710	3.0
3717	4.0
3729	4.0
3730	1.0
3735	4.0
3740	4.0
3744	3.0
3745	4.0
3751	4.0
3752	3.0
3753	3.0
3755	4.0
3784	3.0
3785	4.0
3791	4.0
3793	4.0
3798	3.0
3809	3.0
3825	4.0
3827	4.0
3836	4.0
3841	4.0
3844	4.0
3861	4.0
3863	4.0
3868	4.0
3869	4.0
3879	4.0
3882	4.0
3893	4.0
3897	4.0
3909	3.0
3911	4.0
3916	4.0
3927	4.0
3946	4.0
3947	3.0
3948	4.0
3949	4.0
3950	4.0
3955	4.0
3959	4.0
3967	3.0
3968	4.0
3969	4.0
3977	4.0
3978	4.0
3979	3.0
3981	4.0
3984	3.0
3986	4.0
3988	3.0
3993	4.0
3994	4.0
3996	4.0
3998	4.0
3999	3.0
4002	4.0
4005	3.0
4006	4.0
4007	4.0
4008	4.0
4011	4.0
4014	4.0
4015	1.0
4016	3.0
4017	1.0
4018	4.0
4019	4.0
4020	3.0
4022	3.0
4023	4.0
4025	3.0
4027	3.0
4029	3.0
4033	4.0
4034	4.0
4041	3.0
4052	4.0
4054	4.0
4062	4.0
4069	4.0
4084	4.0
4085	4.0
4091	4.0
4102	4.0
4103	4.0
4121	4.0
4128	4.0
4148	4.0
4159	4.0
4161	4.0
4207	4.0
4223	4.0
4224	4.0
4226	4.0
4228	4.0
4231	3.0
4232	1.0
4238	4.0
4239	1.0
4246	4.0
4247	3.0
4248	3.0
4262	4.0
4265	4.0
4270	3.0
4299	4.0
4305	4.0
4306	4.0
4308	4.0
4310	4.0
4317	4.0
4321	4.0
4327	4.0
4343	4.0
4344	4.0
4351	4.0
4356	4.0
4357	4.0
4361	4.0
4366	4.0
4367	4.0
4368	3.0
4369	4.0
4370	4.0
4372	3.5
4388	1.0
4396	1.0
4446	4.0
4447	3.0
4448	4.0
4467	4.0
4487	4.0
4489	3.0
4498	4.0
4558	3.0
4564	4.0
4571	3.0
4572	4.0
4621	4.0
4623	4.0
4638	4.0
4639	4.0
4643	3.0
4662	4.0
4681	4.0
4700	3.0
4701	3.0
4718	4.0
4720	3.0
4728	4.0
4735	1.0
4756	3.0
4757	3.0
4776	4.0
4802	4.0
4815	4.0
4816	4.0
4823	4.0
4844	3.0
4848	4.0
4855	4.0
4857	3.0
4878	3.0
4881	4.0
4886	4.0
4890	4.0
4896	4.0
4899	1.0
4901	4.0
4936	4.0
4941	4.0
4954	4.0
4958	4.0
4963	4.0
4973	4.0
4974	3.0
4975	3.0
4979	3.0
4980	3.0
4992	3.0
4993	4.0
4994	4.0
4995	4.0
5010	4.0
5014	4.0
5015	3.0
5025	4.0
5040	4.0
5047	1.0
5049	4.0
5060	3.0
5066	4.0
5092	1.0
5093	4.0
5103	4.0
5107	3.0
5108	4.0
5110	4.0
5127	3.0
5128	1.0
5139	4.0
5151	4.0
5152	4.0
5159	3.0
5171	3.0
5218	4.0
5219	4.0
5220	4.0
5254	4.0
5264	3.0
5266	4.0
5267	4.0
5283	3.0
5293	4.0
5296	4.0
5299	4.0
5308	4.0
5309	3.0
5312	3.0
5313	1.0
5316	4.0
5349	4.0
5363	4.0
5364	4.0
5377	4.0
5378	4.0
5379	4.0
5400	4.0
5401	3.0
5414	3.0
5418	4.0
5419	3.0
5420	4.0
5444	4.0
5445	4.0
5449	3.0
5452	4.0
5459	4.0
5463	3.0
5464	4.0
5479	4.0
5480	3.0
5481	4.0
5502	4.0
5505	1.0
5507	1.0
5524	3.0
5530	4.0
5541	3.0
5553	4.0
5572	4.0
5574	1.0
5577	3.0
5602	4.0
5603	4.0
5617	4.0
5618	4.0
5620	3.0
5621	1.0
5673	3.0
5685	3.0
5784	4.0
5796	4.0
5804	4.0
5810	4.0
5816	4.0
5872	4.0
5882	4.0
5899	4.0
5900	4.0
5902	4.0
5903	4.0
5942	4.0
5943	4.0
5944	4.0
5945	3.0
5952	4.0
5954	4.0
5955	4.0
5957	4.0
5959	4.0
5970	4.0
5989	4.0
5991	4.0
6006	4.0
6059	4.0
6155	4.0
6156	3.0
6157	4.0
6166	4.0
6183	4.0
6188	4.0
6212	3.0
6213	4.0
6218	4.0
6238	4.0
6263	4.0
6264	4.0
6266	3.0
6281	4.0
6287	4.0
6294	3.0
6303	4.0
6331	3.0
6333	4.0
6365	4.0
6367	4.0
6373	3.0
6377	4.0
6378	4.0
6383	3.0
6502	4.0
6503	3.0
6534	4.0
6537	3.0
6539	4.0
6541	4.0
6548	4.0
6550	3.0
6564	3.0
6565	4.0
6586	3.0
6593	4.0
6595	4.0
6620	4.0
6624	3.0
6662	3.0
6664	3.0
6708	4.0
6709	3.0
6711	4.0
6753	4.0
6754	4.0
6764	4.0
6765	3.0
6787	4.0
6807	3.0
6863	4.0
6867	4.0
6870	4.0
6873	3.0
6874	4.0
6879	4.0
6881	4.0
6893	4.0
6932	4.0
6934	4.0
6936	3.0
6942	4.0
6944	4.0
6947	4.0
6953	4.0
6957	4.0
6966	4.0
6979	4.0
6996	3.0
7004	3.0
7007	4.0
7073	4.0
7101	4.0
7121	4.0
7143	4.0
7147	4.0
7149	4.0
7150	4.0
7153	4.0
7154	4.0
7161	4.0
7162	4.0
7163	4.0
7164	3.0
7173	4.0
7215	4.0
7254	4.0
7285	4.0
7293	4.0
7324	3.0
7325	4.0
7346	4.0
7361	4.0
7366	4.0
7367	3.0
7369	1.0
7373	4.0
7376	4.0
7380	4.0
7381	3.0
7438	4.0
7444	3.0
7445	4.0
7451	4.0
7454	1.0
7458	3.0
7569	4.0
7570	4.0
7573	4.0
7980	4.0
8169	4.0
8360	4.0
8361	4.0
8366	4.0
8368	4.0
8376	4.0
8493	4.0
8528	4.0
8529	4.0
8533	4.0
8633	3.0
8636	4.0
8638	4.0
8640	4.0
8641	4.0
8643	1.0
8644	4.0
8665	4.0
8666	3.0
8781	4.0
8784	4.0
8798	4.0
8807	4.0
8808	3.0
8810	4.0
8861	4.0
8865	4.0
8866	4.0
8874	4.0
8907	4.0
8908	3.0
8910	4.0
8916	4.0
8917	4.0
8937	4.0
8949	4.0
8961	4.0
8965	3.0
8968	4.0
8969	3.0
8970	4.0
8972	4.0
8981	4.0
8984	4.0
8985	4.0
26152	4.0
26614	4.0
27706	4.0
27808	4.0
27821	4.0
27837	4.0
27904	1.0
30707	4.0
30793	4.0
30810	4.0
30812	1.0
30816	4.0
30822	4.0
30825	4.0
30898	4.0
31221	3.0
31685	4.0
31696	4.0
31804	4.0
32017	1.0
32031	4.0
32587	4.0
32596	3.0
32598	3.0
33004	4.0
33162	4.0
33166	4.0
33493	4.0
33499	1.0
33615	4.0
33646	3.0
33660	4.0
33679	3.0
33794	4.0
33836	3.0
34048	4.0
34072	3.0
34150	4.0
34162	4.0
34319	4.0
34332	3.0
34334	4.0
34336	4.0
34405	4.0
34520	1.0
35836	4.0
36517	4.0
36525	4.0
36529	4.0
36708	4.0
37386	4.0
37727	4.0
37729	4.0
37733	4.0
37741	1.0
37830	3.0
38038	3.0
39183	3.0
39231	4.0
39414	3.0
39444	4.0
40278	4.0
40339	4.0
40581	4.0
40815	4.0
40819	1.0
41285	3.0
41566	4.0
41569	4.0
41571	4.0
41573	4.0
41716	4.0
41997	4.0
42007	3.0
42734	4.0
42738	4.0
43396	4.0
43560	3.0
43836	1.0
43871	3.0
43919	3.0
43928	4.0
43936	4.0
44004	3.0
44022	4.0
44191	4.0
44193	3.0
44195	4.0
44199	4.0
44665	4.0
44972	4.0
45028	4.0
45186	4.0
45431	4.0
45442	3.0
45447	4.0
45499	4.0
45501	3.0
45517	4.0
45666	4.0
45668	4.0
45672	3.0
45720	4.0
45722	4.0
45726	3.0
45728	4.0
45732	1.0
45880	3.0
45950	3.0
46335	3.0
46530	3.0
46578	4.0
46723	3.0
46850	4.0
46948	4.0
46967	4.0
46970	1.0
46972	4.0
46976	4.0
47044	3.0
47099	4.0
47200	4.0
47423	4.0
47518	4.0
47610	4.0
47629	3.0
47640	4.0
47997	4.0
48043	4.0
48142	4.0
48304	4.0
48394	3.0
48516	4.0
48738	4.0
48774	4.0
48780	4.0
48783	3.0
48982	3.0
49272	4.0
49274	4.0
49278	4.0
49286	4.0
49396	1.0
49530	4.0
49649	3.0
49824	4.0
49961	3.0
50442	4.0
50794	4.0
50872	4.0
51077	4.0
51084	4.0
51255	4.0
51540	4.0
51935	4.0
52245	4.0
52328	3.0
52722	4.0
52973	4.0
52975	3.0
53000	3.0
53121	4.0
53125	4.0
53129	4.0
53318	4.0
53322	4.0
53464	4.0
53550	3.0
53972	4.0
53993	3.0
53996	4.0
54001	4.0
54004	4.0
54259	4.0
54272	4.0
54286	4.0
54503	4.0
54736	4.0
54997	4.0
55267	4.0
55269	3.0
55280	4.0
55765	4.0
55830	4.0
55995	3.0
56152	3.0
56171	4.0
56174	4.0
56367	4.0
56587	4.0
56775	4.0
56941	4.0
56949	4.0
57640	4.0
57669	4.0
58025	4.0
58162	4.0
58293	4.0
58559	4.0
58998	3.0
59315	4.0
59615	4.0
59784	4.0
60040	4.0
60069	4.0
60072	4.0
60074	4.0
60126	4.0
60760	3.0
61132	4.0
63113	4.0
68358	4.0
68554	4.0
68954	4.0
69526	4.0
70286	4.0
72998	4.0
73017	4.0
77561	4.0
79132	4.0
