4	2.0
6	3.0
7	2.0
11	3.0
16	3.0
17	4.0
22	1.0
24	1.0
25	3.0
31	2.0
32	3.0
34	5.0
35	2.0
45	4.0
46	3.0
47	4.0
50	3.0
52	4.0
55	2.0
57	1.0
58	4.0
62	2.0
63	3.0
64	2.0
71	1.0
86	2.0
94	2.0
95	4.0
100	2.0
101	3.0
110	2.0
111	4.0
118	1.0
122	4.0
123	3.0
125	5.0
140	1.0
141	2.0
144	3.0
147	2.0
150	3.0
151	2.0
155	4.0
162	4.0
176	2.0
180	2.0
182	2.0
185	4.0
187	2.0
190	5.0
193	4.0
194	5.0
195	2.0
196	4.0
198	5.0
205	3.0
215	5.0
217	1.0
218	3.0
222	3.0
223	4.0
225	3.0
229	3.0
230	3.0
233	4.0
235	4.0
236	4.0
237	4.0
246	4.0
252	4.0
259	2.0
261	4.0
265	3.0
278	5.0
288	5.0
289	3.0
296	5.0
299	2.0
302	1.0
305	1.0
306	4.0
307	5.0
308	2.0
318	3.0
319	3.0
321	3.0
337	3.0
339	3.0
345	3.0
347	4.0
348	4.0
352	3.0
353	3.0
356	4.0
357	4.0
364	3.0
366	5.0
369	4.0
371	2.0
372	4.0
373	4.0
377	4.0
380	2.0
381	2.0
407	1.0
412	4.0
417	3.0
425	2.0
426	3.0
431	3.0
436	4.0
440	3.0
441	4.0
446	3.0
448	4.0
449	4.0
450	2.0
451	2.0
457	5.0
467	2.0
468	2.0
471	3.0
472	3.0
474	4.0
481	5.0
489	1.0
490	3.0
492	4.0
493	3.0
497	3.0
501	2.0
508	2.0
509	4.0
514	4.0
518	1.0
521	1.0
523	4.0
529	3.0
532	2.0
534	2.0
535	5.0
537	3.0
538	4.0
539	2.0
540	2.0
541	4.0
549	4.0
550	4.0
555	4.0
562	4.0
565	3.0
581	5.0
585	3.0
587	3.0
589	4.0
593	5.0
597	4.0
608	4.0
612	1.0
627	3.0
628	4.0
640	3.0
647	3.0
648	2.0
662	2.0
697	2.0
708	4.0
709	3.0
724	1.0
728	1.0
733	3.0
736	1.0
762	1.0
778	4.0
780	1.0
781	1.0
784	3.0
785	2.0
800	3.0
804	1.0
818	4.0
835	4.0
838	4.0
848	2.0
851	3.0
866	3.0
879	4.0
903	4.0
904	5.0
908	3.0
912	5.0
913	3.0
922	5.0
926	5.0
928	4.0
930	4.0
942	3.0
951	5.0
955	5.0
968	5.0
994	3.0
998	2.0
999	4.0
1003	2.0
1034	4.0
1042	3.0
1046	2.0
1050	4.0
1051	2.0
1057	2.0
1059	3.0
1061	2.0
1086	2.0
1088	4.0
1089	4.0
1090	4.0
1091	1.0
1092	3.0
1093	3.0
1094	4.0
1095	3.0
1096	4.0
1097	3.0
1100	3.0
1101	3.0
1120	3.0
1124	4.0
1126	1.0
1127	3.0
1171	3.0
1172	5.0
1176	4.0
1179	3.0
1183	5.0
1186	5.0
1187	4.0
1190	4.0
1191	5.0
1196	5.0
1197	3.0
1200	4.0
1210	3.0
1211	2.0
1212	4.0
1213	5.0
1214	4.0
1219	4.0
1222	3.0
1228	5.0
1230	5.0
1236	3.0
1240	4.0
1242	4.0
1244	5.0
1245	3.0
1252	3.0
1257	3.0
1258	4.0
1259	3.0
1260	3.0
1265	3.0
1268	3.0
1269	3.0
1270	3.0
1271	2.0
1277	2.0
1280	4.0
1285	4.0
1288	5.0
1289	4.0
1295	3.0
1296	4.0
1298	4.0
1302	4.0
1307	5.0
1320	3.0
1342	3.0
1343	4.0
1344	2.0
1347	4.0
1353	2.0
1354	4.0
1355	1.0
1358	3.0
1392	4.0
1393	4.0
1394	4.0
1407	5.0
1410	1.0
1414	4.0
1416	2.0
1417	3.0
1449	5.0
1454	1.0
1459	2.0
1466	4.0
1479	1.0
1480	3.0
1483	2.0
1484	2.0
1498	1.0
1499	2.0
1500	3.0
1513	3.0
1518	4.0
1537	3.0
1541	3.0
1552	4.0
1554	4.0
1573	4.0
1580	2.0
1586	3.0
1589	3.0
1590	3.0
1593	3.0
1594	4.0
1597	1.0
1598	1.0
1600	2.0
1603	3.0
1605	1.0
1615	4.0
1617	4.0
1620	2.0
1621	2.0
1625	4.0
1629	2.0
1633	3.0
1635	4.0
1639	3.0
1641	5.0
1642	3.0
1643	2.0
1644	1.0
1645	3.0
1647	1.0
1648	4.0
1649	4.0
1653	3.0
1655	1.0
1658	1.0
1660	4.0
1663	3.0
1672	2.0
1673	5.0
1674	4.0
1680	3.0
1682	4.0
1683	3.0
1690	1.0
1694	3.0
1701	4.0
1704	3.0
1711	2.0
1717	4.0
1719	5.0
1721	4.0
1727	2.0
1729	3.0
1732	1.0
1747	4.0
1748	4.0
1777	2.0
1779	1.0
1783	2.0
1784	2.0
1794	4.0
1805	5.0
1810	2.0
1816	4.0
1821	2.0
1827	4.0
1834	4.0
1835	2.0
1836	5.0
1845	5.0
1855	1.0
1875	4.0
1888	2.0
1892	2.0
1894	1.0
1904	2.0
1909	4.0
1912	4.0
1914	3.0
1916	2.0
1917	2.0
1918	1.0
1921	3.0
1923	4.0
1956	3.0
1958	4.0
1959	4.0
1962	3.0
1966	3.0
1968	4.0
1969	3.0
1970	4.0
1971	3.0
1972	3.0
1973	3.0
1983	3.0
1994	3.0
1997	3.0
2000	3.0
2003	3.0
2005	3.0
2011	2.0
2024	5.0
2026	3.0
2028	4.0
2058	3.0
2066	5.0
2069	4.0
2072	1.0
2076	4.0
2081	4.0
2100	3.0
2107	2.0
2109	5.0
2110	3.0
2111	3.0
2112	5.0
2114	4.0
2118	2.0
2126	3.0
2130	3.0
2132	3.0
2134	1.0
2144	4.0
2145	4.0
2150	2.0
2154	2.0
2155	5.0
2165	4.0
2166	3.0
2167	3.0
2171	4.0
2176	4.0
2178	4.0
2181	3.0
2182	2.0
2186	5.0
2188	1.0
2203	4.0
2231	3.0
2236	4.0
2240	3.0
2241	3.0
2245	4.0
2248	5.0
2252	2.0
2262	4.0
2268	2.0
2272	3.0
2278	2.0
2279	2.0
2280	2.0
2282	1.0
2288	3.0
2289	5.0
2290	3.0
2291	2.0
2294	3.0
2302	2.0
2312	4.0
2316	1.0
2318	4.0
2321	4.0
2333	5.0
2336	3.0
2337	3.0
2338	1.0
2346	3.0
2348	3.0
2349	3.0
2352	5.0
2359	3.0
2369	3.0
2371	3.0
2384	3.0
2385	1.0
2389	1.0
2390	3.0
2391	5.0
2395	4.0
2396	4.0
2406	4.0
2407	2.0
2416	3.0
2420	3.0
2423	4.0
2424	2.0
2432	2.0
2435	4.0
2439	2.0
2442	2.0
2443	1.0
2445	2.0
2447	3.0
2455	4.0
2463	3.0
2469	4.0
2470	2.0
2474	3.0
2478	2.0
2485	1.0
2488	5.0
2491	2.0
2492	3.0
2496	2.0
2497	3.0
2500	2.0
2502	4.0
2504	1.0
2505	1.0
2506	1.0
2518	4.0
2541	3.0
2542	3.0
2546	2.0
2551	4.0
2553	4.0
2558	3.0
2563	3.0
2567	3.0
2570	3.0
2571	3.0
2572	3.0
2575	3.0
2580	5.0
2581	1.0
2587	2.0
2596	2.0
2598	2.0
2599	5.0
2600	4.0
2617	4.0
2641	4.0
2642	1.0
2671	4.0
2682	5.0
2683	3.0
2686	4.0
2690	2.0
2692	3.0
2693	4.0
2700	4.0
2706	4.0
2707	4.0
2710	4.0
2712	3.0
2713	1.0
2716	3.0
2718	4.0
2719	1.0
2721	4.0
2722	2.0
2724	2.0
2725	3.0
2736	2.0
2739	4.0
2746	4.0
2750	4.0
2752	3.0
2759	3.0
2762	4.0
2763	4.0
2764	3.0
2770	3.0
2771	2.0
2791	3.0
2794	1.0
2795	3.0
2796	2.0
2797	4.0
2802	2.0
2805	1.0
2827	1.0
2836	2.0
2841	3.0
2858	5.0
2871	3.0
2875	1.0
2881	2.0
2883	2.0
2888	2.0
2890	5.0
2891	1.0
2906	2.0
2908	4.0
2912	3.0
2916	2.0
2917	3.0
2918	3.0
2926	4.0
2929	2.0
2940	5.0
2943	2.0
2952	3.0
2956	3.0
2959	3.0
2966	3.0
2967	4.0
2973	5.0
2976	2.0
2978	2.0
2985	4.0
2987	3.0
2997	4.0
3005	2.0
3007	4.0
3008	2.0
3016	3.0
3018	4.0
3019	4.0
3020	3.0
3039	3.0
3045	1.0
3051	2.0
3052	4.0
3060	3.0
3063	4.0
3067	4.0
3071	3.0
3072	5.0
3078	2.0
3079	3.0
3081	4.0
3083	4.0
3101	4.0
3102	3.0
3107	2.0
3108	2.0
3111	2.0
3125	4.0
3129	4.0
3145	3.0
3148	2.0
3160	3.0
3173	3.0
3174	3.0
3175	3.0
3176	4.0
3185	1.0
3186	2.0
3210	4.0
3238	1.0
3249	3.0
3252	3.0
3254	4.0
3257	2.0
3260	2.0
3263	4.0
3267	3.0
3272	3.0
3273	3.0
3274	3.0
3285	3.0
3298	3.0
3300	3.0
3301	2.0
3308	3.0
3317	3.0
3342	4.0
3354	1.0
3355	1.0
3358	4.0
3360	3.0
3361	5.0
3386	3.0
3394	1.0
3397	2.0
3398	3.0
3408	5.0
3418	4.0
3422	4.0
3435	4.0
3441	3.0
3448	3.0
3480	4.0
3481	4.0
3484	1.0
3499	3.0
3501	4.0
3505	3.0
3510	4.0
3512	2.0
3515	4.0
3528	2.0
3535	3.0
3543	4.0
3546	3.0
3550	2.0
3556	4.0
3557	2.0
3578	3.0
3591	2.0
3594	3.0
3608	3.0
3614	3.0
3617	2.0
3618	3.0
3623	3.0
3649	4.0
3683	3.0
3684	3.0
3686	4.0
3699	4.0
3706	3.0
3707	3.0
3712	2.0
3717	1.0
3727	3.0
3747	3.0
3751	3.0
3755	2.0
3763	3.0
3786	3.0
3791	4.0
3794	4.0
3812	3.0
3814	4.0
3835	3.0
3844	2.0
3863	4.0
3882	3.0
3896	2.0
3901	2.0
3949	3.0
3953	1.0
3983	5.0
3987	2.0
3994	4.0
3996	4.0
4002	3.0
4008	4.0
4011	3.0
4017	3.0
4022	4.0
4023	1.0
4029	4.0
4034	5.0
4036	4.0
4037	5.0
4041	4.0
4054	3.0
4055	3.0
4069	2.0
4345	2.0
4370	3.0
4378	3.0
4447	3.0
4448	4.0
4642	5.0
4723	2.0
