1	3.5
2	3.0
10	3.5
19	2.0
25	4.0
32	3.5
47	3.5
50	3.0
62	3.5
70	3.0
76	2.5
104	3.5
105	3.0
110	4.0
111	4.0
123	4.0
150	3.5
153	2.5
165	3.0
168	2.5
180	3.5
196	2.5
208	2.5
223	4.0
231	3.5
235	3.0
247	3.5
253	3.0
260	4.5
266	3.0
288	3.0
293	3.5
296	4.5
316	3.0
318	4.0
344	2.5
353	2.5
356	4.0
364	4.0
367	2.5
377	2.5
379	1.5
380	3.5
405	1.5
410	3.0
441	4.0
454	3.0
457	3.5
480	4.0
500	3.0
508	3.0
520	2.5
524	3.0
527	4.5
529	3.0
541	3.0
546	2.5
551	4.0
555	3.0
565	2.5
586	4.0
587	3.0
588	4.0
589	4.0
590	3.5
592	3.0
593	4.0
595	4.0
608	3.5
610	3.5
648	3.0
673	3.0
714	4.0
733	3.0
736	1.5
737	2.5
741	4.0
743	2.0
750	4.0
778	3.0
780	2.5
784	2.0
858	4.0
904	5.0
910	3.0
923	4.0
924	4.5
968	3.5
1036	3.0
1080	3.5
1089	4.0
1090	3.0
1097	3.5
1101	3.0
1120	2.5
1127	3.0
1136	4.0
1178	3.5
1193	4.0
1196	4.0
1198	4.5
1199	3.0
1200	3.5
1201	5.0
1203	4.0
1206	4.0
1208	3.5
1209	4.0
1210	4.0
1213	3.5
1214	4.0
1215	4.0
1217	4.5
1219	4.0
1221	3.5
1222	5.0
1225	3.5
1227	4.0
1228	4.5
1230	3.5
1232	4.5
1233	4.0
1240	3.0
1246	3.0
1247	3.5
1258	5.0
1261	4.0
1263	3.5
1265	4.0
1266	3.5
1270	4.0
1272	3.5
1274	4.5
1281	4.0
1291	4.0
1307	3.5
1320	3.0
1367	2.5
1377	2.5
1387	4.5
1394	3.5
1407	3.0
1408	2.5
1411	3.5
1466	3.0
1485	2.5
1517	2.5
1527	3.5
1580	2.0
1584	3.0
1586	2.0
1587	3.0
1608	1.5
1617	3.5
1625	2.5
1645	3.0
1676	4.0
1682	3.5
1704	4.0
1721	3.5
1729	3.0
1732	3.0
1748	3.0
1884	3.5
1917	2.5
1921	3.5
1923	2.5
1954	3.5
1961	3.5
1997	3.5
2000	2.5
2003	3.5
2004	3.0
2009	2.5
2010	4.0
2011	3.5
2012	3.0
2018	4.0
2019	4.5
2023	3.5
2028	3.5
2076	3.0
2078	4.0
2082	3.5
2085	3.5
2115	3.5
2123	3.5
2126	2.5
2142	3.5
2167	2.5
2174	3.5
2194	3.5
2231	2.5
2232	3.0
2291	4.0
2313	5.0
2321	2.5
2324	4.0
2329	4.5
2409	3.0
2410	3.0
2411	3.5
2420	3.0
2422	1.5
2450	3.0
2455	4.0
2470	3.0
2490	2.0
2502	4.0
2505	3.0
2542	4.0
2571	4.5
2600	3.0
2605	2.5
2617	3.0
2628	3.5
2641	2.5
2657	3.0
2683	2.5
2692	4.0
2706	3.5
2710	3.5
2712	3.5
2713	1.0
2716	3.5
2720	2.5
2729	4.0
2730	3.5
2762	3.0
2810	4.0
2826	3.5
2858	4.0
2890	2.5
2916	3.5
2924	3.5
2947	2.5
2951	3.0
2953	3.5
2959	4.5
2970	4.5
2985	3.5
2987	3.5
2990	3.5
2997	3.0
3000	4.0
3005	2.5
3030	3.5
3034	3.5
3081	3.0
3082	2.5
3114	2.5
3147	4.0
3160	3.5
3168	3.5
3213	3.0
3246	3.0
3253	3.5
3254	3.5
3266	3.5
3271	2.5
3273	2.0
3300	3.0
3409	2.0
3418	2.5
3438	3.5
3439	2.5
3489	3.5
3503	4.0
3535	4.0
3556	3.5
3578	4.0
3623	2.5
3676	3.0
3681	3.5
3702	2.5
3703	3.0
3704	1.5
3752	2.5
3753	3.0
3785	3.0
3793	2.5
3863	3.5
3897	3.5
3949	4.5
3980	3.0
3994	2.5
3996	4.0
4011	4.0
4022	3.5
4027	2.0
4105	3.0
4144	4.5
4148	2.5
4223	3.5
4226	3.0
4235	4.5
4262	3.0
4299	2.5
4306	3.0
4308	3.5
4310	2.0
4344	3.0
4367	2.5
4370	3.5
4388	2.5
4446	3.0
4545	3.5
4643	2.5
4718	3.5
4734	3.0
4848	3.0
4878	2.5
4886	3.0
4887	3.0
4896	2.5
4963	3.0
4973	3.5
4974	3.0
4975	3.5
4993	4.5
5010	3.0
5014	3.5
5055	3.0
5072	3.0
5146	2.5
5151	3.5
5218	3.0
5254	2.0
5266	3.0
5283	3.0
5292	3.5
5313	2.0
5349	3.5
5378	3.0
5388	2.5
5389	3.0
5400	2.5
5445	3.5
5463	2.5
5502	3.5
5507	1.5
5608	4.0
5618	4.0
5630	3.5
5669	3.5
5679	3.5
5690	4.0
5785	3.0
5878	4.0
5902	3.5
5903	2.5
5945	2.5
5952	4.0
5956	3.5
5959	3.0
5971	3.0
5989	2.5
5995	3.0
6016	4.0
6281	2.5
6283	3.5
6333	3.0
6350	3.5
6365	3.0
6370	4.5
6373	3.0
6377	4.0
6378	2.5
6383	1.5
6502	3.0
6537	1.5
6539	4.0
6565	2.0
6595	2.5
6618	3.5
6708	3.0
6711	3.5
6754	2.5
6773	3.5
6774	3.0
6807	4.0
6857	3.5
6870	3.5
6874	4.5
6888	2.5
6890	4.0
6934	2.5
6936	2.5
6947	3.5
6953	3.0
6954	4.0
7022	4.0
7063	4.5
7090	3.5
7099	3.0
7143	2.5
7147	4.0
7153	4.0
7158	3.0
7160	4.0
7163	2.5
7235	2.5
7254	3.5
7293	2.5
7318	3.0
7323	4.5
7346	3.0
7360	3.0
7361	4.5
7367	2.5
7371	3.5
7373	2.5
7386	3.0
7387	3.0
7438	4.0
7458	2.5
7482	3.5
7502	4.0
7802	3.0
8360	3.0
8361	2.0
8368	2.5
8370	3.0
8376	3.0
8464	3.0
8529	2.5
8607	4.0
8636	3.5
8641	2.0
8783	2.5
8798	2.5
8807	3.0
8810	2.0
8874	4.0
8910	2.5
8917	2.0
8950	3.0
8957	2.0
8961	3.0
8966	3.5
8970	3.0
8983	3.5
8985	2.5
26776	3.5
27266	4.0
27660	3.5
27706	3.0
27721	2.5
27728	3.5
27773	4.0
27801	3.5
27838	4.0
30707	3.0
30793	2.0
30812	3.0
31410	4.0
31658	3.0
31878	3.0
32587	3.5
33166	3.0
33493	2.5
33615	2.5
33794	2.5
33903	3.5
34072	4.0
34162	2.5
34319	2.0
34542	4.5
35836	2.5
36529	2.5
37729	2.5
37733	3.0
37830	3.0
39292	3.0
39444	3.0
40278	2.5
41569	3.0
41571	3.0
41716	2.5
41863	3.0
44191	3.5
44555	4.5
45447	2.5
45517	3.0
45666	3.0
45672	3.0
45722	3.5
45728	3.0
46578	3.5
46723	3.5
46965	2.0
46976	2.5
47610	2.5
47997	3.0
47999	4.0
48043	4.0
48082	3.5
48304	3.5
48385	3.0
48394	4.5
48516	4.0
48738	3.5
48774	3.5
48780	2.5
48783	3.0
49272	3.0
49278	2.5
49396	3.5
49530	2.5
50068	3.5
50872	4.0
51255	3.5
51540	3.0
51662	3.5
52281	4.0
52722	2.0
52885	3.5
53000	2.5
53125	3.0
53318	4.0
53322	2.5
53519	4.0
53972	2.0
53993	2.5
53996	2.5
54004	2.5
54281	4.0
54503	3.0
54995	3.5
55118	3.5
55247	3.5
55768	2.5
55820	4.0
55830	3.0
56145	3.0
56367	3.0
57274	3.5
57669	4.0
58559	4.0
59315	3.0
59387	4.0
59615	2.0
59784	2.5
60069	3.5
60684	3.5
60766	3.5
61024	3.0
61323	3.5
62336	4.5
62999	3.0
63082	3.0
63113	2.5
63876	3.0
64839	4.0
64957	3.5
64969	3.0
65261	4.0
66097	3.0
68135	3.0
68157	3.5
68358	3.5
68954	3.5
69122	3.0
69134	4.0
71282	4.0
71464	3.5
71745	4.0
72998	3.5
76251	3.5
78499	2.5
79132	3.0
79702	3.5
80463	3.5
81591	4.0
86880	3.0
86898	3.5
89864	3.5
90746	3.0
