1	5.0
2	4.0
3	3.0
5	3.0
6	5.0
7	3.0
10	4.0
11	4.0
15	4.0
16	5.0
17	5.0
20	4.0
21	5.0
25	4.0
28	4.5
32	4.0
34	5.0
36	4.0
39	3.0
41	4.0
43	4.0
44	3.0
45	4.0
47	4.0
50	5.0
62	4.0
94	4.0
95	4.0
100	3.0
104	4.0
110	5.0
111	5.0
112	5.0
122	3.0
141	2.0
145	4.0
150	4.0
151	5.0
153	4.0
156	3.0
157	3.0
160	2.0
161	4.0
163	4.0
164	4.0
165	4.0
168	4.0
173	2.0
181	2.0
185	4.0
186	3.0
193	1.0
194	4.0
196	4.0
198	3.0
204	3.0
205	4.0
208	4.0
216	3.0
218	3.0
223	3.0
224	3.0
227	4.0
231	4.0
232	4.0
236	3.0
237	3.5
239	3.0
246	5.0
247	3.0
252	3.0
257	4.0
258	2.0
260	5.0
265	5.0
275	2.0
276	2.0
280	4.0
281	3.0
288	3.0
292	4.0
293	4.0
294	3.0
296	5.0
303	3.0
316	4.0
318	5.0
319	4.0
333	3.0
339	3.0
342	4.0
344	4.0
346	4.0
348	4.0
349	5.0
350	4.0
353	3.0
355	3.5
356	5.0
357	4.0
361	4.0
364	4.0
367	5.0
368	5.0
370	3.5
371	3.5
376	4.0
377	5.0
378	3.5
379	4.0
380	4.0
384	4.0
387	3.0
414	3.0
416	3.0
423	4.0
428	4.0
432	4.0
433	3.0
434	4.0
435	3.0
436	2.0
438	3.0
440	4.0
442	4.0
454	4.0
457	5.0
464	3.0
466	3.0
468	3.0
471	3.0
473	2.0
474	5.0
479	4.0
480	5.0
485	4.0
489	3.0
490	3.0
494	3.0
497	4.0
500	4.0
507	4.0
508	4.0
509	5.0
514	4.0
516	3.0
517	4.0
520	3.0
527	5.0
533	3.0
539	4.0
541	4.0
542	2.0
543	4.0
548	3.0
552	4.0
553	4.0
555	4.0
562	4.0
585	4.0
586	3.0
587	4.0
588	4.0
589	5.0
590	4.0
592	4.0
593	5.0
595	3.0
597	4.0
599	5.0
608	5.0
610	3.0
619	3.5
648	3.0
663	3.0
671	4.0
695	3.0
707	3.0
708	3.0
719	4.0
720	5.0
724	0.5
728	4.0
733	4.0
736	4.0
743	2.0
745	5.0
750	5.0
765	3.0
778	5.0
780	4.0
784	4.0
785	4.0
786	4.0
788	4.0
810	2.0
818	3.0
832	4.0
836	3.0
838	4.0
839	2.0
848	4.0
849	3.0
858	5.0
861	5.0
880	2.0
898	5.0
899	4.0
900	4.0
902	4.0
903	5.0
904	5.0
905	5.0
908	5.0
909	5.0
910	4.0
911	5.0
912	5.0
913	4.0
914	5.0
916	4.0
919	5.0
920	5.0
922	5.0
923	5.0
924	5.0
926	5.0
928	5.0
930	5.0
931	5.0
933	5.0
934	4.0
940	5.0
941	5.0
942	5.0
946	4.0
949	5.0
950	5.0
953	5.0
954	4.0
955	4.0
965	5.0
969	5.0
971	4.0
991	4.0
994	4.0
1007	3.0
1010	3.0
1011	3.0
1013	4.0
1018	4.0
1020	4.0
1023	4.0
1027	4.0
1028	4.0
1030	3.0
1036	5.0
1037	3.0
1042	3.5
1047	3.0
1049	3.0
1050	4.0
1057	3.0
1060	4.0
1073	4.0
1079	4.0
1080	5.0
1084	5.0
1089	5.0
1090	5.0
1091	2.0
1092	4.0
1094	4.0
1097	4.0
1099	4.0
1100	4.0
1101	4.0
1103	4.0
1104	4.0
1120	3.0
1125	3.0
1129	4.0
1136	5.0
1147	4.5
1148	5.0
1179	4.0
1183	4.0
1186	3.0
1188	4.0
1193	5.0
1194	4.0
1196	5.0
1197	5.0
1198	5.0
1199	5.0
1200	5.0
1201	5.0
1203	5.0
1204	5.0
1206	5.0
1207	5.0
1208	5.0
1210	4.0
1212	5.0
1213	5.0
1214	5.0
1217	5.0
1218	5.0
1219	5.0
1220	5.0
1221	5.0
1222	5.0
1223	5.0
1224	4.0
1225	5.0
1226	5.0
1228	5.0
1230	5.0
1234	4.0
1238	4.0
1240	5.0
1242	5.0
1244	5.0
1247	5.0
1248	5.0
1249	4.0
1250	5.0
1252	5.0
1254	5.0
1256	5.0
1258	5.0
1260	4.0
1262	5.0
1263	5.0
1265	5.0
1266	5.0
1267	5.0
1268	4.0
1269	4.0
1270	5.0
1272	5.0
1275	4.0
1276	5.0
1278	5.0
1283	5.0
1284	4.0
1285	4.0
1287	5.0
1288	5.0
1291	5.0
1292	4.0
1293	4.0
1296	5.0
1298	4.0
1299	5.0
1302	4.0
1304	5.0
1307	5.0
1333	5.0
1334	3.0
1339	3.0
1342	1.0
1344	4.0
1345	5.0
1357	4.0
1358	5.0
1370	4.0
1371	4.0
1374	5.0
1376	5.0
1377	3.0
1378	4.0
1379	4.0
1382	2.0
1385	3.0
1387	5.0
1390	3.0
1391	3.0
1393	5.0
1394	4.0
1396	4.0
1405	2.0
1407	4.0
1408	4.0
1411	4.0
1425	3.0
1429	4.0
1431	2.0
1432	3.0
1438	3.0
1441	4.0
1446	4.0
1449	4.0
1459	5.0
1464	4.0
1466	5.0
1476	3.0
1479	3.0
1485	4.0
1500	5.0
1503	2.0
1517	4.0
1518	4.0
1527	3.0
1544	3.0
1552	4.0
1556	3.0
1562	3.0
1569	4.0
1573	4.0
1580	4.0
1594	4.0
1597	3.0
1601	3.0
1608	4.0
1610	4.0
1615	4.0
1616	3.0
1617	5.0
1619	4.0
1629	3.0
1633	3.0
1635	3.0
1641	5.0
1643	5.0
1645	4.0
1653	4.0
1658	4.0
1663	4.0
1665	3.5
1673	4.0
1676	3.0
1678	4.0
1680	4.0
1681	1.0
1682	5.0
1689	5.0
1694	5.0
1699	3.0
1704	4.0
1719	4.0
1721	4.0
1722	4.0
1727	2.5
1729	4.0
1730	4.0
1732	4.0
1735	4.0
1747	4.0
1772	4.0
1777	4.0
1783	3.0
1784	4.0
1785	4.0
1801	3.0
1805	3.0
1833	3.0
1834	4.0
1840	4.0
1858	4.0
1862	2.0
1876	3.0
1885	3.0
1889	5.0
1912	5.0
1917	3.0
1918	4.0
1923	4.0
1927	5.0
1931	5.0
1939	5.0
1944	5.0
1945	5.0
1947	5.0
1948	4.0
1950	4.5
1952	5.0
1953	5.0
1957	4.0
1960	4.0
1961	5.0
1965	4.0
1968	4.0
1976	0.5
1979	0.5
1991	0.5
1994	5.0
2000	5.0
2001	4.0
2002	4.0
2003	4.0
2005	3.0
2006	4.0
2011	4.0
2012	4.0
2014	4.0
2016	3.0
2019	5.0
2020	5.0
2021	5.0
2023	4.0
2028	5.0
2040	3.0
2041	4.0
2053	3.0
2054	4.0
2058	3.0
2060	1.0
2064	5.0
2067	5.0
2072	3.0
2076	4.0
2078	4.0
2080	5.0
2081	3.0
2082	3.0
2085	4.0
2090	4.0
2094	4.0
2095	4.0
2100	4.0
2105	3.5
2106	3.0
2107	0.5
2108	4.0
2109	4.0
2110	4.0
2111	4.0
2115	4.0
2116	5.0
2117	4.0
2124	3.0
2125	4.0
2130	4.0
2136	4.0
2139	4.0
2150	4.0
2160	4.0
2161	3.0
2162	2.0
2167	5.0
2170	2.0
2174	4.0
2182	5.0
2183	5.0
2186	5.0
2194	5.0
2202	4.0
2203	4.0
2206	5.0
2212	5.0
2231	4.5
2245	3.0
2248	4.5
2252	3.0
2253	3.0
2268	5.0
2273	4.0
2278	5.0
2289	4.0
2300	4.0
2303	5.0
2321	4.0
2324	5.0
2329	5.0
2331	3.0
2333	4.0
2335	3.0
2336	5.0
2352	4.0
2353	4.0
2355	5.0
2359	4.0
2363	3.0
2366	4.0
2367	3.0
2371	4.0
2375	4.0
2376	3.0
2378	2.0
2379	1.0
2384	4.0
2387	2.0
2390	4.0
2391	5.0
2394	4.0
2395	5.0
2396	5.0
2401	4.0
2407	3.0
2413	4.0
2424	4.0
2427	5.0
2430	2.0
2455	4.0
2463	4.0
2470	3.0
2471	2.5
2478	4.0
2490	4.0
2496	4.0
2501	5.0
2502	4.0
2518	4.0
2519	5.0
2529	4.0
2541	2.0
2542	5.0
2561	4.0
2567	4.0
2571	5.0
2579	4.0
2580	5.0
2583	4.0
2587	3.0
2599	5.0
2605	4.0
2606	2.0
2616	4.0
2617	4.0
2618	4.0
2628	3.0
2633	4.0
2640	3.0
2648	5.0
2664	5.0
2671	4.0
2683	5.0
2686	5.0
2690	5.0
2692	5.0
2694	3.0
2699	4.0
2700	3.0
2701	3.0
2702	4.0
2706	4.0
2707	4.0
2716	5.0
2723	5.0
2724	3.0
2734	4.0
2745	4.0
2746	4.0
2762	5.0
2763	3.0
2770	4.0
2788	4.0
2791	4.0
2796	3.5
2797	5.0
2802	4.0
2803	4.0
2804	5.0
2819	5.0
2826	4.0
2840	0.5
2857	3.0
2858	5.0
2863	5.0
2871	5.0
2875	4.0
2881	3.0
2883	4.0
2890	4.0
2912	5.0
2916	5.0
2917	4.0
2918	4.0
2921	4.0
2922	3.0
2924	5.0
2926	3.0
2944	5.0
2947	5.0
2948	4.0
2949	5.0
2951	5.0
2959	4.0
2966	5.0
2985	4.0
2987	5.0
2989	4.0
2990	4.0
2991	4.0
2993	3.0
2997	5.0
3006	5.0
3007	5.0
3008	4.0
3015	4.0
3019	4.0
3020	4.0
3033	3.0
3034	3.5
3037	5.0
3039	4.0
3044	5.0
3052	3.0
3060	4.0
3070	4.0
3072	4.0
3082	4.0
3087	4.0
3089	4.0
3093	5.0
3095	5.0
3099	4.0
3101	4.0
3104	5.0
3108	3.0
3113	2.0
3114	5.0
3120	3.0
3152	4.0
3159	5.0
3160	5.0
3168	4.0
3173	4.0
3174	5.0
3175	5.0
3176	4.0
3178	4.0
3181	4.0
3203	4.0
3208	3.0
3210	4.0
3243	3.0
3247	3.0
3250	4.0
3252	4.0
3253	4.0
3254	4.0
3255	4.0
3256	4.0
3257	4.0
3258	4.0
3259	4.0
3261	4.0
3263	4.0
3264	3.0
3265	4.0
3267	4.0
3268	2.0
3269	4.0
3271	4.0
3274	4.0
3301	4.0
3307	5.0
3334	4.0
3360	4.0
3361	4.0
3362	5.0
3363	5.0
3364	4.0
3365	5.0
3388	3.0
3396	4.0
3397	4.0
3398	3.0
3404	4.0
3412	3.5
3418	4.0
3421	4.0
3424	5.0
3435	5.0
3438	4.0
3441	3.0
3450	4.0
3461	4.0
3467	5.0
3471	5.0
3475	5.0
3481	4.0
3484	2.0
3489	4.0
3494	4.0
3499	5.0
3500	2.0
3504	5.0
3507	4.0
3508	5.0
3524	3.0
3527	4.0
3529	3.0
3543	5.0
3545	5.0
3551	5.0
3552	4.0
3557	3.0
3578	5.0
3593	1.0
3614	4.0
3623	4.0
3624	3.0
3633	4.0
3635	4.0
3638	3.0
3639	4.0
3654	5.0
3671	3.0
3681	4.0
3682	3.0
3683	5.0
3685	5.0
3698	3.0
3702	4.0
3703	4.0
3705	4.0
3723	4.0
3726	5.0
3729	3.0
3735	5.0
3744	4.0
3751	4.0
3752	4.0
3753	4.0
3755	3.5
3760	4.0
3763	4.0
3764	3.0
3769	5.0
3785	2.0
3793	5.0
3809	4.0
3811	4.0
3827	4.0
3844	3.0
3865	3.0
3868	4.0
3869	3.0
3871	5.0
3873	4.0
3879	4.0
3882	3.0
3893	4.0
3897	5.0
3911	4.0
3916	4.0
3928	4.0
3932	5.0
3948	5.0
3949	4.0
3967	4.0
3968	3.5
3972	5.0
3977	4.0
3984	4.0
3986	4.0
3988	3.0
3996	5.0
3999	4.0
4002	4.0
4005	4.0
4006	2.0
4008	5.0
4011	4.0
4014	5.0
4015	2.0
4017	4.0
4018	2.0
4019	4.0
4022	5.0
4025	3.5
4027	4.0
4029	4.0
4034	5.0
4061	4.0
4085	5.0
4086	4.0
4103	5.0
4133	1.0
4167	4.0
4210	4.0
4211	5.0
4223	4.0
4226	5.0
4232	4.0
4234	3.0
4246	4.0
4262	5.0
4270	4.0
4276	4.0
4285	3.0
4299	4.0
4304	4.0
4306	5.0
4308	4.0
4310	2.0
4321	4.0
4326	4.0
4327	5.0
4333	4.0
4340	2.0
4356	4.0
4359	4.0
4361	4.0
4366	3.0
4367	3.0
4369	3.0
4370	5.0
4378	4.0
4387	3.0
4396	4.0
4446	3.0
4447	3.0
4448	4.0
4452	4.0
4464	4.0
4499	4.0
4502	3.0
4531	3.0
4535	4.0
4545	3.0
4558	3.0
4571	3.0
4621	3.0
4623	4.0
4639	3.0
4641	5.0
4643	4.0
4661	4.0
4673	4.0
4677	3.0
4678	4.0
4679	3.0
4681	4.0
4686	1.0
4700	2.0
4701	4.0
4703	4.0
4719	3.0
4720	4.0
4727	2.0
4728	4.0
4733	3.0
4734	2.0
4745	4.0
4756	2.0
4757	4.0
4775	1.0
4776	4.0
4816	3.0
4823	4.0
4844	4.0
4846	5.0
4848	4.0
4855	4.0
4857	4.0
4881	5.0
4886	5.0
4887	3.0
4889	4.0
4896	4.0
4901	2.5
4903	4.0
4954	4.0
4963	4.0
4973	4.0
4979	4.0
4980	2.0
4993	5.0
4994	4.0
4995	4.5
5010	4.0
5013	4.0
5015	4.5
5017	4.0
5055	4.0
5060	4.0
5064	4.0
5066	2.0
5074	2.0
5081	3.0
5128	1.0
5135	4.0
5152	4.0
5218	4.0
5219	2.0
5254	4.0
5266	4.5
5267	4.0
5292	4.0
5293	4.0
5303	4.0
5308	4.0
5309	3.0
5323	1.0
5325	4.0
5329	4.0
5349	4.0
5377	4.0
5378	4.0
5380	3.0
5387	2.0
5388	5.0
5401	2.0
5417	5.0
5418	3.0
5445	4.0
5446	4.5
5449	2.0
5464	5.0
5481	3.0
5501	1.0
5502	4.0
5505	3.5
5506	4.0
5528	4.0
5541	3.5
5572	4.0
5577	3.5
5669	5.0
5673	5.0
5785	3.0
5812	5.0
5816	3.5
5872	4.0
5902	4.5
5941	4.0
5945	4.5
5952	5.0
5954	4.5
5956	4.0
5959	4.0
5989	5.0
5991	4.5
5995	4.5
6003	3.5
6155	2.5
6156	4.0
6184	3.0
6218	4.5
6281	4.0
6287	3.5
6296	4.0
6297	3.5
6322	3.5
6333	4.0
6365	4.5
6373	4.0
6377	5.0
6378	4.0
6383	1.0
6502	4.5
6503	2.0
6537	4.0
6539	3.5
6565	4.5
6587	0.5
6591	4.0
6595	3.5
6617	4.5
6618	4.0
6620	4.0
6708	4.0
6711	4.5
6764	3.5
6807	5.0
6863	4.5
6870	4.5
6893	4.0
6934	3.5
6936	4.0
6996	2.0
7027	4.5
7072	4.5
7090	5.0
7153	5.0
7155	4.0
7161	2.5
7228	3.0
7318	5.0
7366	1.5
7438	4.5
7439	2.0
7454	1.0
7482	4.5
8169	3.5
8228	5.0
8360	5.0
8366	0.5
8371	1.0
8387	0.5
8507	4.5
8604	5.0
8622	5.0
8623	4.5
8633	3.5
8636	5.0
8665	4.5
8798	4.0
8958	4.5
8961	4.0
