1	2.0
2	2.0
10	3.5
19	1.0
34	1.5
47	4.0
48	3.0
50	2.5
58	4.0
110	2.0
123	3.5
145	0.5
147	3.0
150	4.0
153	2.5
154	4.5
158	0.5
169	2.0
208	2.0
242	3.5
260	3.0
296	1.0
318	4.0
334	4.5
344	1.5
356	3.5
357	2.0
362	3.0
364	2.5
367	1.5
374	1.5
376	3.0
377	2.5
410	2.5
435	1.5
455	2.0
480	2.5
492	4.0
500	2.5
501	4.5
527	4.5
551	2.5
562	3.5
581	3.5
586	1.5
587	3.0
588	2.5
590	4.0
592	3.0
593	4.0
594	3.5
595	3.0
596	3.0
608	2.0
653	2.0
661	3.0
673	1.5
724	2.0
736	3.0
741	3.5
750	4.0
780	2.0
783	2.0
784	2.5
788	1.5
801	2.0
830	2.5
837	3.5
899	4.5
902	4.5
903	4.5
904	4.5
905	3.5
906	4.5
908	4.5
909	4.0
910	4.5
911	4.0
912	4.5
913	4.5
915	4.0
916	4.0
922	5.0
923	5.0
924	5.0
926	4.5
928	4.5
929	4.5
930	4.5
931	5.0
933	4.0
936	3.0
941	2.5
942	4.5
946	4.0
950	3.5
951	3.5
953	4.0
965	4.0
971	4.0
986	3.0
1027	3.5
1031	3.0
1035	4.0
1046	3.5
1059	3.0
1064	2.0
1073	4.5
1080	3.0
1086	4.5
1088	3.0
1089	3.0
1097	3.0
1103	4.0
1111	4.0
1125	3.5
1136	3.5
1148	4.5
1172	3.5
1173	5.0
1191	3.5
1193	3.5
1196	2.0
1201	4.0
1203	4.5
1204	5.0
1206	4.5
1210	3.0
1211	4.5
1212	4.0
1217	4.0
1219	5.0
1223	3.5
1225	3.5
1232	4.5
1237	4.5
1244	4.0
1246	2.5
1248	4.5
1251	5.0
1252	4.0
1253	3.5
1254	4.5
1255	2.5
1258	4.5
1260	4.5
1265	4.0
1270	2.5
1273	4.0
1274	3.5
1279	4.0
1284	4.5
1289	4.5
1298	4.5
1301	4.5
1305	4.0
1333	5.0
1339	4.0
1340	4.0
1348	4.5
1356	2.5
1367	2.0
1377	3.0
1380	4.0
1381	2.0
1387	3.0
1391	1.5
1393	2.5
1408	3.5
1464	4.0
1485	2.0
1515	2.5
1517	2.0
1544	2.5
1554	4.0
1556	2.0
1569	1.5
1580	2.0
1588	1.5
1591	2.5
1592	2.0
1603	2.0
1611	4.0
1676	2.0
1680	3.5
1682	3.5
1688	2.0
1702	2.0
1704	3.5
1711	3.0
1721	3.0
1722	2.0
1732	0.5
1760	1.5
1784	4.5
1794	3.5
1801	2.0
1809	3.5
1876	1.5
1882	2.0
1884	2.5
1911	1.0
1917	2.5
1920	3.0
1938	2.5
1947	3.5
1950	4.0
1960	3.5
1968	4.0
2003	3.0
2004	3.0
2006	2.0
2010	4.5
2011	2.5
2012	2.0
2019	4.5
2028	3.0
2053	1.0
2054	1.5
2066	4.5
2068	4.5
2076	3.5
2078	3.0
2081	3.0
2083	3.5
2087	2.5
2088	2.5
2092	2.0
2122	2.0
2123	3.5
2124	2.5
2132	4.5
2134	2.0
2136	1.5
2160	4.0
2161	4.0
2167	2.5
2176	4.0
2181	4.5
2182	4.0
2183	4.5
2184	3.5
2186	4.5
2193	2.0
2203	4.0
2206	3.5
2208	4.0
2232	3.5
2268	3.5
2288	4.0
2291	3.0
2301	3.0
2311	3.0
2318	4.0
2320	4.0
2321	3.5
2324	4.0
2329	3.5
2333	4.5
2337	3.5
2351	4.5
2353	2.0
2355	2.0
2366	4.5
2378	1.5
2379	1.0
2381	1.5
2389	2.5
2394	2.5
2395	4.0
2413	3.5
2421	1.5
2424	1.5
2495	4.5
2541	3.0
2571	1.0
2572	3.5
2605	2.5
2617	2.0
2624	5.0
2628	1.5
2640	3.0
2657	4.5
2671	2.0
2677	4.0
2683	2.0
2692	4.5
2694	2.0
2700	2.0
2706	0.5
2710	3.0
2712	4.0
2716	2.0
2717	3.0
2726	4.5
2731	4.0
2735	2.5
2739	3.5
2762	3.0
2803	2.5
2840	3.0
2925	4.5
2935	4.0
2936	4.5
2940	4.5
2947	3.5
2948	3.5
2951	4.0
2966	4.5
3000	3.5
3034	4.0
3075	4.5
3081	1.0
3082	2.5
3083	4.5
3094	3.5
3097	4.0
3114	2.5
3157	1.5
3160	4.0
3196	4.0
3247	3.0
3253	1.0
3258	3.0
3264	1.5
3275	0.5
3285	2.5
3334	3.5
3355	2.0
3364	4.0
3386	4.0
3408	3.0
3424	4.0
3435	4.5
3462	3.5
3489	3.0
3503	4.5
3521	4.0
3546	4.5
3556	4.0
3569	4.0
3578	2.5
3681	4.0
3730	3.0
3742	4.5
3751	3.5
3785	1.0
3788	4.5
3793	2.0
3801	4.5
3819	4.5
3910	4.0
3932	3.5
3967	4.0
3977	2.0
3979	2.0
3988	2.5
3992	2.5
3996	4.0
4002	2.5
4014	3.5
4025	3.0
4027	4.0
4077	4.0
4085	1.5
4148	3.0
4214	2.0
4226	2.5
4232	1.5
4246	2.0
4298	4.5
4306	2.5
4308	2.5
4310	1.5
4356	4.0
4357	4.0
4359	3.5
4422	5.0
4432	4.5
4526	2.0
4546	4.0
4558	1.5
4621	2.0
4624	3.0
4642	4.0
4741	3.5
4848	4.5
4876	1.5
4878	4.0
4881	3.5
4896	3.0
4914	4.0
4970	4.0
4973	4.5
4975	3.5
4993	2.5
4995	3.0
5008	4.0
5017	4.0
5051	4.0
5074	4.0
5105	4.0
5120	4.5
5146	3.0
5147	4.5
5177	3.5
5218	2.5
5266	3.0
5291	5.0
5378	1.5
5452	1.5
5459	2.0
5481	1.5
5504	1.5
5508	4.0
5613	4.0
5618	4.0
5669	1.0
5690	4.0
5816	3.0
5872	3.0
5878	4.5
5952	2.0
5956	1.5
5971	4.0
5995	3.0
6062	3.5
6104	3.5
6242	4.5
6270	3.5
6291	4.5
6333	2.0
6350	4.5
6365	2.0
6377	2.5
6538	4.5
6539	2.0
6552	3.0
6662	4.0
6663	3.5
6664	2.0
6669	4.5
6711	4.5
6807	3.5
6852	4.0
6874	2.5
6888	2.0
6942	1.0
6975	4.0
6985	5.0
6987	4.5
7008	4.0
7013	4.5
7022	3.5
7034	4.5
7045	4.5
7060	4.0
7063	4.5
7064	5.0
7089	4.0
7090	3.0
7099	4.0
7116	4.5
7143	2.0
7147	4.0
7153	1.5
7215	3.5
7234	4.5
7265	3.0
7323	4.0
7327	5.0
7361	4.0
7371	4.5
7386	3.5
7438	3.0
7701	1.5
7766	4.5
7836	3.5
8014	4.0
8132	2.5
8154	4.5
8228	4.5
8253	4.0
8360	2.0
8368	3.5
8370	3.5
8507	4.0
8596	3.0
8622	1.5
8644	1.5
8783	1.5
8798	3.0
8873	4.0
8917	2.0
8973	4.5
8983	3.5
26662	4.5
26776	3.5
27317	3.5
27721	4.0
27772	3.5
27773	3.5
30793	1.5
30812	2.0
31410	4.0
31658	3.5
33171	3.5
33493	2.0
34437	4.5
37741	4.0
40815	3.0
42632	4.0
44555	3.0
44694	3.5
45720	3.5
46723	3.5
46970	3.0
48082	4.0
48385	2.0
48997	3.0
50872	2.0
51540	3.5
51662	0.5
53550	3.5
54001	3.0
55269	4.5
