1	5.0
2	3.5
5	1.0
7	2.0
10	1.5
14	1.5
16	2.5
17	4.0
19	2.5
21	1.5
25	2.5
26	3.5
29	3.5
31	3.5
32	3.5
34	4.5
36	2.5
39	4.0
45	3.5
47	1.5
48	2.0
50	2.5
70	2.5
76	3.0
95	2.0
105	2.0
110	3.0
111	4.0
141	3.5
150	4.0
151	3.5
153	1.0
160	2.5
161	2.0
165	3.0
168	1.5
172	3.5
173	0.5
185	2.5
186	1.5
196	3.0
208	1.0
223	2.5
224	1.5
225	2.5
231	1.5
232	3.0
235	4.0
247	4.0
249	3.0
253	3.5
256	1.5
260	3.0
261	3.5
265	3.5
266	1.5
272	2.5
273	2.0
282	2.5
292	1.5
293	4.0
296	5.0
300	3.0
303	1.5
306	4.5
316	3.0
317	3.5
318	1.5
319	2.0
329	3.0
337	3.0
338	2.5
342	3.5
344	2.0
345	4.0
348	2.5
349	2.5
350	2.5
353	3.5
355	1.5
356	2.5
357	2.5
364	3.0
367	3.5
368	0.5
370	2.0
372	1.5
376	3.0
377	1.5
380	2.0
405	1.0
410	3.5
420	1.0
434	3.5
440	3.5
442	2.5
448	3.5
454	2.0
457	3.0
475	3.5
477	3.0
480	4.5
485	3.0
494	2.0
497	4.0
500	2.5
508	2.0
509	4.5
515	3.5
520	1.5
527	3.5
532	1.0
534	3.5
538	4.0
539	3.5
541	4.5
555	3.0
586	2.5
587	2.5
588	1.5
589	4.0
590	3.5
592	2.5
593	4.0
594	3.0
596	3.5
597	4.0
608	4.5
647	1.5
648	2.5
653	1.5
661	3.5
680	3.5
708	3.0
718	5.0
724	2.0
733	3.0
736	2.5
745	4.5
750	4.0
778	2.5
780	3.5
786	3.0
788	0.5
800	1.5
802	2.0
832	2.0
838	3.5
849	2.0
852	0.5
858	2.0
866	4.0
892	4.0
899	3.5
902	4.0
903	3.5
904	4.0
908	4.0
910	4.5
912	4.5
913	2.5
914	4.0
919	4.5
920	4.0
923	4.0
924	5.0
943	3.0
953	3.0
969	4.0
1019	3.0
1028	2.5
1036	3.5
1037	2.5
1041	3.5
1059	4.0
1061	2.0
1073	4.0
1079	3.5
1088	3.5
1089	3.5
1092	3.5
1094	3.0
1097	3.0
1101	1.5
1103	3.5
1111	2.5
1120	3.5
1127	3.0
1129	2.0
1132	3.5
1136	3.5
1148	4.5
1172	2.0
1175	3.5
1183	2.0
1188	4.0
1196	3.0
1197	3.0
1198	3.5
1199	3.5
1200	3.5
1202	5.0
1204	4.0
1206	3.5
1207	4.0
1208	3.5
1210	3.0
1213	0.5
1214	4.5
1219	4.0
1220	1.5
1221	2.0
1222	3.5
1224	3.0
1225	3.5
1230	2.5
1231	2.5
1235	4.0
1240	3.5
1246	4.0
1247	4.0
1249	3.5
1250	3.5
1252	3.5
1253	3.0
1258	4.5
1259	2.5
1262	3.0
1263	2.0
1265	3.5
1267	3.5
1270	2.5
1271	1.0
1275	0.5
1277	2.0
1280	3.0
1282	3.5
1285	2.0
1287	2.0
1288	1.5
1291	3.5
1293	3.5
1298	3.0
1299	3.0
1301	3.0
1302	2.5
1306	3.0
1307	3.5
1320	3.5
1333	3.5
1334	3.0
1343	1.5
1356	3.0
1357	3.5
1358	2.0
1367	2.5
1370	1.0
1371	3.0
1372	3.0
1373	3.0
1374	3.0
1375	3.0
1376	3.0
1377	1.5
1380	3.5
1387	2.5
1391	4.5
1393	2.5
1394	1.5
1396	2.5
1407	2.5
1408	3.5
1411	4.0
1446	2.5
1466	0.5
1479	1.0
1485	1.5
1500	2.0
1517	3.5
1527	5.0
1544	4.5
1552	3.5
1562	1.0
1569	1.5
1573	3.0
1580	3.0
1584	3.5
1590	2.5
1591	3.0
1603	3.5
1608	2.5
1610	2.5
1617	3.5
1625	3.5
1641	3.5
1645	2.0
1653	3.0
1673	4.5
1674	4.0
1676	4.0
1678	3.0
1682	4.0
1690	3.0
1704	2.5
1721	2.5
1722	2.0
1729	1.5
1730	2.5
1747	1.5
1748	3.5
1762	3.5
1777	2.5
1779	3.5
1784	4.0
1831	1.0
1876	2.5
1909	3.0
1912	4.0
1917	2.5
1918	0.5
1921	3.0
1923	3.0
1924	3.5
1947	3.5
1953	3.5
1954	2.5
1955	3.0
1956	2.5
1957	3.5
1960	4.0
1961	3.5
1962	2.5
1997	2.5
2000	1.5
2001	1.0
2003	1.0
2006	2.5
2009	3.0
2010	3.0
2011	2.5
2012	2.5
2019	4.0
2020	3.5
2021	3.5
2023	2.5
2028	3.5
2058	2.0
2080	3.0
2081	4.0
2108	4.5
2116	3.0
2140	3.5
2161	2.0
2167	2.5
2173	3.5
2174	3.0
2202	3.0
2268	2.0
2273	1.5
2278	3.0
2291	4.0
2294	1.0
2302	2.5
2311	3.5
2313	3.5
2333	2.5
2336	4.0
2352	3.5
2353	2.0
2355	2.5
2393	3.0
2396	4.5
2406	1.5
2407	3.5
2424	1.5
2437	4.0
2442	4.5
2448	2.5
2454	3.5
2455	3.5
2470	2.5
2490	0.5
2501	2.5
2528	2.5
2529	4.0
2530	3.0
2542	0.5
2553	4.0
2571	2.5
2572	1.5
2599	1.0
2600	5.0
2605	3.5
2617	3.5
2628	1.0
2640	3.5
2657	4.5
2662	3.0
2664	3.0
2671	4.0
2672	3.0
2683	4.0
2692	1.5
2699	2.0
2701	0.5
2706	1.5
2710	2.5
2712	4.5
2716	3.5
2723	1.0
2724	1.0
2728	2.5
2729	3.5
2746	2.0
2762	4.0
2763	2.5
2770	1.5
2797	4.5
2827	3.0
2858	3.5
2890	1.0
2908	2.0
2912	3.0
2915	2.0
2916	4.0
2947	3.0
2959	3.5
2968	3.0
2985	3.0
2987	0.5
2997	5.0
3006	2.5
3039	2.5
3052	3.0
3060	3.5
3081	3.5
3082	2.5
3095	3.0
3101	4.0
3114	4.5
3147	1.5
3156	3.5
3160	4.0
3168	3.5
3175	4.5
3181	3.5
3256	3.5
3300	3.5
3317	3.5
3328	3.0
3362	3.5
3408	3.0
3418	4.5
3448	1.0
3451	4.0
3471	2.5
3481	2.0
3503	4.0
3527	2.5
3556	3.5
3578	4.5
3623	2.5
3638	3.0
3671	3.5
3702	3.5
3703	5.0
3704	2.5
3751	2.5
3753	1.5
3755	2.0
3793	3.0
3826	3.0
3863	4.0
3864	2.5
3897	5.0
3915	4.0
3927	3.0
3932	3.0
3948	2.0
3949	3.5
3967	4.0
3977	1.5
3981	3.5
3986	3.5
3993	3.5
3994	0.5
3996	4.5
4011	1.5
4022	3.0
4027	4.5
4034	3.5
4121	3.0
4178	2.5
4226	4.0
4235	3.5
4246	3.0
4292	3.0
4306	4.0
4308	4.5
4370	3.0
4427	4.0
4446	3.5
4638	3.0
4641	4.5
4848	4.0
4874	3.0
4878	3.0
4881	4.5
4896	4.0
4963	2.0
4973	4.5
4979	3.5
4993	5.0
4995	3.5
5008	2.5
5013	2.5
5034	3.5
5065	3.0
5171	2.5
5291	4.0
5349	2.5
5377	3.5
5378	1.0
5388	3.0
5445	3.0
5463	1.0
5478	4.0
5502	1.0
5617	4.5
5673	4.0
5679	2.5
5747	4.0
5791	4.0
5812	3.0
5853	3.0
5876	3.5
5881	4.0
5893	3.5
5903	3.0
5944	3.0
5952	4.5
5992	3.0
6016	4.5
6184	3.5
6250	3.5
6264	3.0
6294	3.5
6303	3.0
6305	3.0
6333	3.0
6365	2.0
6385	4.0
6461	2.5
6502	2.0
6534	2.5
6537	4.0
6539	3.5
6541	1.0
6552	4.0
6620	1.0
6659	2.5
6934	0.5
6942	3.0
6959	3.5
7001	2.5
7123	4.0
7143	3.5
7147	3.0
7149	2.5
7151	5.0
7153	5.0
7163	4.0
7254	3.0
7285	3.0
7360	2.0
7361	4.0
7438	3.5
7569	3.5
7698	3.5
7827	3.5
7842	2.5
8228	3.5
8644	4.0
8665	3.5
8783	4.5
8798	3.0
8880	4.0
