1	4.0
2	1.0
3	2.0
6	3.0
10	4.0
21	3.5
24	3.0
25	4.0
29	2.0
32	5.0
34	3.5
47	4.0
50	5.0
58	3.0
70	1.0
86	3.0
110	4.0
111	3.0
141	3.0
144	3.0
150	4.0
190	4.0
196	3.0
198	4.0
207	3.0
208	1.0
215	5.0
231	3.0
233	2.0
235	4.0
247	3.0
253	3.0
260	4.0
265	3.0
266	5.0
288	1.0
292	2.5
293	3.0
296	4.0
306	4.0
308	4.0
314	2.0
316	3.5
317	2.5
318	5.0
319	5.0
329	3.0
344	2.0
349	3.0
356	3.0
357	3.5
364	4.0
367	2.0
377	3.0
380	1.0
407	5.0
429	2.0
434	1.0
442	1.0
454	3.0
457	3.5
464	2.0
471	4.5
475	4.0
480	4.0
492	4.0
500	3.0
509	3.0
524	3.0
527	5.0
529	5.0
535	3.0
539	2.5
541	4.0
551	3.0
587	3.5
588	3.0
589	3.0
590	3.0
592	4.0
593	4.0
597	2.5
608	2.0
610	2.0
611	1.0
648	1.0
650	3.0
653	3.0
661	3.0
663	2.0
671	3.0
674	1.0
678	3.5
714	5.0
720	5.0
733	2.0
736	3.0
741	5.0
745	5.0
750	4.0
778	4.0
780	4.0
784	3.0
785	0.5
788	1.0
799	5.0
852	2.0
858	4.0
902	3.0
903	4.0
904	4.0
908	3.0
909	4.0
912	5.0
913	4.0
919	4.0
920	2.0
922	4.0
923	5.0
924	5.0
926	3.0
942	4.0
950	3.0
953	5.0
954	3.0
969	3.0
986	2.0
1021	2.0
1028	3.0
1035	2.0
1036	3.0
1041	3.0
1047	1.5
1049	2.0
1050	3.0
1060	4.0
1069	4.0
1073	3.0
1079	5.0
1080	3.0
1082	3.0
1084	3.0
1089	5.0
1090	3.0
1093	2.0
1095	4.0
1097	4.0
1104	4.0
1126	3.0
1127	4.0
1129	2.0
1136	5.0
1148	5.0
1171	3.0
1175	5.0
1179	5.0
1183	3.5
1188	1.0
1190	3.0
1193	4.0
1196	4.0
1197	2.0
1198	5.0
1199	5.0
1200	4.0
1201	4.0
1203	4.0
1204	5.0
1206	4.0
1208	4.0
1209	4.0
1210	3.5
1212	5.0
1213	2.0
1214	4.0
1215	2.0
1218	3.0
1219	3.0
1221	3.0
1222	4.0
1223	4.0
1224	4.0
1225	4.0
1227	3.0
1228	3.0
1230	2.0
1233	5.0
1234	4.0
1237	4.0
1240	3.0
1242	5.0
1243	5.0
1247	3.0
1248	3.0
1249	4.0
1250	4.0
1252	5.0
1253	3.0
1254	3.0
1257	4.0
1258	3.0
1259	5.0
1260	4.0
1262	3.0
1263	5.0
1265	3.0
1266	5.0
1267	5.0
1270	4.0
1272	3.0
1274	4.0
1275	1.0
1278	4.0
1282	4.0
1283	4.0
1284	4.0
1285	3.0
1286	3.0
1287	4.0
1288	5.0
1291	4.0
1292	4.0
1293	4.0
1299	3.0
1303	5.0
1304	4.0
1307	3.5
1321	4.0
1333	4.0
1348	4.0
1350	3.0
1358	5.0
1371	3.0
1372	3.0
1374	2.0
1375	2.0
1376	2.0
1377	2.0
1387	5.0
1391	2.0
1394	3.5
1396	3.0
1408	5.0
1411	3.5
1449	1.0
1464	4.0
1466	3.0
1500	4.0
1513	2.0
1527	4.0
1544	3.0
1552	3.0
1580	4.0
1584	4.0
1587	2.0
1606	1.0
1610	3.0
1617	3.0
1619	3.0
1625	3.5
1639	2.0
1641	3.0
1649	3.0
1653	5.0
1658	3.5
1674	4.0
1682	4.5
1704	4.0
1719	5.0
1721	2.0
1732	5.0
1748	4.0
1783	3.0
1806	3.0
1834	5.0
1845	5.0
1889	4.5
1894	1.0
1916	1.0
1917	2.0
1921	2.0
1923	2.0
1931	4.0
1936	5.0
1941	4.0
1944	4.0
1945	4.0
1949	5.0
1952	3.0
1953	4.0
1959	3.0
1961	4.5
1967	3.0
1968	4.0
1997	4.0
2000	4.0
2005	2.0
2010	4.0
2019	4.0
2021	4.0
2028	4.0
2054	2.0
2064	3.0
2066	3.5
2067	4.0
2081	3.5
2100	4.0
2105	3.0
2108	4.0
2109	3.5
2115	3.0
2116	4.0
2138	4.0
2139	3.0
2140	4.0
2143	1.0
2160	3.0
2173	1.0
2174	3.0
2182	3.5
2183	4.0
2186	3.0
2194	3.0
2232	4.0
2248	4.0
2253	1.0
2268	3.0
2288	4.0
2291	4.0
2294	3.0
2296	2.0
2300	3.0
2311	3.0
2312	3.0
2313	4.0
2324	4.0
2329	4.0
2330	5.0
2333	3.0
2336	4.0
2344	4.0
2346	2.5
2348	3.0
2355	4.0
2366	4.0
2369	1.0
2375	3.0
2395	4.0
2396	5.0
2405	3.0
2406	4.0
2414	3.0
2454	4.0
2455	4.0
2467	4.0
2470	4.0
2474	3.0
2490	4.0
2502	2.0
2528	2.0
2542	4.0
2571	5.0
2580	4.5
2594	5.0
2598	3.0
2599	4.0
2600	1.0
2617	3.0
2624	5.0
2628	3.0
2640	3.0
2641	2.0
2644	4.0
2648	4.0
2664	4.0
2672	4.0
2683	1.0
2686	4.0
2692	5.0
2699	2.0
2706	3.0
2707	3.0
2710	3.0
2712	3.0
2716	4.0
2719	2.0
2723	4.0
2728	5.0
2731	3.0
2734	5.0
2761	5.0
2762	5.0
2763	4.0
2769	3.0
2770	4.0
2772	3.0
2788	4.0
2791	3.0
2792	2.0
2797	4.0
2804	4.0
2822	2.0
2826	1.0
2827	1.0
2840	2.0
2841	2.0
2858	5.0
2871	3.0
2872	3.0
2881	1.0
2883	3.0
2890	4.0
2900	3.0
2912	3.0
2916	3.0
2917	3.5
2918	5.0
2959	5.0
2966	5.0
2968	4.0
2973	3.0
2987	3.0
2989	3.0
2997	5.0
3000	4.0
3004	4.0
3007	4.0
3016	4.0
3020	3.0
3022	5.0
3030	5.0
3035	4.0
3044	4.0
3053	1.0
3060	3.0
3070	3.0
3072	2.0
3081	3.0
3082	2.0
3095	4.0
3100	3.0
3114	4.0
3134	4.0
3147	4.0
3148	5.0
3152	3.0
3157	2.0
3159	3.0
3168	3.0
3175	3.0
3176	3.0
3185	3.0
3201	3.0
3203	4.0
3208	3.0
3219	3.0
3251	3.0
3260	4.0
3269	2.0
3285	4.0
3298	3.0
3300	2.0
3307	3.0
3317	4.0
3328	3.0
3342	4.0
3362	3.0
3364	4.0
3396	4.0
3412	3.0
3418	3.0
3424	3.0
3429	4.0
3435	5.0
3441	2.0
3448	3.0
3450	2.0
3461	5.0
3466	4.0
3467	4.0
3468	3.0
3469	4.0
3471	4.0
3476	4.0
3477	2.0
3479	5.0
3481	5.0
3489	2.0
3494	3.0
3503	4.0
3504	4.0
3507	3.0
3508	4.0
3510	4.0
3535	1.0
3536	3.0
3555	4.0
3556	1.0
3576	4.0
3578	4.0
3623	2.0
3629	4.0
3654	4.0
3668	4.0
3676	4.0
3683	4.0
3698	1.0
3699	3.0
3702	4.0
3703	5.0
3704	3.0
3706	2.0
3727	2.0
3730	4.0
3740	1.5
3741	3.0
3742	4.0
3751	4.0
3753	3.0
3755	3.0
3783	3.5
3788	3.0
3793	3.0
3798	3.0
3871	3.0
3893	3.0
3896	1.0
3897	4.0
3910	4.0
3916	3.0
3917	4.0
3918	2.0
3932	3.0
3948	3.0
3949	2.0
3967	4.0
3968	3.0
3969	5.0
3972	3.0
3977	2.0
3993	2.0
3994	4.0
3996	5.0
4002	5.0
4007	3.0
4008	2.0
4011	4.0
4014	3.0
4022	4.0
4027	4.0
4029	4.5
4031	3.5
4034	4.0
4062	2.0
4085	3.5
4178	4.0
4226	5.0
4234	1.0
4306	4.0
4308	0.5
4327	3.5
4370	4.0
4406	3.0
4437	3.0
4446	2.0
4447	3.0
4452	4.0
4467	5.0
4720	4.0
4744	4.0
4745	3.5
4776	4.0
4783	4.0
4848	3.0
4865	3.0
4873	3.0
4874	3.0
4878	5.0
4886	4.0
4896	4.0
4911	3.0
4914	2.0
4915	4.0
4963	4.0
4973	4.0
4975	4.0
4979	4.0
4993	5.0
4995	4.0
5010	3.5
5013	2.0
5014	2.0
5015	4.0
5016	4.0
5017	4.0
5026	2.0
5047	4.0
5060	3.0
5110	0.5
5171	3.0
5218	4.0
5265	2.0
5266	4.0
5291	5.0
5293	4.0
5294	3.0
5299	3.0
5319	4.5
5349	4.0
5377	3.0
5378	3.0
5388	4.0
5418	4.0
5419	3.0
5445	4.0
5463	4.0
5464	4.0
5502	4.0
5528	4.0
5577	4.0
5602	4.0
5618	3.5
5630	4.0
5667	4.0
5669	5.0
5679	4.0
5690	4.0
5747	4.5
5782	3.5
5816	3.0
5902	3.5
5952	4.0
5954	3.0
5989	3.5
5991	1.0
5995	4.5
6016	4.0
6062	5.0
6104	4.5
6170	3.5
6187	1.0
6250	1.0
6323	4.0
6331	3.5
6365	3.5
6377	4.5
6385	4.0
6440	4.5
6539	4.0
6552	4.5
6565	3.5
6617	3.5
6695	4.0
6708	4.0
6711	3.5
6777	3.5
6807	3.5
6870	4.0
6873	4.5
6874	1.0
6879	4.0
6934	3.0
6947	4.0
6953	3.5
7063	3.5
7090	3.5
7139	4.0
7143	3.0
7147	4.5
7153	5.0
7156	4.5
7158	5.0
7160	1.5
7162	0.5
7173	2.0
7256	4.5
7347	3.0
7361	4.5
7373	4.5
7502	3.5
7766	4.0
8014	4.5
8228	3.5
8368	4.0
8464	4.0
8622	4.5
8638	3.5
8665	3.0
8783	4.5
8874	4.5
8914	4.5
8949	4.0
8961	4.0
9018	3.5
26614	4.0
27611	3.0
30707	4.0
32587	1.0
33166	4.0
33493	1.0
33794	3.0
38038	4.0
38061	4.5
40583	4.5
41566	1.0
41716	4.0
41997	4.5
44191	2.0
44555	4.0
46578	3.5
48043	1.5
48394	3.5
48516	2.5
48774	4.0
48780	5.0
50872	3.5
53550	3.0
54286	3.0
55820	4.5
58559	2.5
60069	4.0
63072	4.0
68237	3.5
68954	4.0
70286	3.5
76093	3.5
77658	3.5
78499	4.0
79132	5.0
84601	2.0
85414	2.5
88744	3.0
96610	5.0
97752	1.0
104841	5.0
104879	1.5
105844	3.5
106920	3.0
109487	4.5
112556	4.0
