1	3.0
2	3.0
5	1.5
7	3.0
8	2.0
10	3.0
11	3.0
12	1.5
15	1.5
17	3.0
18	4.0
19	0.5
20	1.5
21	1.5
22	2.0
23	2.5
24	3.0
31	1.5
32	3.0
34	3.0
39	3.5
41	4.0
44	3.0
45	2.5
47	3.0
48	0.5
50	4.0
57	3.0
62	2.0
65	0.5
70	2.0
73	2.5
86	3.5
88	0.5
92	0.5
93	0.5
95	2.5
104	2.0
107	3.0
110	3.0
111	3.0
113	1.5
126	1.0
135	4.0
141	3.5
145	1.5
147	4.0
150	3.0
151	3.0
153	2.5
158	3.0
160	2.5
161	3.0
163	3.5
165	2.0
168	3.0
170	4.0
172	1.0
173	0.5
180	4.0
181	0.5
185	1.5
188	3.5
196	1.5
198	2.5
203	1.0
204	2.0
208	2.0
216	1.5
223	4.0
224	3.5
239	0.5
252	3.5
253	3.5
256	0.5
257	2.0
260	4.0
262	4.0
265	3.0
266	2.5
267	0.5
275	3.0
288	1.5
292	3.5
293	4.0
296	3.0
303	3.0
316	3.0
317	2.5
318	4.0
319	4.5
327	3.0
328	2.0
329	0.5
332	0.5
333	0.5
337	4.0
339	2.0
342	2.0
344	0.5
345	2.0
349	2.5
350	4.0
351	3.0
353	4.0
356	0.5
357	3.0
362	3.0
364	4.5
366	3.0
367	3.5
372	3.0
374	1.0
377	2.0
379	1.5
380	3.0
393	2.0
405	1.0
410	3.0
413	3.0
419	0.5
420	0.5
423	3.5
432	2.0
434	2.0
435	2.5
440	2.0
441	3.0
454	4.5
455	3.0
457	3.0
471	5.0
480	3.0
485	3.0
491	2.5
493	2.0
497	1.5
500	3.0
514	3.5
516	3.0
520	3.0
527	3.0
529	4.0
531	3.5
532	3.0
538	3.0
539	2.0
541	3.5
542	1.0
543	2.5
546	0.5
550	2.0
551	3.5
552	3.5
562	3.0
586	1.5
587	2.5
588	3.5
589	3.5
590	1.5
592	3.0
593	4.0
594	2.5
595	3.0
596	1.5
597	3.0
606	0.5
609	1.0
611	0.5
616	2.5
628	3.0
640	3.5
648	3.0
653	2.0
667	0.5
671	3.0
673	2.5
688	0.5
694	1.5
708	3.5
709	3.5
719	0.5
720	4.0
724	3.0
733	3.5
735	3.0
736	3.5
741	4.0
743	3.0
750	4.0
761	0.5
762	0.5
778	4.0
780	2.5
783	0.5
784	0.5
788	1.5
799	3.5
802	1.0
808	4.0
833	0.5
835	3.0
836	2.0
837	4.0
839	3.0
842	2.0
858	4.5
903	3.0
908	3.0
914	4.0
919	0.5
924	3.0
934	3.0
968	3.0
998	2.0
999	1.5
1005	1.5
1009	3.0
1012	1.0
1013	3.0
1015	2.5
1016	2.5
1017	3.0
1018	3.0
1020	0.5
1021	0.5
1022	3.0
1023	3.0
1025	4.0
1027	3.0
1028	2.0
1029	1.5
1030	3.0
1031	3.5
1032	1.5
1033	3.5
1034	2.0
1035	3.5
1036	2.5
1037	2.0
1047	1.5
1050	1.5
1059	4.0
1061	3.0
1064	2.0
1073	2.0
1079	4.0
1080	3.5
1086	3.0
1088	3.5
1090	4.0
1091	3.0
1101	1.0
1104	2.0
1120	1.5
1126	1.0
1127	3.0
1129	2.0
1135	1.5
1136	4.5
1148	4.0
1186	3.0
1188	3.0
1196	4.0
1197	4.0
1198	5.0
1199	1.0
1200	2.0
1203	3.0
1207	2.0
1208	3.5
1210	3.5
1214	3.0
1215	5.0
1219	3.0
1220	1.0
1221	3.0
1222	3.0
1223	4.0
1224	3.0
1225	3.0
1235	2.5
1240	3.0
1243	3.0
1246	4.0
1249	4.0
1258	3.0
1259	3.5
1261	3.5
1263	2.5
1265	2.5
1268	3.5
1270	3.5
1271	3.5
1272	2.5
1274	2.0
1275	2.0
1277	0.5
1278	4.0
1282	2.0
1285	4.5
1291	5.0
1293	2.5
1297	4.0
1302	3.0
1307	3.0
1320	2.5
1333	2.0
1334	3.0
1339	3.5
1340	2.0
1342	2.0
1345	2.5
1346	2.5
1347	2.5
1350	3.0
1355	2.0
1356	2.0
1367	3.5
1370	2.0
1371	2.5
1372	2.0
1374	1.5
1375	1.5
1376	2.5
1377	3.0
1380	1.5
1381	2.0
1385	3.0
1387	2.0
1391	2.5
1393	3.0
1396	1.5
1407	3.0
1408	1.0
1409	0.5
1411	3.5
1416	1.0
1422	1.0
1438	3.0
1441	3.0
1460	2.0
1466	3.0
1479	2.0
1485	2.0
1488	2.5
1499	1.0
1500	4.5
1517	3.0
1527	3.5
1541	3.5
1544	2.5
1552	3.5
1562	3.0
1569	0.5
1573	1.5
1580	2.5
1584	3.0
1586	2.0
1587	2.0
1588	3.5
1590	1.5
1591	1.0
1605	2.5
1606	0.5
1608	1.5
1610	3.5
1616	2.0
1623	2.5
1629	3.0
1639	3.0
1641	3.0
1644	1.5
1645	3.0
1646	2.5
1653	0.5
1655	1.5
1658	2.0
1663	3.0
1674	3.5
1676	3.0
1681	2.0
1687	2.0
1688	2.5
1690	2.5
1702	2.0
1704	4.0
1707	0.5
1711	2.0
1713	0.5
1717	2.5
1721	2.5
1722	3.0
1732	3.0
1747	3.0
1754	1.5
1760	2.5
1772	1.5
1777	3.0
1779	0.5
1784	4.0
1801	0.5
1805	3.5
1816	1.0
1831	2.0
1862	1.0
1866	3.0
1873	2.0
1876	0.5
1882	2.0
1885	3.5
1892	4.0
1894	3.0
1895	2.0
1907	3.5
1909	3.0
1911	2.0
1917	3.0
1918	3.0
1921	3.0
1927	2.5
1947	3.0
1948	2.0
1949	2.5
1954	0.5
1960	2.5
1961	4.0
1962	3.0
1966	3.0
1967	5.0
1968	3.5
1974	2.5
1980	0.5
1982	4.0
1991	1.5
1992	0.5
1993	0.5
1994	3.5
1995	2.0
1996	1.5
1997	2.0
2000	3.5
2001	2.0
2002	3.5
2003	3.5
2004	0.5
2005	4.5
2006	3.5
2011	2.0
2012	1.0
2015	2.5
2018	0.5
2019	5.0
2020	4.0
2021	1.5
2023	3.0
2026	3.0
2028	1.5
2033	4.0
2036	1.5
2038	3.5
2042	1.0
2052	3.5
2054	3.0
2057	3.5
2058	1.5
2059	2.5
2072	3.5
2080	2.5
2081	2.5
2082	3.0
2083	3.0
2085	4.0
2087	3.0
2089	4.0
2090	4.0
2091	3.5
2094	2.5
2096	3.0
2097	3.5
2100	2.5
2107	3.0
2109	2.5
2114	3.0
2115	5.0
2117	3.0
2120	2.0
2122	1.5
2123	2.5
2124	3.0
2125	3.5
2126	2.0
2133	3.5
2134	2.5
2137	1.5
2139	5.0
2140	3.0
2142	1.0
2143	3.5
2144	4.0
2145	4.0
2146	2.5
2153	0.5
2155	4.0
2160	3.0
2161	5.0
2162	3.0
2167	3.0
2174	3.5
2193	4.0
2232	2.5
2248	3.5
2253	3.5
2273	1.0
2275	4.0
2278	1.0
2279	2.0
2282	3.0
2291	3.0
2297	1.0
2301	3.5
2302	4.0
2315	0.5
2316	2.0
2321	3.0
2325	1.5
2328	3.0
2329	4.0
2338	0.5
2353	0.5
2366	1.5
2371	3.0
2372	2.0
2378	3.0
2379	0.5
2380	0.5
2384	2.5
2387	2.5
2393	1.5
2396	4.0
2402	0.5
2405	3.5
2406	3.0
2407	2.5
2420	3.0
2421	2.0
2422	0.5
2424	1.5
2428	3.5
2431	1.0
2437	2.5
2447	3.0
2450	3.0
2454	2.0
2455	1.5
2463	3.5
2468	2.0
2470	1.5
2471	2.0
2478	3.0
2485	2.5
2490	1.5
2491	1.0
2496	2.0
2500	3.0
2502	3.0
2505	2.5
2539	2.5
2541	3.5
2542	4.0
2548	2.0
2549	1.5
2550	3.0
2558	0.5
2560	3.0
2568	1.0
2571	4.0
2572	4.0
2580	1.5
2596	4.5
2598	3.0
2599	3.0
2600	0.5
2605	3.5
2606	4.0
2616	1.0
2617	4.0
2628	1.0
2640	2.0
2657	3.5
2664	2.5
2668	1.5
2671	1.5
2683	2.0
2692	4.5
2699	3.0
2700	1.5
2701	0.5
2702	1.5
2709	3.0
2713	4.0
2716	4.0
2717	1.0
2719	1.5
2722	3.5
2724	0.5
2739	2.5
2746	3.5
2747	4.0
2761	1.0
2762	4.5
2763	2.0
2782	3.0
2787	2.5
2791	3.0
2797	2.0
2803	2.5
2804	3.5
2805	2.5
2808	1.5
2815	3.0
2817	0.5
2822	3.5
2826	4.5
2836	3.0
2840	3.0
2841	3.5
2857	4.0
2858	3.5
2863	4.5
2871	2.0
2872	1.0
2881	3.0
2883	3.0
2888	3.0
2889	2.0
2890	3.0
2891	1.0
2915	2.5
2916	0.5
2918	4.0
2924	3.0
2926	3.0
2942	4.0
2946	5.0
2947	3.5
2948	3.0
2949	3.0
2950	2.0
2951	1.5
2953	1.5
2959	3.0
2968	4.5
2976	3.5
2978	2.0
2985	1.0
2986	0.5
2987	2.0
2995	2.0
3000	4.5
3005	4.0
3033	4.0
3034	3.0
3039	3.0
3040	1.5
3052	3.5
3063	2.0
3072	2.5
3081	4.0
3082	3.5
3087	4.5
3088	5.0
3095	1.0
3107	0.5
3114	1.5
3156	1.5
3157	2.0
3159	3.0
3160	3.0
3175	3.5
3186	3.0
3210	3.5
3243	3.5
3247	3.0
3253	1.0
3254	0.5
3255	2.5
3256	3.0
3257	1.5
3258	1.0
3264	4.0
3267	3.0
3269	2.0
3271	1.5
3273	1.5
3275	5.0
3287	3.0
3298	2.0
3300	5.0
3301	4.0
3317	4.0
3391	2.0
3392	2.0
3396	3.5
3397	3.5
3398	4.0
3408	3.0
3409	2.0
3418	3.0
3421	3.5
3438	0.5
3439	0.5
3444	2.5
3448	4.0
3450	2.0
3452	2.0
3471	3.5
3476	3.5
3477	4.0
3478	2.5
3479	4.0
3481	4.5
3484	3.0
3489	3.0
3510	3.5
3527	1.5
3552	4.0
3556	3.0
3578	4.5
3581	3.5
3594	3.0
3598	3.0
3608	2.0
3623	1.5
3624	2.5
3660	1.0
3671	4.0
3686	3.0
3699	4.0
3702	4.0
3703	3.0
3704	4.0
3708	3.5
3717	2.0
3723	1.5
3740	2.5
3745	3.0
3751	3.0
3753	1.5
3755	2.5
3784	1.0
3785	1.0
3786	3.5
3791	3.5
3793	3.5
3802	1.0
3809	2.0
3825	2.0
3826	1.0
3827	3.0
3835	2.0
3844	3.0
3857	1.5
3861	3.0
3863	3.0
3864	2.0
3868	0.5
3869	0.5
3877	0.5
3882	1.5
3889	2.5
3896	2.0
3897	5.0
3911	3.0
3917	2.5
3949	4.0
3967	4.0
3968	0.5
3969	2.0
3972	3.0
3977	1.0
3979	2.5
3980	3.0
3984	3.0
3994	2.5
3996	4.5
3997	1.0
3999	2.0
4002	3.0
4011	4.0
4014	4.0
4015	3.0
4016	4.0
4018	2.5
4019	3.0
4025	3.0
4027	4.0
4030	3.5
4034	4.0
4040	3.5
4052	1.5
4054	2.0
4080	3.0
4084	1.5
4085	2.0
4103	2.0
4104	2.5
4105	4.0
4121	1.5
4128	4.0
4132	3.0
4133	3.0
4143	2.0
4148	3.5
4155	1.5
4158	3.0
4178	0.5
4205	3.5
4207	3.0
4226	3.5
4228	2.5
4232	3.0
4246	2.0
4248	2.0
4270	4.0
4275	1.5
4299	3.5
4306	3.0
4308	4.0
4310	2.0
4321	1.5
4333	1.5
4343	3.0
4344	3.5
4349	3.0
4351	3.0
4366	2.0
4367	0.5
4368	1.0
4369	3.0
4370	0.5
4372	2.0
4380	4.0
4386	1.5
4387	2.0
4427	3.0
4446	1.0
4447	3.0
4448	3.0
4474	2.5
4480	1.5
4487	3.5
4492	2.0
4519	3.0
4526	2.5
4541	1.5
4544	1.0
4545	3.0
4571	3.5
4587	3.0
4616	3.0
4623	1.5
4624	2.0
4638	1.5
4639	3.0
4641	0.5
4643	1.0
4673	2.5
4676	2.0
4677	2.5
4679	3.0
4682	0.5
4700	3.5
4701	1.0
4703	5.0
4720	3.0
4732	0.5
4734	3.0
4744	3.0
4748	3.0
4756	3.0
4757	1.0
4814	3.0
4816	3.0
4821	1.0
4823	1.5
4846	3.5
4857	3.0
4865	3.0
4876	3.0
4886	3.5
4887	2.5
4896	3.5
4901	2.5
4902	4.0
4915	3.0
4941	2.0
4954	4.5
4963	4.0
4973	3.5
4974	0.5
4979	4.0
4980	3.0
4993	3.0
5010	5.0
5013	3.5
5015	4.0
5026	5.0
5040	1.5
5064	3.0
5081	3.5
5092	3.5
5102	1.5
5103	3.0
5106	1.0
5111	2.0
5128	3.5
5139	3.0
5146	4.0
5151	3.0
5152	4.0
5159	2.0
5171	2.5
5218	3.5
5219	1.5
5222	1.5
5247	2.0
5254	2.0
5264	2.5
5265	4.0
5266	3.0
5299	3.0
5309	0.5
5313	3.0
5316	2.5
5349	3.0
5377	4.0
5378	2.5
5387	3.0
5400	2.0
5418	2.0
5419	3.0
5421	4.0
5444	5.0
5445	0.5
5459	0.5
5463	2.5
5479	0.5
5481	1.0
5502	2.5
5504	0.5
5507	3.5
5524	2.0
5528	4.0
5541	1.0
5574	2.5
5577	4.0
5617	3.5
5618	5.0
5630	3.0
5666	4.5
5782	3.0
5810	2.5
5816	4.0
5833	3.0
5843	3.5
5872	3.0
5900	0.5
5952	4.0
5956	2.5
5957	2.5
5959	2.0
5971	5.0
5989	1.0
5991	4.0
6016	3.0
6059	2.0
6093	5.0
6155	2.5
6156	2.0
6157	2.0
6170	3.5
6218	3.0
6266	2.0
6294	3.0
6303	3.5
6333	4.0
6365	3.0
6377	3.5
6378	3.5
6379	0.5
6380	3.0
6383	3.0
6385	5.0
6428	4.0
6484	3.0
6503	0.5
6534	0.5
6535	0.5
6537	1.5
6539	5.0
6541	1.0
6550	1.0
6586	0.5
6591	5.0
6593	3.0
6595	0.5
6615	0.5
6624	1.0
6659	3.5
6695	3.0
6709	3.0
6711	5.0
6743	1.0
6754	2.5
6755	5.0
6764	4.5
6793	3.0
6794	1.5
6820	3.0
6873	4.0
6874	3.5
6880	2.5
6881	2.5
6934	1.0
6944	3.0
6952	3.5
6959	1.0
6979	4.0
7004	3.5
7022	5.0
7036	2.5
7045	3.0
7090	5.0
7102	3.0
7143	3.5
7147	5.0
7153	4.0
7154	3.0
7161	1.5
7228	0.5
7263	3.0
7285	4.0
7324	4.5
7346	3.5
7360	4.0
7361	5.0
7362	3.5
7369	1.5
7373	5.0
7376	2.5
7380	3.5
7381	1.0
7438	3.5
7439	3.5
7445	4.5
7451	4.0
7454	4.0
7458	2.5
7460	3.0
7842	2.0
8360	2.0
8368	4.0
8371	3.5
8373	1.5
8464	4.5
8526	2.0
8636	4.0
8640	1.5
8665	4.0
8783	3.0
8784	5.0
8798	3.5
8808	3.0
8861	1.5
8865	4.0
8866	4.5
8947	0.5
8961	4.0
8977	0.5
8984	4.0
8985	1.5
27706	4.5
30810	3.0
30816	4.0
