6	4.5
9	3.5
10	3.5
12	1.5
16	4.5
19	2.0
20	3.5
21	4.5
22	3.0
25	3.5
29	4.5
32	5.0
34	3.0
39	2.5
42	2.0
44	2.0
47	4.5
50	4.5
65	0.5
70	4.0
71	1.5
95	2.5
100	2.5
104	1.5
105	3.0
110	4.5
111	5.0
112	3.5
122	1.5
132	2.5
141	2.0
145	2.0
147	3.5
150	3.5
153	3.5
160	3.0
161	3.5
163	4.5
165	4.0
168	2.0
170	2.5
172	3.0
173	3.0
180	3.0
185	3.0
193	2.0
196	3.0
198	4.0
204	2.5
208	3.5
225	3.0
227	3.0
231	3.5
252	3.0
256	1.5
257	2.5
260	5.0
273	2.5
288	3.5
292	3.5
293	4.0
296	4.5
300	2.5
303	3.5
316	4.0
318	5.0
319	3.0
327	3.5
329	2.5
337	3.5
338	2.0
342	3.0
344	2.5
349	3.5
350	3.0
353	3.5
355	2.0
356	4.0
357	2.5
367	3.0
368	3.5
370	2.0
376	3.0
377	3.0
379	3.5
380	3.5
382	3.5
393	1.5
405	1.5
419	2.0
420	2.5
423	3.0
427	2.5
434	3.0
442	3.5
454	3.0
455	2.5
457	3.5
466	2.5
471	4.0
474	3.5
475	4.0
480	3.5
485	3.0
491	3.0
494	3.5
502	2.0
517	3.5
519	1.0
520	1.5
532	3.5
533	3.5
540	1.5
541	5.0
546	1.5
548	2.5
552	3.0
555	4.0
586	2.5
587	3.0
589	4.0
590	3.0
592	3.5
593	4.5
597	2.0
605	2.5
611	1.0
647	2.0
648	3.0
653	3.5
673	2.0
694	3.5
724	3.0
733	3.0
736	3.0
737	2.0
742	3.5
743	1.5
748	3.0
750	4.5
761	2.5
765	3.0
778	4.5
780	3.0
782	2.5
784	2.0
785	3.5
786	3.5
788	3.5
798	3.0
799	3.5
805	3.0
832	3.0
840	1.5
842	3.0
858	5.0
861	3.5
866	3.5
879	2.5
880	3.5
903	4.0
904	4.0
908	4.0
924	3.5
968	3.5
996	2.0
1004	2.5
1027	4.0
1036	4.0
1037	3.0
1042	3.0
1047	3.0
1049	3.5
1059	2.5
1061	3.5
1077	4.5
1079	4.0
1080	4.5
1084	3.0
1089	4.0
1090	4.5
1091	3.0
1092	3.0
1093	4.0
1094	3.0
1095	4.5
1097	3.5
1100	2.5
1101	3.5
1120	2.5
1127	4.0
1128	4.0
1129	4.0
1136	5.0
1147	4.0
1183	3.5
1193	5.0
1196	5.0
1198	5.0
1199	4.0
1200	5.0
1201	5.0
1206	4.5
1208	4.0
1209	4.0
1210	3.5
1213	4.5
1214	5.0
1215	4.5
1218	4.0
1219	3.5
1220	5.0
1221	5.0
1222	4.0
1227	4.5
1233	5.0
1240	4.5
1241	4.0
1246	3.5
1249	4.0
1252	4.5
1255	4.0
1258	4.5
1261	4.5
1262	5.0
1263	4.0
1265	3.5
1266	5.0
1270	4.0
1272	3.0
1275	4.0
1288	3.5
1291	5.0
1303	4.5
1305	3.5
1320	3.5
1333	3.5
1339	3.0
1342	3.5
1343	4.0
1345	3.5
1347	4.0
1350	4.0
1356	3.5
1357	4.0
1359	2.0
1366	2.5
1370	2.5
1371	3.0
1372	4.5
1373	2.5
1374	4.5
1375	4.0
1376	4.0
1377	3.5
1378	3.0
1379	2.5
1382	3.0
1387	4.0
1388	2.0
1389	1.0
1391	3.0
1393	3.5
1396	4.0
1405	4.0
1407	3.5
1408	5.0
1427	2.5
1429	3.0
1431	1.0
1438	3.0
1459	3.5
1464	4.0
1466	3.5
1476	3.5
1479	3.0
1485	3.0
1487	2.5
1488	2.0
1497	3.0
1500	3.5
1513	2.0
1517	3.5
1527	3.0
1544	2.5
1552	2.5
1556	2.0
1562	2.0
1573	3.0
1580	4.0
1584	3.0
1587	5.0
1589	3.5
1590	3.5
1597	3.0
1605	1.5
1608	3.0
1610	3.5
1616	3.5
1617	4.0
1620	3.5
1625	3.5
1626	2.0
1627	4.0
1641	2.5
1644	3.0
1645	3.5
1653	3.5
1658	3.0
1663	3.5
1665	3.5
1672	3.5
1673	3.0
1674	3.5
1676	4.0
1682	2.0
1687	3.0
1690	3.0
1694	3.5
1704	3.0
1711	3.5
1717	2.5
1721	2.0
1722	3.0
1727	3.5
1729	3.5
1732	4.0
1735	2.5
1748	4.0
1752	2.5
1760	1.0
1772	2.5
1779	2.5
1784	3.5
1792	3.5
1799	3.5
1801	2.5
1805	3.5
1831	2.0
1833	3.0
1862	2.0
1866	3.0
1876	3.0
1882	2.5
1884	4.5
1889	3.5
1892	3.0
1895	3.0
1909	3.5
1912	3.5
1917	3.0
1918	3.0
1920	3.0
1921	3.5
1923	4.0
1953	4.0
1954	4.0
1960	3.5
1961	3.5
1965	3.5
1968	3.5
1969	2.0
1970	3.5
1971	2.5
1972	2.0
1982	4.0
1994	4.0
1995	3.5
1997	4.0
2000	4.0
2001	3.5
2002	3.0
2003	3.5
2004	3.0
2005	4.0
2006	3.5
2011	3.5
2012	2.5
2013	4.0
2021	3.0
2023	4.0
2025	2.5
2028	4.5
2058	3.0
2076	4.5
2082	1.5
2093	4.0
2094	3.5
2107	2.5
2109	4.0
2110	3.5
2115	4.0
2116	3.0
2119	3.5
2122	3.5
2126	2.0
2134	3.0
2153	1.0
2159	4.0
2167	4.5
2174	3.5
2193	3.5
2194	4.5
2232	4.0
2268	4.0
2269	3.0
2273	3.5
2278	4.0
2279	2.5
2288	4.0
2291	4.0
2294	3.5
2296	3.5
2302	3.5
2313	4.0
2316	2.5
2322	3.0
2329	4.5
2334	3.0
2335	1.0
2338	2.5
2340	3.0
2353	3.0
2355	3.0
2367	2.0
2371	3.0
2373	2.5
2376	3.5
2378	3.5
2379	3.0
2380	2.0
2381	1.5
2382	1.5
2383	1.5
2392	2.0
2393	3.0
2401	4.0
2402	3.5
2403	3.5
2404	3.0
2405	3.0
2406	4.0
2407	3.5
2408	3.0
2409	3.5
2410	3.0
2411	3.0
2412	1.5
2420	3.0
2421	2.5
2422	2.5
2424	2.0
2427	4.0
2428	3.0
2451	3.0
2454	3.0
2455	3.5
2456	2.5
2459	3.5
2467	4.0
2470	3.0
2471	2.5
2474	3.5
2476	3.0
2490	4.0
2502	3.5
2505	3.5
2517	3.0
2524	4.0
2527	3.5
2529	3.0
2542	4.5
2558	2.5
2560	4.0
2567	1.5
2571	3.5
2599	3.5
2605	3.0
2616	2.0
2617	3.5
2628	3.5
2640	4.0
2641	2.5
2642	2.0
2676	3.0
2683	2.5
2688	3.0
2694	1.0
2699	3.5
2700	2.0
2701	1.5
2706	3.0
2712	3.5
2716	4.5
2717	3.5
2719	2.5
2722	1.5
2728	4.5
2730	4.0
2735	2.5
2747	3.0
2748	3.0
2762	4.0
2770	3.0
2772	3.0
2789	3.0
2791	4.0
2792	2.5
2793	3.0
2797	3.0
2802	2.5
2803	3.0
2808	3.5
2826	3.5
2827	3.0
2858	3.5
2871	4.5
2872	5.0
2879	4.5
2881	3.0
2882	2.5
2890	4.0
2908	3.5
2912	4.5
2916	4.5
2918	4.0
2921	3.5
2922	4.0
2924	3.5
2944	4.0
2947	4.0
2948	3.0
2949	3.5
2950	2.5
2951	4.0
2953	1.0
2959	4.5
2985	5.0
2986	3.0
2987	4.0
2989	3.0
2990	3.0
2991	3.5
2993	3.5
2995	3.0
2997	3.5
3005	2.5
3006	4.0
3017	3.0
3018	4.0
3020	4.0
3033	3.5
3039	4.5
3052	2.0
3053	2.0
3081	4.0
3082	3.0
3087	2.5
3104	3.5
3107	3.5
3113	3.5
3120	3.5
3147	4.0
3156	3.0
3168	3.5
3173	3.5
3174	3.5
3175	2.5
3186	3.5
3197	3.5
3198	4.5
3203	3.0
3204	4.0
3247	2.5
3249	3.5
3252	4.0
3253	3.0
3254	2.5
3256	3.5
3257	2.0
3258	3.0
3262	4.0
3263	2.0
3265	3.5
3271	3.5
3272	4.5
3273	2.0
3285	2.0
3327	3.5
3354	2.5
3355	4.0
3363	3.0
3386	4.0
3388	3.0
3408	2.5
3418	3.5
3421	4.0
3424	2.0
3438	2.5
3439	2.5
3440	2.5
3452	2.0
3471	3.5
3476	3.5
3498	4.5
3499	3.0
3505	3.0
3508	4.0
3510	3.0
3525	3.5
3527	4.5
3529	3.5
3534	2.5
3535	2.5
3555	2.5
3556	4.0
3576	2.5
3578	3.5
3617	2.0
3623	3.0
3624	3.5
3633	2.5
3635	3.0
3638	3.5
3639	3.0
3660	3.0
3671	3.5
3681	4.5
3682	4.0
3684	3.0
3685	3.5
3688	3.5
3693	4.0
3697	3.0
3698	3.5
3702	4.0
3703	5.0
3704	3.0
3717	2.5
3723	2.5
3729	3.0
3740	4.5
3741	4.0
3744	2.5
3752	3.0
3760	1.5
3763	3.0
3769	3.5
3785	2.0
3793	3.5
3798	3.5
3802	3.0
3821	2.5
3825	2.0
3826	2.5
3827	3.0
3836	3.5
3868	4.5
3869	3.5
3873	3.5
3877	3.0
3897	3.5
3917	4.0
3918	3.5
3919	3.0
3946	2.0
3947	3.5
3948	3.5
3949	4.0
3977	1.5
3978	3.5
3979	0.5
3981	3.0
3984	4.0
3986	3.5
3994	4.0
3996	3.5
3997	1.0
4002	4.0
4005	3.5
4008	3.5
4010	3.0
4011	4.5
4014	3.0
4015	1.0
4018	3.0
4022	3.0
4027	3.5
4033	3.5
4034	4.5
4041	2.5
4061	3.5
4084	3.5
4085	4.5
4091	2.0
4104	2.0
4105	4.5
4121	3.5
4124	1.0
4128	4.0
4133	3.0
4148	3.0
4161	2.5
4210	3.5
4226	4.0
4228	3.5
4239	3.5
4254	2.0
4262	5.0
4265	0.5
4270	3.0
4299	2.5
4310	2.5
4326	4.0
4327	4.0
4333	2.5
4343	2.5
4351	3.0
4367	3.0
4369	2.0
4387	3.0
4396	3.5
4407	4.5
4443	3.5
4446	2.5
4448	3.5
4480	2.5
4487	3.0
4489	3.5
4492	3.5
4506	3.5
4531	3.5
4541	3.5
4545	2.0
4558	3.5
4571	3.0
4572	3.5
4623	2.5
4624	3.0
4643	2.0
4654	2.5
4673	2.0
4678	3.5
4679	3.0
4681	3.5
4701	3.5
4718	1.5
4720	4.0
4727	3.0
4754	3.5
4757	2.5
4776	3.5
4816	0.5
4848	4.0
4855	4.5
4865	4.5
4874	4.0
4878	3.5
4901	3.5
4911	3.0
4915	3.0
4941	3.5
4951	4.0
4963	3.5
4993	4.0
4995	4.0
5010	3.5
5015	3.0
5027	3.5
5040	2.5
5049	4.5
5093	3.0
5171	3.5
5247	3.0
5254	3.5
5293	3.0
5308	2.0
5309	1.5
5313	2.0
5349	4.0
5378	4.0
5388	3.5
5410	4.0
5418	3.5
5445	3.0
5459	3.0
5500	4.5
5502	3.0
5507	1.0
5522	4.0
5540	3.5
5541	3.5
5630	3.5
5679	4.0
5747	4.0
5782	4.5
5785	3.5
5853	3.0
5903	3.5
5944	3.0
5945	3.5
5952	4.5
5959	3.5
5995	4.5
6016	4.0
6059	3.0
6104	4.0
6281	2.5
6305	3.5
6323	3.5
6333	3.5
6365	3.0
6373	2.5
6378	3.0
6440	3.5
6502	3.0
6537	3.5
6539	4.0
6564	2.0
6587	1.0
6659	4.0
6662	3.5
6664	5.0
6707	4.0
6709	3.5
6711	3.5
6731	4.0
6764	3.0
6796	2.5
6800	2.5
6807	3.5
6808	4.0
6870	4.5
6874	4.0
6934	1.0
6944	1.5
6947	4.0
6979	3.5
6996	3.0
7000	2.5
7004	2.5
7027	4.0
7076	3.5
7090	2.5
7101	2.0
7102	3.5
7143	3.0
7153	4.5
7318	4.5
7347	3.5
7360	3.5
7373	3.5
7419	3.5
7438	3.0
7454	2.0
7458	3.5
7482	3.5
7836	2.5
8207	3.5
8340	4.5
8387	1.5
8581	3.0
8633	4.0
8636	3.5
8665	4.0
8666	1.5
8798	3.5
8810	2.0
8874	3.0
8947	3.5
8950	3.5
8957	4.0
8984	3.5
30707	4.5
32587	4.5
33162	3.5
33493	4.0
36401	4.0
39446	4.0
40583	4.0
44191	4.0
