1	5.0
2	3.0
3	3.0
5	3.0
6	5.0
7	4.0
10	5.0
11	5.0
14	5.0
16	5.0
17	5.0
19	2.0
21	5.0
22	5.0
25	5.0
32	5.0
34	5.0
36	5.0
39	4.0
45	5.0
47	5.0
48	4.0
50	5.0
52	4.0
58	5.0
62	5.0
70	4.0
95	4.0
104	3.0
105	5.0
110	5.0
111	5.0
112	3.0
135	4.0
141	5.0
145	3.0
150	5.0
151	5.0
153	5.0
158	3.0
160	3.0
161	4.0
163	3.0
165	4.0
168	2.0
170	2.0
172	3.0
173	3.0
185	3.0
186	3.0
193	5.0
196	3.0
204	4.0
208	4.0
215	5.0
216	2.0
222	4.0
223	5.0
224	3.0
225	4.0
231	4.0
232	5.0
235	5.0
236	4.0
237	3.0
239	3.0
246	5.0
247	5.0
252	4.0
253	3.0
256	2.0
260	5.0
261	4.0
266	5.0
272	5.0
273	4.0
288	4.0
292	3.0
296	5.0
300	5.0
303	4.0
306	5.0
307	5.0
308	5.0
315	3.0
316	4.0
317	3.0
318	5.0
329	3.0
337	4.0
339	3.0
342	5.0
344	4.0
345	5.0
348	5.0
349	5.0
350	3.0
353	3.0
355	4.0
356	5.0
357	5.0
364	4.0
367	4.0
368	4.0
370	3.0
372	4.0
376	4.0
377	5.0
380	5.0
410	5.0
420	2.0
428	5.0
432	2.0
434	4.0
435	2.0
440	5.0
442	3.0
454	4.0
455	3.0
457	4.0
466	3.0
468	4.0
471	5.0
474	5.0
475	4.0
480	5.0
485	3.0
494	5.0
497	4.0
500	4.0
508	5.0
509	5.0
515	5.0
517	4.0
520	3.0
527	5.0
531	4.0
532	3.0
535	5.0
539	4.0
541	5.0
543	3.0
546	1.0
551	5.0
552	3.0
553	3.0
585	3.0
586	3.0
587	3.0
588	5.0
589	5.0
590	5.0
592	5.0
593	5.0
594	5.0
595	5.0
596	5.0
597	4.0
608	5.0
616	4.0
628	4.0
647	4.0
648	5.0
653	4.0
661	5.0
673	3.0
708	5.0
719	3.0
733	4.0
736	4.0
750	5.0
762	2.0
778	5.0
780	5.0
782	3.0
783	5.0
784	3.0
786	4.0
788	3.0
799	3.0
800	5.0
802	3.0
805	4.0
832	4.0
849	3.0
852	5.0
858	5.0
866	5.0
898	5.0
899	5.0
902	5.0
903	5.0
904	5.0
908	5.0
910	5.0
911	4.0
912	5.0
913	5.0
914	5.0
919	5.0
920	5.0
923	5.0
924	5.0
926	5.0
934	5.0
936	4.0
953	5.0
955	5.0
969	5.0
971	5.0
1019	4.0
1022	5.0
1025	4.0
1027	3.0
1028	5.0
1029	5.0
1032	4.0
1035	5.0
1036	5.0
1042	5.0
1047	4.0
1059	5.0
1061	3.0
1073	4.0
1077	5.0
1079	5.0
1080	5.0
1084	5.0
1088	4.0
1089	5.0
1090	5.0
1092	4.0
1093	3.0
1094	5.0
1097	5.0
1101	3.0
1120	5.0
1127	5.0
1129	4.0
1136	5.0
1172	5.0
1183	5.0
1193	5.0
1196	5.0
1197	5.0
1198	5.0
1199	5.0
1200	5.0
1201	5.0
1203	5.0
1204	5.0
1206	5.0
1207	5.0
1208	5.0
1210	4.0
1213	5.0
1214	5.0
1215	5.0
1217	5.0
1219	5.0
1220	4.0
1221	5.0
1222	5.0
1225	5.0
1226	5.0
1228	5.0
1230	5.0
1233	5.0
1234	5.0
1240	5.0
1242	5.0
1244	5.0
1246	5.0
1247	5.0
1248	5.0
1250	5.0
1252	5.0
1258	5.0
1259	5.0
1262	5.0
1263	5.0
1265	5.0
1266	5.0
1267	5.0
1270	5.0
1272	5.0
1276	5.0
1278	5.0
1282	5.0
1285	5.0
1287	5.0
1288	5.0
1291	4.0
1293	5.0
1299	5.0
1302	5.0
1304	5.0
1307	5.0
1320	3.0
1321	5.0
1333	5.0
1339	5.0
1343	5.0
1345	3.0
1354	5.0
1356	5.0
1357	5.0
1358	5.0
1367	3.0
1370	5.0
1371	4.0
1374	5.0
1375	5.0
1376	5.0
1377	5.0
1380	5.0
1387	5.0
1391	4.0
1393	4.0
1394	5.0
1405	3.0
1407	3.0
1408	5.0
1416	3.0
1422	3.0
1457	4.0
1485	3.0
1500	4.0
1513	3.0
1517	3.0
1526	2.0
1527	4.0
1544	5.0
1552	3.0
1562	3.0
1566	3.0
1569	4.0
1573	4.0
1580	5.0
1584	5.0
1587	5.0
1597	2.0
1608	5.0
1610	5.0
1617	5.0
1625	4.0
1635	5.0
1641	4.0
1645	5.0
1653	5.0
1658	3.0
1673	5.0
1674	5.0
1676	5.0
1681	1.0
1682	5.0
1690	3.0
1693	5.0
1704	5.0
1721	5.0
1722	4.0
1729	5.0
1732	5.0
1747	5.0
1748	5.0
1784	5.0
1801	3.0
1805	3.0
1821	4.0
1835	3.0
1873	4.0
1876	3.0
1907	5.0
1909	4.0
1911	3.0
1917	3.0
1918	4.0
1923	4.0
1947	5.0
1953	5.0
1954	5.0
1960	5.0
1961	5.0
1962	5.0
1968	5.0
1994	5.0
1997	5.0
2000	5.0
2001	5.0
2002	4.0
2003	5.0
2006	4.0
2011	4.0
2012	5.0
2014	3.0
2018	5.0
2019	5.0
2020	5.0
2023	4.0
2028	5.0
2033	3.0
2054	5.0
2058	4.0
2064	4.0
2076	5.0
2078	5.0
2080	5.0
2081	5.0
2084	3.0
2085	5.0
2087	4.0
2096	3.0
2099	4.0
2100	4.0
2105	4.0
2108	5.0
2115	4.0
2124	4.0
2125	4.0
2150	4.0
2161	5.0
2167	4.0
2174	4.0
2194	5.0
2268	5.0
2273	4.0
2288	5.0
2291	4.0
2294	5.0
2302	4.0
2321	5.0
2324	4.0
2329	5.0
2336	5.0
2353	5.0
2355	5.0
2356	3.0
2366	5.0
2376	3.0
2389	4.0
2391	5.0
2395	5.0
2396	5.0
2406	4.0
2420	3.0
2424	4.0
2427	5.0
2455	5.0
2470	4.0
2529	5.0
2539	4.0
2541	3.0
2546	3.0
2571	5.0
2572	3.0
2599	5.0
2605	3.0
2617	5.0
2628	4.0
2640	5.0
2641	5.0
2642	1.0
2643	2.0
2657	4.0
2671	4.0
2683	4.0
2687	4.0
2690	5.0
2692	5.0
2694	2.0
2699	5.0
2700	4.0
2701	2.0
2706	4.0
2707	2.0
2710	5.0
2712	5.0
2716	4.0
2717	3.0
2719	1.0
2723	3.0
2724	3.0
2746	4.0
2761	5.0
2762	5.0
2763	4.0
2764	5.0
2770	5.0
2791	5.0
2797	5.0
2803	3.0
2804	5.0
2858	5.0
2890	4.0
2908	5.0
2916	5.0
2918	5.0
2944	4.0
2947	5.0
2948	5.0
2949	5.0
2959	5.0
2968	5.0
2970	5.0
2973	5.0
2985	4.0
2987	5.0
2989	3.0
2990	4.0
2991	3.0
2993	3.0
2997	5.0
3000	5.0
3004	2.0
3005	3.0
3006	5.0
3033	4.0
3034	4.0
3052	4.0
3081	3.0
3082	4.0
3083	5.0
3101	4.0
3105	4.0
3107	3.0
3114	5.0
3147	3.0
3159	4.0
3160	5.0
3174	4.0
3175	4.0
3176	5.0
3210	5.0
3213	3.0
3246	5.0
3252	4.0
3253	3.0
3255	4.0
3256	3.0
3258	4.0
3260	4.0
3263	5.0
3334	4.0
3361	3.0
3386	5.0
3408	5.0
3418	4.0
3448	3.0
3468	5.0
3471	5.0
3476	5.0
3489	3.0
3510	3.0
3527	5.0
3536	2.0
3555	3.0
3578	5.0
3615	3.0
3623	3.0
3633	3.0
3635	4.0
3638	4.0
3639	4.0
3671	5.0
3702	5.0
3703	5.0
3717	3.0
3741	5.0
3745	4.0
3751	5.0
3752	2.0
3753	3.0
3755	3.0
3785	4.0
3793	5.0
3863	4.0
3877	2.0
3897	5.0
3911	5.0
3948	4.0
3949	5.0
3969	2.0
3977	4.0
3984	3.0
3991	2.0
3994	5.0
3996	5.0
4005	2.0
4008	5.0
4014	3.0
4016	4.0
4018	4.0
4021	4.0
4022	4.0
4025	4.0
4027	5.0
4033	4.0
4034	5.0
4056	4.0
4069	3.0
4085	4.0
4148	4.0
4161	4.0
4226	5.0
4235	5.0
4246	5.0
4306	5.0
4308	5.0
4329	5.0
4343	3.0
4361	5.0
4366	4.0
4367	4.0
4369	4.0
4370	5.0
4372	4.0
4446	5.0
4643	2.0
4699	2.0
4720	5.0
4776	4.0
4844	3.0
4886	5.0
4896	5.0
4963	4.0
4973	5.0
4975	2.0
4979	4.0
4993	5.0
4994	4.0
4995	5.0
5004	3.0
5010	5.0
5060	5.0
5094	2.0
5171	3.0
5218	5.0
5219	2.0
5225	5.0
5299	4.0
5349	5.0
5377	5.0
5378	5.0
5388	4.0
5418	5.0
5444	3.0
5445	5.0
5459	3.0
5464	4.0
5489	5.0
5502	4.0
5613	5.0
5618	5.0
5630	3.0
5668	4.0
5669	4.0
5673	5.0
5796	2.0
5809	4.0
5816	5.0
5872	2.0
5878	5.0
5881	4.0
5900	2.0
5902	5.0
5952	5.0
5954	5.0
5955	4.0
5956	4.0
5971	5.0
5989	4.0
5991	5.0
5992	5.0
6016	5.0
6155	4.0
6157	3.0
6238	4.0
6291	5.0
6305	5.0
6333	5.0
6350	5.0
6365	3.0
6373	3.0
6377	5.0
6385	4.0
6534	5.0
6538	3.0
6539	5.0
6548	2.0
6564	3.0
6620	5.0
6711	5.0
6870	5.0
6874	5.0
6879	4.0
6889	4.0
6934	3.0
6944	4.0
6953	5.0
7001	3.0
7008	5.0
7147	3.0
7151	4.0
7153	5.0
7162	4.0
7173	3.0
7318	5.0
7325	4.0
7360	4.0
7361	5.0
7367	4.0
7371	3.0
7373	5.0
7376	2.0
7438	5.0
7445	3.0
7569	3.0
7570	4.0
7573	2.0
7698	5.0
8042	5.0
8360	5.0
8368	5.0
8373	3.0
8464	4.0
8529	4.0
8622	4.0
8623	4.0
8636	5.0
8638	5.0
8665	5.0
8781	4.0
8861	2.0
8866	4.0
8873	5.0
8874	4.0
8910	4.0
8914	4.0
8948	3.0
8950	4.0
8961	5.0
8965	4.0
8970	4.0
8973	3.0
8977	3.0
26152	3.0
26242	5.0
26662	5.0
27266	5.0
27706	4.0
27721	5.0
27803	5.0
27821	3.0
30707	5.0
30793	4.0
30812	5.0
30816	3.0
30825	3.0
31221	2.0
31658	4.0
32587	5.0
33493	5.0
33794	5.0
34150	3.0
34332	4.0
34405	4.0
34437	5.0
36529	4.0
37380	1.0
37729	4.0
37741	5.0
39231	4.0
40339	3.0
40629	4.0
40815	5.0
41566	5.0
41569	5.0
42418	5.0
43836	2.0
44022	3.0
44191	3.0
44555	5.0
44972	3.0
45447	2.0
45499	5.0
45517	4.0
45722	5.0
45732	4.0
46530	5.0
46972	3.0
47099	4.0
47423	5.0
48304	5.0
48394	5.0
48516	5.0
48774	5.0
48997	4.0
49272	5.0
49286	3.0
49530	5.0
49651	4.0
49772	5.0
49822	5.0
49824	5.0
50068	5.0
50442	4.0
50601	5.0
51077	3.0
51084	4.0
51086	2.0
51091	5.0
51540	5.0
