1	3.0
6	3.5
11	4.0
17	3.0
21	3.0
25	4.0
28	3.0
30	2.0
32	2.0
34	3.0
35	2.0
36	4.0
39	4.0
46	2.0
47	2.0
50	3.0
52	3.0
58	4.0
62	3.0
68	4.0
82	3.0
85	3.0
94	3.0
105	4.0
110	4.0
118	2.0
121	3.0
122	2.5
147	2.0
150	3.0
151	4.0
153	2.5
154	3.0
155	3.0
161	3.0
162	2.0
164	3.0
172	2.5
182	3.0
185	2.5
187	4.0
198	2.0
206	4.0
207	2.0
208	3.5
215	2.0
222	3.0
230	3.5
232	3.5
236	2.0
242	2.0
246	4.0
247	3.0
249	2.0
252	2.0
260	4.0
261	2.0
265	2.0
266	3.0
270	3.0
276	3.0
281	4.0
290	3.5
293	4.0
296	2.0
300	4.0
315	2.0
318	4.0
334	2.0
337	4.0
339	3.0
342	3.5
345	3.0
349	3.0
351	3.0
356	3.5
357	4.0
362	3.0
364	3.5
372	3.0
373	3.5
377	5.0
378	2.0
380	2.5
381	3.5
412	2.0
417	2.0
434	3.5
440	3.5
448	2.5
449	3.5
454	3.0
456	4.0
457	5.0
461	2.0
468	3.0
469	2.0
474	2.0
480	3.5
493	3.5
497	2.0
508	3.0
509	3.5
515	4.0
523	3.0
527	3.0
529	4.0
531	3.0
535	2.0
539	2.5
541	2.0
549	2.0
556	4.0
581	3.0
586	2.5
587	4.0
589	3.5
590	3.5
592	2.5
593	4.0
595	2.0
597	4.0
605	3.5
608	4.0
628	3.5
647	4.0
648	2.0
678	4.0
691	2.0
708	3.5
728	3.0
736	2.0
778	2.0
780	2.5
785	3.0
800	3.0
802	2.0
805	3.5
836	2.0
848	3.0
852	2.0
858	4.0
866	3.0
898	4.0
902	4.0
906	4.0
912	3.0
913	4.0
914	4.0
919	4.0
920	4.0
926	4.0
942	3.0
951	4.0
953	3.0
969	4.0
986	3.0
994	3.0
1034	3.0
1035	4.0
1036	4.0
1041	3.0
1046	3.0
1059	3.0
1060	3.0
1066	3.0
1086	4.0
1088	4.0
1089	2.0
1094	3.5
1096	4.0
1097	3.0
1104	4.0
1111	3.5
1120	3.5
1124	3.0
1125	2.0
1132	3.0
1147	4.0
1150	3.0
1172	2.0
1176	2.0
1177	2.0
1179	3.5
1183	2.5
1185	4.0
1186	4.0
1187	3.0
1188	5.0
1189	4.0
1191	4.0
1192	4.0
1193	4.0
1196	4.0
1197	4.0
1198	4.0
1200	4.0
1203	4.0
1207	4.0
1210	3.0
1214	3.5
1217	3.5
1221	4.0
1225	4.0
1228	2.0
1230	3.5
1233	4.0
1234	4.0
1235	4.0
1240	4.0
1242	4.0
1247	3.0
1249	4.0
1252	4.0
1264	4.0
1265	3.5
1266	4.0
1269	4.0
1270	2.0
1275	2.5
1276	3.5
1282	3.0
1283	4.0
1288	4.0
1290	4.0
1293	3.0
1296	2.0
1300	3.0
1307	4.0
1339	2.0
1344	2.0
1353	3.0
1354	2.0
1357	3.5
1358	4.0
1361	4.0
1363	2.0
1365	3.0
1370	3.5
1380	4.0
1392	3.0
1393	5.0
1396	2.5
1408	4.0
1446	5.0
1449	4.0
1466	3.5
1484	3.0
1485	2.5
1498	3.0
1517	3.0
1527	2.5
1537	3.0
1541	2.0
1542	4.0
1569	3.0
1580	3.0
1593	4.0
1594	3.0
1597	2.0
1610	3.0
1611	2.0
1617	4.0
1625	2.0
1629	3.0
1635	2.0
1639	4.0
1641	4.0
1643	3.0
1645	2.0
1653	2.0
1672	3.0
1673	2.0
1674	5.0
1678	3.5
1680	3.0
1682	3.0
1683	2.0
1704	4.0
1719	2.0
1721	5.0
1727	4.0
1734	3.0
1735	2.0
1760	2.0
1777	3.0
1784	3.5
1797	3.5
1801	3.0
1805	3.0
1810	3.5
1821	2.0
1834	3.0
1835	2.0
1888	2.0
1892	3.0
1894	2.0
1895	2.0
1897	3.0
1900	4.0
1913	3.0
1914	3.0
1921	2.0
1923	3.0
1939	3.0
1946	4.0
1950	4.0
1955	3.5
1956	5.0
1957	4.0
1958	3.5
1959	3.0
1961	4.0
1962	4.0
1964	3.5
1966	4.0
1968	3.5
2000	4.0
2014	4.0
2020	3.0
2028	4.0
2064	3.5
2077	3.0
2100	2.0
2125	4.0
2126	3.0
2144	5.0
2145	3.5
2155	4.0
2166	3.0
2171	3.0
2243	4.0
2245	4.0
2248	3.5
2268	4.0
2272	3.0
2278	3.0
2291	2.0
2294	3.0
2302	4.0
2310	2.0
2316	2.0
2318	2.0
2324	4.0
2331	3.0
2333	2.0
2336	3.5
2337	2.0
2351	4.0
2352	4.0
2353	2.5
2355	3.0
2357	3.5
2359	4.0
2360	3.0
2369	4.0
2396	4.0
2424	2.0
2436	2.5
2443	3.0
2468	3.0
2497	3.0
2501	3.0
2502	2.0
2542	3.5
2570	3.0
2571	3.5
2572	2.0
2575	3.0
2581	3.0
2583	3.0
2594	2.0
2599	2.0
2611	5.0
2618	2.5
2657	2.0
2671	2.0
2677	3.0
2682	3.0
2686	3.0
2690	2.0
2692	3.0
2696	3.0
2706	2.0
2712	2.0
2716	2.0
2724	4.0
2728	3.0
2732	2.0
2739	4.0
2762	3.0
2763	2.0
2774	2.0
2797	2.0
2801	3.0
2819	3.0
2852	4.0
2858	2.0
2861	3.0
2870	3.0
2875	3.0
2881	3.0
2889	2.0
2891	2.0
2908	3.0
2912	3.0
2917	3.5
2919	3.5
2929	3.0
2943	2.0
2956	4.0
2959	2.5
2966	4.0
2987	2.0
2997	2.0
3006	4.0
3007	3.5
3044	2.0
3052	2.0
3067	3.0
3072	4.0
3074	3.0
3077	3.5
3079	3.5
3081	3.5
3082	3.0
3083	3.0
3090	4.0
3094	2.0
3097	3.0
3098	3.5
3100	3.0
3101	4.0
3102	4.0
3105	3.5
3108	2.0
3114	3.0
3125	3.0
3129	3.0
3135	4.0
3147	3.5
3148	2.0
3155	3.0
3163	3.0
3176	3.0
3178	3.5
3179	3.0
3185	3.0
3186	3.0
3189	3.5
3194	4.0
3196	3.5
3225	2.0
3246	3.0
3249	3.5
3252	3.5
3257	4.0
3259	2.0
3260	2.0
3261	3.0
3298	3.5
3300	3.0
3317	3.0
3327	3.0
3342	4.0
3359	3.0
3361	4.0
3408	4.0
3418	3.0
3422	4.0
3424	3.0
3426	2.0
3469	4.0
3471	2.0
3476	2.0
3481	3.0
3504	3.0
3505	4.0
3510	3.0
3512	3.0
3526	3.5
3528	4.0
3536	3.5
3538	4.0
3545	3.0
3556	2.0
3578	4.0
3594	3.0
3618	3.0
3623	3.0
3699	2.0
3728	4.0
3744	3.0
3753	3.0
3783	3.0
3785	2.0
3786	3.0
3793	3.0
3794	3.0
3811	4.0
3825	3.0
3831	3.0
3861	2.0
3893	2.5
3897	3.5
3910	3.0
3911	3.5
3916	4.0
3949	2.0
3967	3.0
3983	3.5
3993	2.5
3996	4.0
3998	3.5
4007	3.5
4011	3.5
4014	4.0
4018	3.0
4019	3.5
4020	3.5
4022	3.5
4029	3.5
4034	3.5
4054	3.0
4077	3.0
4155	3.0
4205	2.5
4218	3.5
4223	3.0
4225	3.0
4226	3.0
4235	3.0
4239	3.5
4246	3.5
4304	4.0
4305	3.0
4306	4.0
4308	3.0
4322	3.5
4345	3.0
4361	4.0
4370	2.0
4381	3.0
4447	3.5
4448	3.0
4465	3.5
4639	2.5
4641	2.5
4642	2.0
4700	3.0
4720	3.0
4723	2.5
4784	2.0
4821	3.0
4823	3.0
4848	3.5
4865	3.5
4878	2.0
4880	3.5
4886	3.0
4896	3.0
4901	3.0
4903	3.5
4963	3.5
4967	3.5
4973	3.0
4978	3.0
4992	3.5
4993	3.5
4995	3.5
5008	4.0
5010	3.5
5013	3.5
5015	4.0
5034	3.0
5051	3.0
5064	3.5
5066	3.0
5107	3.0
5127	2.0
5135	4.0
5151	2.0
5152	3.5
5222	3.0
5225	3.5
5266	3.0
5269	2.0
5282	3.0
5291	3.5
5293	3.0
5299	3.0
5316	3.0
5319	3.5
5325	3.0
5349	2.0
5364	3.5
5367	4.0
5377	3.5
5387	3.0
5388	3.0
5400	3.0
5417	3.0
5418	3.5
5445	3.0
5446	3.5
5450	3.0
5464	3.5
5502	3.5
5505	3.0
5506	3.0
5524	3.5
5577	3.0
5613	2.0
5620	2.5
5630	3.5
5668	3.5
5669	3.5
5679	3.0
5685	4.0
5747	3.5
5791	3.0
5810	3.0
5812	3.0
5816	3.5
5876	3.0
5878	3.5
5890	3.5
5893	3.5
5902	3.0
5903	2.0
5945	3.5
5952	3.0
5954	2.5
5955	4.0
5956	3.0
5959	3.0
5989	3.5
5991	3.5
5992	3.5
5995	3.5
6016	3.0
6170	3.5
6216	3.0
6218	5.0
6238	2.5
6266	3.0
6296	3.5
6297	3.0
6299	3.5
6323	3.0
6331	4.0
6333	3.0
6365	3.0
6370	3.0
6377	3.5
6378	3.5
6380	3.5
6385	4.0
6502	4.0
6539	3.5
6552	3.5
6565	4.0
6591	3.5
6617	4.0
6620	3.5
6639	3.5
6708	3.5
6711	4.0
6764	3.0
6765	2.5
6787	4.0
6862	3.5
6863	3.0
6867	3.5
6870	3.5
6879	2.5
6881	3.5
6932	3.5
6942	3.5
6947	4.0
6952	2.5
6953	3.5
6954	3.0
7023	5.0
7137	3.0
7139	3.0
7143	3.5
7149	4.0
7151	3.5
7153	3.5
7155	2.5
7156	4.0
7158	3.0
7160	3.5
7161	2.5
7256	3.5
7263	3.5
7348	3.5
7361	3.0
7373	2.5
7444	3.0
7445	3.0
7458	3.0
7502	4.0
7566	4.0
7669	4.0
7981	3.0
8464	3.5
8493	3.5
8530	3.5
8533	3.0
8622	3.5
8645	4.0
8665	3.5
8781	2.5
8784	4.0
8798	3.5
8866	2.5
8874	2.5
8908	3.0
8937	3.0
8949	3.0
8951	3.5
8958	3.5
8961	3.5
8969	3.5
8970	3.5
8981	3.0
9018	3.5
27790	3.5
27803	3.5
27815	4.0
27822	3.0
27831	3.5
27878	4.0
30707	4.0
30749	4.0
30812	3.0
30820	4.0
30898	3.5
31410	3.0
31694	3.0
32598	3.5
33154	3.5
33166	3.0
33679	2.5
34048	3.0
34072	3.5
34153	4.0
34271	3.0
34437	3.5
34528	3.0
34534	3.5
34542	3.5
35836	3.5
36276	3.5
36517	3.0
37741	3.5
38061	3.5
38798	3.5
38886	3.5
39183	4.0
39292	3.5
39381	3.0
40629	3.5
40819	3.5
41285	3.5
41573	3.5
41863	3.0
42004	3.5
42007	2.5
43396	3.5
44191	3.0
44195	3.5
44199	3.5
44204	3.5
44555	4.0
44694	3.5
44709	4.0
44788	3.5
45210	3.5
45668	3.5
45720	4.0
45722	2.5
45950	4.0
46578	4.0
46723	3.5
46850	4.0
47610	3.5
47629	3.5
47644	3.5
47999	3.5
48394	3.5
48516	3.5
48696	3.5
48738	3.5
48774	3.5
48780	3.5
49272	3.5
49530	3.5
49772	3.5
49824	4.0
49961	2.5
50068	3.0
51084	2.5
52241	3.5
52973	3.5
53123	4.0
53129	3.0
53894	4.0
54372	3.5
54881	3.5
55052	3.0
55069	3.5
55118	3.5
55267	3.5
55276	3.5
55280	3.5
55290	3.5
55721	3.0
55805	3.5
55814	2.5
55820	4.0
56333	3.5
56367	4.0
56782	3.5
57669	3.5
58103	3.0
58295	3.5
58303	3.5
58559	3.5
58998	3.5
59018	3.5
59315	3.5
59369	3.5
59725	3.5
60069	3.5
60397	2.5
60766	3.5
60950	3.5
62374	3.0
62849	3.5
63062	3.0
63082	3.5
63876	3.5
63992	3.5
64614	3.5
64622	3.5
64839	3.0
64957	3.5
67087	3.5
67255	3.5
67734	3.0
68159	3.5
68358	3.5
68954	4.0
69122	3.5
69481	3.5
69757	4.0
70286	2.5
71282	3.5
71579	3.5
72011	3.0
72395	3.5
72407	3.5
72641	3.5
72720	3.0
72731	2.5
72733	3.5
72998	4.0
73023	3.5
73323	3.5
74458	3.0
74510	3.5
74795	3.5
76175	3.5
77455	3.0
78574	3.5
78772	3.5
79242	4.0
79293	3.5
80463	4.0
80489	3.5
80906	3.5
81782	4.0
81845	4.0
81932	3.5
84392	3.5
85414	3.0
85774	4.0
86190	3.5
86882	3.5
86898	1.0
88163	3.0
88810	3.5
89470	3.5
89492	4.0
89804	3.5
89864	3.5
89904	3.5
91077	3.0
91500	3.5
91630	3.5
91658	3.5
92259	3.5
94864	2.5
96079	4.0
96821	2.5
97304	4.0
97921	4.0
97923	3.5
97938	3.5
98154	4.0
98961	3.5
102445	3.5
104841	3.5
104913	3.0
106100	3.5
116797	4.0
