3	3.5
7	4.0
21	4.5
25	5.0
36	5.0
46	4.0
58	5.0
62	4.5
82	5.0
105	4.0
107	1.5
111	5.0
141	4.5
151	4.5
194	5.0
215	5.0
222	4.5
230	5.0
232	5.0
236	4.5
246	4.0
247	4.5
261	4.5
265	4.0
266	5.0
272	5.0
277	4.0
281	5.0
282	4.5
293	5.0
296	5.0
299	5.0
300	1.0
306	5.0
316	4.5
318	4.5
326	5.0
342	5.0
356	5.0
357	5.0
364	3.5
367	4.5
412	5.0
446	5.0
455	4.0
468	5.0
508	5.0
509	5.0
514	5.0
515	5.0
519	0.5
527	4.0
531	4.0
534	4.5
538	5.0
539	5.0
562	4.5
587	5.0
590	5.0
593	4.5
594	4.5
595	4.0
596	3.0
597	4.5
608	5.0
615	5.0
670	5.0
673	1.0
697	5.0
728	4.5
750	4.0
778	2.0
783	4.5
788	4.5
830	5.0
838	5.0
858	4.0
898	4.5
900	4.0
902	5.0
903	4.5
904	4.5
909	5.0
910	4.5
914	4.5
915	4.0
916	4.0
919	4.5
920	5.0
923	5.0
924	3.5
926	4.5
928	4.5
932	4.5
949	4.5
952	4.5
953	4.0
954	5.0
969	4.5
971	4.5
1012	5.0
1022	5.0
1028	4.5
1030	4.0
1035	5.0
1041	4.5
1046	5.0
1056	5.0
1073	4.0
1080	4.5
1082	5.0
1084	4.0
1086	4.5
1088	4.0
1092	4.5
1096	4.5
1097	4.0
1101	4.5
1103	4.0
1104	4.5
1124	4.5
1125	5.0
1132	5.0
1136	4.5
1179	5.0
1183	5.0
1186	5.0
1193	5.0
1198	4.0
1201	4.0
1207	5.0
1219	5.0
1220	4.0
1225	4.0
1230	5.0
1235	5.0
1246	5.0
1247	4.5
1249	5.0
1252	4.0
1258	5.0
1259	4.5
1267	4.5
1271	5.0
1280	5.0
1281	1.5
1283	4.5
1286	4.5
1291	4.0
1292	5.0
1293	4.5
1295	4.0
1296	5.0
1302	4.5
1304	3.0
1307	5.0
1321	2.0
1327	4.0
1333	4.5
1353	4.5
1357	5.0
1363	4.0
1367	0.5
1380	4.0
1392	5.0
1393	3.0
1394	5.0
1411	4.5
1446	5.0
1449	3.5
1542	5.0
1569	5.0
1610	4.5
1639	4.5
1641	4.5
1643	5.0
1672	4.0
1674	4.0
1693	4.0
1699	5.0
1704	5.0
1711	4.5
1719	4.5
1721	3.5
1727	4.5
1729	4.0
1732	5.0
1734	5.0
1747	5.0
1784	5.0
1827	5.0
1885	4.5
1900	5.0
1935	5.0
1942	5.0
1944	4.5
1945	4.5
1947	4.5
1948	4.0
1950	4.5
1952	4.5
1953	5.0
1955	4.0
1956	4.5
1958	5.0
1960	5.0
1961	4.5
1962	4.5
1967	4.5
1968	4.5
1974	4.0
1975	1.5
1982	3.0
1997	4.5
2054	4.0
2064	5.0
2067	5.0
2068	4.5
2069	5.0
2077	5.0
2080	4.5
2081	4.0
2085	4.0
2087	4.5
2099	5.0
2109	4.0
2115	4.0
2116	0.5
2124	3.0
2130	4.5
2132	4.5
2136	3.0
2137	5.0
2147	4.0
2160	4.0
2161	4.5
2193	5.0
2263	4.0
2272	4.5
2291	4.5
2302	4.0
2313	4.0
2324	5.0
2336	4.0
2352	4.0
2357	5.0
2359	5.0
2360	5.0
2390	5.0
2391	5.0
2396	4.5
2398	5.0
2406	4.0
2407	5.0
2424	5.0
2469	4.0
2470	3.5
2517	3.5
2520	5.0
2524	4.0
2529	4.5
2546	4.0
2612	5.0
2639	4.5
2671	4.5
2696	5.0
2739	4.5
2763	3.0
2764	3.0
2779	4.5
2791	5.0
2793	3.0
2797	3.5
2804	5.0
2819	4.5
2858	5.0
2908	4.0
2912	5.0
2918	1.0
2920	5.0
2927	5.0
2947	4.0
2948	3.5
2967	4.5
2969	5.0
2973	5.0
3008	5.0
3028	4.5
3034	4.0
3039	4.0
3071	4.0
3072	5.0
3083	5.0
3099	4.0
3100	5.0
3102	4.5
3105	5.0
3108	5.0
3111	5.0
3148	5.0
3152	5.0
3159	2.0
3167	4.5
3168	4.5
3169	2.0
3176	4.0
3179	4.5
3185	5.0
3186	5.0
3196	3.0
3201	5.0
3244	5.0
3246	4.5
3247	4.0
3252	4.5
3260	4.5
3296	4.5
3330	4.5
3334	4.0
3341	4.5
3347	5.0
3361	4.5
3363	3.0
3396	4.0
3398	4.5
3404	4.0
3405	5.0
3408	5.0
3418	5.0
3421	4.5
3435	5.0
3448	3.5
3450	4.0
3451	4.5
3461	4.5
3479	4.5
3494	3.5
3501	4.0
3504	3.5
3516	4.5
3529	5.0
3545	4.0
3549	5.0
3552	4.5
3556	4.0
3576	5.0
3591	4.0
3633	4.5
3634	2.0
3668	4.0
3685	4.0
3699	4.5
3700	4.5
3707	4.0
3724	5.0
3735	4.5
3742	5.0
3783	4.5
3811	5.0
3831	5.0
3844	5.0
3911	5.0
3930	5.0
3967	5.0
3993	3.0
4002	5.0
4014	4.5
4025	4.0
4027	5.0
4034	4.5
4041	4.5
4061	5.0
4085	4.0
4124	2.5
4132	3.0
4174	4.5
4191	4.5
4239	3.0
4246	4.5
4263	4.5
4280	5.0
4291	4.5
4292	4.5
4296	4.5
4298	5.0
4326	4.5
4333	4.5
4349	4.5
4356	5.0
4361	4.0
4368	4.0
4424	5.0
4432	5.0
4474	5.0
4508	5.0
4519	4.0
4535	5.0
4616	4.5
4681	3.5
4703	5.0
4727	4.5
4741	5.0
4784	4.5
4799	4.5
4809	5.0
4835	4.5
4857	4.0
4880	4.5
4903	4.5
4912	5.0
4951	4.0
4969	4.5
4973	5.0
4976	4.5
4993	3.0
4995	5.0
5049	4.5
5060	4.5
5214	4.5
5247	4.0
5291	5.0
5299	5.0
5303	5.0
5367	5.0
5378	2.0
5415	4.5
5446	5.0
5505	5.0
5548	4.5
5669	5.0
5693	4.5
5707	4.0
5747	5.0
5812	5.0
5876	5.0
5878	5.0
5890	5.0
5945	5.0
5992	2.5
5995	5.0
6016	5.0
6183	4.5
6216	5.0
6296	4.0
6331	5.0
6380	5.0
6534	2.0
6565	4.5
6591	4.5
6620	2.5
6662	5.0
6663	5.0
6666	5.0
6669	5.0
6711	4.0
6724	4.5
6785	5.0
6791	5.0
6852	5.0
6879	5.0
6881	5.0
6932	5.0
6942	5.0
6993	4.5
7034	5.0
7046	4.0
7116	5.0
7147	5.0
7151	4.5
7153	0.5
7155	5.0
7303	3.5
7323	5.0
7386	4.5
7698	4.5
7700	5.0
8014	5.0
8128	5.0
8183	5.0
8340	4.5
8376	3.5
8464	5.0
8530	5.0
8533	4.5
8596	5.0
8604	5.0
8614	3.5
8622	5.0
8623	3.5
8633	4.5
8638	5.0
8645	5.0
8781	5.0
8783	5.0
8873	4.5
8880	4.0
8951	5.0
8970	4.5
8981	4.5
9018	5.0
26662	4.5
27721	5.0
27803	5.0
27815	5.0
30749	5.0
30820	5.0
33166	4.5
34072	5.0
34336	4.5
34437	4.5
36517	5.0
37741	5.0
38304	5.0
38886	5.0
39183	5.0
39292	5.0
39414	4.0
39444	4.5
40278	5.0
40583	4.5
40629	5.0
40815	3.5
40819	5.0
42004	4.5
43376	5.0
43396	4.5
44195	4.0
44555	5.0
44694	5.0
45950	5.0
46578	4.0
48394	5.0
49822	3.5
50685	2.5
53894	5.0
55069	5.0
