1	3.0
2	3.0
3	2.0
6	3.0
10	3.0
13	3.0
14	4.0
16	4.0
17	3.0
18	3.0
19	2.5
21	3.0
25	3.0
32	2.0
34	4.0
36	2.0
41	4.0
43	3.0
47	3.5
50	4.0
52	4.0
58	3.0
62	1.0
68	3.0
70	3.0
76	3.0
79	1.0
81	4.0
82	4.0
85	4.0
92	3.0
94	3.0
95	3.0
107	3.0
110	4.0
111	4.0
112	3.0
113	3.0
118	3.0
123	3.0
125	4.0
150	3.0
151	3.5
153	3.0
159	4.0
160	2.0
161	3.0
162	3.5
190	3.5
194	3.5
196	3.0
208	2.5
223	3.5
229	3.5
230	3.5
233	4.0
235	4.0
249	3.5
253	3.0
260	3.0
272	3.5
273	3.0
293	4.0
296	3.0
302	4.0
306	4.0
307	4.0
308	4.0
314	4.0
317	3.0
318	2.0
319	3.5
329	3.0
337	4.0
344	3.0
345	4.0
357	4.0
364	3.0
367	3.0
369	3.5
373	3.5
380	3.0
382	3.0
407	3.0
435	2.5
467	3.0
480	4.0
494	3.0
501	4.0
515	3.5
523	3.0
527	5.0
539	3.5
541	4.0
551	4.0
552	3.0
586	3.0
588	3.0
589	3.5
590	3.5
592	3.0
593	4.0
594	3.0
595	3.0
608	4.0
609	3.0
611	2.5
612	3.0
613	4.0
628	2.0
640	3.0
647	3.0
648	3.0
653	3.0
661	3.0
671	3.0
673	2.0
694	2.0
708	3.0
711	3.0
714	4.0
728	4.0
731	4.0
733	4.0
736	4.0
741	3.5
748	3.0
750	4.0
778	4.0
780	3.0
781	4.0
783	3.0
784	3.5
786	3.0
788	2.0
800	4.0
801	3.0
808	3.0
810	3.0
828	3.0
836	2.0
837	3.0
838	4.0
842	3.0
849	2.0
851	3.0
852	3.0
858	3.0
866	4.0
903	3.0
910	2.0
912	4.0
913	4.0
919	3.5
922	4.0
923	4.0
924	3.0
952	3.0
986	4.0
994	4.0
999	4.0
1003	2.0
1019	3.0
1036	3.0
1041	4.0
1047	2.0
1057	3.0
1060	3.5
1073	3.0
1079	3.0
1080	3.5
1088	3.0
1089	3.5
1090	3.0
1095	3.5
1096	3.0
1097	3.0
1101	3.0
1127	3.0
1131	4.0
1136	3.5
1173	4.0
1175	4.0
1179	3.5
1183	3.0
1185	3.0
1186	3.0
1188	4.0
1193	3.0
1196	3.5
1197	3.0
1198	3.0
1199	4.0
1200	3.0
1206	4.0
1208	4.0
1209	4.0
1210	3.0
1213	3.0
1214	3.5
1215	3.0
1217	4.0
1219	4.0
1220	1.0
1222	4.0
1225	3.0
1227	3.5
1233	3.5
1238	4.0
1240	3.0
1242	3.0
1245	3.0
1249	3.5
1252	4.0
1258	4.0
1264	3.0
1265	3.0
1266	4.0
1270	3.0
1271	3.0
1274	3.0
1275	3.0
1276	2.0
1279	3.5
1280	4.0
1285	3.0
1291	3.0
1295	4.0
1296	4.0
1302	1.0
1305	4.0
1307	3.0
1320	3.0
1333	4.0
1339	3.0
1340	3.5
1345	3.5
1348	4.0
1353	2.0
1354	4.0
1356	3.0
1358	4.0
1365	3.0
1367	3.0
1373	3.0
1374	3.0
1375	3.0
1376	3.0
1378	2.0
1387	3.0
1391	3.0
1394	3.0
1395	3.0
1407	3.0
1408	3.5
1410	3.0
1414	3.0
1416	3.0
1417	5.0
1422	3.0
1427	3.0
1429	3.0
1431	1.0
1438	4.0
1441	4.0
1449	4.0
1459	4.0
1460	3.0
1464	4.0
1466	3.5
1474	2.0
1475	3.0
1479	2.0
1480	3.0
1483	4.5
1485	3.0
1499	3.0
1500	3.5
1515	3.0
1517	3.5
1518	4.0
1527	4.0
1537	5.0
1544	4.0
1552	3.0
1554	3.5
1569	3.0
1573	4.0
1580	3.0
1584	4.5
1586	4.0
1587	3.0
1588	3.0
1590	2.0
1592	3.0
1594	3.5
1597	2.0
1603	2.0
1608	3.0
1610	3.5
1616	1.0
1617	4.0
1621	3.0
1625	3.0
1629	3.0
1639	4.0
1641	4.0
1643	3.0
1644	3.0
1645	3.0
1646	3.0
1653	4.0
1655	2.0
1658	3.0
1663	1.0
1670	2.0
1673	4.0
1674	3.0
1676	3.0
1680	3.5
1683	4.0
1690	4.0
1702	3.0
1704	2.0
1711	3.5
1713	4.0
1717	3.0
1719	4.0
1721	4.0
1722	4.0
1729	4.0
1732	3.5
1734	4.0
1735	3.0
1747	3.0
1748	4.0
1762	2.0
1777	3.0
1779	3.0
1783	2.0
1784	4.0
1785	4.0
1792	3.0
1801	2.0
1810	3.5
1831	3.0
1833	3.0
1834	3.5
1862	2.0
1882	3.0
1883	3.5
1884	4.0
1885	4.0
1909	3.0
1917	3.0
1921	4.0
1923	4.0
1960	4.0
1961	3.0
1962	2.0
1965	4.0
1967	3.0
1992	2.0
1994	3.0
1997	4.0
1999	2.5
2000	3.0
2001	2.0
2003	3.0
2004	2.5
2011	3.0
2012	3.0
2019	3.5
2020	4.0
2021	3.0
2022	4.0
2028	5.0
2054	3.0
2065	3.0
2076	5.0
2081	3.0
2088	3.0
2089	3.0
2108	4.0
2115	3.0
2121	2.0
2123	3.0
2137	3.5
2138	3.5
2155	4.0
2167	3.0
2174	3.5
2232	3.5
2273	3.5
2278	3.5
2282	4.0
2289	4.0
2291	4.0
2294	3.5
2315	2.0
2328	3.0
2333	3.5
2337	3.5
2353	3.5
2355	3.0
2360	4.0
2366	4.0
2384	3.5
2391	4.0
2395	4.0
2396	4.0
2424	3.0
2427	4.0
2428	3.0
2439	4.0
2442	4.0
2467	3.5
2490	3.5
2514	2.5
2540	3.0
2542	4.0
2548	2.0
2560	4.0
2563	3.0
2571	3.0
2594	4.0
2599	3.5
2600	3.5
2617	3.0
2628	3.0
2633	3.5
2644	3.5
2648	4.0
2654	3.5
2671	3.5
2682	3.5
2683	3.0
2686	4.0
2688	3.0
2692	4.0
2702	3.5
2710	3.0
2712	4.0
2713	2.5
2716	3.0
2719	2.0
2745	3.5
2762	4.0
2763	3.5
2771	3.0
2793	3.0
2826	3.0
2827	3.0
2829	3.0
2840	3.0
2841	2.0
2858	3.0
2881	3.0
2890	3.5
2912	3.5
2916	3.5
2951	4.0
2952	3.0
2959	4.0
2966	4.0
2976	3.5
2987	3.0
2995	3.0
2997	4.0
3000	5.0
3005	2.0
3006	3.5
3019	3.5
3020	3.0
3053	3.0
3081	4.0
3082	3.0
3114	3.5
3148	3.5
3155	2.0
3157	3.0
3174	3.5
3175	3.0
3176	2.0
3179	3.5
3225	3.0
3252	3.5
3262	3.5
3264	3.0
3267	4.0
3272	4.0
3317	3.5
3328	4.0
3354	3.0
3355	3.0
3386	3.5
3408	3.0
3409	3.0
3452	3.0
3481	3.5
3510	3.0
3535	3.5
3536	2.5
3556	3.0
3566	3.5
3578	3.0
3598	3.0
3615	3.0
3618	3.0
3623	3.0
3624	3.0
3683	3.5
3685	3.5
3706	3.0
3717	3.5
3744	3.0
3745	3.0
3751	3.0
3753	3.0
3755	3.0
3785	3.0
3793	3.5
3794	3.5
3798	3.0
3826	2.5
3827	3.0
3857	2.5
3858	2.0
3863	3.0
3864	2.5
3882	3.0
3893	3.0
3896	3.0
3897	4.0
3901	3.0
3908	2.0
3909	3.0
3910	3.5
3911	4.0
3915	3.5
3932	3.5
3948	3.0
3949	4.0
3953	3.0
3967	4.5
3968	3.0
3969	3.5
3973	2.0
3977	2.5
3986	2.5
3993	3.5
3994	3.5
3996	4.0
4011	4.0
4014	3.0
4017	3.5
4018	3.0
4020	3.5
4021	4.0
4023	3.5
4025	3.0
4027	3.5
4029	3.5
4034	3.0
4036	4.0
4037	3.5
4054	3.0
4055	3.5
4069	3.0
4103	4.0
4143	2.0
4148	2.5
4161	3.0
4211	3.5
4223	3.5
4226	4.0
4235	4.0
4239	3.5
4246	3.0
4262	3.5
4270	3.0
4299	3.0
4304	3.0
4305	2.5
4306	3.5
4308	4.0
4310	3.0
4343	2.5
4367	2.5
4369	3.0
4370	4.0
4378	4.0
4380	4.0
4388	2.0
4446	3.0
4447	3.0
4546	4.0
4641	4.0
4642	3.5
4700	3.0
4719	2.5
4720	4.0
4723	3.0
4725	2.5
4727	3.0
4728	3.0
4734	3.0
4744	2.0
4756	2.5
4776	3.5
4809	3.0
4815	3.0
4816	4.0
4846	3.5
4848	4.5
4865	3.0
4873	4.0
4874	3.5
4878	4.0
4881	4.0
4886	3.0
4887	3.0
4889	3.5
4896	3.5
4902	4.0
4903	3.0
4973	4.0
4975	3.5
4978	4.0
4979	4.0
4990	3.0
4992	3.0
4993	4.0
4995	3.0
5010	3.5
5013	3.5
5015	3.5
5016	4.0
5026	3.5
5060	1.0
5072	4.0
5128	2.0
5135	3.5
5146	3.5
5152	3.0
5171	2.5
5218	2.5
5219	3.5
5220	3.0
5222	4.0
5225	4.0
5254	3.0
5266	3.5
5293	3.5
5294	3.5
5299	4.0
5312	3.0
5313	2.5
5349	3.0
5364	3.5
5377	3.5
5378	3.0
5379	4.0
5380	3.5
5388	3.5
5415	3.0
5417	4.0
5418	3.5
5444	2.5
5445	4.0
5446	4.0
5449	2.5
5463	3.0
5464	3.5
5478	2.5
5481	2.5
5502	3.5
5505	3.5
5506	3.0
5507	2.5
5524	3.5
5528	4.0
5572	3.0
5577	3.5
5611	3.0
5617	4.0
5618	5.0
5620	3.0
5630	3.5
5668	3.5
5669	3.0
5673	2.5
5679	4.5
5685	3.5
5784	2.0
5791	4.5
5792	3.5
5809	2.0
5810	3.0
5812	3.5
5816	3.0
5833	2.5
5872	3.0
5878	4.0
5881	3.0
5899	3.5
5902	4.0
5903	3.5
5943	3.0
5945	3.5
5952	3.0
5954	4.0
5955	3.0
5956	3.0
5971	4.0
5989	3.5
5991	4.5
5995	5.0
6003	3.5
6016	4.0
6187	3.0
6212	3.0
6216	4.0
6218	3.5
6250	3.0
6264	2.5
6281	3.5
6283	3.5
6297	4.0
6299	4.0
6323	3.5
6331	4.0
6333	2.5
6365	3.0
6367	3.5
6373	3.5
6378	3.0
6385	3.5
6440	4.0
6461	3.5
6537	3.0
6539	4.5
6552	3.5
6567	3.5
6593	3.5
6617	3.5
6620	3.5
6659	3.5
6695	2.0
6707	3.0
6708	3.5
6709	3.5
6711	4.0
6753	3.5
6754	3.5
6764	3.0
6765	3.5
6857	3.5
6867	3.5
6870	3.5
6873	3.5
6874	3.5
6879	3.0
6881	3.5
6890	3.5
6893	3.5
6932	3.5
6936	3.5
6942	3.5
6947	3.5
6950	3.5
6952	3.5
6953	3.5
6954	3.5
6957	1.5
6959	3.0
7023	3.5
7137	3.5
7139	3.0
7143	3.5
7147	3.5
7151	4.0
7153	4.0
7155	3.5
7158	3.5
7160	4.0
7162	3.5
7173	3.5
7254	2.5
7347	3.5
7361	4.0
7454	3.0
8370	4.0
8636	3.5
8783	3.5
8984	3.0
26662	4.0
27317	4.0
27611	4.0
27741	4.0
27772	4.0
31658	4.5
31696	3.5
40732	4.0
42004	3.5
44555	4.0
44694	4.5
46578	3.5
48394	4.5
50068	4.0
51255	4.0
51662	4.0
55247	4.0
55276	4.0
55820	4.0
61240	4.5
64839	4.0
72407	3.0
73017	3.5
