1	3.0
2	2.5
16	4.0
18	3.5
32	3.0
34	2.0
39	4.0
47	4.0
48	2.5
50	3.5
62	3.0
65	3.0
87	2.5
101	4.0
104	3.5
111	3.5
141	3.5
153	2.0
158	3.0
162	2.0
163	3.5
175	4.0
180	2.5
223	4.0
235	4.5
247	3.5
250	3.0
258	2.5
260	3.5
288	4.5
296	4.0
307	3.5
317	2.5
318	4.0
327	4.0
343	2.0
344	2.5
345	3.5
353	4.0
355	2.0
356	3.5
362	3.0
364	3.0
374	2.0
429	3.0
435	3.5
441	5.0
455	2.0
480	2.5
500	3.0
531	2.0
541	4.0
551	4.5
555	4.5
562	5.0
575	3.0
586	1.5
588	2.5
593	4.0
594	3.0
595	3.5
596	3.5
599	3.5
608	3.5
610	3.0
616	3.0
661	3.5
673	2.5
709	3.0
724	3.0
741	4.5
750	4.5
766	3.5
778	4.0
783	3.0
785	2.5
799	3.0
801	2.5
837	2.5
842	2.5
851	3.5
858	3.5
881	1.5
899	4.0
902	4.5
903	4.0
904	3.5
905	3.5
908	4.0
909	4.0
910	4.5
912	4.5
913	3.0
915	4.0
916	3.5
919	3.0
922	4.0
923	3.5
942	3.5
968	4.0
1013	3.0
1021	2.0
1022	3.0
1023	3.0
1025	3.0
1028	2.5
1029	3.5
1030	3.0
1032	5.0
1033	3.0
1060	4.0
1073	4.0
1078	4.0
1080	4.0
1084	3.0
1086	4.0
1089	4.5
1093	2.0
1095	3.5
1097	3.0
1126	3.0
1128	3.5
1136	4.0
1176	3.5
1186	4.0
1193	4.0
1196	4.5
1197	4.5
1198	3.5
1199	4.0
1206	4.5
1208	4.5
1210	4.0
1212	3.5
1215	4.0
1218	4.0
1219	4.0
1222	4.0
1230	4.0
1237	4.0
1244	4.0
1246	3.0
1247	4.0
1248	4.0
1251	3.5
1255	4.5
1256	4.0
1260	3.0
1261	3.5
1267	4.5
1270	4.0
1271	2.5
1274	3.0
1278	3.0
1279	3.5
1282	4.0
1288	2.5
1289	5.0
1292	4.0
1298	4.0
1301	3.0
1333	3.5
1334	3.5
1347	4.0
1348	4.0
1350	3.5
1367	3.0
1387	3.5
1391	3.0
1445	2.5
1449	3.0
1464	5.0
1474	2.0
1485	2.5
1487	1.0
1517	3.0
1592	2.0
1639	3.5
1682	3.0
1702	2.5
1704	3.5
1729	4.0
1732	4.0
1754	3.0
1777	2.0
1801	2.0
1884	3.5
1895	3.0
1907	3.0
1921	5.0
1923	4.0
1924	3.0
1938	4.0
1945	4.5
1961	3.0
1965	3.5
1967	3.5
1968	3.5
1974	4.5
1975	2.5
1977	4.5
1982	4.0
1991	4.0
1992	3.0
1997	3.5
2003	3.5
2005	4.0
2010	4.0
2011	3.5
2012	3.0
2018	3.5
2021	2.5
2022	4.0
2036	2.5
2042	2.0
2048	3.0
2052	3.0
2053	2.0
2054	3.0
2059	3.0
2066	3.5
2076	4.5
2078	3.0
2080	3.0
2081	4.0
2082	3.0
2083	3.5
2084	4.0
2085	3.0
2087	3.0
2089	3.0
2090	3.0
2093	4.0
2096	3.0
2102	3.0
2122	2.5
2123	3.0
2124	4.0
2134	2.5
2137	3.0
2140	4.0
2141	3.0
2144	3.5
2160	5.0
2161	5.0
2163	3.0
2169	2.5
2174	4.5
2178	3.5
2181	4.5
2184	3.5
2203	3.0
2212	3.5
2291	5.0
2300	3.5
2303	4.0
2313	3.5
2318	4.5
2321	3.5
2324	3.5
2329	4.5
2335	3.5
2348	2.5
2360	3.5
2361	2.0
2378	3.0
2394	2.0
2395	5.0
2399	2.5
2413	3.5
2420	3.5
2429	2.0
2430	2.5
2447	3.0
2454	4.0
2455	3.0
2456	3.0
2459	3.5
2502	4.0
2505	3.5
2519	3.5
2542	4.0
2550	2.0
2553	3.5
2571	4.0
2572	3.0
2596	3.5
2600	3.5
2616	2.5
2628	4.0
2639	4.0
2644	3.0
2648	3.0
2657	3.5
2683	3.0
2692	3.5
2694	2.0
2700	3.5
2706	3.0
2710	2.5
2716	4.0
2719	2.0
2729	4.5
2731	4.0
2746	3.0
2762	4.0
2774	4.0
2791	3.5
2798	1.0
2804	4.0
2840	3.0
2857	3.5
2871	3.0
2903	1.5
2908	4.0
2915	3.5
2917	4.0
2918	3.5
2926	3.5
2953	1.0
2959	4.5
2966	4.0
2967	4.5
2968	4.0
2987	4.5
2997	3.0
3007	2.5
3016	4.0
3017	4.5
3018	4.5
3022	3.5
3033	3.0
3052	3.5
3067	2.5
3081	2.5
3114	3.0
3159	3.0
3160	4.5
3168	4.0
3196	4.5
3200	3.0
3210	3.0
3247	3.0
3253	3.5
3254	3.5
3262	4.0
3266	3.5
3267	4.0
3275	5.0
3358	3.5
3363	2.5
3365	3.5
3418	2.5
3421	3.5
3435	4.0
3438	3.0
3439	3.0
3477	3.0
3481	3.5
3489	3.0
3534	4.5
3545	4.5
3608	3.0
3615	2.0
3676	4.0
3693	3.5
3726	4.5
3741	3.0
3742	1.5
3786	5.0
3788	3.5
3882	1.5
3897	3.5
3917	3.0
3918	3.5
3925	3.5
3932	3.5
3949	4.5
3979	2.5
4011	3.0
4016	4.0
4020	3.5
4090	5.0
4105	4.0
4144	3.0
4149	1.5
4158	2.5
4214	3.0
4226	4.5
4232	3.5
4246	2.0
4255	2.0
4306	3.5
4322	2.5
4359	3.0
4367	2.5
4380	4.0
4437	4.0
4447	3.0
4519	1.0
4545	5.0
4553	5.0
4571	3.0
4587	3.0
4616	3.0
4624	5.0
4641	4.5
4642	4.5
4643	2.5
4678	3.5
4700	1.5
4713	5.0
4734	3.0
4816	3.5
4848	4.5
4873	5.0
4878	4.0
4881	4.0
4886	3.5
4896	3.5
4911	3.5
4914	3.0
4973	4.0
4974	0.5
4979	4.0
4980	4.0
4993	4.0
4995	3.5
5008	5.0
5010	3.5
5025	3.0
5060	4.5
5074	3.0
5103	4.5
5110	3.0
5159	3.0
5218	4.0
5254	4.0
5265	4.0
5266	1.5
5269	2.5
5291	5.0
5299	2.5
5349	3.5
5377	2.5
5378	2.0
5445	3.5
5489	1.5
5502	2.5
5504	3.0
5618	3.5
5666	4.5
5669	3.0
5679	2.5
5792	3.5
5796	3.5
5816	4.0
5902	4.0
5952	4.0
5971	4.5
5989	5.0
5991	3.0
6001	3.5
6003	4.5
6093	4.5
6166	2.5
6188	3.0
6214	4.0
6242	3.5
6290	3.5
6338	3.0
6350	4.0
6365	3.5
6373	2.5
6377	3.5
6440	4.0
6502	3.5
6539	4.0
6593	3.0
6707	4.0
6709	3.5
6711	4.0
6731	3.5
6743	3.0
6755	3.0
6773	2.5
6774	4.0
6793	2.5
6794	1.5
6807	4.0
6863	2.5
6874	3.5
6888	2.5
6936	3.0
6952	3.0
6975	3.5
6987	4.0
7044	4.5
7089	4.0
7116	4.5
7147	5.0
7153	4.0
7164	3.0
7234	3.5
7235	4.5
7265	4.5
7318	1.5
7361	5.0
7387	4.0
7438	4.0
7757	2.5
8154	3.5
8253	3.5
8360	4.0
8366	4.0
8368	4.0
8376	3.5
8477	2.5
8528	4.0
8636	5.0
8641	3.0
8807	2.5
8808	2.5
8874	4.0
8910	4.0
8917	3.5
8958	4.0
8961	3.5
8970	4.0
26680	3.0
27706	4.0
27772	5.0
30793	5.0
30810	3.5
32017	3.0
32587	2.5
33004	4.0
33834	4.5
34323	4.0
37729	4.5
38038	4.0
