1	3.0
16	3.5
21	2.5
32	4.5
47	4.0
50	4.0
70	4.0
97	3.5
110	3.0
111	3.0
150	4.5
153	2.0
163	3.5
165	4.0
180	2.0
223	3.5
231	3.0
253	2.5
260	5.0
293	4.0
296	5.0
318	5.0
344	3.0
356	4.0
357	4.0
364	5.0
367	3.5
377	3.5
380	3.0
434	2.5
436	3.0
441	2.0
457	3.0
466	3.0
475	3.0
480	4.5
507	3.5
535	3.0
541	4.5
551	3.0
555	2.5
588	4.5
589	4.0
592	3.5
593	3.0
594	3.5
596	3.5
597	3.0
608	3.5
616	4.0
648	3.0
718	3.5
719	4.0
733	3.0
736	3.0
745	3.5
778	4.0
780	3.5
788	3.0
849	3.5
858	4.0
924	3.5
968	3.0
1032	4.0
1033	3.5
1036	4.5
1059	1.0
1061	3.0
1079	3.0
1089	4.0
1090	3.0
1097	4.0
1101	3.0
1111	3.0
1127	4.0
1128	2.0
1129	3.5
1148	3.5
1175	3.0
1196	5.0
1197	3.5
1198	5.0
1199	5.0
1200	4.0
1203	5.0
1206	3.0
1208	3.5
1210	5.0
1213	3.5
1214	4.5
1220	4.0
1221	4.0
1222	3.5
1223	3.5
1231	3.0
1240	3.5
1244	2.5
1245	3.5
1255	2.5
1259	3.0
1262	3.5
1265	5.0
1270	5.0
1281	3.5
1291	5.0
1307	3.0
1320	4.0
1370	3.5
1377	3.5
1380	3.0
1387	3.0
1391	3.0
1407	4.0
1464	2.0
1527	5.0
1544	3.5
1556	2.5
1562	1.5
1569	3.0
1573	3.0
1580	3.5
1584	4.5
1617	3.5
1625	2.0
1641	3.0
1644	3.0
1653	5.0
1674	3.0
1676	3.5
1682	4.0
1690	4.0
1704	3.5
1717	3.0
1721	4.0
1727	3.5
1729	4.0
1732	5.0
1801	2.0
1805	3.5
1833	2.5
1876	2.5
1882	3.0
1884	2.5
1909	3.0
1911	2.5
1917	3.5
1918	3.0
1923	4.0
1961	3.5
1968	4.5
2000	3.5
2001	3.0
2003	3.5
2005	2.5
2006	2.5
2011	4.5
2012	3.5
2023	3.5
2028	4.0
2054	3.5
2076	2.0
2078	4.0
2087	3.0
2105	1.5
2115	5.0
2144	4.0
2174	3.0
2193	3.0
2232	3.5
2273	2.5
2288	4.5
2291	4.5
2313	4.5
2324	3.0
2329	3.0
2338	2.0
2340	3.0
2355	3.5
2378	3.0
2395	3.0
2396	2.5
2424	2.5
2427	3.5
2428	3.5
2467	3.5
2470	4.0
2471	3.0
2502	4.0
2529	3.0
2541	3.5
2542	3.0
2571	4.0
2583	3.0
2600	4.0
2605	2.5
2617	3.0
2628	2.0
2671	4.0
2672	3.0
2706	3.5
2710	3.5
2716	4.5
2717	4.0
2739	3.0
2762	4.0
2791	4.0
2792	2.5
2797	3.0
2843	3.5
2858	3.0
2916	3.0
2918	3.0
2947	3.0
2953	3.0
2959	4.0
2968	3.0
2985	3.0
2987	4.5
2997	1.5
3034	3.5
3052	3.0
3081	3.5
3082	2.5
3100	3.5
3108	3.0
3114	3.0
3147	3.0
3160	3.0
3176	3.0
3210	3.0
3257	3.0
3266	3.5
3273	3.0
3285	1.5
3300	4.0
3301	3.5
3354	3.0
3355	3.5
3394	3.5
3408	3.0
3409	3.5
3418	2.5
3481	3.0
3527	3.0
3556	3.5
3578	4.5
3617	3.0
3623	3.0
3683	3.0
3726	3.0
3751	3.0
3752	3.0
3785	3.0
3793	2.5
3826	3.0
3827	3.0
3868	3.5
3869	3.0
3897	3.0
3948	3.0
3949	4.0
3953	2.5
3977	3.0
3994	3.0
4011	4.5
4015	2.0
4018	3.5
4022	3.5
4027	4.5
4034	3.0
4084	2.5
4226	4.0
4246	3.0
4262	3.0
4270	2.5
4306	3.5
4310	2.5
4343	3.5
4388	2.5
4446	3.0
4447	2.5
4467	4.5
4487	2.5
4638	2.5
4641	3.0
4643	2.5
4701	3.0
4718	3.0
4720	3.5
4733	3.0
4744	3.0
4816	3.0
4844	3.0
4848	5.0
4865	3.0
4878	3.0
4886	3.0
4890	3.0
4901	3.5
4963	3.5
4973	4.5
4979	3.0
4993	4.0
4995	3.0
5013	3.0
5060	2.5
5151	2.5
5218	3.5
5219	2.5
5266	3.0
5283	3.0
5349	3.5
5377	2.0
5378	3.5
5388	3.5
5418	3.5
5445	4.0
5459	3.0
5464	2.5
5502	3.5
5505	3.0
5507	2.5
5541	3.5
5613	3.5
5618	2.5
5666	3.0
5669	3.0
5673	1.5
5679	2.5
5792	3.0
5810	2.5
5872	2.5
5952	4.0
5956	3.5
5989	3.5
5992	2.0
5995	4.0
6016	3.5
6058	3.0
6062	3.0
6188	3.5
6214	3.0
6281	2.5
6323	3.5
6333	2.5
6365	2.5
6370	4.0
6373	3.0
6377	4.0
6378	2.5
6440	3.0
6502	3.5
6503	3.0
6537	3.0
6538	3.0
6539	3.5
6541	2.5
6586	2.5
6593	3.0
6617	3.5
6711	5.0
6754	3.0
6773	2.5
6863	2.5
6870	3.0
6873	2.5
6874	4.0
6890	4.0
6934	2.5
6942	3.0
6947	3.5
6952	2.0
6953	2.5
6954	3.0
7147	2.0
7150	3.0
7153	4.0
7160	3.0
7173	2.0
7254	4.0
7293	4.0
7317	4.0
7318	1.5
7323	3.0
7325	2.5
7346	3.0
7347	3.0
7360	3.0
7361	3.5
7373	3.5
7387	3.0
7419	2.5
7438	4.0
7444	2.5
7451	2.5
7502	4.0
8042	3.0
8360	3.0
8361	3.0
8368	3.0
8371	3.0
8477	2.5
8528	3.5
8529	3.5
8533	3.0
8622	2.5
8636	4.0
8644	3.0
8665	3.0
8783	3.0
8784	3.0
8798	3.5
8810	3.0
8860	2.5
8861	2.5
8874	2.0
8949	3.0
8950	2.5
8957	3.0
8961	3.0
8969	2.5
8970	2.0
8981	3.0
8984	3.0
26242	3.0
27773	1.0
27815	2.0
30707	4.0
30793	3.5
30810	4.5
30812	2.0
30825	3.0
31420	3.0
31685	3.0
31696	2.0
32019	2.0
32031	3.0
32587	3.0
32598	3.0
33004	0.5
33164	3.0
33166	3.5
33171	3.5
33493	4.0
33615	3.0
33669	2.5
33679	2.5
33794	3.0
33834	3.0
34048	4.0
34150	3.0
34162	4.0
34319	3.0
34405	3.0
34437	2.5
35836	3.5
35957	3.0
36276	2.5
36401	2.5
36529	4.5
37727	2.5
37729	3.0
37733	3.0
38038	3.5
38061	2.0
38798	3.5
38886	2.5
39183	3.5
39231	2.0
39292	3.5
39444	2.5
39446	2.5
39715	3.0
40278	3.5
40583	3.0
40629	2.0
40732	3.5
40819	2.5
41285	3.5
41569	3.0
41997	3.0
42004	3.5
42418	2.5
42723	3.0
42738	2.5
43679	3.0
44022	3.0
44191	3.5
44193	3.0
44195	3.0
44199	3.5
44665	2.5
45081	3.0
45186	3.0
45442	2.5
45499	2.5
45517	3.0
45666	3.5
45672	2.5
45720	3.5
45722	3.0
45728	3.5
45730	1.5
45880	4.0
46530	2.5
46578	4.0
46967	4.0
46972	3.0
47518	3.5
47997	3.0
48043	1.5
48082	2.0
48304	2.5
48385	3.0
48394	2.5
48516	4.0
48738	2.5
48774	4.5
48780	2.5
49272	4.0
49278	3.0
49286	2.5
49396	2.5
49530	2.5
50189	3.0
50872	3.5
50912	2.5
51662	3.0
52281	3.5
52328	3.0
52722	3.5
52952	3.5
52973	3.0
53000	2.5
53121	2.5
53123	3.0
53125	3.0
53318	3.5
53322	3.0
53464	3.0
53519	3.5
53953	2.5
53972	2.0
53996	3.0
54286	3.0
54503	4.0
54995	3.5
55118	3.5
55232	2.5
55247	4.0
55269	3.0
55282	3.0
55290	2.5
55820	1.0
55830	2.0
55908	3.0
56145	3.5
56152	2.5
56174	3.5
56367	3.0
56782	4.0
56801	2.5
57274	3.5
57368	4.0
57640	4.0
57669	3.0
58025	3.0
58047	3.0
58559	3.0
58803	3.0
58998	3.5
59315	3.0
59421	3.0
59615	1.5
59725	3.0
59784	3.0
59900	4.0
60037	2.5
60069	4.5
60074	3.0
60684	4.0
60756	3.5
60760	2.5
60950	2.5
61024	1.0
61132	3.5
61160	2.5
61323	2.0
62155	4.0
62434	3.5
63082	3.5
63113	2.5
63131	2.5
63992	3.0
64614	3.5
64839	3.0
64957	3.5
64969	3.0
66203	1.5
66509	2.0
66665	2.5
67087	2.5
67197	2.5
67267	3.5
67734	3.0
68073	3.5
68157	4.0
68159	2.5
68237	4.0
68358	3.5
68791	3.0
68793	3.0
68952	3.5
68954	1.5
69122	4.0
69406	2.5
69481	1.5
69526	2.5
69644	3.0
69757	3.0
69951	2.5
70286	3.0
70293	3.0
70599	3.5
71057	2.5
71135	3.0
71156	2.0
71379	3.5
71464	1.5
71518	3.5
71530	3.0
71535	3.5
71745	1.0
72011	2.5
72226	2.5
72378	2.5
72407	2.0
72998	4.0
73017	3.0
73023	3.5
73266	3.5
73268	2.5
74458	4.0
74789	2.0
74795	3.0
76077	2.5
76093	3.5
76175	3.0
76251	2.5
77561	3.0
78105	3.5
78209	2.5
78469	3.0
78499	4.5
78637	2.5
78772	2.0
79091	1.0
79132	4.0
79592	2.5
79695	2.5
79702	3.0
80219	3.0
80463	4.5
80489	3.0
80549	3.5
80969	2.5
81537	2.5
81562	3.0
81591	1.0
81847	3.0
82459	3.5
82461	3.0
83134	3.5
83349	1.5
83613	3.5
84152	3.0
84374	3.0
84772	3.0
84954	3.5
85131	2.0
85414	3.5
85510	3.0
86320	2.5
86332	3.5
86833	3.5
86880	3.0
86882	4.0
86911	3.0
87222	3.0
87232	4.0
87306	3.5
87430	1.5
87485	3.0
87520	3.0
87869	3.0
88129	4.0
88140	3.5
88163	3.0
88405	3.0
88744	3.5
89470	3.5
89492	4.0
89745	3.5
89804	3.5
89864	2.5
90405	3.0
90746	2.0
90866	3.0
91077	3.0
91500	3.0
91529	3.5
91542	2.5
91630	3.5
91658	3.5
92259	3.0
92420	3.0
93510	3.0
93840	3.5
94777	2.5
94864	4.0
94959	3.5
95088	2.5
95167	2.5
95441	3.0
95510	3.0
96079	3.0
96610	4.0
96821	3.0
97304	4.0
97921	3.0
97923	3.0
98809	3.5
99114	3.5
101864	3.5
102123	2.5
102125	2.5
102445	3.5
102903	3.0
103042	3.0
103141	3.0
103228	3.5
103249	3.5
103253	3.0
104374	3.5
104841	4.0
104879	2.0
104913	3.5
105844	4.0
106072	3.0
106100	3.5
106487	3.0
106489	4.0
106782	4.5
106920	3.5
108932	3.5
109374	4.0
109487	5.0
110102	3.0
111362	3.5
111759	4.0
112175	3.5
112183	4.0
112556	4.0
112623	3.0
112852	4.5
116797	3.5
