1	5.0
6	4.0
10	4.0
11	2.0
21	4.0
24	3.0
32	4.0
34	4.0
39	3.0
104	5.0
110	5.0
112	3.0
145	3.0
160	1.0
163	4.0
165	4.0
172	3.0
185	4.0
196	3.0
198	3.0
260	5.0
288	4.0
292	3.0
316	4.0
317	1.0
329	3.0
332	4.0
338	3.0
349	4.0
351	3.0
353	2.0
356	3.0
357	4.0
364	3.0
367	1.0
377	4.0
379	4.0
380	5.0
426	3.0
435	4.0
441	4.0
442	2.0
457	4.0
474	3.0
480	1.0
494	3.0
504	4.0
511	3.0
514	3.0
519	1.0
522	4.0
539	3.0
541	4.0
551	1.0
552	5.0
555	4.0
588	4.0
589	5.0
592	2.0
594	1.0
595	3.0
597	3.0
610	5.0
648	4.0
653	3.0
663	5.0
671	5.0
673	1.0
674	2.0
708	3.0
733	4.0
737	2.0
741	3.0
748	3.0
750	1.0
780	3.0
788	1.0
799	3.0
849	3.0
858	5.0
924	1.0
968	3.0
996	4.0
1022	1.0
1023	3.0
1029	2.0
1036	4.0
1037	2.0
1049	2.0
1060	3.0
1077	3.0
1079	5.0
1081	3.0
1090	4.0
1097	4.0
1101	4.0
1125	4.0
1127	4.0
1129	3.0
1171	1.0
1186	4.0
1188	2.0
1196	5.0
1197	5.0
1198	5.0
1200	4.0
1201	3.0
1206	1.0
1210	5.0
1214	4.0
1215	4.0
1220	4.0
1221	5.0
1222	5.0
1224	4.0
1225	3.0
1228	5.0
1231	4.0
1233	5.0
1234	4.0
1240	5.0
1242	3.0
1246	5.0
1253	3.0
1257	3.0
1258	5.0
1259	5.0
1261	3.0
1265	3.0
1270	4.0
1274	3.0
1275	5.0
1282	1.0
1285	4.0
1288	2.0
1291	5.0
1293	4.0
1297	3.0
1301	3.0
1302	2.0
1307	3.0
1320	3.0
1321	4.0
1334	2.0
1356	3.0
1370	5.0
1371	3.0
1372	4.0
1373	4.0
1374	5.0
1375	3.0
1376	3.0
1378	4.0
1387	5.0
1389	1.0
1391	1.0
1394	4.0
1396	4.0
1405	4.0
1408	5.0
1485	3.0
1500	3.0
1517	4.0
1518	3.0
1527	4.0
1544	1.0
1552	3.0
1573	2.0
1580	5.0
1584	4.0
1587	5.0
1590	2.0
1591	3.0
1597	4.0
1608	3.0
1610	4.0
1641	5.0
1663	4.0
1674	4.0
1676	5.0
1690	3.0
1711	1.0
1721	4.0
1722	3.0
1732	4.0
1748	3.0
1754	3.0
1777	3.0
1779	2.0
1784	3.0
1785	4.0
1792	3.0
1831	3.0
1833	3.0
1848	3.0
1858	4.0
1866	4.0
1876	4.0
1882	1.0
1907	3.0
1909	3.0
1917	3.0
1921	2.0
1923	5.0
1924	3.0
1953	3.0
1954	5.0
1957	4.0
1958	1.0
1961	4.0
1967	3.0
1968	4.0
1994	3.0
2000	5.0
2001	4.0
2002	4.0
2006	4.0
2009	2.0
2010	2.0
2011	4.0
2012	4.0
2021	4.0
2022	3.0
2023	4.0
2028	4.0
2034	3.0
2041	1.0
2046	3.0
2053	1.0
2054	4.0
2058	4.0
2064	4.0
2078	3.0
2080	3.0
2081	3.0
2085	2.0
2087	1.0
2089	2.0
2090	4.0
2093	1.0
2094	3.0
2100	3.0
2105	4.0
2108	2.0
2114	2.0
2115	4.0
2116	3.0
2117	4.0
2137	4.0
2138	4.0
2139	4.0
2140	4.0
2141	4.0
2142	3.0
2144	3.0
2161	2.0
2167	3.0
2174	3.0
2193	4.0
2194	5.0
2243	3.0
2248	3.0
2278	3.0
2287	3.0
2288	3.0
2294	4.0
2300	4.0
2302	4.0
2311	1.0
2321	3.0
2324	5.0
2334	4.0
2346	3.0
2353	4.0
2355	5.0
2359	3.0
2363	3.0
2376	3.0
2390	3.0
2393	4.0
2394	3.0
2395	2.0
2402	4.0
2403	5.0
2404	3.0
2405	2.0
2406	2.0
2407	3.0
2408	1.0
2410	5.0
2411	4.0
2414	3.0
2422	2.0
2428	4.0
2454	3.0
2455	3.0
2457	4.0
2468	3.0
2476	3.0
2490	4.0
2502	4.0
2527	3.0
2528	3.0
2529	3.0
2530	1.0
2531	1.0
2532	2.0
2533	3.0
2542	5.0
2553	4.0
2554	3.0
2571	5.0
2599	2.0
2600	2.0
2613	3.0
2628	3.0
2640	1.0
2641	1.0
2642	1.0
2643	1.0
2657	1.0
2660	3.0
2662	3.0
2664	3.0
2671	3.0
2692	5.0
2699	4.0
2700	5.0
2706	4.0
2716	4.0
2722	2.0
2723	3.0
2735	2.0
2763	3.0
2788	4.0
2791	4.0
2797	4.0
2802	2.0
2815	3.0
2857	3.0
2858	3.0
2872	4.0
2879	2.0
2889	3.0
2912	2.0
2915	4.0
2916	4.0
2918	4.0
2919	4.0
2944	3.0
2947	3.0
2948	4.0
2968	3.0
2985	2.0
2986	2.0
2987	4.0
2989	4.0
2990	3.0
2991	3.0
2997	4.0
3000	4.0
3020	3.0
3024	2.0
3033	3.0
3039	4.0
3052	4.0
3060	4.0
3072	3.0
3101	3.0
3104	4.0
3107	4.0
3108	4.0
3114	5.0
3142	4.0
3175	4.0
3178	4.0
3182	1.0
3197	3.0
3203	3.0
3210	4.0
3253	5.0
3255	3.0
3256	4.0
3261	4.0
3267	3.0
3269	3.0
3275	3.0
3298	3.0
3300	2.0
3301	4.0
3317	2.0
3328	3.0
3354	1.0
3360	3.0
3361	4.0
3396	4.0
3408	4.0
3409	2.0
3418	3.0
3424	3.0
3441	3.0
3444	4.0
3448	5.0
3450	4.0
3471	4.0
3479	4.0
3481	3.0
3510	3.0
3527	4.0
3534	3.0
3535	2.0
3536	2.0
3555	4.0
3566	4.0
3578	4.0
3593	1.0
3608	1.0
3617	2.0
3623	4.0
3633	3.0
3635	3.0
3638	3.0
3639	3.0
3654	3.0
3671	3.0
3683	4.0
3685	3.0
3697	2.0
3698	4.0
3699	3.0
3700	3.0
3701	4.0
3702	4.0
3703	2.0
3704	2.0
3710	2.0
3717	3.0
3740	2.0
3744	2.0
3745	3.0
3751	4.0
3753	4.0
3755	4.0
3763	4.0
3766	2.0
3770	2.0
3793	4.0
3794	1.0
3802	2.0
3809	3.0
3826	3.0
3827	3.0
3864	1.0
3868	5.0
3882	2.0
3897	4.0
3911	2.0
3915	3.0
3916	4.0
3927	4.0
3946	3.0
3948	4.0
3949	4.0
3959	3.0
3977	2.0
3980	3.0
3981	1.0
3984	3.0
3986	3.0
3988	1.0
3994	5.0
3996	5.0
3997	2.0
3999	2.0
4002	4.0
4005	3.0
4007	4.0
4011	5.0
4014	3.0
4018	3.0
4022	4.0
4023	3.0
4025	3.0
4027	4.0
4034	3.0
4036	2.0
4041	1.0
4054	3.0
4068	2.0
4079	1.0
4084	4.0
4085	5.0
4105	4.0
4121	4.0
4128	4.0
4133	3.0
4220	4.0
4223	2.0
4226	4.0
4238	3.0
4239	3.0
4246	4.0
4262	5.0
4265	3.0
4275	4.0
4280	4.0
4299	4.0
4306	5.0
4308	1.0
4310	2.0
4321	4.0
4326	5.0
4344	2.0
4351	3.0
4361	2.0
4368	2.0
4369	3.0
4370	1.0
4396	3.0
4443	2.0
4446	4.0
4448	2.0
4467	3.0
4480	2.0
4488	4.0
4492	2.0
4498	3.0
4499	4.0
4531	3.0
4545	3.0
4553	4.0
4564	3.0
4571	4.0
4572	3.0
4613	4.0
4623	4.0
4641	1.0
4643	1.0
4654	2.0
4661	2.0
4673	3.0
4701	1.0
4713	2.0
4718	3.0
4720	5.0
4734	4.0
4756	2.0
4770	2.0
4776	4.0
4815	3.0
4816	2.0
4823	2.0
4844	2.0
4855	3.0
4866	3.0
4867	2.0
4880	4.0
4886	3.0
4890	2.0
4896	3.0
4915	2.0
4958	2.0
4963	4.0
4975	4.0
4979	1.0
4993	5.0
4995	4.0
5009	2.0
5010	4.0
5013	2.0
5039	4.0
5040	4.0
5049	4.0
5055	3.0
5064	3.0
5065	3.0
5066	2.0
5074	1.0
5108	1.0
5110	3.0
5139	3.0
5151	3.0
5159	3.0
5218	4.0
5237	4.0
5293	3.0
5349	3.0
5377	3.0
5378	2.0
5388	3.0
5400	4.0
5418	3.0
5445	4.0
5464	4.0
5481	4.0
5502	2.0
