1	4.0
2	4.0
19	4.5
20	2.5
29	4.0
32	5.0
34	4.5
36	4.0
47	5.0
50	4.5
70	4.5
76	3.5
110	5.0
111	4.5
150	4.0
160	4.0
165	4.0
170	3.5
208	4.0
230	4.0
231	3.5
253	4.5
260	4.5
266	4.5
288	4.0
293	4.5
296	4.5
316	4.5
318	5.0
329	4.0
344	4.5
349	4.5
356	4.5
364	4.0
367	3.5
377	3.5
379	4.0
380	4.5
383	3.5
434	3.5
474	4.0
475	4.5
480	4.0
485	4.5
527	5.0
529	4.5
541	4.5
586	3.5
587	4.0
588	4.0
589	5.0
590	4.0
592	4.0
593	5.0
595	4.0
597	4.0
608	4.0
648	4.0
733	4.0
736	4.0
741	4.5
750	5.0
780	4.5
788	3.5
836	3.5
880	4.0
904	4.5
924	4.5
968	4.5
1036	4.0
1042	2.0
1073	4.0
1079	4.5
1089	4.5
1097	4.5
1101	3.5
1127	4.5
1193	4.0
1196	4.5
1198	4.5
1199	4.0
1200	4.5
1203	4.5
1206	4.0
1208	4.5
1210	4.5
1214	5.0
1215	3.5
1216	4.0
1232	4.0
1240	5.0
1246	5.0
1249	4.5
1253	4.0
1258	4.0
1265	4.5
1270	4.5
1275	4.5
1291	4.5
1301	4.5
1320	4.5
1356	4.5
1373	4.5
1374	4.5
1466	4.0
1517	4.0
1527	4.0
1544	4.5
1573	4.0
1580	4.5
1584	4.5
1587	4.0
1608	3.5
1625	4.5
1653	4.5
1682	4.0
1690	4.5
1721	4.5
1748	4.5
1784	4.5
1889	4.0
1909	4.0
1918	3.5
1923	3.5
1953	3.5
1994	4.5
2000	4.5
2001	4.0
2002	4.0
2010	4.5
2011	4.5
2012	4.0
2019	5.0
2028	4.5
2105	3.5
2115	4.5
2117	4.0
2174	4.5
2291	4.5
2321	4.0
2324	4.5
2329	5.0
2351	3.5
2355	3.5
2396	4.0
2403	4.5
2404	4.5
2408	4.5
2467	4.5
2490	4.0
2529	4.5
2531	4.5
2532	4.5
2571	4.5
2594	4.5
2617	3.5
2628	4.5
2641	4.0
2642	4.5
2643	4.0
2662	4.0
2672	4.0
2683	4.5
2686	5.0
2692	4.0
2700	3.5
2706	2.5
2710	3.5
2716	4.5
2762	4.5
2808	4.0
2858	5.0
2916	4.5
2918	4.5
2920	4.5
2959	4.5
2985	4.5
2986	4.0
2997	4.0
3000	4.5
3030	5.0
3105	5.0
3114	4.0
3134	3.5
3147	5.0
3252	4.5
3275	4.5
3409	3.0
3438	3.0
3471	4.5
3494	4.0
3527	4.5
3578	4.5
3623	4.0
3624	4.0
3697	4.0
3702	4.5
3703	4.5
3745	3.5
3751	3.5
3753	3.5
3763	3.0
3785	3.0
3793	4.5
3819	3.5
3827	4.0
3863	3.5
3948	3.0
3967	4.5
3969	5.0
3972	4.0
3977	3.5
3988	3.0
3996	5.0
4011	4.5
4014	4.5
4022	4.5
4034	4.5
4085	4.5
4148	4.5
4226	4.0
4232	4.0
4235	5.0
4262	4.5
4306	5.0
4344	4.0
4367	4.0
4369	3.0
4370	4.5
4447	3.5
4638	4.0
4643	4.5
4673	4.0
4701	4.0
4713	4.0
4720	4.0
4776	4.0
4848	4.0
4878	4.0
4886	3.5
4896	4.5
4901	4.0
4902	4.0
4963	4.0
4973	4.5
4975	3.5
4979	4.5
4993	4.5
4995	4.5
5010	4.5
5218	4.0
5219	3.5
5254	4.0
5266	3.5
5299	4.0
5319	4.0
5349	4.0
5378	4.0
5418	4.5
5445	4.5
5459	4.0
5502	4.0
5507	4.0
5574	4.0
5618	4.5
5669	4.0
5690	5.0
5816	4.5
5872	4.0
5881	3.5
5902	4.5
5903	3.5
5952	4.5
5971	4.5
5989	4.0
5995	4.5
6001	4.0
6016	5.0
6157	4.0
6264	4.0
6283	4.5
6303	3.5
6333	4.5
6350	4.5
6365	4.5
6373	4.0
6377	4.0
6502	4.0
6534	4.0
6537	4.5
6539	4.5
6541	4.0
6552	4.5
6624	3.5
6664	4.0
6669	4.0
6711	4.0
6754	4.5
6870	5.0
6874	4.5
6934	4.0
6951	4.0
6953	4.0
6954	5.0
7008	4.0
7090	4.5
7099	4.5
7143	4.5
7147	4.5
7153	4.5
7254	3.5
7327	3.5
7361	4.0
7371	5.0
7373	4.0
7438	4.5
7458	4.5
7481	4.0
7841	4.5
7842	4.5
8132	4.5
8360	4.5
8361	4.5
8368	4.5
8370	4.0
8371	4.0
8464	4.0
8528	3.5
8636	4.0
8644	4.5
8645	4.5
8665	4.5
8798	4.5
8810	4.5
8874	4.5
8914	4.5
8961	4.0
8972	4.5
8983	4.5
26614	4.5
26662	4.5
27611	4.0
27741	4.0
27773	4.0
27801	4.0
27904	4.0
30707	4.5
30749	4.5
30793	4.0
30812	4.0
31658	4.5
32587	4.0
33004	4.0
33493	4.5
33660	4.5
33679	4.5
33794	3.0
33836	2.5
34048	4.5
34162	4.0
34319	4.5
34332	3.5
34405	4.5
36517	4.5
36529	4.5
37733	4.5
40815	4.0
41285	4.0
41566	4.5
42632	4.5
42723	4.0
42738	4.0
44191	5.0
44555	4.5
45186	4.5
45499	4.5
45722	4.5
46322	4.5
46530	4.0
46723	4.5
48043	4.0
48304	4.5
48385	4.0
48394	4.5
48516	5.0
48738	4.5
48774	4.5
48780	4.0
48997	4.5
49272	4.5
49530	4.5
50601	4.5
51255	4.5
51412	4.0
51662	4.5
52281	4.5
52319	4.5
52328	4.0
52604	4.5
52722	4.0
52973	4.5
53000	4.0
53125	4.0
53956	3.5
53972	4.5
53996	4.5
54286	4.5
54503	4.5
54736	4.0
55118	4.5
55247	4.0
55820	4.5
55908	5.0
56174	4.5
56339	4.5
56367	4.5
56782	4.0
57368	4.0
57640	4.0
58105	4.5
58559	5.0
59315	4.5
59369	4.5
59615	4.5
59784	4.0
60069	4.0
60684	4.5
61160	4.0
62155	4.5
63062	4.5
63072	4.5
63113	4.5
64614	5.0
64622	4.5
64839	4.5
64957	5.0
65216	4.0
65261	4.5
65514	4.5
65642	4.5
65682	4.0
67255	4.5
67734	4.0
68157	4.5
68237	4.5
68319	4.5
68358	4.0
68791	4.5
68954	4.0
69122	4.5
69481	3.5
69757	4.5
69951	4.0
70286	4.5
70336	4.0
71033	4.5
71057	4.0
71135	4.5
71156	4.5
71264	3.5
71379	3.5
71518	4.5
71530	3.5
71535	4.5
71579	4.0
71899	4.0
72011	4.0
72226	4.5
72378	4.0
72395	4.5
72407	4.0
72737	4.0
72998	5.0
73017	4.0
73268	4.0
73321	4.0
73323	3.5
74458	4.5
74789	4.5
74795	4.0
76093	4.5
76175	3.5
76251	4.0
76293	4.0
77455	4.0
77561	4.0
77658	4.5
77866	4.0
78105	4.5
78469	4.5
78499	4.5
78637	4.0
78772	3.0
79057	4.0
79091	4.5
79132	4.5
79185	4.0
79293	4.5
79357	4.5
79592	3.5
79695	4.0
79702	4.5
80219	4.0
80906	4.5
81229	4.0
81564	4.0
81788	4.0
81834	4.5
81847	4.0
82202	4.0
82459	3.5
82461	4.0
83134	3.5
83349	4.0
83613	4.0
84152	4.0
84601	4.0
84772	4.0
84954	4.0
85131	4.0
85414	4.0
86190	3.5
86332	3.5
86880	4.0
86882	4.5
86911	4.0
87222	4.0
87232	3.5
87306	4.0
87430	3.5
87485	3.5
87520	4.0
87869	4.0
88125	4.0
88129	4.0
88140	3.5
88744	4.0
89470	4.0
89745	4.0
89774	4.5
90405	4.0
90746	4.0
91500	4.0
91529	4.5
91535	4.5
91630	4.0
92259	4.5
92420	4.0
93840	4.0
94777	4.0
94864	4.5
94959	4.5
95088	4.0
95167	4.0
95510	4.5
95875	4.0
96079	4.5
96610	4.5
96737	3.0
96821	4.5
97752	4.5
97921	4.5
97938	4.0
99114	4.0
101864	4.5
102125	4.5
102445	4.5
103042	4.0
103228	3.0
103335	4.5
103341	4.0
104374	4.5
104841	4.0
106002	4.5
106487	4.5
106489	4.5
106696	4.0
106918	4.0
108932	4.0
110102	4.5
111362	4.0
111759	4.5
112175	4.0
112852	4.0
