1	2.0
6	5.0
7	4.0
10	1.0
11	2.0
16	5.0
18	1.0
20	4.0
21	2.0
22	2.0
24	3.0
25	4.0
26	2.0
28	2.0
32	4.0
34	3.0
36	3.0
39	3.0
45	3.0
47	3.0
50	3.0
52	3.0
70	2.0
72	5.0
76	2.0
85	2.0
86	3.0
97	3.0
99	3.0
100	4.0
101	4.0
103	1.0
104	2.0
110	2.0
111	5.0
112	2.0
116	4.0
117	2.0
118	3.0
123	5.0
144	2.0
149	5.0
150	2.5
152	4.0
153	1.0
156	3.0
160	4.0
161	3.0
162	4.0
165	4.0
172	1.0
173	2.0
176	4.0
177	3.0
180	3.0
188	3.0
190	5.0
194	4.0
196	3.0
198	3.0
205	3.0
208	2.0
215	4.0
223	3.0
225	3.0
229	4.0
230	4.0
235	3.0
237	3.0
246	4.0
247	4.0
248	2.0
257	1.0
259	3.0
260	4.0
288	2.0
290	2.0
292	2.0
293	2.0
296	4.0
303	3.0
306	2.0
307	3.0
315	2.0
316	2.0
318	3.0
319	3.0
328	2.0
329	2.0
332	4.0
334	3.0
337	3.0
338	1.0
342	4.0
345	1.0
348	5.0
349	2.0
350	1.0
353	2.0
356	3.0
357	2.0
358	2.0
361	3.0
366	4.0
367	3.0
373	4.0
377	3.0
378	1.0
379	2.0
380	2.0
382	4.0
407	2.0
417	3.0
420	1.0
422	3.0
423	2.0
426	3.0
427	3.0
429	3.0
431	3.0
434	3.0
441	3.0
442	2.0
448	4.0
451	5.0
454	2.0
457	4.0
459	2.0
464	2.0
471	4.0
472	2.0
474	3.0
475	3.0
480	3.0
481	2.0
482	2.0
485	1.0
490	4.0
492	3.0
493	3.0
494	4.0
497	2.0
501	5.0
504	2.0
507	3.0
509	3.0
512	2.0
514	3.0
515	3.0
517	2.0
519	3.0
522	3.0
523	4.0
527	3.0
529	3.0
532	2.0
533	3.0
534	3.0
535	4.0
539	2.0
540	2.0
541	5.0
543	2.0
546	1.0
547	2.0
551	3.0
553	4.0
555	4.0
556	3.0
562	4.0
565	3.0
581	3.0
587	2.0
589	3.0
590	3.0
592	2.0
593	4.0
597	1.0
599	3.0
608	5.0
610	2.0
611	2.0
612	4.0
613	3.0
627	3.0
628	3.0
640	3.0
647	3.0
648	4.0
662	4.0
663	2.0
668	4.0
670	5.0
671	4.0
707	3.0
708	3.0
714	4.0
724	3.0
731	4.0
733	3.0
736	3.0
741	3.0
742	2.0
745	4.0
748	2.0
750	5.0
778	4.0
780	2.0
781	4.0
782	1.0
785	3.0
786	2.0
799	3.0
800	3.0
802	1.0
832	2.0
838	3.0
842	2.0
851	2.0
858	5.0
866	4.5
879	2.0
880	1.0
882	3.0
899	3.0
903	5.0
904	5.0
907	3.0
908	3.0
909	5.0
910	3.0
911	4.0
912	3.0
913	3.0
919	3.0
920	3.0
922	4.0
923	4.0
924	5.0
931	3.0
936	4.0
942	3.0
945	3.0
953	4.0
968	5.0
969	3.0
990	2.0
994	3.0
996	2.0
999	2.0
1027	1.0
1034	2.0
1035	2.0
1036	4.5
1037	2.0
1041	3.0
1047	2.0
1050	2.0
1056	5.0
1057	3.0
1060	4.0
1069	3.0
1073	3.0
1077	3.0
1078	3.0
1079	3.0
1080	3.0
1084	4.0
1089	5.0
1090	3.0
1092	4.0
1094	3.0
1095	3.0
1097	3.0
1103	3.0
1104	3.0
1120	2.0
1125	3.0
1127	4.0
1129	3.0
1136	4.0
1147	3.0
1148	4.0
1161	4.0
1171	3.0
1178	4.0
1179	5.0
1183	2.0
1186	5.0
1188	1.0
1189	4.0
1191	2.0
1193	4.0
1196	3.0
1197	3.0
1198	3.0
1199	3.0
1200	4.0
1201	5.0
1202	4.0
1204	4.5
1206	2.0
1207	3.0
1208	3.0
1209	5.0
1210	2.0
1211	3.0
1212	4.0
1213	4.0
1214	4.0
1215	4.0
1218	3.0
1219	4.0
1220	3.0
1221	5.0
1222	5.0
1223	3.0
1225	4.0
1226	3.0
1227	5.0
1228	5.0
1230	4.0
1231	4.0
1232	2.0
1233	4.0
1234	4.0
1236	4.0
1237	5.0
1238	3.0
1240	4.0
1241	4.0
1244	5.0
1245	4.0
1246	3.0
1247	4.0
1248	5.0
1249	2.0
1251	4.0
1252	3.0
1253	2.0
1254	4.0
1255	3.0
1258	4.0
1259	4.0
1261	4.0
1262	4.0
1263	2.0
1264	3.0
1265	5.0
1266	5.0
1267	5.0
1270	2.0
1273	3.0
1275	3.0
1276	4.0
1278	3.0
1285	4.0
1288	5.0
1289	4.0
1290	3.0
1291	2.0
1292	4.0
1295	4.0
1297	3.0
1298	2.0
1299	4.0
1304	3.0
1305	5.0
1306	2.0
1307	4.0
1320	4.0
1332	2.0
1334	2.0
1339	2.0
1342	4.0
1343	4.0
1344	3.0
1345	4.0
1346	3.0
1350	2.0
1352	1.0
1354	5.0
1355	3.0
1356	1.0
1358	4.0
1361	4.0
1370	2.0
1371	2.0
1372	3.0
1373	1.0
1374	4.0
1375	3.0
1376	3.0
1377	4.0
1380	2.0
1385	3.0
1387	4.0
1388	2.0
1391	4.0
1392	4.0
1393	2.0
1394	4.0
1395	2.0
1407	4.0
1408	4.0
1414	4.0
1419	4.0
1438	2.0
1449	4.0
1459	2.0
1466	3.0
1479	2.0
1480	4.0
1483	3.0
1488	3.0
1499	2.0
1500	1.0
1515	2.0
1517	3.0
1518	4.0
1527	2.0
1541	4.0
1544	2.0
1552	3.0
1562	1.0
1569	4.5
1573	3.0
1580	2.0
1584	3.0
1586	3.0
1587	2.0
1589	3.0
1590	4.0
1591	1.0
1594	3.0
1597	2.0
1598	1.0
1600	3.0
1603	2.0
1608	2.0
1610	2.0
1615	3.0
1616	4.0
1617	3.0
1620	2.0
1623	2.0
1625	3.0
1627	3.0
1635	4.0
1639	4.0
1641	2.0
1642	2.0
1645	3.0
1647	2.0
1653	4.0
1655	2.0
1658	2.0
1663	3.0
1670	3.0
1673	4.0
1674	4.0
1676	5.0
1680	3.0
1682	4.0
1687	3.0
1690	2.0
1701	3.0
1704	0.5
1717	2.0
1719	4.0
1721	3.0
1722	1.0
1729	4.0
1730	4.0
1732	4.0
1747	2.5
1748	4.0
1754	4.0
1762	3.0
1769	2.0
1777	2.0
1779	2.0
1783	3.0
1784	4.5
1785	4.0
1792	3.0
1799	1.0
1805	5.0
1821	4.0
1827	4.0
1831	2.0
1834	5.0
1835	4.0
1841	1.0
1845	5.0
1862	1.0
1875	3.0
1876	2.0
1882	3.0
1883	3.0
1885	1.0
1892	4.0
1897	4.0
1900	4.0
1904	3.5
1909	2.0
1912	5.0
1913	5.0
1916	5.0
1917	2.0
1918	1.0
1921	3.0
1923	4.0
1938	3.0
1945	5.0
1952	5.0
1953	3.0
1955	4.0
1957	3.0
1958	4.0
1960	3.0
1961	3.0
1963	4.0
1965	4.0
1966	5.0
1968	3.0
1973	2.0
1982	2.0
1994	3.0
1997	3.0
2000	2.0
2001	2.0
2002	2.0
2003	3.0
2004	4.0
2009	3.0
2010	3.0
2011	3.0
2012	2.0
2020	3.0
2021	2.0
2022	4.0
2023	3.0
2026	1.0
2028	4.0
2034	2.0
2064	5.0
2065	4.0
2066	3.0
2068	3.0
2072	2.0
2076	5.0
2088	2.0
2093	4.0
2094	2.0
2100	3.0
2105	2.0
2108	2.0
2109	3.0
2112	2.0
2115	3.0
2117	2.0
2118	3.0
2120	2.0
2121	2.0
2124	1.0
2126	3.0
2132	5.0
2143	2.0
2144	3.0
2145	3.0
2146	2.0
2150	3.0
2155	3.0
2159	4.0
2160	4.0
2166	5.0
2167	3.0
2171	4.0
2174	2.0
2178	3.0
2181	4.0
2186	3.0
2194	4.0
2231	4.0
2232	3.0
2243	4.0
2245	3.0
2247	3.0
2248	3.0
2262	3.0
2263	2.0
2268	2.0
2269	2.0
2278	3.0
2280	3.0
2288	4.0
2289	4.0
2291	4.0
2300	4.0
2303	4.0
2311	2.0
2312	2.0
2313	3.0
2316	2.0
2318	5.0
2320	1.0
2321	3.0
2322	1.0
2328	2.0
2329	3.0
2331	4.0
2334	2.0
2346	2.0
2348	3.0
2349	2.0
2351	5.0
2352	3.0
2353	2.0
2356	3.0
2357	4.0
2359	1.0
2360	3.0
2369	2.0
2370	3.0
2384	3.0
2387	4.0
2389	2.0
2390	1.0
2391	4.0
2393	1.0
2395	4.0
2396	1.0
2405	1.0
2406	2.0
2407	2.0
2414	2.0
2427	5.0
2428	3.0
2443	4.0
2450	1.0
2455	4.0
2459	5.0
2467	3.0
2470	2.0
2474	3.0
2475	4.0
2476	2.0
2485	3.0
2488	4.0
2502	3.0
2505	1.0
2506	3.0
2511	4.0
2514	2.0
2518	3.0
2525	3.0
2527	3.0
2528	3.0
2529	4.0
2530	2.0
2540	2.0
2542	1.0
2550	2.0
2551	5.0
2553	4.0
2570	4.0
2571	5.0
2575	5.0
2579	4.0
2580	4.0
2583	3.0
2594	4.0
2599	5.0
2600	2.0
2605	2.0
2616	2.0
2617	3.0
2618	1.0
2624	4.0
2628	1.0
2640	4.0
2641	4.0
2642	1.0
2643	1.0
2648	3.0
2657	2.0
2660	3.0
2664	3.0
2668	2.0
2672	3.0
2677	3.0
2692	1.0
2699	1.0
2700	2.0
2702	3.0
2706	3.0
2707	4.0
2710	4.0
2716	3.0
2719	1.0
2722	3.0
2726	4.0
2728	4.0
2729	4.0
2731	4.0
2732	3.0
2734	5.0
2739	2.0
2745	3.0
2750	2.0
2762	4.0
2763	2.0
2769	4.0
2770	4.0
2779	4.0
2788	3.0
2789	2.0
2791	3.0
2795	2.0
2797	3.0
2802	2.0
2803	1.0
2804	3.0
2805	3.0
2808	2.0
2819	5.0
2822	2.0
2841	4.0
2852	3.0
2858	1.0
2859	5.0
2863	3.0
2867	4.0
2871	5.0
2872	4.0
2881	3.0
2890	4.0
2898	2.0
2900	2.0
2901	4.0
2902	4.0
2903	3.0
2908	5.0
2912	4.0
2915	3.0
2916	4.0
2917	2.0
2918	3.0
2919	4.0
2920	4.0
2925	5.0
2926	2.0
2932	5.0
2936	4.0
2942	2.0
2948	2.0
2951	5.0
2952	5.0
2956	3.0
2959	3.0
2966	5.0
2968	2.0
2971	3.0
2973	5.0
2976	4.0
2985	5.0
2986	4.0
2987	2.0
2988	4.0
2995	2.0
2997	4.0
3005	2.0
3006	4.0
3007	4.0
3015	3.0
3018	4.0
3019	4.0
3020	2.0
3022	4.0
3024	3.0
3029	3.0
3030	4.0
3032	3.0
3033	3.0
3037	3.0
3039	3.0
3040	3.0
3044	2.0
3063	3.0
3067	2.0
3068	3.0
3070	3.0
3072	3.0
3075	4.0
3077	4.0
3081	1.0
3082	1.0
3083	1.5
3089	5.0
3090	3.0
3091	4.0
3095	4.0
3098	2.0
3101	4.0
3102	2.0
3104	4.0
3107	2.0
3108	5.0
3114	3.0
3115	2.0
3134	4.0
3152	3.0
3160	4.0
3163	4.0
3167	4.0
3168	3.0
3169	5.0
3173	3.0
3175	4.0
3176	4.0
3181	4.0
3182	2.0
3198	3.0
3201	4.0
3203	4.0
3210	3.0
3219	3.0
3238	1.0
3249	3.0
3250	3.0
3253	2.0
3254	2.0
3256	2.0
3259	4.0
3260	3.0
3261	2.0
3262	4.0
3265	3.0
3266	5.0
3267	2.0
3272	5.0
3273	2.0
3274	3.0
3285	4.0
3298	3.0
3301	3.0
3307	5.0
3317	5.0
3328	3.0
3341	2.0
3354	1.0
3358	4.0
3359	4.0
3361	2.0
3362	4.0
3363	3.0
3365	4.0
3408	4.0
3418	4.0
3421	3.0
3422	2.0
3424	5.0
3426	2.0
3430	5.0
3435	5.0
3452	2.0
3461	4.0
3468	4.0
3470	4.0
3471	5.0
3476	4.0
3481	5.0
3498	4.0
3499	4.0
3503	2.0
3504	4.0
3507	3.0
3515	3.0
3527	2.0
3528	1.0
3529	4.0
3535	4.0
3543	4.0
3545	3.0
3551	5.0
3555	3.0
3556	4.0
3557	2.0
3565	2.0
3566	3.0
3569	2.0
3576	3.0
3578	4.0
3608	5.0
3617	2.0
3618	2.0
3633	1.0
3638	1.0
3649	4.0
3671	3.0
3676	3.0
3683	5.0
3685	3.0
3686	2.0
3697	3.0
3698	2.0
3699	2.0
3700	2.0
3702	3.0
3703	3.0
3704	3.0
3706	5.0
3708	2.0
3709	4.0
3712	2.0
3726	2.0
3727	4.0
3728	5.0
3730	4.0
3733	5.0
3741	5.0
3742	3.5
3747	2.5
3751	3.0
3752	3.0
3763	2.0
3764	2.0
3770	4.0
3783	4.0
3788	3.0
3789	3.0
3793	5.0
3794	3.0
3798	2.0
3802	3.0
3809	4.0
3812	2.0
3814	3.0
3819	3.0
3826	2.0
3831	1.0
3835	2.0
3852	2.0
3858	2.0
3868	3.0
3871	4.0
3877	2.0
3893	2.5
3896	3.0
3897	3.0
3910	3.0
3911	3.5
3915	2.0
3917	3.0
3918	2.0
3919	2.0
3925	4.0
3932	3.0
3949	3.0
3953	4.0
3959	2.0
3967	1.0
3978	4.0
3983	5.0
3993	3.0
3994	4.0
3996	4.0
4002	4.0
4007	2.0
4008	3.0
4009	4.0
4011	1.0
4017	3.0
4020	3.0
4021	3.0
4022	4.0
4024	5.0
4027	2.0
4029	3.0
4031	2.0
4034	4.0
4037	5.0
4041	2.0
4054	2.0
4055	3.0
4056	2.0
4067	2.0
4077	3.0
4082	2.0
4105	4.0
4144	3.0
4149	2.0
4155	4.0
4205	3.0
4218	3.5
4226	5.0
4228	3.0
4234	3.0
4235	4.0
4246	3.0
4262	2.0
4298	4.0
4304	3.0
4308	4.0
4329	4.0
4334	5.0
4361	3.0
4370	4.0
4378	3.0
4406	4.0
4407	3.0
4422	4.0
4432	4.0
4448	2.0
4464	4.5
4465	2.0
4499	4.0
4533	3.0
4571	2.0
4577	4.0
4641	5.0
4643	2.0
4681	2.0
4720	3.0
4723	4.0
4744	4.0
4754	4.0
4770	2.0
4815	1.0
4816	2.0
4821	2.0
4844	2.0
4848	5.0
4855	3.0
4865	2.0
4873	3.0
4874	2.0
4878	5.0
4881	3.0
4889	3.0
4890	3.0
4896	1.0
4903	5.0
4914	4.0
4956	3.0
4967	4.0
4970	4.0
4973	3.0
4975	2.0
4978	3.0
4979	4.0
4980	1.0
4993	1.0
5008	3.0
5010	3.0
5013	4.0
5016	2.0
5060	3.0
5074	5.0
5081	3.0
5105	5.0
5110	2.0
5111	3.5
5147	5.0
5171	2.0
5219	3.0
5225	4.0
5266	4.0
5269	4.0
5291	4.0
5292	3.0
5293	4.0
5299	1.0
5339	4.0
5349	4.0
5364	3.0
5377	4.0
5378	1.0
5385	3.0
5388	3.0
5391	4.0
5417	3.0
5418	2.0
5445	2.0
5450	3.0
5459	2.0
5463	3.0
5477	2.0
5502	1.0
5505	4.0
5528	3.0
5530	3.0
5548	4.0
5617	3.0
5669	4.0
5673	4.0
5679	5.0
5693	4.0
5747	3.5
5772	5.0
5785	2.5
5791	2.0
5792	4.0
5809	5.0
5810	4.0
5812	5.0
5816	1.0
5878	4.0
5881	2.0
5893	5.0
5902	4.0
5944	1.0
5945	5.0
5952	1.0
5956	3.0
5995	5.0
6001	5.0
6003	2.0
6016	3.0
6183	3.0
6184	4.0
6187	2.0
6214	3.0
6238	5.0
6242	4.0
6250	2.0
6281	3.5
6286	3.0
6296	2.5
6301	2.0
6305	2.0
6333	4.0
6365	1.5
6373	2.5
6380	4.0
6440	4.5
6461	4.5
6502	2.5
6534	3.0
6620	4.0
6707	2.5
6708	3.0
6711	5.0
6731	3.0
6773	3.0
6774	3.5
6787	4.5
6863	3.0
6870	4.0
6873	3.5
6874	4.0
6888	2.0
6890	3.0
6932	4.0
6934	1.5
6947	3.5
6950	2.0
6953	2.5
6954	1.5
6975	4.0
6987	3.5
6993	5.0
7001	4.0
7013	4.0
7022	3.0
7027	1.5
7034	3.0
7063	3.5
7084	4.0
7090	4.0
7116	4.5
7137	2.5
7143	2.0
7147	2.0
7151	1.5
7153	1.0
7158	3.5
7293	2.5
7327	4.5
7348	4.5
7360	4.0
7361	4.0
7371	4.5
7373	4.0
7387	4.0
7419	4.0
7438	3.5
7566	3.5
7587	4.5
7981	4.0
7983	4.0
8014	3.0
8042	4.0
8154	4.5
8207	3.5
8368	1.5
8370	3.5
8371	2.5
8477	5.0
8507	3.5
8622	4.0
8636	2.5
8638	4.0
8690	4.0
8784	1.5
8807	3.0
8873	2.5
8874	3.0
8880	2.5
8910	3.5
8914	4.0
8949	4.5
8961	3.0
8970	2.0
8981	1.0
26131	4.0
26242	3.5
27846	3.0
30793	2.0
31804	2.5
32587	5.0
33836	2.0
33880	5.0
34150	2.5
34153	3.5
34162	2.0
34319	2.0
34334	1.0
34338	4.0
34405	1.0
34528	5.0
34542	4.5
35957	2.0
36276	5.0
36517	3.0
37727	3.0
37733	4.5
37741	3.5
38038	3.0
38886	5.0
39444	3.5
40819	3.0
41285	5.0
41573	3.5
42723	2.0
44191	4.0
44195	1.5
44761	2.5
45186	2.5
45442	2.5
45447	2.0
45499	1.5
45720	2.5
45950	2.5
46530	3.0
46723	2.5
46967	3.0
46970	4.0
46974	2.0
46976	2.5
48385	4.0
48516	4.0
49272	3.5
49822	2.5
50872	4.5
54272	3.0
55052	2.5
55269	3.5
55276	3.0
55820	4.5
56171	2.0
56333	4.0
56782	4.5
57368	3.0
58559	4.0
58998	4.5
59315	4.0
59615	2.0
60040	3.0
60069	5.0
60074	1.5
60950	4.0
61323	3.0
61729	4.5
63082	4.0
64575	3.0
64957	1.5
79132	3.5
