1	5.0
2	5.0
12	4.0
13	4.5
17	4.0
28	3.5
32	5.0
34	4.5
39	3.0
47	2.0
48	5.0
60	5.0
62	4.0
107	4.0
110	5.0
135	5.0
141	5.0
153	5.0
158	4.0
168	4.0
203	5.0
223	4.5
239	5.0
253	5.0
260	5.0
267	3.5
296	5.0
314	4.0
316	4.0
337	4.0
344	3.0
345	3.5
355	5.0
356	5.0
362	5.0
364	5.0
367	5.0
410	5.0
480	5.0
500	5.0
520	5.0
527	4.5
531	5.0
541	5.0
551	5.0
552	4.0
555	5.0
558	5.0
588	5.0
589	2.5
592	5.0
593	4.0
594	5.0
595	5.0
596	5.0
616	5.0
648	5.0
653	5.0
661	5.0
673	4.0
674	4.0
718	5.0
720	5.0
745	5.0
778	5.0
780	5.0
783	5.0
837	4.5
838	4.0
858	5.0
899	4.5
902	3.0
903	4.0
910	3.5
912	5.0
914	5.0
919	5.0
920	5.0
923	4.0
924	5.0
940	4.5
943	3.5
953	3.5
1013	5.0
1015	3.5
1021	3.5
1022	5.0
1023	5.0
1025	5.0
1027	4.0
1028	5.0
1029	4.0
1030	4.0
1031	5.0
1032	5.0
1033	5.0
1035	5.0
1059	4.0
1064	5.0
1073	5.0
1080	5.0
1081	5.0
1089	5.0
1097	5.0
1101	3.5
1136	5.0
1148	5.0
1172	3.5
1188	4.0
1196	5.0
1197	5.0
1198	5.0
1200	5.0
1204	4.5
1206	4.0
1207	5.0
1210	5.0
1214	5.0
1219	3.5
1220	3.5
1221	5.0
1223	5.0
1230	3.5
1237	4.0
1240	3.0
1246	4.5
1265	3.5
1270	5.0
1275	4.0
1276	4.0
1278	5.0
1282	5.0
1283	4.0
1288	4.0
1291	5.0
1303	4.0
1320	4.0
1356	5.0
1367	5.0
1371	5.0
1372	4.0
1373	4.0
1374	4.0
1375	4.0
1376	4.0
1377	4.0
1380	3.0
1387	3.0
1391	3.5
1416	3.5
1513	3.5
1517	5.0
1527	5.0
1544	3.5
1562	4.0
1566	5.0
1580	5.0
1587	5.0
1588	3.5
1676	4.0
1688	5.0
1702	4.0
1704	4.0
1721	4.5
1732	4.0
1876	4.0
1884	4.0
1907	5.0
1917	4.0
1947	2.0
1967	5.0
1968	5.0
2003	4.0
2005	5.0
2006	3.0
2013	4.0
2018	5.0
2021	4.0
2028	5.0
2033	5.0
2048	5.0
2052	5.0
2054	3.5
2059	5.0
2078	5.0
2080	5.0
2081	5.0
2083	5.0
2085	5.0
2087	5.0
2090	5.0
2096	5.0
2102	5.0
2105	5.0
2115	5.0
2124	5.0
2125	5.0
2137	3.5
2139	5.0
2140	5.0
2141	5.0
2142	5.0
2143	3.5
2144	3.5
2145	3.5
2161	5.0
2167	4.0
2174	5.0
2193	5.0
2291	5.0
2294	3.0
2333	3.5
2355	5.0
2393	4.0
2394	5.0
2396	5.0
2413	5.0
2420	4.0
2431	4.0
2496	3.5
2502	3.0
2528	3.5
2529	4.5
2565	4.0
2571	5.0
2581	3.0
2617	5.0
2628	5.0
2640	3.0
2657	4.0
2664	4.0
2683	5.0
2687	5.0
2701	4.0
2706	3.5
2710	1.5
2716	5.0
2717	5.0
2720	3.5
2723	4.0
2761	5.0
2762	5.0
2788	4.0
2791	3.5
2792	3.5
2797	4.0
2804	4.5
2857	5.0
2858	2.5
2872	5.0
2916	4.0
2918	5.0
2926	4.0
2959	5.0
2968	5.0
2987	5.0
3000	4.5
3034	5.0
3052	5.0
3072	1.0
3081	5.0
3087	5.0
3095	3.5
3114	5.0
3147	4.0
3156	3.5
3157	4.0
3159	5.0
3175	4.0
3247	3.0
3255	3.5
3257	3.0
3264	5.0
3275	4.5
3300	4.0
3396	4.0
3409	1.0
3466	4.0
3471	5.0
3479	5.0
3489	5.0
3524	3.5
3578	5.0
3608	3.5
3671	5.0
3745	5.0
3751	5.0
3791	4.0
3793	5.0
3825	3.0
3827	3.5
3882	4.0
3897	4.0
3968	3.0
3977	5.0
3988	5.0
3996	5.0
4002	3.5
4014	5.0
4015	3.5
4016	5.0
4018	3.0
4022	4.0
4025	5.0
4027	4.0
4090	4.0
4214	3.5
4226	5.0
4232	5.0
4270	5.0
4275	4.0
4299	4.5
4306	5.0
4308	5.0
4343	3.0
4366	5.0
4367	3.5
4447	4.0
4467	5.0
4571	5.0
4718	3.5
4720	4.0
4728	3.5
4816	4.0
4878	3.5
4886	5.0
4896	5.0
4963	5.0
4973	5.0
4979	4.5
4980	4.0
4993	5.0
4995	3.5
5039	5.0
5064	4.0
5159	5.0
5171	4.5
5218	4.0
5225	4.0
5313	3.5
5349	5.0
5378	5.0
5418	4.5
5444	5.0
5459	5.0
5481	5.0
5507	3.0
5618	4.5
5679	0.5
5816	5.0
5872	3.5
5952	5.0
5971	4.5
5989	4.0
5991	5.0
5995	4.0
6093	4.5
6155	4.0
6157	3.0
6218	4.5
6297	5.0
6333	5.0
6365	4.0
6377	5.0
6503	5.0
6539	5.0
6541	5.0
6565	3.5
6593	3.5
6711	4.5
6743	5.0
6754	5.0
6807	5.0
6863	4.5
6874	5.0
6936	4.5
6942	4.0
7045	5.0
7147	5.0
7153	5.0
7164	5.0
7247	3.5
7254	3.5
7293	3.5
7361	5.0
7380	5.0
7438	5.0
7444	4.0
7451	5.0
7454	5.0
7458	5.0
7757	5.0
8360	5.0
8361	4.0
8368	5.0
8376	1.5
8464	4.5
8492	5.0
8528	3.5
8533	3.5
8636	5.0
8641	4.0
8784	3.0
8810	3.5
8874	4.0
8907	5.0
8961	5.0
8965	5.0
8972	5.0
8983	4.0
8984	5.0
8985	4.0
26133	5.0
26662	4.5
27706	5.0
30793	5.0
30810	5.0
31658	4.5
32017	3.5
32031	5.0
32587	4.5
33004	5.0
33493	5.0
33615	5.0
33679	4.0
33794	5.0
33836	3.5
34048	3.5
34150	5.0
34338	5.0
34405	5.0
36401	5.0
37729	5.0
37741	3.5
37857	5.0
38038	5.0
38061	3.5
39183	4.0
40815	5.0
41566	5.0
41569	5.0
42734	5.0
42738	5.0
44191	5.0
45081	2.0
45431	3.5
45447	4.0
45499	3.0
45517	4.5
45722	5.0
46972	5.0
46976	3.0
47610	4.0
48043	3.0
48385	0.5
48394	5.0
48516	5.0
48774	4.5
48780	4.0
48982	4.5
49272	4.0
49649	5.0
50872	5.0
51662	5.0
52287	4.5
52435	5.0
52722	3.5
53121	5.0
53125	5.0
53322	5.0
53464	4.0
53996	4.0
54001	5.0
54259	5.0
54272	4.0
54286	4.0
54503	3.5
55820	4.0
55995	3.5
56152	5.0
56171	5.0
56251	5.0
56367	4.5
56757	4.0
56782	3.5
57669	4.5
58559	5.0
59315	5.0
59501	5.0
59615	4.5
59784	4.5
60069	5.0
60161	5.0
60487	5.0
60684	5.0
60937	3.5
61323	5.0
62376	4.5
62956	5.0
63082	5.0
63859	3.5
63992	1.5
64957	4.0
65261	5.0
65682	5.0
66097	5.0
66297	5.0
66934	5.0
67408	5.0
68157	5.0
68358	5.0
68954	5.0
69122	4.5
69757	1.0
69844	5.0
70286	5.0
71057	5.0
71264	4.5
71535	4.0
71745	4.0
72226	5.0
72407	0.5
72731	1.0
72737	5.0
72998	5.0
73017	5.0
74789	5.0
76093	5.0
76175	5.0
76251	5.0
77561	5.0
78105	5.0
78499	5.0
78637	5.0
79091	4.5
79132	5.0
80463	5.0
81564	5.0
81591	5.0
81834	5.0
81845	4.5
81847	5.0
82459	4.0
83349	4.0
84944	0.5
85510	4.0
86332	5.0
86880	5.0
87232	5.0
88125	5.0
90405	5.0
90746	5.0
90866	5.0
