1	4.5
2	3.5
3	3.0
5	4.5
10	4.5
11	4.5
16	1.5
19	3.0
31	3.0
34	3.5
39	4.5
48	4.0
50	4.0
60	2.5
62	4.0
74	4.0
88	2.0
104	3.0
107	2.5
110	3.5
145	1.5
150	4.0
158	3.5
161	3.0
168	3.5
185	3.0
186	3.0
231	2.0
236	3.5
239	3.0
248	1.5
252	4.0
258	3.0
260	5.0
261	4.5
262	4.0
266	3.5
276	2.5
277	4.0
289	3.5
300	3.0
317	5.0
344	3.0
349	3.5
350	3.5
351	3.0
355	1.5
356	3.5
357	3.0
361	3.5
362	3.0
364	4.0
367	3.0
368	3.0
414	3.0
432	3.0
440	3.5
454	3.5
455	2.5
457	4.5
473	2.5
474	3.5
480	2.5
491	3.5
497	3.0
502	2.5
508	3.0
551	2.0
586	3.5
588	4.5
590	3.5
592	3.0
594	4.5
595	4.5
596	4.0
597	4.0
605	4.5
616	3.5
635	4.0
661	3.0
709	3.0
711	3.5
780	3.0
783	3.0
784	2.5
788	2.5
802	3.0
830	3.0
832	1.5
837	3.0
838	3.0
898	4.0
899	5.0
900	3.5
901	3.5
902	3.0
904	4.0
905	4.0
906	3.0
908	4.0
911	4.0
912	4.5
913	4.5
914	5.0
915	4.0
917	5.0
918	3.0
920	5.0
923	4.0
926	4.0
928	4.0
930	4.0
932	3.5
934	4.5
938	3.0
940	5.0
942	4.0
947	4.5
948	3.5
951	4.0
953	5.0
954	4.0
955	4.0
969	4.0
1005	4.0
1007	4.0
1008	4.5
1009	3.0
1010	4.5
1011	4.0
1012	3.0
1013	5.0
1014	4.5
1015	3.0
1016	4.5
1017	4.5
1018	4.5
1019	4.0
1020	4.0
1021	3.5
1022	4.5
1023	4.5
1025	4.5
1028	5.0
1029	4.5
1030	4.5
1032	4.0
1033	4.5
1035	5.0
1036	4.0
1064	3.0
1073	4.5
1084	4.0
1088	3.5
1097	4.0
1100	3.5
1136	1.5
1183	3.0
1196	5.0
1197	4.0
1198	4.0
1204	4.0
1210	5.0
1225	1.5
1226	4.5
1234	4.5
1238	3.0
1246	3.0
1250	3.0
1262	4.0
1265	4.5
1267	4.0
1269	4.0
1270	4.0
1271	4.0
1272	4.0
1276	3.0
1284	4.0
1287	4.5
1291	4.0
1302	3.5
1304	4.0
1363	3.5
1380	2.0
1381	1.5
1393	3.5
1398	3.5
1399	3.0
1408	3.0
1409	1.0
1410	2.0
1441	3.0
1445	3.0
1457	3.5
1459	3.5
1460	3.0
1485	4.0
1517	0.5
1541	3.0
1544	2.0
1566	4.0
1569	4.5
1573	3.0
1580	3.0
1588	3.0
1592	2.5
1608	3.0
1610	4.0
1614	3.0
1615	2.0
1616	3.0
1672	3.5
1678	3.5
1686	3.5
1688	4.0
1694	1.5
1702	2.5
1703	3.0
1704	1.0
1711	3.0
1727	3.5
1752	3.0
1784	3.0
1801	3.5
1831	2.5
1835	3.0
1888	3.5
1907	4.5
1911	3.0
1936	3.5
1939	4.0
1950	3.0
1951	4.0
1953	3.0
1957	4.0
1959	3.5
1960	4.0
1961	3.0
1968	3.0
2000	4.0
2001	3.0
2002	3.0
2003	0.5
2006	4.0
2011	4.0
2012	3.5
2014	3.5
2015	4.5
2016	3.5
2017	3.5
2018	4.5
2026	0.5
2033	3.0
2036	3.0
2042	4.5
2043	3.0
2050	4.0
2051	4.0
2054	3.5
2059	4.5
2067	3.0
2078	4.5
2080	4.5
2081	4.5
2082	4.5
2083	3.0
2084	4.5
2085	4.5
2087	4.5
2088	3.5
2089	3.5
2090	4.5
2092	3.0
2096	4.5
2099	4.5
2115	3.5
2123	3.0
2125	4.5
2135	4.5
2137	4.5
2139	4.0
2141	4.0
2142	3.0
2145	3.0
2150	4.5
2151	3.5
2183	3.0
2268	4.0
2273	4.5
2291	3.0
2294	3.5
2296	0.5
2316	1.5
2321	3.0
2324	4.5
2340	3.5
2355	4.0
2384	2.5
2385	3.0
2390	2.5
2394	4.5
2398	4.5
2413	3.0
2420	4.0
2421	3.0
2422	2.5
2429	2.5
2431	3.0
2445	3.5
2478	4.0
2496	3.0
2501	4.5
2502	3.0
2506	3.0
2532	2.0
2539	4.0
2541	3.0
2546	3.0
2555	2.5
2558	3.5
2565	5.0
2571	4.5
2581	3.5
2605	4.5
2617	4.5
2628	4.5
2639	2.0
2671	4.5
2683	0.5
2694	3.5
2709	3.0
2720	4.0
2724	4.5
2761	3.0
2770	3.0
2797	3.0
2803	3.5
2804	2.0
2805	3.0
2829	3.0
2858	0.5
2860	3.5
2861	3.0
2881	3.5
2888	3.0
2899	4.0
2906	2.5
2918	3.0
2944	3.5
2947	4.5
2948	4.5
2949	4.5
2950	2.5
2989	4.5
2990	4.5
2991	4.5
2996	4.0
2997	2.0
3004	3.5
3034	4.5
3051	3.0
3061	5.0
3088	4.5
3095	3.0
3097	4.5
3098	4.0
3107	3.5
3114	4.5
3147	1.0
3148	0.5
3155	3.5
3156	3.0
3159	4.0
3175	3.5
3178	4.5
3179	3.0
3186	3.0
3189	3.5
3225	2.5
3243	2.5
3249	2.0
3255	3.5
3256	3.5
3259	3.5
3269	3.5
3270	4.5
3296	5.0
3299	1.0
3310	3.0
3325	2.5
3334	3.0
3354	1.5
3360	3.5
3363	2.5
3396	4.0
3398	3.5
3408	3.5
3435	4.0
3436	3.0
3450	3.0
3451	4.0
3471	3.0
3489	3.0
3510	4.5
3536	3.0
3548	3.0
3549	4.0
3564	1.5
3578	4.0
3593	0.5
3594	3.0
3615	3.0
3623	4.5
3638	4.0
3639	4.5
3646	2.5
3654	3.5
3672	3.5
3675	5.0
3686	2.5
3717	3.5
3740	3.0
3751	3.5
3752	3.0
3753	3.5
3755	3.0
3784	3.0
3791	3.0
3793	4.5
3821	1.5
3824	3.0
3825	3.0
3826	2.0
3882	4.0
3916	4.5
3948	3.5
3953	2.5
3967	4.5
3977	3.5
3978	3.5
3984	4.5
3988	3.5
3996	4.0
4005	4.5
4014	3.0
4015	0.5
4016	3.5
4022	3.0
4023	3.5
4025	4.5
4039	4.0
4041	3.5
4061	3.0
4062	3.0
4080	3.5
4090	0.5
4091	3.0
4161	2.0
4187	4.5
4205	3.0
4228	1.5
4246	3.0
4270	4.0
4299	4.0
4310	4.5
4321	4.0
4327	4.0
4357	4.0
4366	4.0
4368	2.5
4369	3.5
4370	3.0
4406	4.0
4447	4.0
4474	3.0
4519	3.5
4535	4.0
4616	3.5
4621	2.5
4638	2.0
4639	3.5
4700	5.0
4728	3.0
4799	3.5
4802	4.5
4844	3.0
4857	5.0
4880	3.0
4886	4.5
4896	4.5
4912	3.5
4954	4.0
4963	4.5
4973	1.5
4992	4.0
4993	5.0
4994	3.5
4995	4.0
5008	4.5
5013	2.0
5014	3.0
5064	4.0
5066	5.0
5108	3.5
5135	3.0
5159	2.5
5218	3.5
5264	2.5
5267	4.5
5299	3.5
5312	3.0
5349	4.5
5377	4.0
5378	4.5
5387	3.5
5415	3.0
5418	3.0
5444	3.0
5445	4.0
5449	3.0
5459	3.0
5481	0.5
5582	3.0
5611	3.5
5620	4.5
5784	0.5
5804	4.5
5816	4.5
5872	4.5
5900	3.0
5941	4.5
5943	3.5
5952	4.5
5955	4.5
5969	2.5
5970	3.5
5989	4.0
5991	3.0
5995	4.0
6003	3.5
6006	1.5
6059	4.5
6093	3.0
6155	4.5
6157	3.5
6166	3.0
6170	3.5
6183	4.0
6187	3.5
6212	3.0
6218	4.0
6238	3.0
6263	3.5
6287	3.0
6297	4.5
6333	4.5
6338	3.5
6365	4.5
6367	2.0
6373	3.0
6377	4.5
6378	4.0
6503	2.5
6534	2.5
6535	2.5
6539	4.5
6565	4.5
6593	3.5
6624	3.0
6708	3.0
6753	4.5
6785	5.0
6787	2.0
6793	3.0
6832	3.5
6873	3.5
6887	3.5
6889	3.5
6934	4.0
6936	3.5
6942	3.0
6944	4.5
6951	2.0
7013	4.0
7018	3.5
7075	5.0
7091	3.0
7101	3.0
7121	4.5
7143	4.0
7147	4.5
7153	4.5
7154	3.5
7155	3.0
7161	2.0
7163	3.5
7164	3.5
7173	3.0
7247	4.5
7263	3.5
7318	4.5
7366	3.0
7380	3.0
7386	4.5
7444	4.5
7445	3.5
7451	3.5
7570	4.5
7573	4.5
7619	4.0
7701	2.5
8361	3.0
8368	4.5
8464	4.5
8492	4.0
8526	3.5
8533	4.0
8614	2.5
8636	4.5
8643	4.0
8644	3.5
8665	3.0
8666	2.5
8781	3.5
8808	4.5
8827	4.0
8948	2.5
8961	4.0
8965	3.0
8968	3.5
8970	3.5
8972	4.5
8984	4.5
26084	4.5
27706	3.0
27837	3.0
30707	3.0
30793	3.0
30816	4.5
30822	3.0
30825	3.0
31221	3.0
31225	4.0
31685	4.0
32017	4.5
32296	3.0
32598	3.5
33166	3.0
33493	4.5
33499	3.5
33615	4.0
33646	3.5
33660	3.0
33679	3.0
33794	4.5
33836	4.0
34072	4.5
34150	4.0
34336	3.0
34534	2.5
36525	4.5
38798	3.5
39231	3.5
39435	4.5
40339	3.5
40581	3.5
40614	3.0
40629	4.0
40815	4.5
41285	3.0
41566	5.0
41569	3.0
41571	3.0
41573	3.0
41997	1.5
42011	3.0
42418	3.0
42734	2.5
43560	3.5
43836	3.5
43871	3.5
44004	3.5
44022	3.5
44665	3.0
44709	4.5
45186	3.5
45431	3.0
45447	1.5
45517	3.5
45668	3.5
45672	4.0
45720	3.5
45722	4.0
46972	3.5
49272	4.0
49274	3.0
49286	3.5
49649	3.5
50601	4.0
50872	4.0
51084	3.5
52287	4.0
52722	4.5
52973	2.5
53125	4.0
53322	3.5
53464	4.0
54001	4.0
54004	3.0
54281	3.5
54286	4.0
55814	4.0
55830	3.0
56152	4.5
56367	4.0
56587	4.0
56775	4.0
56949	4.0
58025	3.0
58105	3.5
58154	3.0
58295	2.5
58299	4.0
