1	3.5
2	2.0
3	5.0
10	4.0
19	3.5
24	3.5
31	4.0
32	2.5
34	2.5
39	4.0
48	2.5
60	3.5
62	3.0
104	4.0
140	3.5
150	3.5
153	3.0
158	2.0
165	4.0
168	3.5
173	3.5
208	2.0
223	4.5
231	3.0
256	2.0
260	4.0
277	3.5
296	3.5
317	2.5
318	4.0
329	4.0
344	4.0
349	4.5
355	2.0
356	4.5
364	4.5
367	4.0
370	4.5
377	3.0
380	3.5
410	2.0
419	3.0
442	3.5
457	4.0
461	2.5
466	3.5
480	4.0
485	4.0
500	3.0
527	4.0
541	3.0
551	4.0
552	4.0
585	4.0
586	2.5
587	4.0
588	4.0
589	4.0
590	5.0
592	5.0
593	3.5
594	3.0
595	4.0
596	3.0
597	3.5
673	4.5
678	4.0
719	2.5
736	4.0
742	3.0
743	4.0
750	2.0
780	4.5
783	3.5
788	4.0
832	4.0
858	4.0
904	3.0
912	3.5
919	3.5
920	1.0
923	2.0
924	3.0
952	3.0
953	4.5
954	3.5
969	4.0
986	3.5
1007	3.5
1012	3.5
1016	2.5
1021	3.5
1023	3.5
1024	3.5
1027	4.0
1029	4.0
1036	4.0
1073	4.0
1079	2.5
1088	3.0
1090	2.5
1097	3.5
1101	4.0
1126	4.0
1136	2.5
1148	3.5
1167	3.5
1178	3.0
1193	3.0
1194	3.0
1196	4.5
1198	4.5
1200	3.5
1207	4.0
1210	3.5
1214	4.5
1219	2.0
1220	3.0
1221	3.0
1222	3.0
1226	3.0
1240	5.0
1242	4.0
1246	4.0
1250	4.0
1253	3.5
1258	4.0
1259	3.5
1266	4.5
1270	5.0
1271	2.5
1272	4.0
1278	4.0
1282	2.0
1290	4.0
1291	4.0
1293	3.0
1298	2.5
1302	4.5
1327	3.5
1343	3.0
1347	3.5
1350	3.0
1356	4.0
1358	4.0
1367	3.0
1370	3.5
1371	3.5
1372	4.0
1373	4.5
1374	4.0
1375	4.0
1376	4.0
1377	3.0
1378	4.0
1379	4.0
1380	4.0
1387	4.0
1390	4.5
1391	3.5
1405	3.5
1407	3.0
1409	3.5
1411	4.0
1485	3.5
1517	1.5
1544	3.0
1552	4.0
1562	3.0
1573	1.5
1580	3.5
1584	3.0
1588	3.0
1590	4.0
1608	4.0
1610	4.0
1644	3.0
1663	3.5
1674	3.5
1694	4.5
1702	3.5
1704	2.0
1707	1.0
1713	2.0
1717	3.0
1721	3.5
1722	4.0
1726	4.0
1777	4.0
1831	3.5
1863	3.0
1876	4.5
1882	3.0
1911	4.0
1917	4.0
1918	3.5
1923	1.0
1954	4.0
1957	3.5
1961	4.0
1962	4.5
1967	4.0
1968	5.0
1969	3.0
1970	4.0
1982	4.0
1983	2.5
1994	4.5
1996	3.0
2000	4.0
2001	4.0
2002	3.5
2003	4.0
2004	3.0
2005	2.5
2006	4.0
2011	4.5
2012	4.5
2021	3.5
2028	4.0
2054	2.5
2060	2.0
2078	3.0
2082	3.5
2083	4.5
2085	3.5
2092	3.5
2099	3.0
2100	4.0
2105	2.0
2107	3.0
2115	4.5
2118	3.5
2120	4.0
2122	3.0
2124	2.0
2133	4.0
2134	4.0
2137	3.0
2146	3.5
2161	4.5
2162	3.5
2174	2.0
2194	3.5
2195	3.0
2261	4.0
2263	4.0
2268	3.5
2291	3.5
2294	3.0
2297	4.0
2301	3.0
2311	4.0
2321	4.0
2324	4.0
2329	3.5
2335	4.0
2338	2.0
2355	4.0
2366	3.0
2367	3.0
2371	4.0
2372	3.5
2376	4.5
2378	3.5
2379	3.5
2381	4.0
2393	4.0
2394	4.0
2398	3.0
2403	4.0
2405	4.0
2406	3.0
2407	4.0
2409	4.0
2410	4.0
2411	3.5
2412	2.5
2416	4.0
2420	4.0
2421	3.5
2423	3.5
2431	4.0
2445	4.0
2450	3.5
2455	3.0
2459	2.5
2470	4.0
2478	3.0
2514	3.5
2527	3.0
2528	4.0
2529	4.0
2539	4.0
2571	4.0
2605	3.5
2616	2.0
2628	4.0
2640	4.0
2641	3.5
2642	3.5
2643	1.0
2657	2.0
2671	2.0
2687	3.5
2700	3.0
2701	2.0
2706	1.0
2710	4.5
2716	3.5
2717	2.0
2736	3.5
2762	4.0
2789	4.0
2791	4.5
2795	4.5
2797	4.0
2799	3.0
2804	3.5
2815	4.0
2858	4.0
2861	3.5
2871	4.0
2877	2.0
2882	5.0
2898	3.5
2900	3.5
2901	4.0
2916	4.0
2918	4.0
2924	4.0
2947	4.0
2948	4.0
2949	4.0
2953	1.5
2959	4.5
2985	4.0
2986	2.5
2987	4.0
2989	4.5
2990	4.5
2991	4.0
2993	3.0
3016	3.5
3020	4.0
3033	3.0
3040	3.5
3063	3.5
3082	4.0
3087	3.0
3088	3.5
3098	4.5
3105	4.0
3114	4.0
3142	3.5
3147	4.5
3157	2.5
3159	2.0
3175	5.0
3208	3.5
3247	2.0
3253	3.5
3255	3.0
3256	3.5
3270	4.0
3273	3.0
3354	3.0
3361	4.5
3386	3.0
3396	4.0
3404	1.5
3405	4.0
3418	3.0
3430	3.5
3435	4.0
3450	4.5
3466	4.5
3471	3.0
3489	4.0
3499	3.5
3510	4.0
3527	3.0
3552	3.5
3578	3.5
3591	3.0
3624	4.0
3633	4.0
3635	4.5
3638	4.5
3639	3.5
3686	4.0
3688	4.0
3698	3.5
3699	3.5
3701	4.0
3708	3.5
3712	2.0
3745	3.5
3753	4.0
3785	4.0
3791	3.5
3793	4.0
3798	4.0
3826	3.5
3827	4.5
3844	2.5
3868	4.0
3869	3.5
3928	3.0
3948	3.5
3949	4.0
3972	4.5
3981	3.0
3984	3.0
3988	3.5
3990	3.0
3994	4.0
4005	4.5
4009	3.0
4018	3.0
4022	4.0
4027	4.5
4041	2.5
4047	4.5
4102	4.0
4128	4.0
4214	4.0
4215	3.5
4220	4.0
4262	4.0
4291	2.5
4299	3.5
4306	4.5
4310	3.5
4322	4.0
4343	2.5
4368	3.0
4388	3.0
4396	4.0
4447	1.0
4467	3.0
4478	3.5
4487	4.0
4489	5.0
4498	3.5
4502	3.0
4531	4.0
4545	4.0
4571	4.0
4613	4.0
4616	4.0
4623	4.5
4638	2.5
4643	4.5
4677	3.5
4678	3.0
4681	3.5
4686	3.0
4728	4.5
4799	3.0
4874	4.0
4886	3.0
4890	3.5
4896	3.0
4963	4.5
4980	4.0
4993	4.0
5047	3.0
5060	2.5
5065	4.0
5103	3.0
5139	4.0
5218	4.0
5247	4.0
5308	3.5
5309	2.5
5349	4.0
5378	3.5
5419	4.0
5459	3.0
5502	4.5
5540	4.0
5541	3.5
5630	3.0
5679	3.0
5816	4.0
5872	4.0
5952	3.5
6104	3.5
6157	4.0
6281	3.5
6333	4.0
6338	3.5
6365	5.0
6373	4.0
6377	4.5
6378	4.0
6461	4.5
6534	3.0
6535	0.5
6537	4.5
6539	2.0
6541	3.5
6618	4.0
6874	4.0
6889	4.0
6934	4.0
6936	3.0
6966	4.0
7004	4.5
7007	3.5
7072	3.0
7101	3.5
7153	4.5
7164	3.5
7228	3.5
7247	3.0
7386	4.0
7438	4.0
7481	3.5
7570	4.5
7573	3.5
7802	3.0
8132	4.0
8169	4.0
8360	3.5
8368	3.0
8633	3.5
8636	4.5
8644	5.0
8783	4.5
8874	3.0
8961	5.0
8965	5.0
8972	5.0
8974	3.5
30707	4.0
30793	5.0
30816	4.0
32587	4.0
33004	4.0
33493	5.0
33615	3.5
33679	4.0
33794	4.0
34150	4.0
34534	2.0
37240	4.0
38038	5.0
40815	3.5
40819	4.5
41566	5.0
41569	4.0
44022	4.0
45431	4.0
45499	4.0
45517	4.0
45668	4.5
45672	3.5
45722	2.5
45730	3.5
46530	3.5
46578	3.5
46965	3.5
46974	4.0
47099	4.5
47610	4.0
48385	4.0
48394	4.0
48516	2.0
48774	3.5
49272	4.5
49651	4.0
50872	3.0
51662	3.5
52287	4.0
52458	4.0
52722	4.5
52973	3.5
53121	3.0
53125	3.5
53464	4.0
53996	3.5
54001	3.5
54259	4.5
54272	3.5
54503	4.0
54995	2.0
55290	2.5
55820	3.5
56152	3.0
56174	3.5
56367	4.0
56775	4.5
56788	4.5
57368	3.5
58559	4.0
59315	4.0
60069	4.0
