1	3.0
2	1.5
3	0.5
5	2.5
7	3.5
10	0.5
11	4.0
13	5.0
16	1.0
19	1.5
22	2.5
24	4.0
28	4.0
29	0.5
31	5.0
32	1.0
34	1.5
39	5.0
44	3.5
47	2.5
48	4.5
60	3.5
70	5.0
79	3.5
104	3.0
110	5.0
112	4.0
135	1.5
140	3.0
141	3.0
145	3.0
150	1.5
151	4.0
153	4.5
158	3.5
160	3.0
161	1.0
163	3.0
165	4.0
168	4.0
170	5.0
172	5.0
173	4.5
180	1.5
185	4.5
186	2.0
188	5.0
193	3.5
194	0.5
196	3.0
208	4.5
215	3.0
216	1.5
223	1.5
225	2.0
231	1.5
232	2.5
236	3.0
237	2.5
239	5.0
240	0.5
249	4.0
252	4.5
253	5.0
256	1.5
260	3.0
261	4.0
266	2.0
272	2.5
273	2.5
277	2.5
288	4.0
293	2.0
296	1.5
303	3.5
313	4.0
316	5.0
317	2.5
318	3.5
319	1.5
327	5.0
328	5.0
329	4.0
332	2.5
337	3.5
338	3.0
342	1.0
344	1.5
345	2.5
350	4.5
353	5.0
355	3.5
356	1.5
357	2.0
362	4.0
364	5.0
365	2.0
367	2.0
368	1.0
370	1.0
372	2.5
376	3.5
377	2.0
379	4.0
380	1.5
382	4.5
405	4.5
410	4.0
419	3.0
420	2.5
426	2.0
432	2.5
434	2.0
435	3.0
440	2.0
454	0.5
455	3.0
457	3.0
466	5.0
468	1.5
480	3.5
485	2.5
500	0.5
509	4.0
519	1.5
520	3.5
527	0.5
531	3.0
532	1.0
539	2.5
543	1.5
546	3.0
552	5.0
555	4.0
558	3.5
585	1.5
586	3.0
587	4.5
588	4.5
589	4.0
590	2.5
592	4.5
593	3.0
594	4.0
595	5.0
596	2.0
597	5.0
611	3.5
616	4.0
631	4.0
637	1.5
648	2.0
653	4.0
673	4.0
708	3.0
709	4.0
714	1.0
719	2.5
724	5.0
733	5.0
735	2.0
736	4.0
743	2.5
745	0.5
750	0.5
762	2.0
778	4.0
780	4.5
783	2.5
784	1.5
788	3.0
802	3.0
832	2.5
852	0.5
858	0.5
866	3.5
880	5.0
888	3.0
899	3.0
914	3.5
919	3.0
920	4.0
923	0.5
952	5.0
1022	3.5
1024	0.5
1025	4.0
1028	4.0
1029	2.0
1030	4.0
1032	1.5
1033	4.5
1035	2.5
1036	4.0
1047	3.5
1059	1.0
1064	3.5
1073	2.0
1079	0.5
1080	5.0
1088	3.0
1089	2.5
1092	2.5
1093	2.0
1097	1.0
1100	3.0
1101	4.0
1120	2.5
1127	3.0
1136	3.5
1148	1.5
1183	2.5
1193	0.5
1196	4.0
1197	4.5
1198	4.5
1201	1.5
1206	0.5
1210	3.0
1214	4.0
1215	3.5
1219	2.0
1220	4.0
1221	1.5
1222	2.0
1225	5.0
1240	4.0
1246	0.5
1249	3.0
1252	3.5
1255	4.0
1258	3.5
1261	3.5
1265	1.5
1270	3.5
1271	3.0
1275	4.0
1278	0.5
1282	2.5
1287	2.0
1288	0.5
1291	4.0
1307	1.5
1320	4.5
1321	3.0
1327	2.5
1333	3.0
1339	4.0
1340	1.5
1345	4.0
1346	4.0
1347	4.0
1350	3.5
1356	3.0
1367	2.5
1370	2.0
1371	2.0
1372	3.0
1373	4.0
1374	1.5
1375	2.0
1376	3.0
1377	4.0
1378	5.0
1387	3.0
1388	3.0
1389	3.5
1391	2.0
1393	4.0
1394	1.5
1405	2.0
1407	4.0
1408	5.0
1441	4.0
1464	3.5
1466	2.5
1479	5.0
1485	4.0
1513	2.0
1517	2.0
1527	4.5
1544	4.5
1552	3.5
1562	4.0
1566	4.0
1569	3.0
1573	3.0
1580	3.5
1584	1.5
1590	3.0
1597	3.0
1605	2.5
1608	2.5
1609	2.0
1617	0.5
1619	1.5
1625	2.5
1641	2.0
1644	3.5
1645	4.0
1653	5.0
1672	2.5
1673	3.0
1674	3.0
1676	4.5
1682	0.5
1688	4.0
1690	3.5
1704	1.5
1717	3.0
1721	2.5
1722	2.0
1748	2.0
1777	2.5
1801	3.0
1805	4.0
1831	4.0
1835	4.0
1862	2.0
1876	2.0
1882	2.0
1889	0.5
1907	4.0
1917	3.0
1918	3.0
1920	2.5
1921	1.5
1923	3.0
1947	2.5
1954	0.5
1961	3.5
1962	3.5
1967	5.0
1968	3.5
1994	3.5
1997	2.0
1998	2.5
2000	3.0
2001	3.5
2002	3.0
2003	3.5
2005	2.5
2006	4.0
2011	1.5
2012	2.0
2018	2.5
2019	1.5
2020	4.5
2021	5.0
2023	1.0
2028	3.0
2048	4.0
2053	2.5
2054	2.5
2058	3.0
2078	2.0
2080	5.0
2081	4.0
2085	3.5
2087	2.5
2089	4.0
2090	4.0
2091	3.0
2092	3.5
2094	2.5
2096	3.0
2105	1.5
2107	2.5
2115	4.0
2116	2.5
2118	3.0
2121	4.0
2122	4.0
2123	5.0
2124	4.0
2139	5.0
2141	4.5
2142	4.0
2150	1.5
2160	3.5
2161	4.0
2163	3.0
2167	4.0
2174	1.0
2193	5.0
2232	5.0
2243	2.5
2268	1.0
2288	2.0
2291	4.0
2294	3.5
2302	3.0
2313	0.5
2321	1.0
2325	3.0
2328	4.0
2329	3.0
2336	4.5
2338	2.0
2340	4.5
2346	0.5
2355	2.5
2359	0.5
2367	1.5
2389	3.0
2393	3.0
2394	1.5
2396	5.0
2407	1.5
2414	4.5
2424	3.0
2454	1.5
2455	3.0
2456	3.0
2459	3.0
2470	2.0
2496	4.5
2497	3.0
2500	2.0
2513	5.0
2528	4.0
2529	3.0
2531	4.0
2532	2.0
2533	3.0
2539	3.0
2541	5.0
2546	2.0
2553	1.5
2554	4.5
2567	2.0
2571	4.0
2572	4.0
2580	1.5
2581	4.0
2600	2.5
2605	5.0
2616	4.0
2617	4.0
2622	1.5
2628	2.0
2634	2.5
2640	2.0
2641	2.5
2642	1.5
2643	1.5
2657	3.5
2671	2.5
2672	3.5
2683	1.5
2687	3.5
2688	2.5
2694	3.0
2700	1.0
2701	4.0
2706	3.0
2710	2.0
2712	4.0
2716	4.5
2719	4.0
2722	4.0
2724	3.5
2746	1.5
2761	0.5
2762	4.0
2772	3.0
2774	4.0
2789	3.5
2791	1.5
2793	5.0
2797	3.5
2805	3.0
2810	1.0
2826	3.0
2840	2.0
2858	3.0
2890	1.5
2899	2.5
2902	2.5
2906	3.0
2908	4.0
2915	3.0
2916	5.0
2918	3.5
2924	4.5
2947	1.5
2959	1.0
2985	2.5
2986	3.5
2987	4.5
2995	3.0
3000	4.0
3018	2.0
3033	4.0
3034	3.5
3052	4.5
3053	4.0
3054	1.5
3081	3.0
3082	1.5
3113	3.0
3114	2.0
3174	0.5
3176	1.5
3190	2.0
3250	1.5
3253	3.5
3256	3.0
3257	3.0
3259	5.0
3264	5.0
3265	1.5
3269	3.0
3273	3.5
3275	4.0
3285	1.5
3287	3.0
3300	5.0
3325	3.5
3328	3.0
3355	3.5
3408	1.0
3409	3.5
3418	5.0
3448	3.5
3452	5.0
3479	5.0
3483	4.5
3484	2.0
3489	3.5
3510	1.5
3527	3.0
3534	1.0
3535	5.0
3578	2.5
3593	4.0
3598	5.0
3616	3.5
3617	4.0
3623	1.0
3624	4.0
3660	2.0
3697	3.0
3698	3.5
3702	3.0
3703	4.0
3704	4.0
3709	3.5
3717	3.0
3745	5.0
3751	1.5
3752	0.5
3753	2.0
3755	3.0
3785	1.0
3798	4.5
3799	1.0
3825	3.5
3826	1.5
3863	3.5
3864	3.0
3893	1.5
3897	1.5
3916	2.5
3917	3.5
3918	3.0
3948	3.0
3949	1.0
3950	1.5
3953	2.0
3972	4.0
3986	0.5
3991	1.5
3992	3.5
3993	5.0
3994	3.0
3996	4.5
3999	1.5
4014	2.0
4015	0.5
4016	2.5
4018	3.5
4020	1.5
4022	1.0
4030	5.0
4034	1.5
4036	3.5
4069	2.5
4085	2.5
4105	2.5
4124	3.5
4128	5.0
4143	1.5
4148	2.5
4161	1.5
4226	0.5
4228	3.0
4254	1.5
4270	4.0
4285	3.0
4296	3.0
4299	1.5
4306	3.5
4308	4.0
4343	5.0
4344	3.0
4366	3.5
4367	5.0
4368	1.0
4369	5.0
4370	2.0
4386	3.0
4387	5.0
4388	0.5
4446	5.0
4447	3.5
4487	3.0
4519	5.0
4526	3.5
4624	4.0
4638	3.5
4643	3.0
4682	3.5
4699	5.0
4718	3.5
4720	4.5
4728	0.5
4756	5.0
4775	0.5
4776	4.0
4814	2.0
4844	2.5
4865	3.0
4874	2.5
4876	4.0
4886	5.0
4887	4.5
4896	3.0
4899	3.0
4941	3.5
4963	2.5
4974	1.0
4975	1.5
4979	0.5
4992	1.5
4993	3.0
4995	3.0
5025	1.5
5060	3.0
5065	3.5
5081	0.5
5094	4.5
5110	0.5
5128	3.0
5146	3.5
5151	1.5
5152	3.0
5171	3.5
5218	5.0
5219	5.0
5220	0.5
5225	1.0
5254	5.0
5266	3.0
5299	0.5
5313	5.0
5349	3.0
5363	5.0
5378	1.0
5389	5.0
5414	1.5
5419	4.5
5445	3.5
5449	2.5
5459	2.5
5463	5.0
5478	5.0
5480	1.0
5481	0.5
5501	1.5
5502	2.0
5507	4.5
5523	4.0
5524	0.5
5530	0.5
5574	5.0
5610	0.5
5618	2.5
5621	3.5
5630	2.5
5649	1.5
5679	2.0
5690	0.5
5784	2.5
5816	3.0
5833	3.0
5881	3.0
5882	2.0
5900	0.5
5903	5.0
5943	2.5
5944	3.5
5952	3.0
5956	3.5
5957	4.5
5971	4.5
5989	0.5
5991	1.0
5995	1.5
6006	2.5
6016	0.5
6093	4.0
6155	1.5
6156	4.0
6157	5.0
6188	4.5
6213	2.0
6218	1.0
6242	4.5
6250	3.0
6264	4.5
6266	3.5
6286	0.5
6287	2.5
6294	5.0
6322	4.0
6333	3.5
6338	3.5
6365	4.0
6373	3.5
6377	2.5
6502	3.5
6534	3.0
6535	3.0
6537	4.0
6539	4.0
6541	3.0
6548	3.5
6550	2.5
6564	5.0
6586	2.0
6593	2.0
6595	1.5
6615	3.0
6624	1.5
6639	3.5
6708	0.5
6709	2.0
6711	1.5
6753	4.0
6754	5.0
6755	0.5
6863	2.0
6870	3.0
6873	3.5
6880	3.0
6888	1.0
6889	5.0
6934	4.0
6936	2.5
6947	0.5
6950	2.5
6951	1.5
6952	4.5
6959	3.5
6966	4.5
6996	5.0
7001	1.5
7022	5.0
7034	3.5
7046	1.5
7090	4.5
7143	2.0
7147	0.5
7150	1.5
7151	4.5
7153	3.0
7154	3.0
7155	0.5
7158	2.0
7163	4.5
7173	1.0
7228	3.5
7235	5.0
7254	2.5
7285	4.0
7293	2.0
7318	0.5
7324	2.5
7325	0.5
7346	1.0
7347	2.0
7360	4.0
7361	0.5
7362	2.0
7367	0.5
7387	1.5
7438	1.5
7439	3.5
7444	2.5
7451	3.5
7454	4.0
7458	1.5
7618	3.5
7701	3.0
7827	5.0
7841	5.0
7842	4.5
7981	2.5
8132	3.0
8360	3.0
8361	4.0
8368	3.5
8370	4.5
8371	5.0
8372	4.5
8373	1.5
8464	0.5
8526	3.5
8529	4.0
8636	2.5
8638	1.5
8640	3.0
8641	3.0
8644	3.5
8665	3.0
8666	5.0
8783	1.0
8798	1.5
8807	5.0
8808	3.0
8810	4.5
8814	4.0
8860	1.5
8861	4.5
8865	2.5
8870	4.0
8874	1.5
8879	2.0
8907	2.0
8916	2.5
8917	1.5
8947	4.0
8968	3.0
8969	4.5
8972	4.0
8977	2.5
8983	5.0
8984	0.5
8985	4.0
26680	5.0
27741	2.0
30812	3.0
30816	4.5
31221	3.5
31804	0.5
32031	3.0
32587	1.5
33004	5.0
33499	3.5
33615	3.0
33679	2.0
34048	3.0
34150	2.0
34162	0.5
34319	2.0
34336	2.5
34338	0.5
34520	1.0
35836	1.0
35957	1.5
36401	3.0
36519	0.5
36525	2.5
36529	0.5
37386	3.5
37720	2.5
37727	1.0
38798	0.5
39231	0.5
39435	2.0
39446	0.5
40339	2.0
41566	2.0
41569	5.0
41571	5.0
