1	4.5
2	3.0
6	4.0
7	3.5
10	3.0
14	3.0
29	4.5
32	4.5
36	2.5
44	2.0
47	4.5
48	2.0
50	4.5
69	4.0
95	2.5
104	3.5
110	2.5
111	2.0
141	3.0
150	3.5
153	2.5
165	3.5
177	3.0
179	2.0
180	3.5
196	2.5
198	2.0
203	3.5
215	3.5
216	3.5
217	1.5
223	3.0
231	3.0
235	3.0
236	3.0
239	3.0
253	3.0
260	3.5
289	2.5
293	3.5
316	3.0
318	5.0
329	3.5
332	3.0
333	3.5
337	3.0
339	3.0
349	3.0
353	4.0
356	3.5
357	2.5
364	4.0
366	3.5
367	2.5
376	3.0
380	3.0
393	2.5
407	4.0
471	4.5
480	4.0
493	2.5
500	3.0
507	4.0
527	2.5
529	4.0
535	2.0
539	4.0
541	4.0
551	3.5
553	2.5
555	2.5
562	1.5
585	3.0
587	2.5
588	4.0
589	3.5
590	3.0
592	3.5
593	3.5
594	3.0
595	3.5
596	3.5
597	2.0
608	4.0
611	1.5
628	3.0
648	3.5
653	3.0
661	3.5
663	3.5
708	3.0
709	3.0
720	4.0
733	3.5
741	3.0
742	3.0
745	3.5
750	2.5
778	1.5
780	3.5
783	2.5
784	3.0
802	3.5
818	3.0
838	4.0
858	4.0
880	1.5
891	1.5
902	3.5
903	4.0
904	3.5
908	3.5
911	4.0
912	3.5
913	4.0
914	3.5
915	3.5
916	3.5
919	4.0
920	3.0
923	4.5
924	2.5
933	3.0
951	3.5
953	4.0
954	4.0
968	3.5
1022	3.0
1023	4.0
1025	3.5
1029	3.0
1031	2.0
1032	4.0
1033	2.5
1036	4.5
1059	3.5
1061	2.5
1073	3.0
1086	3.5
1089	2.5
1090	4.0
1097	3.0
1103	3.5
1104	2.5
1127	3.5
1128	2.5
1136	3.5
1148	3.5
1171	2.5
1175	4.0
1193	4.0
1196	4.0
1197	4.0
1198	3.5
1199	4.5
1200	3.5
1206	3.0
1207	3.0
1208	3.5
1210	3.5
1212	4.0
1213	3.5
1214	4.0
1215	2.5
1217	2.5
1219	4.0
1221	3.5
1223	3.5
1230	4.0
1240	3.0
1243	3.0
1247	1.5
1248	3.5
1252	4.0
1253	3.5
1257	3.0
1258	3.5
1259	3.0
1261	2.5
1263	3.5
1265	3.5
1266	3.5
1269	4.0
1270	4.0
1274	3.5
1276	3.5
1288	3.5
1291	4.5
1293	3.0
1295	2.0
1296	2.5
1307	3.5
1320	4.0
1330	2.0
1333	3.0
1345	2.0
1347	3.5
1359	2.5
1370	3.5
1371	2.5
1372	3.5
1373	2.5
1374	3.0
1375	2.5
1376	3.5
1377	3.0
1378	4.0
1379	3.5
1387	3.0
1393	3.5
1394	3.5
1396	3.0
1407	4.0
1408	1.5
1449	3.5
1457	2.0
1485	3.0
1487	2.0
1488	2.5
1500	2.5
1517	3.5
1527	3.5
1544	3.0
1552	2.0
1562	2.0
1566	4.5
1573	2.0
1580	4.0
1584	3.0
1589	2.5
1590	4.0
1591	3.0
1601	3.0
1608	3.0
1617	2.5
1623	2.0
1625	3.5
1635	2.5
1639	3.0
1644	2.5
1653	2.5
1658	3.0
1663	2.5
1674	2.5
1680	3.0
1682	3.0
1687	2.0
1688	3.0
1690	3.0
1704	3.0
1717	3.5
1719	3.5
1721	2.0
1722	3.0
1732	3.5
1748	4.0
1777	3.5
1784	3.0
1799	4.0
1831	3.5
1833	2.5
1835	2.5
1845	3.5
1882	3.0
1884	1.5
1889	3.0
1907	3.5
1916	2.5
1917	3.0
1918	3.0
1920	2.5
1921	4.0
1923	3.0
1945	3.5
1955	3.5
1958	1.0
1961	3.5
1969	1.0
1970	2.5
1971	2.5
1972	2.0
1973	2.5
1974	3.0
1975	2.5
1976	2.0
1977	2.0
1978	2.0
1979	3.0
1982	4.0
1983	3.0
1984	1.5
1985	3.0
1986	2.5
1993	1.5
1994	3.0
1997	3.5
2000	3.0
2001	3.0
2002	3.0
2009	3.5
2011	3.5
2012	3.0
2018	3.5
2019	2.0
2023	2.5
2033	3.5
2046	3.5
2067	2.5
2076	2.0
2080	3.5
2081	3.5
2082	3.0
2087	4.0
2090	3.0
2096	4.0
2107	3.5
2115	3.5
2117	3.0
2118	3.5
2119	2.0
2120	2.0
2125	2.5
2138	3.5
2139	4.0
2143	3.0
2160	4.0
2161	4.0
2167	2.5
2176	3.5
2184	3.0
2186	4.0
2193	3.5
2194	3.0
2232	3.5
2248	2.5
2253	2.5
2268	3.5
2269	2.0
2278	3.0
2279	2.5
2288	4.0
2289	4.0
2291	4.0
2294	3.5
2300	2.5
2315	2.0
2321	3.5
2325	2.0
2329	2.5
2335	3.0
2338	2.0
2340	2.0
2346	4.0
2353	3.0
2354	3.5
2355	4.0
2359	3.0
2376	4.0
2393	3.0
2395	3.5
2396	3.5
2402	2.0
2403	3.5
2407	3.0
2423	3.5
2424	4.0
2445	2.5
2455	3.0
2456	1.5
2468	2.5
2474	3.0
2496	3.0
2501	2.5
2502	3.5
2506	4.0
2519	3.0
2529	3.0
2539	2.5
2550	2.5
2553	3.0
2567	3.0
2571	4.5
2572	3.0
2581	2.5
2628	3.5
2640	3.5
2641	3.5
2642	2.0
2643	2.0
2671	3.5
2672	3.5
2683	3.5
2687	3.5
2692	2.5
2699	2.5
2700	3.5
2701	2.5
2707	3.5
2709	3.0
2710	4.0
2713	2.0
2716	3.5
2717	2.5
2719	3.0
2724	3.5
2761	3.5
2762	4.0
2787	2.5
2797	3.5
2804	4.0
2826	2.5
2840	1.5
2858	5.0
2871	3.5
2908	3.0
2947	3.5
2948	3.5
2949	3.5
2959	5.0
2968	3.5
2989	3.5
2991	2.5
2993	3.5
2995	2.5
2997	3.5
3000	2.5
3033	3.0
3034	4.0
3039	3.0
3052	3.5
3054	2.5
3070	2.0
3081	3.0
3082	3.0
3088	3.5
3097	4.0
3098	3.5
3101	2.0
3108	3.5
3114	4.0
3130	3.0
3147	3.0
3148	3.0
3156	2.5
3160	2.0
3174	3.5
3175	3.0
3176	2.5
3177	3.0
3186	2.5
3210	4.0
3213	3.0
3252	2.0
3256	3.5
3258	3.0
3262	3.5
3265	4.0
3270	4.0
3273	3.0
3285	2.5
3287	3.0
3296	3.0
3300	3.5
3408	2.0
3409	2.5
3424	4.0
3429	4.0
3440	2.0
3452	2.0
3476	4.0
3477	1.5
3481	2.5
3483	3.5
3489	4.0
3499	3.0
3512	2.5
3513	2.5
3527	3.5
3552	3.5
3556	2.5
3578	4.0
3593	0.5
3633	3.5
3635	3.5
3638	3.5
3639	3.5
3745	2.5
3751	3.5
3752	2.5
3784	3.0
3793	3.0
3798	3.0
3799	2.5
3897	3.5
3901	2.0
3910	4.0
3911	3.0
3918	3.0
3919	2.0
3949	4.5
3967	3.5
3968	2.5
3969	3.0
3987	2.0
3988	2.5
3990	3.0
3994	3.5
3996	3.0
4002	3.0
4005	3.5
4007	3.5
4010	3.0
4011	2.5
4014	4.0
4015	2.5
4016	4.0
4017	3.5
4018	3.0
4019	2.5
4020	2.5
4022	3.5
4023	2.5
4027	3.0
4034	2.5
4052	2.5
4069	3.5
4090	4.0
4103	3.5
4105	2.0
4158	2.5
4161	3.0
4220	2.5
4226	4.5
4231	1.5
4246	3.0
4247	2.5
4255	1.5
4262	2.5
4306	3.0
4308	4.0
4310	2.5
4349	3.5
4366	3.5
4367	1.0
4369	2.5
4370	3.5
4388	3.0
4446	2.5
4467	3.5
4489	3.5
4506	3.0
4519	4.0
4545	3.0
4564	3.0
4624	1.5
4638	3.0
4639	3.5
4641	2.5
4643	3.0
4682	2.0
4700	3.0
4720	2.5
4725	3.5
4734	3.5
4744	3.5
4776	3.5
4787	2.5
4802	3.0
4815	3.0
4816	3.0
4823	5.0
4844	2.5
4848	1.5
4865	2.0
4874	3.5
4876	2.0
4878	5.0
4881	3.5
4886	4.5
4887	2.5
4890	2.5
4896	4.0
4902	4.0
4929	2.5
4963	3.0
4973	4.0
4975	4.0
4979	2.0
4990	2.0
4992	3.5
4993	4.5
4994	3.5
4995	4.0
5009	2.0
5010	3.5
5014	4.0
5065	3.5
5072	3.0
5092	3.0
5151	2.0
5152	2.0
5218	3.0
5219	3.0
5247	3.0
5254	2.5
5265	2.5
5266	3.0
5267	3.0
5293	2.5
5294	3.0
5296	2.0
5298	3.5
5299	2.5
5323	3.0
5349	4.0
5377	4.5
5378	4.0
5388	3.5
5418	4.0
5419	2.5
5444	4.0
5445	3.0
5446	2.5
5449	3.0
5459	3.0
5464	3.5
5478	2.5
5481	3.0
5502	3.5
5507	2.5
5528	2.5
5572	3.5
5574	2.5
5577	3.5
5618	4.0
5620	3.0
5668	2.0
5669	3.5
5673	3.5
5679	4.0
5690	3.5
5784	2.0
5785	2.0
5810	2.5
5816	4.0
5872	3.0
5879	1.5
5881	3.5
5882	4.0
5900	2.5
5902	3.5
5943	2.0
5944	3.0
5945	2.0
5952	4.0
5954	2.5
5956	3.0
5957	3.5
5970	3.0
5971	1.5
5989	3.5
5991	3.0
5992	2.5
6006	2.5
6016	4.5
6058	2.0
6155	3.5
6157	3.0
6187	1.5
6188	3.0
6218	3.5
6242	3.0
6250	1.5
6263	2.0
6264	2.0
6266	2.5
6281	3.0
6287	2.5
6290	1.0
6297	3.5
6323	3.5
6333	3.5
6338	3.0
6350	3.0
6365	3.5
6367	3.5
6373	3.5
6377	4.5
6378	2.5
6380	4.0
6383	2.0
6502	4.0
6534	2.0
6537	3.0
6539	4.0
6548	2.5
6550	3.0
6587	2.5
6593	3.0
6595	2.5
6615	3.5
6620	3.5
6624	3.0
6636	4.0
6639	3.0
6659	3.5
6662	3.0
6695	2.5
6707	1.5
6708	3.0
6711	3.0
6731	3.0
6753	3.5
6754	3.5
6773	4.0
6783	3.5
6787	4.0
6796	2.0
6863	3.0
6867	4.0
6870	2.5
6874	3.5
6879	3.5
6887	3.0
6889	3.0
6934	3.0
6936	3.5
6942	3.5
6951	3.5
6952	2.0
7007	3.0
7034	3.5
7036	3.0
7073	3.0
7090	3.0
7101	3.0
7121	2.5
7123	2.0
7143	2.5
7147	3.5
7149	3.0
7153	3.5
7158	2.0
7161	2.5
7162	2.0
7163	3.0
7164	4.0
7173	3.5
7254	4.0
7293	3.5
7325	3.5
7347	2.0
7348	2.5
7360	4.0
7361	5.0
7366	3.5
7367	3.0
7369	2.0
7373	2.5
7380	3.5
7387	4.0
7438	3.0
7444	3.5
7445	2.5
7451	4.0
7454	3.5
7569	3.5
7570	3.5
7842	3.5
8360	3.5
8361	2.5
8368	4.0
8371	2.5
8372	2.0
8373	2.0
8376	3.0
8464	1.5
8528	3.0
8529	3.5
8530	4.5
8596	2.5
8622	3.5
8636	3.5
8638	3.5
8640	2.5
8644	3.0
8665	3.5
8781	3.5
8783	3.5
8784	4.5
8798	2.5
8807	4.0
8810	2.0
8860	2.5
8861	3.5
8865	3.5
8870	2.5
8874	4.0
8907	2.5
8910	3.5
8914	3.5
8916	4.0
8917	2.0
8947	3.0
8949	3.5
8950	4.0
8957	3.5
8961	4.0
8966	3.0
8969	3.0
8970	4.5
8974	3.5
8981	3.0
8984	2.5
9018	4.0
26133	3.5
26242	3.5
27611	3.5
27706	4.0
27721	5.0
27728	3.0
27772	3.5
27773	3.0
27790	4.5
27808	3.5
27839	2.5
27878	4.0
27904	4.5
30707	4.0
30749	4.0
30793	4.0
30812	3.5
30822	4.0
30894	2.0
31427	2.5
31685	3.0
31696	3.0
31878	4.0
32017	2.5
32029	3.0
32031	3.5
32587	3.5
32598	3.5
33004	3.5
33154	4.0
33166	4.0
33171	3.5
33493	4.0
33499	3.0
33615	3.5
33646	3.0
33660	4.5
33679	3.0
33794	4.5
33834	3.5
34048	3.0
34072	3.5
34150	2.5
34319	3.0
34332	3.5
34336	2.5
34405	4.5
34528	2.5
34532	3.0
34542	3.5
35836	3.0
35957	2.5
36276	2.5
36401	3.5
36525	4.0
36527	4.0
36535	3.5
36708	4.0
37240	4.0
37380	2.5
37382	3.5
37384	3.5
37727	3.0
37729	4.0
37733	4.0
37830	3.5
38038	4.5
38886	2.5
39183	3.5
39231	3.0
39381	3.0
40278	3.0
40339	3.5
40581	4.0
40732	3.5
40815	4.0
40819	3.5
41285	4.0
41566	3.0
41569	5.0
42007	1.5
42738	3.0
43936	3.5
44004	2.0
44191	4.0
44195	4.0
44761	4.0
44828	3.5
44974	3.5
45028	4.0
45081	3.0
45210	4.5
45431	3.5
45442	2.5
45447	2.5
45499	3.0
45517	4.5
45666	2.0
45668	4.0
45672	2.0
45720	3.0
45722	3.5
45726	3.0
45728	4.0
45730	3.5
45950	4.0
46322	3.5
46530	4.5
46578	4.0
46723	4.0
46850	4.0
46948	4.0
46965	1.5
46970	3.0
46972	2.0
46976	4.0
47423	4.5
47610	4.0
47629	4.0
47999	4.0
48043	5.0
48082	4.5
48385	2.5
48394	4.5
48516	4.0
48738	4.0
48774	4.0
48780	4.5
48783	4.0
48982	4.0
49272	4.0
49274	4.0
49286	4.0
49530	4.0
49649	3.0
50068	4.0
50442	3.5
50601	3.5
50872	4.5
51077	2.5
51540	4.0
51662	2.5
52245	4.0
52287	4.0
52328	4.0
52458	3.0
52722	3.0
52973	4.0
52975	3.5
53000	4.0
53121	3.0
53123	3.5
53125	3.0
53318	4.5
53464	3.0
53894	4.0
53953	3.5
53972	4.0
53993	2.5
53996	3.0
54001	4.5
54259	4.0
54272	4.5
54286	4.0
54503	4.0
54997	4.0
55052	5.0
55247	4.0
55267	3.0
55290	4.0
55363	4.0
55768	2.0
55805	4.0
55820	4.0
56145	3.0
56152	4.0
56171	4.0
56174	3.5
56251	4.5
56367	4.0
56587	3.0
56757	4.0
56801	3.5
56921	3.0
56949	3.0
57368	3.5
58025	2.5
58105	3.0
58299	4.0
58559	4.5
58998	4.0
59126	3.5
59315	3.5
59615	4.0
59784	4.0
59900	3.5
60037	2.5
60040	2.5
60069	5.0
60072	3.0
60074	3.5
60126	3.0
60684	4.0
60756	3.5
60766	4.0
61024	4.0
61240	4.0
61323	3.5
61729	4.0
62155	3.0
62434	4.0
62999	3.0
63072	3.0
63082	4.5
63113	4.0
63131	4.0
63859	4.0
63876	4.0
63992	0.5
64497	2.5
64614	4.0
64839	4.5
64957	4.0
64969	3.0
64983	3.5
65230	2.5
65261	4.0
65682	3.0
66097	4.0
66509	4.0
66934	4.0
67087	4.0
67734	3.0
68157	4.0
68237	4.0
68319	3.0
68358	4.0
68791	3.0
68793	3.0
68952	3.0
68954	5.0
69406	3.5
69481	3.0
69757	4.0
69844	4.0
69951	4.0
70286	4.0
71057	4.0
71211	3.5
71254	1.0
71264	4.0
71379	3.5
71520	3.0
71535	4.0
71579	3.5
71745	4.5
72011	4.5
72226	4.0
72378	2.0
72737	4.0
72998	4.0
73268	3.5
74458	3.5
74789	4.0
76077	3.5
76093	4.5
76251	4.0
77561	3.0
78209	3.0
78499	4.0
79008	4.0
79057	4.0
79091	3.5
79132	4.0
79702	4.0
80463	4.5
80489	4.0
81537	3.5
81591	4.5
81834	4.0
81847	4.5
83349	3.0
85131	3.0
85414	2.5
86332	3.0
86833	3.5
86880	3.0
86882	3.5
87222	3.5
87232	4.0
87306	4.0
88125	4.5
88129	2.5
88140	3.0
88744	4.0
89745	4.0
91077	3.5
91500	4.0
91529	4.0
91535	3.5
91658	4.0
93510	3.5
93840	4.0
94777	3.0
94864	4.0
95088	3.5
95167	4.0
95441	3.0
95510	4.0
96079	4.0
96610	4.5
97752	3.5
97913	4.0
98809	4.0
102123	5.0
102445	4.0
103042	4.0
103141	4.0
103228	4.0
103335	3.5
104374	4.5
104841	4.0
106489	4.0
106696	4.0
108932	4.5
110102	4.0
112175	4.5
112852	4.5
