1	5.0
2	3.0
4	3.0
5	3.0
7	3.0
9	2.0
10	3.0
11	4.0
13	4.0
15	3.0
19	1.0
20	3.0
21	2.0
22	3.0
23	2.0
24	3.0
27	3.0
31	3.0
32	3.0
34	4.0
39	3.0
44	4.0
47	3.0
48	2.0
60	3.0
62	5.0
63	2.0
66	1.0
69	3.0
70	3.0
71	3.0
74	3.0
76	1.0
88	3.0
89	3.0
93	2.0
95	3.0
104	3.0
105	3.0
107	1.0
112	3.0
122	3.0
135	3.0
141	3.0
145	3.0
151	3.0
153	3.0
158	3.0
160	3.0
161	3.0
163	3.0
165	3.0
170	5.0
172	3.0
173	3.0
181	3.0
185	3.0
193	3.0
195	3.0
196	3.0
198	3.0
203	3.0
204	2.0
207	3.0
208	3.0
218	3.0
222	4.0
223	3.0
224	3.0
225	3.0
227	3.0
231	2.0
246	3.0
248	4.0
253	3.0
256	3.0
257	3.0
258	3.0
260	5.0
265	3.0
266	4.0
267	4.0
276	3.0
282	3.0
288	3.0
289	3.0
292	3.0
293	4.0
303	3.0
313	3.0
315	2.0
316	3.0
317	3.0
318	3.0
327	3.0
329	3.0
330	2.0
333	3.0
338	3.0
344	2.0
346	3.0
349	3.0
351	3.0
353	5.0
355	3.0
356	5.0
357	2.0
362	2.0
364	4.0
367	3.0
368	3.0
377	3.0
379	3.0
380	4.0
387	3.0
393	3.0
410	3.0
414	3.0
415	3.0
419	3.0
423	3.0
426	3.0
431	3.0
432	3.0
434	3.0
435	4.0
438	3.0
440	3.0
442	3.0
450	3.0
453	3.0
454	3.0
457	3.0
464	2.0
466	3.0
473	3.0
474	3.0
479	3.0
480	3.0
485	3.0
489	3.0
491	3.0
493	3.0
494	3.0
497	3.0
504	3.0
508	3.0
510	3.0
514	3.0
517	3.0
520	3.0
521	4.0
524	3.0
527	3.0
529	3.0
533	4.0
536	4.0
538	3.0
540	1.0
541	4.0
544	3.0
546	3.0
547	3.0
548	3.0
551	4.0
552	3.0
553	3.0
558	3.0
586	3.0
587	3.0
588	4.0
589	4.0
592	3.0
593	4.0
594	4.0
595	4.0
596	3.0
597	3.0
605	3.0
610	3.0
616	4.0
635	4.0
637	3.0
647	3.0
648	4.0
653	4.0
661	3.0
662	4.0
671	2.0
673	3.0
674	3.0
692	3.0
694	3.0
700	3.0
704	3.0
708	3.0
709	4.0
710	3.0
724	3.0
733	3.0
736	3.0
737	3.0
741	3.0
742	3.0
745	4.0
748	3.0
761	2.0
762	3.0
780	4.0
783	3.0
784	3.0
785	3.0
786	3.0
788	3.0
798	3.0
799	3.0
804	3.0
805	3.0
809	3.0
810	3.0
829	3.0
832	3.0
833	3.0
835	3.0
836	3.0
837	3.0
838	3.0
839	2.0
849	3.0
852	3.0
861	3.0
881	3.0
886	4.0
899	5.0
900	3.0
902	3.0
910	3.0
919	3.0
924	3.0
932	5.0
941	5.0
953	5.0
954	3.0
968	3.0
986	3.0
990	3.0
996	2.0
1004	3.0
1005	3.0
1007	3.0
1009	3.0
1010	4.0
1011	3.0
1012	3.0
1013	3.0
1014	3.0
1015	3.0
1016	3.0
1017	3.0
1020	4.0
1021	3.0
1022	4.0
1024	3.0
1025	3.0
1028	5.0
1029	3.0
1030	3.0
1031	3.0
1032	3.0
1033	4.0
1035	5.0
1036	4.0
1037	3.0
1047	4.0
1049	3.0
1059	3.0
1064	3.0
1066	3.0
1073	4.0
1084	3.0
1088	4.0
1089	3.0
1090	3.0
1091	3.0
1092	3.0
1097	4.0
1100	4.0
1101	4.0
1113	3.0
1124	3.0
1126	2.0
1127	4.0
1129	4.0
1135	3.0
1148	4.0
1186	3.0
1188	3.0
1193	3.0
1194	4.0
1196	3.0
1197	5.0
1198	4.0
1200	5.0
1201	4.0
1206	4.0
1210	3.0
1214	3.0
1215	4.0
1220	4.0
1222	3.0
1223	4.0
1225	3.0
1233	5.0
1234	3.0
1240	4.0
1242	3.0
1246	4.0
1249	3.0
1257	5.0
1259	3.0
1261	3.0
1262	3.0
1265	3.0
1266	4.0
1268	3.0
1270	4.0
1271	4.0
1274	5.0
1275	3.0
1276	3.0
1278	3.0
1283	3.0
1285	3.0
1286	4.0
1287	3.0
1290	4.0
1291	3.0
1297	4.0
1301	3.0
1302	3.0
1304	5.0
1307	3.0
1320	2.0
1321	4.0
1330	3.0
1333	3.0
1334	3.0
1356	3.0
1359	3.0
1363	3.0
1370	3.0
1371	3.0
1372	3.0
1373	3.0
1374	4.0
1375	3.0
1376	3.0
1377	3.0
1378	3.0
1379	2.0
1380	5.0
1381	1.0
1382	3.0
1385	2.0
1387	4.0
1388	1.0
1391	3.0
1393	3.0
1395	3.0
1396	4.0
1407	3.0
1429	3.0
1431	3.0
1432	3.0
1438	3.0
1441	3.0
1445	3.0
1453	2.0
1457	3.0
1466	3.0
1468	2.0
1474	3.0
1479	2.0
1483	2.0
1485	3.0
1487	3.0
1488	3.0
1495	3.0
1497	3.0
1499	3.0
1500	4.0
1513	3.0
1515	3.0
1517	3.0
1527	3.0
1537	4.0
1544	2.0
1550	3.0
1552	3.0
1556	2.0
1562	3.0
1566	3.0
1569	4.0
1573	3.0
1580	4.0
1584	4.0
1586	3.0
1587	4.0
1588	3.0
1590	3.0
1591	4.0
1597	3.0
1598	4.0
1603	1.0
1604	3.0
1605	3.0
1606	3.0
1608	3.0
1610	3.0
1616	3.0
1623	2.0
1639	3.0
1642	4.0
1644	3.0
1645	4.0
1646	3.0
1647	3.0
1660	3.0
1674	3.0
1676	4.0
1678	3.0
1681	3.0
1682	3.0
1687	3.0
1688	3.0
1690	2.0
1702	3.0
1703	3.0
1704	3.0
1711	3.0
1713	3.0
1717	3.0
1721	4.0
1722	3.0
1748	3.0
1753	3.0
1754	2.0
1760	3.0
1762	3.0
1769	3.0
1784	3.0
1801	3.0
1805	3.0
1831	3.0
1833	3.0
1855	3.0
1858	3.0
1866	3.0
1876	4.0
1882	3.0
1883	3.0
1885	3.0
1888	3.0
1907	4.0
1909	3.0
1912	3.0
1917	4.0
1918	4.0
1920	3.0
1923	3.0
1947	5.0
1950	3.0
1954	4.0
1961	3.0
1962	3.0
1967	4.0
1968	5.0
1991	4.0
1992	3.0
1993	3.0
1994	3.0
1995	2.0
2000	4.0
2001	3.0
2002	3.0
2003	3.0
2005	3.0
2006	3.0
2009	3.0
2011	3.0
2012	4.0
2014	3.0
2015	3.0
2018	3.0
2019	5.0
2020	3.0
2021	3.0
2026	3.0
2033	3.0
2034	3.0
2040	3.0
2042	3.0
2043	3.0
2046	4.0
2048	3.0
2051	3.0
2052	3.0
2054	3.0
2058	3.0
2059	3.0
2065	3.0
2077	3.0
2078	5.0
2080	5.0
2081	3.0
2082	4.0
2085	3.0
2087	3.0
2088	3.0
2089	3.0
2090	3.0
2091	3.0
2092	3.0
2094	4.0
2095	3.0
2096	3.0
2100	3.0
2105	4.0
2107	3.0
2108	2.0
2109	3.0
2114	3.0
2115	3.0
2118	3.0
2121	3.0
2123	3.0
2124	3.0
2125	3.0
2126	3.0
2133	3.0
2134	4.0
2136	3.0
2137	4.0
2138	5.0
2139	3.0
2140	4.0
2141	3.0
2142	3.0
2143	3.0
2144	4.0
2145	4.0
2146	4.0
2150	3.0
2161	3.0
2167	4.0
2169	2.0
2174	3.0
2193	4.0
2194	3.0
2231	3.0
2240	4.0
2245	3.0
2247	3.0
2248	3.0
2249	3.0
2252	3.0
2253	3.0
2265	1.0
2268	3.0
2269	3.0
2273	4.0
2278	3.0
2279	3.0
2287	4.0
2288	3.0
2289	3.0
2291	3.0
2294	3.0
2296	3.0
2297	4.0
2301	3.0
2302	3.0
2306	3.0
2311	3.0
2313	3.0
2315	3.0
2321	4.0
2322	3.0
2331	3.0
2335	3.0
2338	3.0
2340	3.0
2344	2.0
2348	3.0
2353	3.0
2355	5.0
2363	3.0
2365	4.0
2366	3.0
2367	3.0
2369	3.0
2370	3.0
2371	3.0
2372	3.0
2373	3.0
2374	3.0
2375	3.0
2376	3.0
2378	3.0
2384	3.0
2387	4.0
2393	3.0
2394	2.0
2402	3.0
2403	3.0
2404	3.0
2405	3.0
2406	3.0
2407	3.0
2408	3.0
2409	3.0
2410	3.0
2411	3.0
2412	3.0
2414	4.0
2416	3.0
2420	3.0
2421	3.0
2424	3.0
2428	3.0
2429	3.0
2430	3.0
2431	3.0
2447	3.0
2448	3.0
2450	3.0
2453	4.0
2454	3.0
2455	3.0
2457	4.0
2463	3.0
2468	3.0
2469	3.0
2470	3.0
2471	3.0
2473	3.0
2474	3.0
2475	3.0
2476	3.0
2478	3.0
2485	3.0
2490	3.0
2496	4.0
2524	3.0
2527	5.0
2528	3.0
2529	3.0
2530	3.0
2531	3.0
2532	3.0
2533	3.0
2539	4.0
2540	3.0
2541	3.0
2549	4.0
2550	3.0
2558	3.0
2565	4.0
2571	4.0
2572	3.0
2581	2.0
2587	2.0
2599	3.0
2605	3.0
2613	3.0
2615	4.0
2616	3.0
2617	4.0
2625	4.0
2628	3.0
2640	3.0
2641	3.0
2642	3.0
2643	3.0
2657	5.0
2662	5.0
2664	3.0
2668	3.0
2671	4.0
2676	3.0
2683	3.0
2687	3.0
2688	3.0
2694	3.0
2699	3.0
2700	4.0
2701	3.0
2706	3.0
2707	4.0
2710	1.0
2712	2.0
2713	3.0
2716	3.0
2717	3.0
2719	3.0
2722	4.0
2723	3.0
2724	3.0
2728	3.0
2734	3.0
2735	3.0
2736	3.0
2739	3.0
2746	3.0
2752	3.0
2761	4.0
2762	4.0
2763	3.0
2770	3.0
2779	3.0
2791	3.0
2793	2.0
2797	3.0
2798	1.0
2799	1.0
2802	3.0
2803	3.0
2807	2.0
2808	3.0
2815	3.0
2816	3.0
2817	3.0
2822	3.0
2826	3.0
2836	3.0
2840	3.0
2841	4.0
2852	3.0
2857	3.0
2858	4.0
2860	3.0
2861	3.0
2867	4.0
2871	3.0
2872	3.0
2877	3.0
2879	5.0
2881	3.0
2889	3.0
2890	3.0
2907	3.0
2915	3.0
2916	3.0
2921	3.0
2922	3.0
2926	3.0
2942	4.0
2944	3.0
2947	3.0
2948	3.0
2949	3.0
2951	4.0
2953	3.0
2959	2.0
2961	3.0
2968	2.0
2985	4.0
2986	3.0
2987	3.0
2989	3.0
2990	3.0
2991	3.0
2995	2.0
2997	3.0
3004	2.0
3005	3.0
3015	3.0
3029	3.0
3033	3.0
3034	5.0
3035	3.0
3037	3.0
3039	3.0
3040	3.0
3044	4.0
3051	3.0
3052	2.0
3053	3.0
3054	3.0
3060	3.0
3066	3.0
3070	3.0
3072	3.0
3081	4.0
3082	2.0
3096	3.0
3104	3.0
3105	3.0
3107	3.0
3108	4.0
3113	2.0
3114	4.0
3146	4.0
3147	3.0
3153	3.0
3156	4.0
3157	2.0
3168	3.0
3169	3.0
3173	4.0
3175	4.0
3177	3.0
3186	3.0
3190	3.0
3194	3.0
3197	3.0
3198	3.0
3210	3.0
3213	4.0
3225	3.0
3238	3.0
3244	4.0
3247	3.0
3248	2.0
3249	3.0
3251	3.0
3252	4.0
3255	3.0
3256	3.0
3257	3.0
3263	3.0
3264	3.0
3267	3.0
3268	3.0
3269	3.0
3270	3.0
3271	4.0
3273	3.0
3300	3.0
3301	3.0
3325	3.0
3354	3.0
3359	4.0
3360	3.0
3361	3.0
3363	4.0
3385	3.0
3387	3.0
3388	3.0
3391	3.0
3392	3.0
3394	3.0
3404	4.0
3409	3.0
3418	3.0
3421	5.0
3424	3.0
3430	3.0
3438	3.0
3439	3.0
3441	3.0
3448	4.0
3452	4.0
3466	3.0
3468	3.0
3471	5.0
3476	3.0
3477	3.0
3478	3.0
3479	4.0
3480	3.0
3481	4.0
3489	5.0
3494	3.0
3498	4.0
3501	3.0
3505	3.0
3507	3.0
3508	3.0
3512	3.0
3524	3.0
3525	5.0
3526	3.0
3527	3.0
3528	3.0
3536	3.0
3551	3.0
3552	4.0
3554	4.0
3555	3.0
3576	3.0
3578	5.0
3591	3.0
3593	2.0
3594	3.0
3614	3.0
3617	3.0
3623	2.0
3624	5.0
3633	3.0
3635	3.0
3638	3.0
3639	3.0
3646	3.0
3649	2.0
3671	3.0
3675	4.0
3681	4.0
3682	3.0
3685	3.0
3686	3.0
3688	4.0
3697	3.0
3698	3.0
3699	3.0
3701	3.0
3702	4.0
3703	3.0
3704	3.0
3705	3.0
3706	3.0
3708	3.0
3710	3.0
3712	3.0
3717	3.0
3726	3.0
3727	3.0
3740	4.0
3744	3.0
3745	4.0
3751	4.0
3763	4.0
3764	3.0
3766	3.0
3770	5.0
3773	3.0
3785	3.0
3791	3.0
3793	5.0
3802	3.0
3809	3.0
5060	3.0
