1	4.0
2	2.0
6	2.5
7	2.5
10	3.5
11	4.0
15	2.0
16	4.0
17	4.0
18	1.0
21	3.5
22	4.0
25	3.0
31	3.0
32	4.0
34	3.5
36	4.0
39	4.0
41	4.0
45	3.5
46	3.5
47	4.0
48	3.0
50	4.5
57	2.5
66	2.0
70	1.5
71	1.0
76	3.0
79	1.5
81	3.0
86	4.0
89	3.0
95	3.0
110	4.5
111	2.5
140	3.5
141	3.0
147	2.5
150	4.0
151	4.0
152	2.5
153	1.0
158	2.5
160	0.5
161	3.0
162	4.0
163	2.5
164	4.0
165	4.0
170	3.0
172	3.5
173	1.0
185	3.0
196	3.0
198	3.0
208	1.5
224	3.0
229	4.5
230	3.5
231	2.5
233	3.5
235	4.0
236	3.0
249	3.0
253	0.5
257	3.0
260	4.0
261	3.5
273	2.0
280	4.0
288	1.0
293	3.5
296	0.5
303	3.5
314	3.5
316	1.0
318	4.0
319	3.5
327	2.5
329	2.5
332	3.5
337	3.5
338	3.0
339	3.5
344	3.0
349	2.5
350	4.0
351	2.5
353	4.0
356	4.0
364	4.0
367	3.5
368	3.0
376	3.5
377	3.5
379	2.0
380	3.5
382	3.5
407	3.5
410	4.0
412	3.5
422	3.0
423	2.5
426	4.0
434	3.5
435	0.5
436	3.0
442	3.0
448	3.0
453	2.5
454	3.0
457	3.5
471	3.5
474	3.5
480	4.0
481	2.0
485	3.5
494	2.0
495	1.0
497	3.5
500	3.0
509	2.0
527	4.0
532	2.0
535	1.0
540	1.5
541	5.0
546	3.0
548	2.5
552	3.0
553	3.0
565	3.0
586	1.0
587	3.0
588	4.0
589	4.0
590	1.0
592	3.5
593	4.5
594	5.0
595	4.0
596	4.0
597	3.5
605	3.0
608	4.0
612	2.0
616	3.0
647	3.5
648	3.0
653	3.0
674	1.0
695	3.0
697	1.0
707	3.0
714	3.5
720	4.0
724	3.0
733	2.5
736	3.5
737	2.0
741	4.0
742	3.0
745	4.0
748	2.0
750	4.0
761	1.5
778	3.0
780	3.5
783	2.5
786	3.0
788	0.5
805	1.0
830	4.0
832	3.0
836	2.0
838	4.0
839	1.0
849	1.0
858	3.5
866	3.5
879	2.5
880	2.0
899	4.5
903	3.0
904	3.5
905	5.0
906	3.5
908	4.0
909	3.5
910	4.0
911	4.0
912	5.0
913	2.0
914	3.5
915	4.0
916	5.0
919	5.0
920	5.0
922	4.5
923	4.0
924	1.0
926	4.0
928	4.0
930	4.0
936	4.0
942	4.0
943	4.0
950	3.0
953	3.5
954	4.0
955	4.0
965	4.0
968	2.0
969	3.5
971	3.5
986	4.5
996	3.0
1010	3.0
1013	2.5
1020	3.5
1022	4.0
1023	3.0
1024	1.5
1025	2.5
1028	3.0
1029	3.0
1032	3.0
1035	4.0
1036	4.0
1037	2.0
1041	0.5
1047	3.5
1059	3.5
1064	1.0
1073	3.5
1077	3.0
1078	3.0
1079	3.0
1084	2.0
1086	3.5
1089	0.5
1090	3.5
1091	2.5
1094	3.0
1099	4.0
1100	3.0
1101	3.0
1104	2.0
1111	4.5
1124	3.0
1127	5.0
1128	2.5
1129	2.0
1130	2.0
1136	4.5
1148	4.0
1177	4.0
1183	5.0
1186	3.5
1188	4.0
1193	4.0
1196	3.0
1198	4.0
1199	4.5
1200	5.0
1201	3.5
1204	4.5
1206	4.0
1207	4.5
1208	4.0
1210	3.5
1212	4.0
1213	3.5
1214	5.0
1216	2.5
1217	3.0
1219	3.5
1220	1.0
1223	4.0
1225	1.5
1228	2.5
1230	4.0
1234	3.5
1235	4.5
1240	4.0
1244	3.5
1245	2.0
1247	3.5
1249	4.0
1250	3.5
1252	3.5
1253	4.0
1254	2.5
1256	2.5
1258	2.5
1259	4.0
1262	3.5
1263	3.5
1264	4.5
1265	4.0
1266	2.5
1268	2.0
1270	3.5
1272	3.5
1274	4.5
1275	3.5
1276	3.5
1277	2.5
1278	3.5
1282	3.5
1283	4.0
1284	4.0
1286	4.0
1287	2.5
1289	1.5
1291	3.0
1292	3.0
1293	3.0
1296	4.0
1299	3.0
1301	3.5
1303	3.5
1304	3.5
1320	4.5
1321	2.5
1327	2.5
1333	4.0
1339	1.0
1342	3.0
1343	3.0
1344	4.5
1345	3.5
1347	1.0
1348	4.0
1350	1.0
1354	0.5
1356	4.0
1357	2.0
1370	4.0
1371	4.0
1372	2.0
1373	3.0
1374	3.5
1375	4.0
1376	3.5
1377	2.0
1380	1.5
1381	2.0
1387	3.0
1389	0.5
1391	2.0
1393	3.5
1394	4.0
1396	3.5
1399	2.0
1407	3.0
1408	4.0
1417	3.0
1422	2.5
1438	3.0
1449	2.5
1459	4.0
1466	4.0
1475	3.0
1479	2.5
1480	3.0
1483	4.0
1485	3.0
1498	3.5
1499	1.0
1513	3.0
1515	2.5
1517	0.5
1518	3.0
1527	4.0
1544	4.0
1552	2.0
1556	1.0
1562	1.0
1573	3.0
1580	4.5
1584	3.5
1589	3.0
1590	1.0
1597	3.0
1598	2.0
1603	4.0
1608	2.0
1610	2.5
1611	3.0
1616	2.5
1617	4.5
1620	3.0
1625	3.0
1627	0.5
1641	3.5
1644	3.5
1645	3.0
1653	4.0
1658	4.0
1663	3.0
1665	2.0
1667	3.0
1673	2.0
1674	4.0
1676	3.0
1682	4.0
1683	4.0
1687	1.5
1690	2.5
1704	2.0
1711	3.0
1713	4.0
1717	2.5
1719	1.0
1721	4.5
1722	4.0
1732	3.0
1747	2.5
1748	4.0
1762	2.0
1769	2.5
1772	0.5
1779	1.5
1784	4.0
1792	2.5
1801	1.5
1805	3.0
1831	1.0
1833	2.0
1841	2.0
1862	1.0
1863	3.0
1876	1.0
1883	2.0
1894	2.5
1907	4.0
1909	3.5
1913	4.0
1917	3.5
1918	1.0
1920	2.5
1921	4.0
1923	3.0
1924	1.5
1929	4.5
1939	4.0
1944	4.0
1945	2.5
1947	2.0
1949	4.0
1952	3.5
1953	3.0
1955	3.5
1956	3.5
1958	3.0
1959	4.0
1961	3.0
1965	4.0
1968	3.0
1974	0.5
1982	2.5
1994	4.0
1995	1.5
1997	3.5
1998	1.0
1999	3.5
2000	4.0
2001	3.5
2002	2.5
2003	1.5
2010	3.0
2011	1.0
2012	1.0
2013	2.5
2015	2.5
2018	4.0
2019	5.0
2020	4.0
2021	3.0
2023	2.5
2028	4.0
2034	1.0
2040	2.5
2046	2.0
2053	1.5
2054	1.0
2058	4.5
2065	2.0
2066	5.0
2067	3.5
2078	4.0
2080	4.0
2081	5.0
2085	4.0
2087	4.0
2088	1.5
2089	3.0
2090	3.0
2092	1.0
2096	4.0
2097	3.0
2099	3.0
2100	2.5
2105	1.5
2108	3.5
2109	2.0
2110	0.5
2111	3.0
2115	1.0
2117	2.5
2118	2.5
2119	2.5
2120	3.0
2121	3.0
2122	1.5
2125	3.0
2134	2.0
2140	3.0
2146	2.0
2160	3.5
2161	1.0
2167	3.0
2173	4.0
2174	3.5
2176	4.0
2178	2.5
2183	2.0
2188	1.5
2194	3.5
2202	4.0
2203	3.5
2205	4.0
2206	4.0
2208	4.0
2232	3.0
2243	3.5
2247	3.5
2253	1.0
2263	2.5
2268	3.5
2278	3.5
2288	3.0
2291	4.0
2294	2.5
2300	3.0
2302	4.5
2311	3.0
2312	3.5
2320	3.5
2322	1.5
2324	4.0
2336	4.0
2344	4.0
2349	3.0
2352	4.5
2353	3.0
2355	2.0
2359	3.5
2376	2.0
2377	2.0
2378	1.5
2390	3.5
2391	2.5
2396	4.0
2402	1.0
2406	2.5
2407	3.0
2413	1.5
2428	3.5
2442	3.5
2448	2.0
2450	0.5
2455	4.0
2456	2.0
2459	1.0
2463	3.5
2467	3.5
2469	3.0
2470	3.0
2474	3.0
2478	3.0
2490	3.5
2496	2.5
2511	1.0
2513	3.0
2517	3.5
2518	3.0
2519	3.5
2524	1.0
2527	2.0
2528	2.5
2529	2.0
2530	1.0
2531	1.0
2532	1.0
2533	1.5
2546	2.5
2550	3.5
2553	3.0
2554	4.0
2558	3.0
2563	4.5
2571	5.0
2583	1.0
2600	3.0
2605	3.5
2616	2.0
2617	1.0
2622	4.0
2628	1.0
2633	2.0
2640	3.5
2641	3.5
2642	2.0
2644	4.0
2648	2.0
2660	3.5
2662	3.5
2664	2.0
2671	2.5
2672	3.5
2683	0.5
2690	4.0
2701	1.5
2712	0.5
2716	3.0
2717	2.5
2719	1.5
2722	2.5
2734	2.5
2735	1.5
2745	3.0
2746	3.5
2762	4.5
2763	3.5
2764	3.5
2779	3.0
2791	1.0
2793	1.0
2802	3.0
2803	3.5
2804	3.5
2808	1.0
2819	3.5
2857	3.5
2858	3.5
2867	2.0
2871	4.0
2872	4.0
2877	3.5
2881	3.0
2890	4.0
2898	3.0
2908	1.5
2912	4.0
2915	3.0
2916	4.0
2917	3.0
2918	3.0
2919	4.0
2924	3.5
2935	4.0
2941	3.0
2947	3.5
2948	3.0
2949	3.5
2951	3.5
2956	3.5
2959	2.5
2961	2.0
2968	4.0
2971	3.0
2985	2.0
2987	4.5
2989	2.5
2991	2.5
2993	2.5
2997	3.5
3005	3.5
3016	1.5
3018	0.5
3020	2.5
3024	1.0
3033	0.5
3037	3.0
3044	2.5
3068	3.5
3070	2.0
3072	3.0
3074	4.0
3075	1.0
3081	2.5
3082	2.5
3087	3.0
3095	3.0
3101	1.0
3104	3.0
3108	2.5
3113	1.5
3114	3.5
3145	2.5
3147	4.5
3148	3.5
3152	2.5
3155	4.0
3157	2.0
3160	3.5
3168	2.5
3173	3.0
3175	5.0
3176	1.0
3194	1.0
3197	3.0
3201	3.0
3203	4.0
3206	1.5
3210	2.5
3219	1.5
3238	2.5
3249	2.0
3251	1.0
3253	3.0
3256	3.0
3258	3.5
3260	3.5
3264	3.5
3269	3.5
3270	3.5
3274	2.5
3285	1.5
3296	4.0
3301	4.0
3354	1.0
3355	2.5
3362	2.0
3363	3.5
3364	2.0
3388	0.5
3396	3.5
3408	3.5
3418	3.5
3421	4.0
3438	1.0
3441	1.0
3452	2.5
3470	4.0
3471	2.0
3476	3.0
3479	3.0
3484	1.5
3489	2.0
3499	3.5
3504	2.5
3505	2.5
3507	3.5
3510	3.5
3513	4.0
3524	1.5
3527	3.0
3543	3.0
3545	3.5
3546	2.0
3550	4.0
3551	3.5
3552	4.0
3557	3.0
3576	2.0
3578	5.0
3608	3.5
3614	3.5
3623	4.0
3624	2.5
3629	4.0
3633	2.0
3638	1.5
3639	2.5
3654	3.5
3660	3.0
3668	4.0
3671	1.5
3676	1.0
3683	5.0
3684	4.0
3685	3.5
3697	3.5
3698	2.5
3699	4.0
3700	2.0
3702	3.0
3703	2.5
3704	2.0
3705	3.5
3706	1.5
3708	2.5
3717	3.0
3726	3.0
3727	3.5
3730	2.5
3740	3.0
3741	3.5
3745	3.5
3751	3.5
3755	2.5
3760	1.5
3763	3.0
3788	2.0
3791	3.5
3793	3.0
3798	4.0
3812	3.0
3826	2.0
3827	4.0
3863	1.0
3877	2.0
3893	3.5
3895	2.0
3911	1.0
3916	3.5
3925	2.5
3930	3.5
3948	2.0
3967	2.5
3968	1.0
3977	2.5
3981	2.0
3984	3.0
3986	2.0
3994	4.0
3996	5.0
3999	2.5
4002	3.0
4005	2.5
4007	2.5
4008	1.0
4010	2.5
4014	2.5
4016	4.5
4018	4.0
4020	3.5
4030	2.5
4033	4.5
4034	4.0
4041	3.5
4056	4.0
4085	2.5
4090	3.5
4105	0.5
4121	2.0
4132	3.0
4148	4.0
4161	4.0
4210	3.5
4214	2.5
4223	5.0
4234	3.0
4246	3.0
4262	1.5
4267	3.5
4270	2.0
4280	2.5
4285	3.0
4291	3.0
4296	2.0
4299	3.5
4308	1.0
4326	4.0
4343	3.5
4356	3.0
4359	3.5
4361	3.0
4367	2.5
4370	4.0
4386	2.0
4407	2.5
4410	3.5
4437	1.0
4443	2.0
4446	3.0
4447	3.5
4464	2.0
4467	2.5
4480	3.0
4487	2.0
4492	1.0
4498	3.0
4499	3.5
4506	3.0
4508	3.5
4529	1.5
4541	1.5
4545	1.0
4553	2.5
4564	4.0
4571	2.0
4572	3.5
4623	3.0
4638	2.5
4643	3.0
4673	1.0
4677	1.5
4681	0.5
4705	4.0
4713	1.0
4720	3.5
4735	1.5
4776	3.5
4784	4.0
4799	2.5
4835	3.5
4855	3.0
4857	3.5
4878	4.0
4886	2.5
4889	3.5
4896	4.0
4901	2.5
4932	1.5
4936	1.0
4963	4.0
4970	2.5
4971	2.5
4993	5.0
4995	2.5
5008	3.5
5013	2.5
5014	3.0
5034	2.5
5040	2.0
5049	1.0
5060	3.0
5093	2.0
5120	4.0
5171	3.0
5177	2.0
5218	2.5
5219	2.0
5266	4.0
5282	3.0
5291	4.0
5308	3.0
5349	3.5
5378	1.0
5400	2.5
5410	4.0
5445	2.0
5459	1.5
5481	0.5
5506	2.5
5524	4.5
5541	2.0
5553	3.5
5574	2.0
5621	2.5
5630	3.0
5668	4.0
5712	3.5
5747	4.0
5784	2.0
5816	4.0
5853	2.5
5872	3.5
5881	4.0
5882	4.0
5941	3.5
5952	5.0
5957	3.5
5989	4.0
5992	3.5
6001	3.5
6184	3.5
6250	3.5
6281	3.5
6299	4.5
6301	1.0
6303	4.0
6365	4.0
6373	3.5
6385	2.5
6436	2.0
6440	2.0
6484	3.5
6537	4.0
6539	3.5
6565	4.0
6591	2.5
6870	2.0
6873	4.0
6874	0.5
6934	3.0
6947	5.0
6951	0.5
6952	2.5
6959	2.5
6979	3.5
7018	3.5
7143	4.0
7153	5.0
7154	3.5
7162	4.5
7164	4.0
8368	4.0
8371	4.0
8610	4.0
8636	4.0
8866	3.0
8879	2.5
8983	4.5
26084	3.0
27728	4.0
30707	2.5
30825	2.0
31658	4.5
31685	3.5
