1	5.0
6	4.0
10	3.0
11	4.0
16	4.0
25	5.0
29	5.0
32	4.0
34	5.0
36	4.0
39	4.0
41	4.0
43	5.0
47	4.0
50	5.0
52	4.0
55	4.0
70	2.0
101	4.0
110	5.0
111	5.0
150	4.0
162	5.0
177	1.0
188	3.0
190	4.0
194	4.0
198	4.0
203	4.0
233	4.0
235	5.0
246	5.0
247	5.0
253	4.0
260	4.0
265	3.0
272	4.0
273	4.0
293	5.0
296	5.0
299	3.0
300	5.0
316	3.0
317	2.0
334	3.0
337	5.0
342	4.0
345	4.0
348	5.0
356	3.0
357	4.0
364	3.0
367	3.0
377	4.0
382	3.0
407	2.0
412	4.0
431	5.0
448	5.0
457	5.0
471	3.0
474	4.0
475	4.0
497	4.0
515	5.0
523	3.0
527	4.0
529	4.0
532	4.0
534	4.0
535	5.0
537	3.0
538	4.0
541	5.0
543	4.0
551	4.0
555	4.0
556	4.0
562	4.0
565	3.0
589	3.0
590	4.0
593	5.0
608	5.0
610	2.0
628	3.0
720	5.0
728	3.0
745	5.0
750	4.0
778	4.0
800	4.0
838	4.0
858	5.0
866	3.0
903	5.0
904	5.0
908	5.0
912	4.0
913	5.0
919	3.0
922	4.0
923	5.0
924	4.0
933	4.0
954	4.0
955	4.0
968	2.0
994	4.0
1019	4.0
1041	5.0
1059	4.0
1060	4.0
1073	4.0
1079	5.0
1080	5.0
1089	5.0
1090	4.0
1093	4.0
1094	4.0
1095	5.0
1097	4.0
1120	4.0
1127	3.0
1128	4.0
1129	3.0
1130	2.0
1136	5.0
1148	5.0
1172	4.0
1178	5.0
1179	5.0
1183	4.0
1188	4.0
1190	3.0
1192	4.0
1193	5.0
1196	5.0
1197	4.0
1199	5.0
1200	4.0
1203	3.0
1204	5.0
1206	3.0
1207	5.0
1208	5.0
1210	3.0
1211	5.0
1212	5.0
1213	5.0
1214	5.0
1215	4.0
1218	4.0
1219	4.0
1221	5.0
1222	5.0
1223	5.0
1224	5.0
1225	5.0
1228	5.0
1230	4.0
1231	4.0
1233	5.0
1235	4.0
1237	3.0
1240	4.0
1242	4.0
1243	4.0
1244	4.0
1245	4.0
1247	4.0
1248	5.0
1249	4.0
1250	4.0
1251	4.0
1252	5.0
1253	4.0
1257	3.0
1258	5.0
1261	4.0
1263	4.0
1265	5.0
1266	5.0
1267	3.0
1268	3.0
1270	3.0
1274	3.0
1276	4.0
1277	4.0
1278	5.0
1288	5.0
1292	5.0
1299	5.0
1301	4.0
1304	4.0
1307	3.0
1320	4.0
1321	4.0
1327	3.0
1333	4.0
1339	4.0
1340	5.0
1342	2.0
1345	5.0
1346	3.0
1347	4.0
1348	4.0
1350	4.0
1354	5.0
1356	4.0
1357	4.0
1358	3.0
1371	4.0
1372	2.0
1374	4.0
1375	4.0
1387	4.0
1392	3.0
1394	5.0
1396	4.0
1404	3.0
1407	3.0
1408	5.0
1411	4.0
1500	5.0
1513	4.0
1517	5.0
1527	4.0
1573	3.0
1580	4.0
1584	4.0
1594	2.0
1610	4.0
1617	4.0
1625	5.0
1639	3.0
1641	3.0
1644	2.0
1645	3.0
1653	4.0
1673	5.0
1674	5.0
1678	4.0
1682	3.0
1690	5.0
1694	4.0
1699	4.0
1704	4.0
1717	3.0
1722	3.0
1729	4.0
1748	4.0
1805	4.0
1834	4.0
1876	2.0
1884	5.0
1885	4.0
1907	4.0
1909	3.0
1912	5.0
1919	3.0
1921	3.0
1924	2.0
1953	5.0
1962	4.0
1965	3.0
1966	4.0
1967	3.0
1968	3.0
1974	3.0
1982	3.0
1994	4.0
1997	5.0
2003	3.0
2010	5.0
2011	3.0
2012	2.0
2013	3.0
2020	5.0
2021	4.0
2023	3.0
2028	5.0
2064	4.0
2071	3.0
2097	4.0
2105	4.0
2108	4.0
2110	5.0
2116	4.0
2120	2.0
2121	4.0
2143	4.0
2159	2.0
2160	4.0
2161	2.0
2163	2.0
2167	3.0
2173	4.0
2174	5.0
2176	5.0
2186	4.0
2193	2.0
2243	4.0
2248	5.0
2253	2.0
2280	4.0
2289	5.0
2291	5.0
2302	3.0
2303	4.0
2310	4.0
2313	5.0
2321	4.0
2329	4.0
2330	4.0
2333	5.0
2336	5.0
2337	3.0
2355	3.0
2366	4.0
2367	3.0
2384	5.0
2391	4.0
2394	4.0
2395	5.0
2396	4.0
2427	4.0
2428	4.0
2433	3.0
2442	4.0
2454	4.0
2455	4.0
2459	2.0
2490	4.0
2502	3.0
2517	4.0
2527	3.0
2528	3.0
2529	4.0
2571	5.0
2583	3.0
2598	4.0
2599	5.0
2605	3.0
2628	3.0
2640	3.0
2644	5.0
2648	5.0
2657	3.0
2664	4.0
2671	4.0
2683	4.0
2687	3.0
2688	1.0
2690	4.0
2699	2.0
2700	3.0
2701	1.0
2709	2.0
2710	4.0
2712	5.0
2716	4.0
2722	2.0
2723	4.0
2728	5.0
2734	3.0
2739	4.0
2746	4.0
2761	5.0
2762	5.0
2763	4.0
2770	3.0
2797	4.0
2804	4.0
2826	4.0
2827	1.0
2841	4.0
2858	5.0
2859	4.0
2867	2.0
2871	5.0
2872	4.0
2877	2.0
2890	4.0
2898	3.0
2908	5.0
2912	4.0
2915	2.0
2916	4.0
2952	5.0
2959	5.0
2961	3.0
2966	4.0
2968	4.0
2976	4.0
2985	3.0
2987	4.0
2990	2.0
2997	5.0
3000	4.0
3006	5.0
3016	3.0
3018	2.0
3019	5.0
3033	3.0
3036	2.0
3040	2.0
3052	4.0
3060	4.0
3079	5.0
3081	5.0
3088	4.0
3095	5.0
3100	3.0
3105	4.0
3108	5.0
3114	5.0
3125	5.0
3145	3.0
3147	4.0
3157	4.0
3160	5.0
3174	5.0
3175	4.0
3176	5.0
3181	4.0
3186	3.0
3203	4.0
3219	3.0
3246	4.0
3255	4.0
3260	4.0
3264	4.0
3273	3.0
3298	4.0
3342	5.0
3354	3.0
3358	4.0
3361	3.0
3396	4.0
3408	5.0
3418	4.0
3421	3.0
3424	4.0
3471	5.0
3476	2.0
3489	3.0
3499	4.0
3504	3.0
3505	4.0
3521	3.0
3535	3.0
3543	4.0
3550	4.0
3551	5.0
3565	3.0
3578	4.0
3608	4.0
3615	3.0
3617	4.0
3623	4.0
3624	4.0
3635	3.0
3638	3.0
3639	3.0
3683	5.0
3685	4.0
3693	1.0
3699	3.0
3701	2.0
3702	5.0
3703	4.0
3704	3.0
3717	3.0
3723	4.0
3727	4.0
3728	4.0
3730	5.0
3733	5.0
3740	3.0
3742	4.0
3744	3.0
3745	3.0
3751	4.0
3752	4.0
3753	4.0
3763	4.0
3766	1.0
3770	3.0
3793	4.0
3798	4.0
3811	5.0
3826	1.0
3836	5.0
3897	4.0
3911	5.0
3949	4.0
3952	4.0
3977	4.0
3983	3.0
3988	3.0
3996	5.0
4022	5.0
4027	5.0
4034	5.0
4085	4.0
4174	5.0
4218	4.0
4226	5.0
4571	2.0
4641	4.0
4846	4.0
4865	4.0
4886	4.0
4911	5.0
4928	3.0
4973	5.0
4979	5.0
4993	5.0
4995	4.0
5013	5.0
5034	5.0
5060	5.0
5177	4.0
5218	3.0
5299	4.0
5339	4.0
5349	4.0
5377	4.0
5378	4.0
5388	4.0
5389	3.0
5418	4.0
5420	2.0
5444	4.0
5445	4.0
5479	3.0
5480	3.0
5481	4.0
5502	4.0
5504	4.0
5528	4.0
5572	4.0
5618	5.0
5945	5.0
5952	5.0
5991	4.0
6001	5.0
