1	4.0
6	3.0
10	4.0
16	3.0
22	3.0
29	5.0
32	5.0
34	4.0
47	5.0
48	3.0
50	5.0
60	3.0
70	4.0
76	1.0
81	4.0
89	3.0
95	2.0
110	5.0
111	4.0
112	4.0
117	3.0
151	3.0
155	4.0
161	3.0
163	2.0
164	3.0
165	3.0
168	1.0
177	2.0
188	3.0
196	3.0
198	3.0
225	4.0
229	2.0
253	2.0
260	5.0
273	2.0
292	4.0
293	5.0
296	5.0
303	3.0
314	5.0
316	4.0
317	3.0
319	4.0
329	2.0
330	1.0
332	3.0
340	3.0
349	3.0
350	3.0
353	5.0
356	5.0
362	3.0
364	4.0
366	4.0
367	4.0
368	4.0
373	4.0
377	3.0
380	4.0
382	1.0
383	3.0
387	3.0
407	3.0
416	2.0
426	3.0
431	3.0
434	3.0
435	3.0
442	4.0
454	3.0
457	5.0
466	1.0
474	3.0
479	3.0
480	4.0
494	3.0
512	4.0
522	4.0
527	5.0
532	2.0
541	5.0
548	2.0
552	3.0
553	4.0
555	4.0
587	3.0
588	4.0
589	5.0
590	4.0
592	5.0
593	5.0
594	4.0
595	3.0
596	5.0
599	5.0
608	5.0
610	5.0
616	3.0
648	3.0
653	4.0
661	3.0
673	3.0
674	4.0
695	3.0
714	4.0
724	4.0
733	4.0
735	4.0
736	3.0
741	5.0
748	3.0
750	4.0
780	4.0
783	3.0
786	2.0
788	2.0
799	4.0
809	1.0
832	3.0
836	1.0
842	2.0
849	1.0
858	5.0
861	4.0
866	3.0
903	4.0
904	4.0
908	4.0
910	4.0
912	5.0
919	5.0
920	4.0
924	4.0
933	5.0
940	4.0
941	5.0
951	4.0
952	4.0
955	5.0
965	4.0
968	4.0
969	4.0
996	3.0
999	3.0
1007	3.0
1008	4.0
1009	4.0
1017	5.0
1019	5.0
1022	4.0
1023	4.0
1024	3.0
1025	3.0
1029	5.0
1031	4.0
1032	3.0
1034	4.0
1036	5.0
1047	4.0
1049	3.0
1061	3.0
1064	3.0
1073	5.0
1077	4.0
1078	4.0
1079	5.0
1080	4.0
1089	4.0
1090	5.0
1092	4.0
1094	4.0
1097	4.0
1101	4.0
1126	4.0
1127	3.0
1128	4.0
1129	4.0
1130	5.0
1136	5.0
1148	5.0
1175	4.0
1179	4.0
1183	3.0
1184	4.0
1196	5.0
1197	5.0
1198	5.0
1199	5.0
1200	5.0
1201	4.0
1204	5.0
1208	5.0
1209	5.0
1210	3.0
1213	4.0
1214	5.0
1215	5.0
1217	5.0
1218	4.0
1219	5.0
1220	5.0
1221	5.0
1222	5.0
1223	5.0
1227	3.0
1233	5.0
1234	4.0
1240	5.0
1242	5.0
1249	5.0
1250	5.0
1252	4.0
1254	5.0
1256	4.0
1258	4.0
1259	5.0
1261	5.0
1262	5.0
1263	4.0
1266	5.0
1267	4.0
1270	4.0
1272	5.0
1274	5.0
1275	5.0
1276	5.0
1278	5.0
1282	5.0
1287	5.0
1288	5.0
1291	5.0
1298	4.0
1299	5.0
1301	3.0
1303	5.0
1304	5.0
1306	4.0
1320	1.0
1327	4.0
1332	4.0
1333	4.0
1334	3.0
1340	5.0
1342	4.0
1343	4.0
1345	4.0
1346	4.0
1347	4.0
1350	5.0
1355	3.0
1356	4.0
1358	5.0
1359	2.0
1370	2.0
1371	2.0
1372	4.0
1374	4.0
1375	3.0
1376	4.0
1377	1.0
1378	4.0
1379	4.0
1385	3.0
1387	5.0
1391	3.0
1394	5.0
1396	5.0
1405	3.0
1407	3.0
1408	3.0
1429	3.0
1431	1.0
1446	4.0
1459	3.0
1480	4.0
1500	5.0
1518	4.0
1527	5.0
1537	4.0
1544	3.0
1552	3.0
1566	3.0
1573	4.0
1580	4.0
1584	5.0
1586	3.0
1587	5.0
1589	3.0
1597	3.0
1608	3.0
1610	3.0
1615	4.0
1616	2.0
1617	5.0
1620	2.0
1625	4.0
1644	3.0
1645	3.0
1648	4.0
1653	4.0
1655	4.0
1658	3.0
1674	4.0
1676	3.0
1686	3.0
1688	3.0
1690	3.0
1702	2.0
1711	3.0
1717	3.0
1722	4.0
1729	3.0
1748	3.0
1762	2.0
1785	4.0
1806	2.0
1834	3.0
1858	2.0
1876	2.0
1892	3.0
1894	3.0
1907	3.0
1909	3.0
1912	4.0
1917	3.0
1918	3.0
1920	4.0
1921	4.0
1924	3.0
1953	5.0
1954	5.0
1965	4.0
1967	3.0
1969	3.0
1974	4.0
1976	3.0
1982	5.0
1994	4.0
1997	5.0
2000	4.0
2001	3.0
2002	3.0
2003	4.0
2004	3.0
2005	4.0
2006	4.0
2009	4.0
2011	4.0
2012	4.0
2013	3.0
2015	4.0
2018	4.0
2019	5.0
2021	4.0
2023	2.0
2028	5.0
2033	4.0
2034	1.0
2046	4.0
2054	4.0
2057	4.0
2058	3.0
2078	5.0
2080	4.0
2081	4.0
2085	3.0
2087	4.0
2089	3.0
2090	3.0
2091	4.0
2092	2.0
2093	1.0
2094	3.0
2096	4.0
2097	4.0
2099	5.0
2100	5.0
2102	3.0
2105	3.0
2107	2.0
2110	4.0
2115	1.0
2116	5.0
2118	4.0
2121	1.0
2133	4.0
2137	5.0
2138	5.0
2139	4.0
2140	4.0
2141	3.0
2143	3.0
2148	3.0
2159	3.0
2160	4.0
2161	4.0
2163	4.0
2167	4.0
2174	5.0
2176	4.0
2178	4.0
2186	3.0
2193	4.0
2194	5.0
2202	4.0
2232	4.0
2248	4.0
2253	3.0
2268	4.0
2273	3.0
2275	4.0
2278	5.0
2279	3.0
2280	4.0
2287	4.0
2288	5.0
2289	4.0
2294	4.0
2311	2.0
2320	4.0
2324	5.0
2327	3.0
2328	2.0
2334	4.0
2353	4.0
2354	4.0
2355	4.0
2363	4.0
2365	3.0
2366	5.0
2367	3.0
2376	1.0
2377	4.0
2387	3.0
2391	4.0
2394	3.0
2396	5.0
2401	3.0
2403	3.0
2406	3.0
2407	4.0
2414	4.0
2427	4.0
2428	3.0
2429	2.0
2442	3.0
2454	3.0
2455	4.0
2457	4.0
2459	5.0
2470	4.0
2475	3.0
2476	3.0
2478	4.0
2490	4.0
2495	3.0
2513	1.0
2517	4.0
2519	2.0
2525	4.0
2527	5.0
2528	3.0
2529	4.0
2530	4.0
2531	4.0
2532	4.0
2533	4.0
2540	3.0
2542	5.0
2553	4.0
2560	3.0
2561	3.0
2571	5.0
2580	4.0
2599	3.0
2600	2.0
2613	4.0
2615	3.0
2617	4.0
2622	3.0
2625	4.0
2628	3.0
2640	3.0
2641	4.0
2644	5.0
2648	5.0
2657	5.0
2662	5.0
2664	4.0
2670	4.0
2672	3.0
2687	3.0
2692	4.0
2699	3.0
2700	4.0
2701	1.0
2710	5.0
2713	4.0
2716	4.0
2723	4.0
2746	4.0
2747	3.0
2761	5.0
2762	5.0
2763	4.0
2764	4.0
2787	3.0
2797	5.0
2803	4.0
2804	5.0
2808	3.0
2810	3.0
2815	1.0
2819	4.0
2826	2.0
2841	4.0
2858	5.0
2867	5.0
2871	5.0
2872	5.0
2879	2.0
2881	3.0
2890	3.0
2899	4.0
2900	2.0
2901	3.0
2912	4.0
2916	4.0
2917	4.0
2918	4.0
2921	3.0
2922	3.0
2944	5.0
2947	4.0
2948	4.0
2949	4.0
2951	4.0
2956	4.0
2968	5.0
2985	4.0
2987	5.0
2989	3.0
2990	2.0
2991	3.0
2993	4.0
2995	2.0
2997	5.0
3000	5.0
3005	3.0
3015	4.0
3016	4.0
3018	4.0
3019	4.0
3024	3.0
3029	4.0
3034	5.0
3037	5.0
3039	4.0
3052	4.0
3054	2.0
3070	4.0
3074	4.0
3081	3.0
3082	3.0
3101	4.0
3102	3.0
3104	4.0
3107	3.0
3114	5.0
3147	5.0
3153	4.0
3168	4.0
3175	4.0
3176	3.0
3178	4.0
3196	5.0
3197	3.0
3213	3.0
3256	4.0
3264	4.0
3265	5.0
3266	4.0
3267	5.0
3273	4.0
3274	3.0
3361	5.0
3362	4.0
3363	4.0
3365	4.0
3412	4.0
3418	3.0
3421	5.0
3435	5.0
3438	3.0
3441	3.0
3448	5.0
3471	5.0
3476	4.0
3479	4.0
3489	3.0
3494	4.0
3503	3.0
3504	4.0
3505	4.0
3508	5.0
3519	4.0
3527	4.0
3543	4.0
3550	4.0
3551	4.0
3576	4.0
3578	5.0
3633	3.0
3635	4.0
3638	3.0
3639	3.0
3654	4.0
3671	5.0
3672	3.0
3676	4.0
3681	4.0
3686	4.0
3693	3.0
3698	3.0
3699	5.0
3700	3.0
3701	4.0
3702	4.0
3703	5.0
3704	3.0
3706	4.0
3708	4.0
3726	4.0
3727	4.0
3735	4.0
3740	4.0
3763	4.0
3770	4.0
4006	4.0
5060	5.0
5649	4.0
