1	3.0
2	3.0
5	3.0
6	4.0
7	4.0
10	3.0
11	4.0
15	4.0
16	3.0
17	5.0
21	3.0
22	4.0
23	4.0
24	4.0
25	3.0
32	3.0
34	4.0
36	3.0
39	4.0
45	4.0
47	4.0
50	4.0
52	4.0
60	3.0
61	4.0
62	4.0
71	4.0
73	4.0
81	2.0
89	4.0
92	2.0
95	4.0
105	4.0
110	4.0
112	4.0
118	2.0
122	3.0
141	3.0
150	4.0
153	4.0
158	3.0
160	4.0
161	4.0
164	3.0
168	4.0
185	4.0
186	3.0
188	3.0
196	4.0
198	2.0
204	4.0
208	3.0
222	3.0
225	4.0
229	3.0
230	3.0
231	4.0
247	3.0
249	3.0
252	3.0
253	4.0
256	4.0
257	4.0
260	5.0
266	4.0
273	3.0
280	3.0
291	4.0
292	5.0
293	4.0
296	3.0
316	3.0
317	3.0
318	3.0
329	4.0
338	3.0
339	4.0
344	4.0
349	4.0
350	3.0
351	3.0
356	5.0
357	4.0
360	3.0
364	4.0
367	3.0
368	3.0
376	5.0
377	5.0
379	5.0
380	4.0
382	4.0
422	3.0
423	4.0
427	3.0
434	5.0
435	4.0
436	3.0
440	4.0
442	3.0
450	4.0
451	3.0
453	3.0
454	4.0
457	5.0
466	4.0
469	3.0
471	4.0
474	4.0
480	5.0
482	3.0
485	2.0
490	4.0
494	4.0
497	3.0
500	3.0
507	3.0
516	3.0
517	1.0
527	4.0
532	4.0
533	3.0
534	3.0
539	5.0
540	3.0
543	4.0
544	3.0
546	1.0
548	4.0
552	3.0
562	3.0
586	3.0
587	5.0
588	3.0
589	5.0
590	5.0
593	4.0
594	4.0
595	4.0
597	5.0
605	2.0
608	5.0
628	4.0
640	4.0
648	3.0
653	3.0
662	4.0
688	2.0
691	3.0
695	3.0
708	4.0
724	4.0
733	5.0
736	4.0
737	2.0
742	4.0
743	4.0
748	3.0
762	3.0
780	5.0
782	2.0
786	5.0
788	3.0
798	4.0
799	2.0
810	2.0
832	4.0
836	4.0
838	4.0
852	3.0
858	4.0
879	4.0
880	2.0
899	4.0
900	4.0
908	4.0
910	4.0
912	4.0
914	4.0
916	4.0
919	4.0
920	4.0
922	3.0
928	4.0
938	4.0
953	4.0
986	4.0
999	4.0
1003	4.0
1004	3.0
1012	4.0
1015	3.0
1020	3.0
1028	5.0
1029	4.0
1031	3.0
1034	5.0
1035	5.0
1036	4.0
1037	2.0
1047	4.0
1049	3.0
1057	3.0
1061	4.0
1088	5.0
1090	4.0
1092	4.0
1094	3.0
1101	4.0
1104	3.0
1126	2.0
1127	3.0
1129	3.0
1173	3.0
1179	3.0
1183	3.0
1193	4.0
1196	4.0
1198	5.0
1200	3.0
1203	4.0
1207	4.0
1210	4.0
1214	3.0
1220	3.0
1221	4.0
1227	3.0
1231	4.0
1234	5.0
1240	5.0
1247	4.0
1250	4.0
1262	4.0
1265	4.0
1270	5.0
1272	4.0
1282	4.0
1286	4.0
1287	4.0
1288	3.0
1290	4.0
1291	4.0
1296	3.0
1304	4.0
1307	5.0
1320	3.0
1339	3.0
1340	4.0
1342	3.0
1343	3.0
1356	4.0
1357	4.0
1358	4.0
1372	4.0
1374	4.0
1376	4.0
1377	4.0
1380	5.0
1381	4.0
1385	4.0
1387	5.0
1388	4.0
1391	2.0
1393	4.0
1396	4.0
1407	3.0
1408	4.0
1414	3.0
1422	3.0
1427	3.0
1429	4.0
1438	4.0
1457	4.0
1459	4.0
1461	3.0
1479	4.0
1480	3.0
1487	5.0
1488	3.0
1499	5.0
1500	3.0
1513	4.0
1517	2.0
1518	4.0
1527	3.0
1541	3.0
1544	4.0
1550	3.0
1552	5.0
1562	4.0
1569	4.0
1573	4.0
1580	4.0
1584	4.0
1586	4.0
1589	4.0
1590	3.0
1597	2.0
1598	3.0
1603	3.0
1608	4.0
1610	4.0
1615	4.0
1616	3.0
1617	4.0
1620	4.0
1625	4.0
1626	4.0
1641	5.0
1644	3.0
1645	5.0
1647	3.0
1648	3.0
1653	3.0
1655	2.0
1658	2.0
1667	3.0
1674	4.0
1678	4.0
1680	4.0
1683	3.0
1686	3.0
1687	4.0
1689	3.0
1690	4.0
1694	2.0
1702	3.0
1704	4.0
1711	4.0
1717	3.0
1721	5.0
1722	3.0
1729	3.0
1730	3.0
1732	1.0
1735	3.0
1752	3.0
1754	4.0
1762	3.0
1769	3.0
1777	3.0
1779	3.0
1784	4.0
1792	4.0
1799	3.0
1801	4.0
1805	5.0
1821	4.0
1831	3.0
1833	4.0
1841	3.0
1862	4.0
1873	4.0
1876	4.0
1883	1.0
1885	3.0
1888	4.0
1892	4.0
1894	4.0
1909	4.0
1912	3.0
1917	4.0
1923	4.0
1947	4.0
1951	4.0
1957	3.0
1959	4.0
1963	4.0
1994	4.0
1995	3.0
1996	2.0
2006	4.0
2011	3.0
2012	3.0
2019	4.0
2020	3.0
2026	3.0
2028	3.0
2052	3.0
2058	3.0
2067	4.0
2078	3.0
2080	5.0
2081	4.0
2094	3.0
2097	3.0
2100	4.0
2108	3.0
2110	4.0
2118	4.0
2120	3.0
2121	4.0
2125	5.0
2126	3.0
2145	4.0
2146	3.0
2153	2.0
2166	3.0
2194	4.0
2231	3.0
2236	3.0
2248	4.0
2259	4.0
2262	4.0
2263	4.0
2268	4.0
2273	4.0
2278	2.0
2279	3.0
2280	4.0
2282	2.0
2289	3.0
2291	4.0
2300	3.0
2302	5.0
2316	4.0
2320	3.0
2321	5.0
2324	4.0
2329	3.0
2331	3.0
2334	3.0
2336	4.0
2353	4.0
2355	4.0
2369	4.0
2390	4.0
2391	4.0
2393	4.0
2396	4.0
2398	4.0
2405	4.0
2406	5.0
2424	4.0
2427	2.0
2428	5.0
2429	4.0
2431	4.0
2436	4.0
2439	1.0
2448	3.0
2468	3.0
2469	4.0
2470	4.0
2471	3.0
2475	4.0
2490	3.0
2497	4.0
2502	3.0
2539	3.0
2540	3.0
2558	4.0
2561	3.0
2565	4.0
2571	4.0
2572	4.0
2581	4.0
2583	3.0
2599	3.0
2605	4.0
2616	2.0
2617	5.0
2622	2.0
2628	4.0
2657	3.0
2664	3.0
2671	4.0
2672	3.0
2676	3.0
2686	3.0
2688	2.0
2690	3.0
2699	3.0
2706	3.0
2707	5.0
2712	4.0
2713	4.0
2718	2.0
2719	3.0
2720	1.0
2722	3.0
2723	2.0
2728	4.0
2746	3.0
2759	3.0
2762	5.0
2763	5.0
2793	3.0
2802	3.0
2803	5.0
2805	3.0
2806	3.0
2827	3.0
2840	3.0
2858	4.0
2861	4.0
2872	4.0
2875	3.0
2881	5.0
2883	2.0
2908	3.0
2916	4.0
2919	3.0
2941	4.0
2942	5.0
2950	4.0
2956	3.0
2961	3.0
2971	3.0
2978	4.0
2995	3.0
3005	4.0
3006	4.0
3020	4.0
3063	4.0
3081	3.0
3082	3.0
3089	4.0
3095	3.0
3097	4.0
3101	5.0
3102	4.0
3105	5.0
3107	3.0
3111	4.0
3113	5.0
3147	4.0
3148	4.0
3156	4.0
3174	3.0
3175	5.0
3176	2.0
3185	3.0
3198	4.0
3203	5.0
3206	3.0
3219	4.0
3225	3.0
3238	3.0
3244	3.0
3247	3.0
3249	5.0
3250	4.0
3252	3.0
3255	4.0
3256	4.0
3257	3.0
3259	3.0
3261	3.0
3264	3.0
3268	2.0
3269	4.0
3273	3.0
3274	5.0
3285	3.0
3299	3.0
3301	3.0
3316	3.0
3324	3.0
3325	3.0
3341	4.0
3355	3.0
3358	3.0
3386	3.0
3394	3.0
3408	5.0
3409	4.0
3418	4.0
3435	4.0
3438	2.0
3439	2.0
3450	4.0
3466	2.0
3468	4.0
3476	3.0
3479	4.0
3481	2.0
3483	3.0
3484	3.0
3489	3.0
3498	4.0
3499	5.0
3505	4.0
3510	4.0
3512	5.0
3513	3.0
3524	3.0
3527	4.0
3528	4.0
3534	3.0
3536	4.0
3545	3.0
3557	3.0
3564	4.0
3565	4.0
3578	3.0
3594	3.0
3614	3.0
3615	3.0
3623	5.0
3624	3.0
3635	4.0
3639	4.0
3646	3.0
3684	4.0
3685	3.0
3686	3.0
3697	3.0
3699	4.0
3705	4.0
3706	3.0
3708	3.0
3712	3.0
3717	3.0
3745	4.0
3751	2.0
3753	4.0
3754	3.0
3755	3.0
3763	4.0
3764	4.0
3784	2.0
3793	5.0
3798	3.0
3809	3.0
3821	3.0
3824	3.0
3825	4.0
3826	4.0
3827	3.0
3831	4.0
3835	5.0
3844	4.0
3857	4.0
3863	3.0
3869	4.0
3882	3.0
3893	3.0
3895	3.0
3908	3.0
3916	3.0
3948	4.0
3953	3.0
3968	3.0
3969	4.0
3977	4.0
3978	3.0
3979	3.0
3986	3.0
3987	4.0
3994	4.0
3996	3.0
3998	4.0
3999	4.0
4016	4.0
4018	4.0
4019	4.0
4022	4.0
4023	4.0
4025	4.0
4056	4.0
4187	4.0
4224	2.0
4228	3.0
4254	2.0
4465	4.0
