1	3.5
2	2.5
3	2.0
5	2.0
6	2.5
7	2.0
9	1.5
10	3.5
11	2.5
12	1.0
14	2.5
16	2.5
17	3.0
18	3.0
19	2.5
20	2.0
21	3.5
22	2.5
24	2.5
25	4.0
31	2.5
32	3.5
34	2.5
36	2.5
39	2.5
44	2.5
45	2.5
47	3.0
50	3.5
61	3.0
62	2.0
65	1.5
66	1.5
69	2.5
70	2.5
79	2.0
81	2.5
86	1.0
88	2.0
89	1.5
95	2.0
101	3.0
104	2.5
110	3.5
111	3.0
112	2.5
122	0.5
135	2.0
141	2.5
145	2.5
147	2.0
150	3.0
151	3.0
153	0.5
157	2.0
160	2.0
161	3.0
163	3.0
165	2.5
166	1.0
168	2.5
170	2.5
172	2.0
173	1.5
175	1.5
177	2.0
180	4.0
181	1.0
185	2.5
188	4.0
193	1.5
196	2.5
198	3.0
203	2.0
204	2.0
208	1.0
216	2.5
223	3.5
224	2.0
225	2.5
227	1.5
230	3.0
231	2.5
233	0.5
234	0.5
235	3.5
239	1.5
247	3.0
253	3.0
256	2.5
260	3.0
261	2.5
265	3.0
266	2.5
267	1.5
273	2.5
276	2.0
277	2.5
280	2.5
282	3.0
288	3.0
292	2.5
293	3.5
296	3.5
300	3.0
303	2.5
305	2.0
315	2.0
316	3.0
317	3.0
318	3.5
327	2.5
328	2.0
329	2.5
333	2.5
337	3.0
338	1.5
339	2.0
344	2.5
349	3.0
350	2.5
353	3.5
354	3.0
355	2.5
356	2.5
357	2.5
361	2.5
362	1.0
364	3.5
366	2.0
367	2.0
368	2.0
370	2.5
372	2.5
373	3.0
376	2.5
377	2.5
379	1.5
380	1.0
382	2.0
383	2.0
405	1.0
410	2.5
413	3.0
419	2.0
420	2.0
427	2.0
431	3.0
432	1.5
434	2.0
435	2.5
436	1.5
440	3.0
441	3.5
442	3.0
454	2.5
455	1.0
457	2.5
464	2.0
466	2.0
471	3.0
474	3.0
480	2.5
481	2.5
482	2.0
485	1.0
490	2.0
491	2.0
493	2.5
494	2.5
497	3.0
500	2.0
502	1.5
508	3.0
509	2.5
514	2.5
516	2.0
517	2.0
519	1.5
520	2.5
524	2.0
527	2.5
529	3.5
532	3.0
539	2.5
540	1.5
541	3.0
542	1.5
543	2.5
546	0.5
548	1.5
551	2.5
552	2.5
553	3.0
555	3.5
585	2.5
586	2.5
587	2.0
588	2.5
589	3.5
590	2.5
592	3.5
593	3.0
594	3.5
595	2.0
596	2.5
597	2.5
608	4.0
610	3.0
628	2.5
640	2.0
647	2.5
648	3.0
653	2.5
662	0.5
663	3.0
671	3.0
673	0.5
674	1.5
688	0.5
694	1.0
708	2.5
719	2.0
724	2.5
733	2.5
736	3.0
737	1.5
741	3.5
743	1.5
748	2.0
750	3.0
762	2.0
765	1.0
778	4.0
780	2.5
782	1.5
784	3.0
785	2.5
786	2.0
788	2.5
799	2.5
802	2.5
805	2.5
818	2.0
830	2.0
832	3.0
833	1.0
836	2.0
839	2.0
849	2.0
852	2.5
858	3.0
861	1.5
866	3.0
880	1.5
891	1.5
899	2.5
902	3.5
903	5.0
904	3.0
908	3.0
910	2.5
912	2.5
919	3.5
920	2.5
923	2.5
924	3.5
928	3.5
930	4.0
931	3.5
953	3.0
954	3.0
955	1.5
968	5.0
996	2.5
1003	1.5
1010	2.0
1012	2.5
1020	2.0
1021	1.5
1022	1.5
1025	2.5
1027	2.5
1028	3.0
1029	2.5
1032	4.0
1033	2.0
1036	4.0
1037	2.5
1042	3.0
1047	3.0
1059	2.5
1060	3.5
1061	3.0
1073	3.0
1079	3.0
1080	2.5
1084	3.5
1088	2.5
1089	3.5
1090	3.0
1091	1.5
1092	3.0
1093	4.5
1094	3.0
1097	2.5
1101	2.5
1103	2.5
1104	3.5
1120	3.0
1126	1.5
1127	3.5
1129	3.0
1135	2.5
1136	3.0
1183	2.5
1188	2.5
1193	3.0
1196	4.0
1197	2.5
1198	3.5
1200	4.5
1201	3.0
1203	3.0
1206	4.0
1208	3.0
1210	3.5
1213	3.5
1214	4.0
1215	3.5
1217	4.0
1218	3.0
1219	3.5
1220	3.0
1221	3.5
1222	3.5
1225	3.0
1228	3.0
1230	2.5
1231	2.5
1233	3.5
1240	3.0
1246	3.0
1247	2.5
1249	3.0
1252	3.0
1257	2.5
1258	4.0
1259	3.0
1261	4.5
1265	3.0
1266	3.0
1267	3.0
1270	3.0
1271	2.5
1272	4.0
1274	3.5
1275	3.0
1278	3.0
1282	3.0
1285	3.0
1287	3.0
1288	3.0
1291	3.0
1293	3.5
1297	2.5
1302	2.0
1304	3.0
1307	3.0
1320	2.0
1321	3.0
1333	3.0
1339	2.5
1342	2.0
1343	3.0
1345	3.5
1347	3.5
1348	4.5
1350	3.0
1356	3.5
1358	3.5
1359	0.5
1366	2.0
1367	2.5
1370	3.0
1371	3.0
1372	3.0
1373	3.0
1374	4.5
1375	2.5
1376	2.5
1377	3.5
1378	2.5
1379	2.0
1380	2.0
1385	2.0
1387	3.0
1388	1.0
1391	2.5
1393	2.5
1394	3.0
1396	3.0
1405	2.5
1407	3.0
1408	2.5
1409	2.0
1411	3.0
1422	1.5
1431	0.5
1438	2.0
1441	3.0
1459	2.0
1464	3.0
1466	2.5
1476	2.0
1479	2.5
1483	2.0
1485	2.5
1488	1.5
1499	0.5
1500	3.0
1513	2.0
1515	2.0
1517	3.0
1527	3.5
1552	2.5
1556	0.5
1562	0.5
1569	2.5
1573	3.5
1580	3.0
1584	3.0
1586	2.0
1587	3.0
1589	1.5
1590	1.5
1591	1.5
1597	3.0
1603	1.5
1608	2.5
1610	3.5
1614	2.0
1615	1.0
1616	0.5
1617	3.0
1625	2.5
1639	3.0
1641	2.5
1644	2.0
1645	2.5
1653	3.0
1663	3.0
1665	2.0
1672	2.5
1673	3.0
1676	2.5
1680	3.0
1682	2.5
1687	2.0
1690	3.0
1699	2.5
1704	3.5
1717	2.5
1721	2.5
1722	2.5
1729	2.5
1732	3.5
1735	2.0
1747	3.0
1748	3.0
1754	2.0
1769	1.5
1777	3.5
1779	2.0
1784	3.0
1792	1.5
1799	2.0
1801	1.5
1805	2.5
1810	2.5
1831	2.5
1835	2.5
1863	2.0
1876	2.0
1882	2.0
1883	2.0
1884	4.0
1888	1.5
1892	2.5
1894	2.0
1895	2.0
1909	2.5
1911	2.5
1912	2.0
1917	1.5
1918	2.5
1920	2.0
1921	4.0
1923	3.0
1947	2.5
1953	3.0
1954	3.0
1958	2.5
1961	3.0
1962	2.5
1967	2.0
1968	3.0
1972	2.0
1974	2.0
1978	2.0
1979	2.0
1980	2.0
1982	4.0
1994	3.0
1997	3.5
2000	3.0
2001	2.5
2002	2.0
2003	3.0
2004	1.5
2005	3.0
2006	2.0
2009	2.5
2010	3.0
2011	2.5
2012	2.0
2019	3.5
2021	2.5
2023	2.5
2028	3.0
2046	2.5
2053	1.5
2054	2.5
2058	2.5
2064	2.5
2076	4.0
2078	3.0
2080	2.5
2081	2.0
2082	2.0
2085	1.5
2087	1.5
2088	1.5
2096	2.5
2100	2.5
2105	3.0
2106	2.0
2115	3.5
2118	3.5
2122	3.0
2124	2.5
2125	3.0
2126	2.0
2133	1.5
2134	3.0
2136	2.0
2137	2.5
2139	4.5
2141	3.0
2150	2.5
2160	3.5
2161	2.5
2162	1.0
2167	3.0
2174	3.0
2193	3.0
2194	2.5
2212	3.0
2231	3.5
2232	3.0
2236	1.5
2245	2.0
2248	2.5
2265	1.0
2268	2.5
2269	1.5
2273	2.0
2275	1.0
2278	2.5
2282	1.5
2289	3.0
2291	3.5
2294	2.5
2301	2.5
2302	2.5
2311	2.0
2313	4.0
2321	2.0
2329	3.0
2333	2.0
2334	2.5
2335	2.5
2336	2.5
2338	1.5
2340	2.0
2353	2.0
2355	2.5
2359	2.0
2369	1.5
2371	3.0
2378	2.0
2381	2.0
2384	2.5
2391	2.5
2393	2.5
2394	3.0
2395	3.0
2396	2.5
2402	1.5
2403	2.5
2404	1.5
2405	2.0
2406	2.5
2407	2.5
2409	2.0
2410	2.0
2411	2.5
2412	1.5
2413	4.0
2420	3.0
2421	3.0
2422	1.0
2424	2.0
2427	2.5
2428	2.0
2429	2.0
2431	2.5
2433	2.0
2447	2.0
2450	2.5
2455	2.5
2468	1.5
2469	1.5
2470	2.5
2471	0.5
2478	1.5
2490	2.5
2496	2.0
2501	2.5
2502	4.0
2505	2.0
2528	3.5
2529	4.0
2533	2.5
2539	2.0
2541	3.0
2542	3.5
2558	3.0
2567	1.5
2571	4.5
2572	2.0
2580	3.0
2581	2.0
2598	2.0
2599	3.0
2600	0.5
2605	2.0
2616	2.5
2617	3.0
2622	3.0
2625	1.5
2628	2.5
2629	2.0
2640	3.0
2642	1.5
2643	1.5
2657	3.5
2671	2.5
2672	2.0
2683	3.0
2686	3.0
2688	2.0
2692	4.5
2694	2.5
2699	2.5
2700	3.0
2701	1.5
2702	2.5
2706	3.0
2707	2.5
2710	1.5
2712	2.5
2713	1.5
2716	3.0
2717	2.0
2718	2.0
2719	2.0
2722	1.5
2723	2.5
2724	2.0
2728	3.0
2746	3.0
2759	1.5
2761	2.5
2762	2.5
2763	2.5
2770	2.5
2771	2.5
2791	3.0
2792	2.0
2794	2.0
2797	3.0
2803	2.0
2804	2.5
2805	1.5
2806	1.0
2808	2.0
2810	4.0
2826	2.5
2827	1.5
2836	1.0
2840	2.5
2841	3.0
2846	2.5
2858	3.0
2862	1.5
2881	2.5
2890	3.0
2908	3.5
2916	3.0
2917	3.0
2918	3.5
2942	1.5
2947	2.5
2949	3.0
2950	2.5
2953	0.5
2959	3.0
2961	2.0
2968	2.5
2976	2.5
2985	2.5
2986	1.5
2987	3.5
2995	1.5
2997	3.0
3000	2.5
3005	2.0
3006	2.0
3016	2.0
3020	3.0
3033	3.0
3039	3.0
3052	3.0
3053	4.5
3070	2.5
3072	2.0
3081	3.0
3082	2.5
3087	2.5
3088	3.0
3100	2.5
3101	2.5
3107	2.0
3113	2.0
3114	3.0
3145	2.5
3147	3.0
3157	1.5
3160	3.0
3168	3.0
3173	2.5
3174	2.5
3175	3.0
3176	2.5
3186	2.5
3210	3.5
3213	2.5
3246	2.5
3247	2.0
3252	3.0
3253	3.0
3254	2.5
3255	3.0
3256	2.5
3258	2.0
3262	3.5
3263	3.0
3264	2.5
3265	3.0
3267	3.5
3269	2.0
3273	2.0
3274	2.5
3275	4.5
3298	3.0
3300	2.5
3301	2.5
3317	2.5
3328	0.5
3354	2.0
3362	3.0
3386	3.0
3391	2.0
3408	2.5
3409	2.0
3418	2.5
3421	3.0
3438	2.0
3439	1.5
3440	1.5
3448	3.0
3452	2.5
3471	2.0
3477	3.5
3481	3.0
3489	2.0
3499	4.0
3510	2.5
3524	2.0
3526	2.0
3527	3.0
3534	2.0
3535	4.0
3536	2.0
3555	2.0
3556	2.5
3557	1.5
3566	2.5
3578	3.5
3591	1.5
3593	1.0
3608	3.0
3617	2.0
3623	2.5
3624	2.0
3639	2.5
3671	2.5
3686	2.0
3697	1.5
3698	2.0
3699	2.5
3702	3.0
3703	2.5
3704	2.0
3709	1.0
3717	2.5
3740	1.5
3744	2.5
3745	2.0
3751	3.0
3752	2.0
3753	2.5
3755	2.5
3763	2.0
3785	2.0
3793	3.0
3798	3.0
3809	1.5
3825	1.5
3826	2.5
3827	2.5
3863	2.0
3864	1.5
3868	2.5
3869	2.5
3882	2.0
3893	2.5
3896	1.0
3897	3.0
3909	1.5
3911	3.0
3916	2.0
3919	2.0
3947	1.0
3948	3.0
3949	2.5
3952	2.5
3968	1.5
3969	2.0
3972	2.0
3977	3.0
3978	1.5
3981	2.0
3986	2.0
3988	1.5
3994	3.0
3996	3.0
4002	2.0
4007	3.0
4011	3.0
4014	3.5
4015	3.0
4018	2.5
4019	2.0
4022	2.5
4023	2.0
4025	2.5
4027	3.0
4033	2.0
4034	3.0
4040	2.0
4085	2.5
4105	4.5
4121	3.0
4128	2.0
4143	1.0
4148	2.0
4149	2.0
4161	2.5
4223	2.5
4226	3.0
4239	2.5
4246	2.0
4262	3.0
4270	2.0
4299	2.0
4306	3.0
4308	3.0
4310	1.0
4321	2.0
4327	3.5
4343	2.0
4344	2.0
4351	2.0
4367	3.0
4369	2.5
4370	1.0
4380	3.5
4383	2.5
4446	2.5
4447	3.0
4448	1.5
4489	2.5
4502	1.0
4509	2.0
4533	2.5
4571	3.0
4613	1.5
4623	2.5
4638	1.5
4639	1.5
4641	2.5
4643	2.0
4649	1.5
4682	2.0
4699	2.0
4701	2.0
4718	2.0
4720	2.0
4734	3.0
4744	2.5
4748	0.5
4770	2.0
4776	3.0
4816	3.0
4848	3.5
4865	2.5
4866	2.5
4874	2.5
4878	3.5
4881	3.0
4886	3.0
4890	2.0
4896	2.5
4901	2.5
4915	2.5
4951	1.5
4963	3.0
4973	2.5
4975	1.5
4979	2.5
4993	3.0
4995	2.0
5010	3.0
5013	3.0
5015	2.5
5026	3.0
5055	2.0
5060	3.0
5064	2.0
5081	2.5
5094	1.5
5106	0.5
5110	3.0
5111	1.5
5127	0.5
5159	2.0
5225	1.5
5254	3.0
5264	1.0
5265	2.5
5266	1.5
5293	0.5
5294	3.0
5308	2.0
5323	0.5
5349	2.5
5363	2.0
5364	2.5
5378	2.5
5379	4.0
5388	3.0
5414	1.5
5418	3.0
5445	2.0
5459	2.0
5464	2.5
5479	2.5
5481	2.5
5501	2.0
5502	2.0
5507	2.0
5528	2.0
5564	0.5
5574	2.5
5582	0.5
5608	4.0
5609	1.0
5610	2.0
5617	4.0
5618	2.5
5630	2.5
5669	2.5
5679	3.0
5690	3.0
5693	2.5
5782	4.0
5791	3.0
5809	2.5
5810	1.5
5816	3.0
5833	2.5
5843	1.5
5853	2.5
5872	1.5
5903	2.5
5942	0.5
5945	1.5
5952	2.5
5954	2.0
5956	1.5
5969	2.0
5971	3.0
5989	1.5
5991	2.5
6156	1.5
6157	2.0
6166	1.5
6183	1.0
6188	2.5
6213	1.5
6218	2.5
6242	3.0
6281	0.5
6283	4.0
6287	2.0
6294	2.0
6323	2.0
6333	2.5
6350	2.5
6365	2.5
6373	2.0
6377	2.5
6378	2.0
6482	0.5
6502	3.5
6503	1.5
6534	2.0
6535	2.5
6537	2.0
6539	3.0
6541	1.5
6567	3.0
6586	2.5
6615	2.0
6618	2.5
6645	2.5
6659	3.0
6707	2.5
6708	2.0
6711	2.5
6721	3.5
6754	1.0
6755	2.5
6764	0.5
6765	3.0
6785	0.5
6793	1.5
6794	0.5
6796	3.5
6832	1.5
6857	2.5
6863	2.5
6870	3.0
6874	3.5
6879	1.5
6880	2.5
6934	3.0
6936	4.0
6942	3.0
6957	1.5
6959	1.5
7000	2.5
7004	1.5
7007	2.5
7017	1.5
7022	3.0
7036	3.0
7044	3.0
7046	2.5
7090	2.5
7101	1.0
7123	4.0
7143	2.0
7153	3.5
7173	2.5
7254	0.5
7263	3.5
7317	2.5
7318	0.5
7323	3.0
7346	2.0
7360	3.5
7361	2.5
7366	3.0
7371	5.0
7373	1.5
7387	3.5
7438	3.5
7439	2.0
7445	3.0
7458	2.0
7482	4.0
7570	2.5
7618	2.5
7701	1.0
7836	2.0
7841	2.5
7842	3.0
7925	3.0
8169	2.0
8360	3.0
8361	2.5
8366	3.0
8368	3.0
8370	0.5
8371	2.5
8373	2.5
8376	3.5
8387	1.0
8464	3.0
8526	2.0
8528	2.0
8529	2.0
8581	2.5
8607	2.5
8622	2.0
8623	2.5
8633	3.0
8636	3.0
8640	2.5
8641	3.0
8644	2.5
8645	3.5
8665	2.0
8781	2.5
8783	2.0
8784	4.5
8798	2.5
8807	3.5
8808	3.0
8810	2.0
8814	2.5
8861	2.5
8865	0.5
8870	2.0
8874	3.0
8880	2.5
8910	4.0
8914	3.0
8917	2.5
8947	2.5
8949	3.0
8950	2.5
8957	2.0
8958	3.0
8961	3.0
8970	4.5
8972	2.0
8977	3.0
8981	4.0
8983	2.0
8984	2.5
8985	2.0
9018	2.0
26662	1.5
27660	3.0
27728	2.5
27788	3.0
27839	2.5
30810	2.5
30822	2.5
30825	2.5
30894	2.5
31221	2.5
31420	2.5
31427	2.5
31696	2.0
31878	2.5
32019	2.5
32587	4.0
33004	2.5
33085	3.0
33162	3.0
33166	3.0
33437	4.0
33493	3.0
33615	2.5
33646	3.5
34048	2.0
34072	4.0
34162	3.0
34405	4.0
35836	2.5
36401	0.5
37380	1.5
37382	2.5
37386	2.5
37729	1.5
39183	3.0
39414	4.5
39446	1.5
40278	2.5
40339	2.0
40583	2.5
40815	2.0
40819	5.0
40826	3.5
41566	2.5
41569	2.0
41571	2.5
41997	2.5
42011	2.5
42723	1.5
42734	3.0
42738	0.5
44191	3.0
44195	3.5
44199	3.0
45186	1.5
45447	3.0
46530	2.5
46578	3.0
46970	4.0
46972	2.5
48385	3.0
48774	2.5
49272	3.5
49274	3.5
49649	2.0
