1	1.0
2	1.0
3	1.0
7	3.0
8	1.0
11	2.0
17	2.0
18	4.0
29	4.0
31	2.0
32	4.0
34	1.0
35	3.0
39	3.0
45	3.0
46	1.0
47	4.0
50	5.0
52	4.0
57	5.0
60	1.0
70	3.0
71	1.0
72	4.0
74	2.0
82	5.0
94	5.0
101	5.0
104	4.0
105	1.0
107	1.0
110	3.0
111	5.0
123	4.0
126	1.0
140	1.0
147	4.0
149	5.0
150	3.0
153	3.0
158	1.0
161	3.0
169	1.0
170	2.0
176	5.0
179	3.0
180	4.0
181	1.0
185	3.0
188	3.0
195	3.0
218	4.0
223	4.0
224	3.0
236	3.0
239	1.0
253	5.0
258	1.0
259	2.0
260	4.0
262	1.0
265	4.0
270	1.0
288	4.0
291	2.0
293	4.0
296	5.0
317	1.0
337	4.0
338	3.0
339	4.0
349	4.0
350	2.0
353	4.0
355	1.0
356	4.0
362	1.0
364	1.0
365	3.0
369	5.0
371	2.0
372	4.0
374	1.0
377	2.0
378	2.0
380	2.0
412	3.0
419	1.0
421	1.0
423	2.0
428	5.0
431	3.0
432	1.0
434	1.0
436	3.0
440	3.0
444	5.0
445	1.0
448	4.0
454	2.0
455	1.0
457	4.0
461	4.0
469	3.0
474	3.0
480	3.0
482	4.0
484	1.0
489	3.0
490	2.0
506	5.0
509	4.0
517	4.0
521	5.0
531	2.0
534	3.0
535	5.0
539	3.0
540	3.0
541	5.0
542	2.0
543	3.0
544	2.0
546	1.0
551	5.0
553	4.0
555	4.0
558	1.0
574	5.0
585	1.0
586	3.0
587	2.0
588	2.0
589	3.0
590	1.0
592	4.0
593	3.0
594	1.0
595	1.0
596	1.0
597	3.0
605	2.0
606	1.0
609	1.0
628	3.0
639	4.0
650	3.0
663	5.0
673	1.0
674	5.0
688	1.0
708	2.0
711	1.0
728	2.0
750	5.0
778	4.0
780	4.0
783	1.0
784	2.0
788	1.0
801	1.0
808	1.0
810	1.0
818	1.0
830	2.0
839	2.0
851	4.0
866	5.0
881	1.0
882	1.0
902	3.0
903	5.0
904	4.0
908	5.0
910	4.0
912	5.0
913	5.0
914	3.0
917	2.0
919	1.0
920	2.0
922	4.0
923	5.0
926	4.0
928	5.0
930	4.0
931	5.0
953	5.0
999	4.0
1003	1.0
1005	1.0
1012	1.0
1013	3.0
1015	1.0
1020	1.0
1021	1.0
1022	1.0
1027	3.0
1028	3.0
1029	1.0
1032	3.0
1034	3.0
1037	2.0
1043	1.0
1051	4.0
1059	4.0
1060	5.0
1064	1.0
1073	1.0
1079	5.0
1080	3.0
1089	4.0
1091	1.0
1092	4.0
1093	3.0
1094	4.0
1097	1.0
1100	1.0
1101	3.0
1103	4.0
1104	5.0
1126	1.0
1131	3.0
1132	4.0
1136	5.0
1186	5.0
1196	3.0
1197	4.0
1198	5.0
1201	3.0
1206	5.0
1210	4.0
1211	5.0
1215	5.0
1220	5.0
1225	4.0
1240	3.0
1243	4.0
1246	5.0
1247	5.0
1248	5.0
1249	5.0
1252	5.0
1256	4.0
1257	5.0
1265	3.0
1266	3.0
1268	4.0
1270	3.0
1271	4.0
1282	4.0
1284	5.0
1285	5.0
1290	5.0
1291	5.0
1298	5.0
1302	1.0
1307	4.0
1339	3.0
1342	1.0
1353	3.0
1356	4.0
1359	1.0
1367	1.0
1374	3.0
1375	3.0
1376	3.0
1377	3.0
1378	3.0
1379	2.0
1381	2.0
1385	1.0
1392	3.0
1393	3.0
1394	5.0
1408	3.0
1411	4.0
1425	2.0
1441	3.0
1459	2.0
1460	1.0
1474	1.0
1475	5.0
1479	3.0
1488	2.0
1495	1.0
1500	3.0
1513	4.0
1541	3.0
1552	3.0
1556	1.0
1562	3.0
1566	1.0
1569	3.0
1580	4.0
1595	1.0
1608	3.0
1610	3.0
1611	5.0
1614	3.0
1617	4.0
1619	4.0
1625	3.0
1627	4.0
1639	5.0
1641	4.0
1647	2.0
1648	5.0
1658	3.0
1672	1.0
1674	2.0
1680	3.0
1682	4.0
1683	3.0
1693	4.0
1701	4.0
1702	1.0
1704	5.0
1707	1.0
1727	1.0
1729	4.0
1731	1.0
1732	4.0
1735	3.0
1783	4.0
1784	4.0
1792	4.0
1806	1.0
1834	4.0
1848	1.0
1855	1.0
1858	4.0
1866	3.0
1884	4.0
1885	4.0
1897	5.0
1904	4.0
1907	1.0
1909	4.0
1911	1.0
1918	2.0
1919	1.0
1921	5.0
1923	4.0
1961	2.0
1962	1.0
1967	4.0
1968	5.0
1973	1.0
1994	1.0
2000	3.0
2001	3.0
2002	3.0
2003	1.0
2005	1.0
2011	2.0
2012	1.0
2018	1.0
2020	5.0
2021	5.0
2022	5.0
2041	1.0
2042	1.0
2050	1.0
2052	1.0
2053	1.0
2054	1.0
2059	1.0
2072	2.0
2076	5.0
2077	3.0
2078	1.0
2080	1.0
2081	1.0
2082	1.0
2085	1.0
2087	1.0
2088	1.0
2089	1.0
2093	1.0
2096	1.0
2100	4.0
2102	1.0
2105	3.0
2108	3.0
2112	3.0
2115	3.0
2124	2.0
2132	4.0
2133	2.0
2134	5.0
2136	1.0
2137	1.0
2139	3.0
2140	3.0
2141	1.0
2142	1.0
2144	5.0
2145	5.0
2146	5.0
2150	1.0
2151	1.0
2152	1.0
2162	1.0
2165	4.0
2166	4.0
2174	3.0
2183	4.0
2203	4.0
2206	5.0
2212	4.0
2245	3.0
2247	1.0
2248	4.0
2249	1.0
2253	1.0
2261	4.0
2268	3.0
2269	2.0
2289	3.0
2291	3.0
2294	1.0
2302	3.0
2312	3.0
2329	5.0
2348	4.0
2352	3.0
2354	1.0
2355	1.0
2369	4.0
2371	5.0
2374	1.0
2378	3.0
2379	1.0
2380	1.0
2381	1.0
2382	1.0
2383	1.0
2387	5.0
2394	1.0
2399	1.0
2405	1.0
2406	1.0
2413	3.0
2418	1.0
2420	1.0
2421	1.0
2422	1.0
2423	4.0
2424	3.0
2429	1.0
2432	2.0
2435	5.0
2445	2.0
2450	1.0
2455	3.0
2456	2.0
2463	1.0
2468	1.0
2469	1.0
2470	2.0
2471	1.0
2478	3.0
2529	3.0
2542	5.0
2554	1.0
2571	4.0
2598	3.0
2616	1.0
2617	2.0
2640	2.0
2641	2.0
2642	1.0
2643	1.0
2671	3.0
2687	1.0
2709	2.0
2710	1.0
2713	1.0
2716	3.0
2720	1.0
2734	2.0
2735	1.0
2746	2.0
2747	2.0
2769	2.0
2774	4.0
2791	2.0
2794	4.0
2796	1.0
2797	3.0
2802	4.0
2803	4.0
2828	1.0
2858	5.0
2890	4.0
2899	1.0
2906	1.0
2915	4.0
2916	3.0
2918	5.0
2953	1.0
2959	5.0
2976	5.0
2987	3.0
2997	5.0
3019	4.0
3020	3.0
3033	3.0
3052	4.0
3060	4.0
3063	2.0
3108	4.0
3114	1.0
3145	1.0
3152	3.0
3156	1.0
3157	1.0
3159	3.0
3176	4.0
3186	3.0
3210	5.0
3243	1.0
3247	1.0
3248	1.0
3252	3.0
3253	3.0
3256	3.0
3257	1.0
3258	1.0
3261	5.0
3262	3.0
3263	2.0
3264	3.0
3268	1.0
3274	3.0
3275	5.0
3388	1.0
3391	3.0
3396	3.0
3397	3.0
3398	3.0
3404	1.0
3412	1.0
3418	4.0
3435	5.0
3436	2.0
3439	1.0
3440	1.0
3448	3.0
3450	1.0
3466	1.0
3477	3.0
3480	2.0
3481	5.0
3505	2.0
3516	5.0
3524	3.0
3526	4.0
3527	3.0
3528	1.0
3549	2.0
3552	2.0
3557	4.0
3591	3.0
3608	3.0
3615	1.0
3629	5.0
3686	3.0
3689	1.0
3690	1.0
3699	2.0
3703	2.0
3705	2.0
3707	4.0
3709	1.0
3723	4.0
3751	1.0
3763	2.0
3764	2.0
3773	2.0
3785	1.0
3825	1.0
3841	2.0
3844	3.0
3868	1.0
3917	1.0
3978	1.0
3979	5.0
3991	1.0
4002	1.0
4010	1.0
4018	3.0
4025	3.0
4062	2.0
4067	2.0
4082	5.0
4085	3.0
4091	4.0
4103	2.0
4104	1.0
4121	1.0
4128	5.0
4132	4.0
4211	3.0
4214	2.0
4215	1.0
4226	5.0
4232	1.0
4270	1.0
4285	2.0
4291	3.0
4306	1.0
4318	3.0
4321	1.0
4333	1.0
4349	5.0
4351	2.0
4356	3.0
4357	3.0
4361	4.0
4366	1.0
4368	1.0
