1	3.5
2	3.0
6	3.0
10	3.5
11	4.5
16	4.0
17	3.5
19	2.5
39	3.0
47	3.0
50	4.0
62	4.0
70	3.0
110	4.0
141	3.0
145	3.0
150	3.5
153	2.5
165	3.5
172	3.0
180	3.5
193	2.0
208	3.0
215	3.5
223	3.5
235	2.0
260	4.0
266	4.0
288	3.5
292	3.5
296	4.0
318	4.5
344	2.5
349	3.5
356	4.5
357	3.0
362	3.0
364	3.5
368	3.0
372	3.0
377	3.0
379	3.0
410	2.5
440	3.0
442	3.0
450	4.5
471	3.5
480	3.0
508	4.5
524	4.0
529	3.5
531	4.0
551	3.5
588	3.0
589	3.5
592	3.5
593	3.5
605	3.0
608	4.0
662	3.0
733	3.0
750	2.5
778	4.0
780	3.0
805	4.0
832	3.0
838	2.5
902	3.0
908	3.0
912	3.5
919	4.0
932	3.0
953	4.0
999	2.0
1012	3.5
1028	3.5
1029	3.5
1032	3.5
1035	3.5
1036	3.5
1037	3.0
1042	3.0
1059	3.5
1060	3.0
1061	3.5
1073	4.0
1089	3.5
1090	3.5
1097	3.5
1101	4.5
1127	3.0
1183	2.5
1196	3.5
1197	3.5
1198	4.0
1200	3.5
1201	3.0
1203	4.0
1206	3.5
1210	4.0
1213	4.0
1214	3.0
1215	3.0
1222	4.0
1230	2.0
1237	2.5
1240	3.5
1246	4.5
1258	3.5
1259	3.5
1265	4.0
1270	3.5
1278	3.5
1282	4.0
1285	3.0
1288	2.5
1291	3.5
1307	4.5
1320	3.0
1339	3.0
1345	3.5
1357	3.0
1358	3.0
1373	4.0
1377	2.5
1378	4.0
1379	3.5
1385	3.0
1387	3.5
1391	3.0
1393	4.0
1394	3.5
1396	3.0
1464	3.0
1500	3.0
1517	3.0
1527	3.0
1544	3.0
1552	3.0
1562	2.5
1573	3.5
1580	3.0
1590	3.0
1597	3.0
1608	3.0
1610	4.0
1617	3.5
1625	3.5
1639	3.5
1645	4.0
1663	3.5
1673	3.5
1676	3.0
1680	3.0
1690	3.0
1704	4.5
1711	3.5
1722	3.5
1732	4.0
1735	3.5
1777	3.0
1784	3.5
1799	3.0
1805	3.0
1835	3.5
1876	3.0
1884	3.0
1909	3.0
1917	3.5
1918	3.0
1923	2.5
1947	3.5
1954	3.5
1961	3.5
1968	3.5
2000	3.5
2001	3.0
2002	3.0
2005	3.5
2011	3.0
2012	3.0
2018	3.0
2028	3.5
2046	3.0
2058	3.5
2072	3.5
2076	2.5
2078	3.5
2080	3.0
2081	3.5
2085	3.5
2105	3.0
2115	4.0
2117	3.5
2124	3.0
2126	2.5
2134	3.0
2137	3.5
2140	4.0
2145	3.0
2161	3.0
2167	3.0
2193	3.5
2194	3.0
2231	3.5
2248	3.5
2253	2.5
2262	3.0
2268	4.0
2269	3.0
2291	4.0
2296	3.0
2297	3.5
2318	3.5
2329	4.0
2353	3.0
2355	3.5
2406	3.0
2423	3.5
2427	2.0
2431	4.0
2502	3.5
2505	2.5
2542	4.0
2571	4.5
2572	3.5
2628	3.5
2640	3.5
2641	3.0
2671	4.5
2672	3.0
2683	3.0
2701	3.0
2707	3.5
2716	3.5
2717	3.0
2723	2.0
2728	3.5
2762	3.5
2763	4.0
2764	4.0
2791	3.5
2795	3.0
2797	3.5
2804	3.5
2808	3.0
2881	3.5
2890	3.0
2901	3.0
2915	3.0
2916	3.0
2918	3.5
2944	3.0
2959	4.5
2985	3.0
2987	3.0
3033	3.5
3039	3.5
3052	3.0
3081	3.0
3082	3.5
3087	3.5
3104	3.5
3114	3.5
3147	4.0
3156	4.0
3159	4.0
3160	3.5
3176	3.0
3210	3.0
3256	3.5
3264	2.5
3269	3.0
3275	4.0
3300	3.0
3362	2.5
3396	3.0
3408	3.5
3438	2.5
3444	3.0
3448	3.0
3480	3.0
3489	3.0
3513	3.0
3527	3.0
3534	3.5
3535	3.5
3552	3.5
3578	4.5
3581	3.5
3593	2.5
3698	3.0
3699	3.0
3702	3.0
3704	3.0
3710	3.0
3717	3.0
3740	3.5
3744	3.0
3751	3.0
3753	4.0
3755	3.5
3793	3.5
3798	3.0
3861	3.0
3863	2.0
3868	3.0
3895	3.0
3896	3.0
3897	4.0
3987	3.0
3994	2.5
3996	3.5
3999	3.0
4007	3.5
4011	4.0
4014	2.0
4016	4.0
4018	3.0
4019	3.0
4023	4.0
4027	3.5
4052	3.0
4061	3.5
4084	3.0
4085	3.5
4121	3.0
4155	4.0
4223	3.0
4226	3.0
4306	3.0
4308	3.5
4310	3.0
4326	3.0
4351	3.0
4370	3.5
4446	3.0
4506	3.0
4545	3.0
4553	3.0
4571	3.0
4616	3.0
4623	3.0
4638	3.0
4649	3.0
4754	2.0
4799	3.0
4812	3.0
4878	2.0
4880	4.5
4886	3.0
4896	3.5
4901	3.0
4963	3.5
4973	3.0
4975	4.5
4993	4.5
4995	4.0
5014	3.5
5015	3.5
5049	3.5
5110	3.5
5151	3.0
5152	3.0
5219	3.5
5254	3.0
5299	2.5
5329	3.0
5349	3.5
5377	2.5
5378	4.0
5388	3.0
5418	4.0
5420	2.5
5445	2.5
5459	3.0
5464	3.5
5502	2.5
5505	2.5
5507	3.0
5617	3.5
5618	3.5
5650	3.0
5673	3.0
5810	3.0
5816	3.5
5872	3.0
5878	2.5
5902	3.0
5952	4.0
5956	3.5
5989	3.5
5991	3.0
5992	2.5
5995	3.5
6003	3.0
6188	3.5
6218	3.0
6263	3.5
6333	3.5
6365	3.5
6377	3.5
6378	3.0
6383	3.0
6502	3.5
6537	3.5
6539	3.0
6548	3.5
6595	3.0
6620	2.5
6659	3.0
6708	3.5
6711	3.5
6754	3.5
6867	3.0
6870	4.0
6873	3.0
6874	4.0
6881	3.0
6934	3.5
6936	3.0
6942	4.5
6952	2.5
6953	4.0
6966	3.0
6979	3.0
7007	3.0
7046	3.0
7090	3.5
7139	3.5
7143	3.5
7147	4.0
7153	4.5
7162	3.5
7163	3.0
7254	3.0
7263	3.5
7265	4.0
7293	3.0
7361	4.5
7373	3.0
7381	3.0
7438	3.5
7444	3.0
7445	4.5
7454	3.0
7842	3.0
8132	4.0
8169	3.0
8361	3.0
8368	3.5
8493	3.5
8533	4.0
8633	3.0
8636	3.5
8638	3.5
8641	3.5
8644	3.0
8665	4.0
8690	3.0
8784	4.0
8810	2.5
8861	3.0
8865	2.5
8866	3.0
8870	3.0
8874	3.5
8910	3.5
8948	4.0
8949	3.5
8950	2.5
8958	4.0
8961	3.5
8972	3.5
8981	4.0
8984	3.5
8985	3.0
9010	4.0
26133	4.0
26614	4.0
27706	2.0
27721	3.0
27773	3.5
27808	3.0
27831	4.0
27904	3.0
30707	4.0
30749	4.0
30793	3.0
30810	3.0
30812	3.5
30820	2.0
31685	3.5
31696	3.5
31878	3.0
32031	3.0
32587	3.5
33004	2.5
33166	4.0
33493	3.5
33660	3.5
33679	3.5
33794	3.5
33836	3.0
33903	3.0
34048	2.5
34150	3.0
34162	3.5
34319	3.0
34338	2.5
34405	4.0
35836	3.5
36525	3.0
36529	3.0
37386	2.5
37741	3.0
37857	3.0
38061	3.5
39183	3.5
39292	3.5
40583	3.0
40819	4.0
41285	3.5
41566	3.5
41571	3.0
41716	3.0
42725	4.0
42738	3.0
43928	2.5
44004	3.0
44191	3.5
44195	3.5
44199	3.5
44665	4.0
44761	4.0
45499	3.5
45517	2.5
45668	3.0
45728	3.5
45928	3.5
46530	3.5
46578	2.5
46970	3.5
46972	3.0
46974	3.0
46976	3.5
47099	3.5
47518	3.5
47610	3.5
47997	3.0
48516	4.0
48774	2.5
48780	3.5
49272	4.0
49278	3.0
49530	3.0
49822	3.5
50872	2.5
51077	3.0
51255	3.5
51540	3.5
51662	4.5
51935	3.0
52435	3.5
52722	3.5
52973	3.0
53000	3.5
53129	3.5
53322	3.5
53464	3.0
53550	3.0
53996	3.5
54190	4.0
54286	4.0
54503	4.0
54997	3.0
55232	3.0
55247	3.5
55282	2.5
55290	3.5
56174	3.0
56367	4.0
56757	3.0
56775	3.0
56788	4.0
56949	3.5
57640	2.5
58025	3.0
58047	4.0
58103	3.0
58559	5.0
58998	4.0
59315	4.0
59615	3.0
59784	3.0
60040	3.5
60069	4.0
60072	4.0
60074	3.0
60126	3.5
60487	3.5
60756	3.5
61323	4.0
62081	2.5
62374	3.5
62434	3.5
63113	3.5
63131	3.5
