1	5.0
6	4.0
16	3.0
22	4.0
24	3.0
25	3.0
32	4.0
36	3.0
47	5.0
50	5.0
52	3.0
61	3.0
65	2.0
69	4.0
70	4.0
81	5.0
86	4.0
110	5.0
112	3.0
122	3.0
125	3.0
150	3.0
160	2.0
161	4.0
165	4.0
170	3.0
185	3.0
193	0.5
194	2.0
198	4.0
217	2.0
223	4.0
235	4.0
247	3.0
248	3.0
259	3.0
260	5.0
293	4.0
296	5.0
317	4.0
318	5.0
319	4.0
337	4.0
348	3.0
349	4.0
364	5.0
366	3.0
372	3.0
377	3.0
382	3.0
407	4.0
428	3.0
429	3.0
431	4.0
432	2.0
440	3.0
448	4.0
456	3.0
474	4.0
480	4.0
493	3.0
511	4.0
512	4.0
518	3.0
521	3.0
522	4.0
527	5.0
529	4.0
541	4.0
551	4.0
555	4.0
589	4.0
590	5.0
593	5.0
594	4.0
595	5.0
597	4.0
605	5.0
606	3.0
608	4.0
653	3.0
678	4.0
707	3.0
710	2.0
733	4.0
743	1.0
778	4.0
780	3.0
783	4.0
785	3.0
800	3.0
810	1.0
840	2.0
842	2.0
858	5.0
866	3.0
891	4.0
899	4.0
923	4.0
953	4.0
968	3.0
998	3.0
999	4.0
1035	4.0
1036	5.0
1060	5.0
1061	4.0
1089	5.0
1093	4.0
1094	2.0
1095	4.0
1097	4.0
1120	3.0
1127	4.0
1179	4.0
1183	2.0
1193	4.0
1196	5.0
1197	4.0
1198	5.0
1200	5.0
1210	4.0
1213	5.0
1214	5.0
1219	4.0
1221	5.0
1225	5.0
1240	4.0
1245	4.0
1252	5.0
1257	3.0
1258	5.0
1265	4.0
1266	3.0
1270	4.0
1275	3.0
1278	4.0
1291	4.0
1297	3.0
1302	4.0
1307	4.0
1320	3.0
1330	3.0
1342	4.0
1343	4.0
1347	4.0
1352	3.0
1358	4.0
1370	4.0
1375	2.0
1377	3.0
1380	4.0
1387	4.0
1393	4.0
1395	3.0
1407	5.0
1408	4.0
1422	3.0
1442	3.0
1466	4.0
1468	4.0
1474	3.0
1500	3.0
1503	2.0
1513	3.0
1517	3.0
1562	2.0
1580	3.0
1584	3.0
1589	3.0
1598	3.0
1601	3.0
1610	4.0
1617	5.0
1619	3.0
1620	3.0
1623	3.0
1625	5.0
1627	4.0
1639	3.0
1645	4.0
1647	3.0
1648	2.0
1653	4.0
1673	3.0
1676	4.0
1678	2.0
1682	3.0
1694	3.0
1701	2.0
1704	5.0
1729	3.0
1732	4.0
1748	4.0
1752	3.0
1769	3.0
1784	4.0
1799	5.0
1805	4.0
1845	4.0
1866	3.0
1873	4.0
1894	4.0
1895	4.0
1911	3.0
1912	4.0
1918	3.0
1959	4.0
1961	4.0
1969	3.0
1970	3.0
1971	3.0
1972	2.0
1973	3.0
1974	4.0
1975	3.0
1976	3.0
1977	3.0
1978	3.0
1979	2.0
1980	1.0
1981	1.0
1982	4.0
1983	4.0
1984	2.0
1985	4.0
1986	4.0
1997	4.0
2006	4.0
2013	4.0
2023	2.0
2027	1.0
2028	3.0
2053	3.0
2054	3.0
2076	3.0
2107	4.0
2126	2.0
2138	3.0
2143	2.0
2145	3.0
2170	1.0
2188	3.0
2231	4.0
2232	4.0
2248	4.0
2263	3.0
2268	4.0
2269	3.0
2280	4.0
2288	4.0
2289	4.0
2291	4.0
2310	2.0
2318	2.0
2333	3.0
2336	4.0
2355	4.0
2369	2.0
2373	0.5
2387	4.0
2391	3.0
2392	2.0
2394	3.0
2395	4.0
2396	3.0
2402	3.0
2403	4.0
2428	3.0
2433	3.0
2443	3.0
2447	4.0
2458	2.0
2463	3.0
2467	3.0
2473	3.0
2485	3.0
2490	4.0
2491	2.0
2501	3.0
2502	4.0
2541	3.0
2542	5.0
2546	3.0
2555	2.0
2560	3.0
2561	3.0
2568	3.0
2571	4.0
2572	4.0
2574	3.0
2580	5.0
2581	3.0
2598	3.0
2599	4.0
2600	2.0
2605	3.0
2616	2.0
2629	2.0
2672	3.0
2676	3.0
2683	3.0
2688	3.0
2694	3.0
2699	3.0
2700	3.0
2701	2.0
2702	2.0
2706	3.0
2707	3.0
2710	4.0
2712	2.0
2713	3.0
2716	4.0
2718	2.0
2719	4.0
2722	3.0
2724	4.0
2734	3.0
2759	3.0
2761	3.0
2762	5.0
2763	4.0
2769	3.0
2770	3.0
2771	3.0
2772	2.0
2787	3.0
2794	3.0
2797	3.0
2805	3.0
2806	3.0
2826	3.0
2827	3.0
2828	2.0
2840	4.0
2841	4.0
2858	5.0
2861	3.0
2881	3.0
2882	2.0
2888	2.0
2889	4.0
2906	2.0
2907	2.0
2908	3.0
2912	2.0
2916	4.0
2950	2.0
2952	2.0
2959	5.0
2961	3.0
2976	2.0
2987	4.0
2995	4.0
2997	4.0
3004	2.0
3005	3.0
3006	4.0
3016	3.0
3039	4.0
3044	4.0
3045	2.0
3051	3.0
3053	3.0
3060	4.0
3081	3.0
3101	4.0
3108	4.0
3113	4.0
3114	5.0
3146	3.0
3147	4.0
3148	5.0
3155	3.0
3157	3.0
3160	3.0
3174	3.0
3175	3.0
3176	4.0
3177	3.0
3178	3.0
3185	2.0
3190	2.0
3203	4.0
3219	4.0
3238	2.0
3246	3.0
3247	3.0
3250	3.0
3265	4.0
3272	2.0
3273	3.0
3275	5.0
3285	4.0
3298	4.0
3300	4.0
3301	3.0
3308	4.0
3316	3.0
3317	4.0
3325	2.0
3354	3.0
3358	4.0
3361	4.0
3387	2.0
3388	2.0
3396	4.0
3408	4.0
3409	3.0
3418	3.0
3421	5.0
3471	4.0
3476	4.0
3480	3.0
3481	4.0
3484	3.0
3499	4.0
3510	3.0
3512	4.0
3527	4.0
3534	3.0
3535	3.0
3543	3.0
3552	5.0
3555	3.0
3556	3.0
3565	3.0
3578	5.0
3593	2.0
3615	4.0
3617	4.0
3623	3.0
3671	4.0
3683	3.0
3703	4.0
3717	4.0
3744	3.0
3745	3.0
3751	2.0
3752	3.0
3753	3.0
3754	2.0
3755	3.0
3785	2.0
3791	3.0
3793	4.0
3798	4.0
3824	2.0
3826	2.0
3857	3.0
3863	4.0
3879	3.0
3895	3.0
3896	5.0
3897	5.0
3908	3.0
3911	2.0
3946	2.0
3950	4.0
3952	4.0
3973	3.0
3977	2.0
3980	3.0
3981	3.0
3988	3.0
3994	4.0
3996	3.0
3999	3.0
4011	5.0
4016	5.0
4020	4.0
4022	4.0
4025	3.0
4027	3.0
4031	3.0
4034	4.0
4052	2.0
4055	2.0
4104	1.0
4105	4.0
4128	3.5
4143	3.0
4148	4.0
4159	3.0
4161	4.0
4167	3.0
4210	5.0
4224	2.0
4226	5.0
4238	3.0
4255	2.0
4262	5.0
4265	2.0
4270	3.0
4299	3.0
4305	2.0
4310	4.0
4340	3.0
4344	3.0
4345	2.0
4367	4.0
4369	3.0
4370	2.0
4383	4.0
4388	2.0
4448	4.0
4452	4.0
4465	3.0
4483	2.0
4502	1.0
4623	3.0
4638	3.0
4639	4.0
4641	3.0
4643	3.0
4699	3.0
4701	4.0
4720	3.0
4723	3.0
4725	4.0
4735	3.0
4744	4.0
4756	3.0
4770	3.0
4776	4.0
4792	3.0
4814	3.0
4816	2.0
4821	3.0
4823	3.0
4844	4.0
4845	2.0
4848	3.0
4855	4.0
4865	3.0
4866	3.0
4867	4.0
4873	2.0
4874	3.0
4876	3.0
4880	4.0
4881	3.0
4886	4.0
4887	3.0
4889	3.0
4890	4.0
4896	4.0
4899	3.0
4901	4.0
4903	3.0
4941	3.0
4954	3.0
4958	3.0
4963	3.0
4974	1.0
4975	3.0
4978	3.0
4979	3.0
4992	3.0
4993	3.0
4994	4.0
4995	3.0
5009	3.0
5010	3.0
5013	4.0
5014	3.0
5015	4.0
5016	2.0
5025	3.0
5026	3.0
5027	3.0
5047	1.0
5055	3.0
5064	4.0
5065	3.0
5081	3.0
5093	2.0
5107	4.0
5108	3.0
5127	3.0
5151	4.0
5152	4.0
5171	2.0
5218	3.0
5219	4.0
5220	2.0
5254	4.0
5265	4.0
5266	3.0
5282	3.0
5283	3.0
5292	4.0
5293	3.0
5294	3.0
5296	2.0
5299	2.0
5303	2.0
5312	3.0
5313	3.0
5323	2.0
5329	4.0
5349	4.0
5363	3.0
5377	5.0
5378	3.0
5387	3.0
5388	4.0
5400	4.0
5401	3.0
5414	3.0
5415	2.0
5418	4.0
5419	4.0
5420	2.0
5421	2.0
5449	4.0
5459	3.0
5463	4.0
5464	3.0
5478	2.0
5502	5.0
5505	2.0
5524	3.0
5528	3.0
5530	2.0
5564	3.0
5577	3.0
5582	3.0
5610	2.0
5611	4.0
5620	4.0
5621	2.0
5630	3.0
5666	2.0
5668	2.0
5679	5.0
5693	3.0
5803	4.0
5810	3.0
5843	4.0
5893	3.0
6711	2.5
6764	3.5
6870	3.0
6879	3.0
6950	2.5
7162	4.5
7254	4.0
7293	3.5
7346	3.0
7347	2.5
7348	2.5
7362	2.5
7373	2.5
7381	2.0
7444	3.5
