2	3.5
10	2.5
24	1.5
27	4.0
29	5.0
31	2.0
32	4.0
34	3.0
39	4.5
47	0.5
50	3.5
57	2.5
62	2.5
65	2.5
82	3.5
94	3.5
104	3.0
110	2.5
141	2.0
150	1.5
170	4.0
179	3.0
180	4.0
185	3.5
203	2.0
208	3.0
215	2.5
216	3.0
218	3.0
222	2.5
223	3.5
225	2.5
231	1.5
232	3.5
247	2.5
252	2.0
253	2.0
256	1.5
260	4.0
262	3.5
266	1.5
275	2.5
288	2.0
292	2.5
296	2.5
300	2.0
317	2.0
318	2.0
327	3.5
332	2.5
333	2.0
337	2.5
339	4.0
342	3.0
344	2.5
345	3.5
350	2.5
351	2.5
356	1.5
357	3.0
361	3.0
364	1.5
367	2.0
368	2.5
372	2.5
376	2.5
377	3.0
416	3.0
440	3.5
441	2.5
444	3.0
453	3.5
454	2.5
473	1.0
480	2.5
500	2.0
502	4.0
507	2.5
520	4.0
527	3.0
531	4.0
539	2.0
541	3.5
543	3.5
549	2.5
551	2.0
555	2.5
562	2.5
586	2.5
588	3.0
592	3.0
593	4.0
595	3.5
597	2.0
608	3.5
612	2.0
648	3.0
662	2.5
708	3.5
724	4.0
733	2.5
737	3.5
741	2.5
745	3.0
750	4.0
778	0.5
780	2.0
781	2.5
799	2.5
801	4.0
830	2.5
838	4.5
899	5.0
901	3.5
903	3.5
904	4.0
919	4.0
923	3.0
924	2.0
938	2.0
942	3.5
1020	3.5
1022	3.0
1034	3.5
1035	3.5
1043	3.0
1057	3.5
1059	2.0
1073	3.5
1079	3.5
1089	2.0
1093	1.0
1101	2.0
1111	2.5
1126	4.0
1148	3.0
1175	5.0
1183	4.0
1188	4.0
1196	4.0
1197	4.5
1198	3.5
1199	4.0
1206	4.5
1210	4.0
1213	2.0
1215	3.0
1219	2.5
1230	3.5
1235	5.0
1243	3.5
1246	2.5
1257	5.0
1258	3.5
1261	3.0
1265	4.0
1270	3.0
1271	4.0
1285	4.0
1290	4.0
1291	3.5
1300	3.0
1307	2.0
1345	2.0
1380	1.5
1391	1.0
1393	1.5
1407	3.5
1425	2.0
1446	2.5
1449	4.0
1484	4.0
1485	1.5
1498	2.5
1500	3.5
1513	4.5
1517	3.0
1527	5.0
1542	1.5
1552	3.0
1569	3.0
1573	1.5
1580	2.5
1584	3.5
1590	2.5
1614	2.5
1617	4.0
1625	4.0
1629	2.0
1635	2.5
1639	3.0
1641	1.5
1645	1.5
1648	3.5
1653	2.5
1658	4.0
1673	1.5
1678	3.5
1680	4.5
1682	3.5
1688	2.5
1704	4.0
1719	3.5
1721	3.0
1722	3.0
1732	4.0
1735	2.0
1747	1.5
1748	4.5
1760	1.0
1777	3.5
1779	3.5
1784	3.5
1805	2.5
1836	4.0
1875	3.5
1883	1.5
1884	3.5
1885	3.0
1888	3.0
1894	2.5
1895	3.5
1897	3.0
1909	2.0
1914	3.5
1917	2.5
1923	2.0
1967	4.5
1968	5.0
2011	3.0
2012	2.0
2026	2.5
2028	1.0
2052	3.5
2060	3.5
2076	3.0
2080	1.5
2093	4.5
2106	3.0
2115	2.5
2120	2.0
2125	4.5
2133	3.5
2144	3.5
2145	2.5
2146	4.0
2155	3.5
2161	4.0
2174	4.0
2188	1.5
2193	2.5
2231	3.0
2232	4.0
2248	3.5
2268	1.5
2269	2.0
2279	2.0
2291	4.5
2294	2.5
2296	1.5
2297	1.5
2302	2.5
2316	4.5
2321	4.5
2333	3.0
2353	3.0
2355	1.0
2359	3.0
2360	3.5
2384	3.0
2387	0.5
2395	3.5
2396	4.0
2413	4.0
2424	2.5
2431	2.0
2432	2.5
2442	2.0
2443	3.0
2485	5.0
2491	2.5
2496	4.5
2502	3.0
2504	3.0
2529	3.5
2539	1.5
2541	3.5
2558	3.0
2567	1.5
2568	2.5
2571	4.0
2572	4.0
2580	1.5
2581	4.5
2598	2.5
2599	5.0
2600	3.0
2605	3.0
2606	3.5
2617	4.0
2622	2.5
2624	3.0
2628	2.0
2629	4.0
2657	3.0
2671	3.0
2672	3.0
2683	1.5
2686	4.5
2690	3.5
2692	3.5
2694	2.5
2696	3.5
2699	2.5
2700	3.5
2701	2.0
2706	2.5
2710	1.0
2712	1.0
2716	3.5
2718	3.5
2723	3.0
2724	2.0
2762	3.0
2770	2.5
2771	2.5
2797	3.0
2801	3.0
2836	3.0
2840	2.5
2858	4.5
2870	2.0
2881	3.5
2883	3.0
2888	3.5
2918	4.0
2926	3.5
2942	3.0
2959	4.5
2978	3.0
2987	2.5
2995	2.5
2997	5.0
3008	3.5
3052	2.5
3079	3.5
3081	3.5
3129	2.5
3148	2.0
3160	1.5
3163	1.0
3174	1.5
3175	3.5
3176	1.5
3186	3.5
3210	2.0
3243	2.5
3247	3.5
3248	3.0
3255	3.0
3257	2.0
3258	2.5
3264	3.0
3270	3.0
3285	1.0
3299	2.5
3301	3.5
3316	2.5
3317	3.5
3325	2.5
3418	3.0
3448	1.5
3450	2.5
3477	4.0
3481	4.0
3484	2.5
3510	2.5
3534	4.0
3535	3.5
3536	4.0
3556	2.5
3565	3.5
3578	2.5
3594	5.0
3616	4.0
3617	2.5
3686	4.0
3688	1.5
3702	2.5
3717	3.5
3751	2.5
3752	2.0
3785	0.5
3786	5.0
3791	4.5
3793	4.0
3798	2.0
3825	4.5
3831	2.5
3835	3.5
3844	4.0
3858	1.5
3863	2.0
3873	2.0
3882	5.0
3893	3.0
3897	3.0
3910	1.5
3911	3.5
3915	3.5
3948	1.0
3949	0.5
3953	2.0
3968	2.0
3969	3.0
3972	1.5
3977	4.0
3979	2.0
3983	3.0
3987	2.5
3988	2.5
3994	2.0
3996	3.0
3997	2.5
4011	3.5
4014	4.5
4015	1.5
4016	3.0
4018	1.5
4020	4.0
4023	2.5
4025	4.0
4027	4.0
4029	3.0
4052	4.0
4054	3.5
4061	2.5
4062	3.0
4068	4.0
4069	2.5
4091	4.0
4132	4.0
4155	3.5
4161	2.5
4205	3.0
4226	3.5
4228	3.5
4231	1.5
4246	3.5
4247	4.5
4248	4.0
4255	0.5
4267	2.0
4270	4.0
4280	2.0
4285	2.5
4299	4.0
4305	2.5
4306	4.0
4308	4.0
4317	3.5
4318	3.5
4343	1.5
4344	1.5
4345	2.5
4367	4.0
4370	2.5
4372	2.5
4446	2.0
4447	5.0
4587	2.0
4639	3.0
4641	4.0
4642	3.5
4643	1.0
4649	3.5
4700	4.0
4718	1.5
4720	2.5
4728	2.5
4732	4.0
4734	2.5
4741	3.0
4814	2.5
4816	3.0
4823	3.0
4845	1.0
4848	3.0
4865	1.0
4867	2.0
4873	0.5
4874	1.5
4878	4.5
4880	4.5
4886	2.5
4890	4.0
4896	3.5
4903	2.5
4936	3.0
4963	3.0
4973	4.0
4975	3.5
4976	2.5
4979	4.0
4992	1.0
4993	3.5
4995	3.0
5009	2.5
5013	2.5
5014	1.5
5016	2.0
5025	2.5
5065	2.5
5066	3.5
5074	1.0
5106	2.0
5110	1.0
5135	4.0
5151	4.0
5218	1.5
5219	2.5
5222	2.5
5264	3.5
5265	4.0
5283	2.5
5291	2.5
5296	1.5
5298	3.0
5299	2.0
5308	2.5
5349	4.0
5363	3.5
5377	3.5
5378	3.5
5380	4.5
5415	2.5
5418	3.5
5419	3.5
5444	4.0
5445	3.0
5446	3.0
5450	3.0
5459	1.5
5481	1.0
5505	3.5
5524	4.5
5577	3.0
5610	2.5
5613	3.5
5617	5.0
5618	2.5
5620	3.5
5666	3.0
5668	4.0
5669	2.0
5673	2.5
5679	3.5
5791	2.5
5812	2.5
5816	3.5
5872	3.0
5879	2.0
5881	2.5
5900	1.5
5902	4.5
5943	2.5
5952	2.5
5957	3.5
5969	3.5
5970	3.0
5991	3.5
6016	2.0
6155	1.5
6157	3.5
6187	1.0
6188	3.0
6218	4.5
6266	3.5
6287	2.0
6296	3.5
6323	1.5
6331	3.5
6333	4.0
6365	3.0
6367	4.0
6373	2.5
6377	1.5
6378	3.0
6380	2.5
6385	3.0
6502	4.0
6503	3.5
6534	2.5
6535	0.5
6537	3.5
6539	4.5
6541	2.0
6552	3.0
6564	4.0
6591	3.0
6593	3.5
6615	2.0
6620	4.0
6659	3.5
6709	2.0
6711	4.0
6753	2.5
6754	3.5
6755	1.5
6765	3.5
6773	3.5
6774	3.5
6807	3.5
6820	2.5
6863	2.5
6867	3.0
6873	2.5
6874	3.5
6879	3.0
6881	3.0
6934	2.5
6936	3.5
6942	2.5
6952	2.5
6953	1.5
6993	3.5
7022	3.0
7023	3.5
7034	5.0
7046	3.0
7147	2.5
7149	2.0
7150	3.5
7153	2.5
7154	2.5
7162	3.5
7228	2.0
7254	1.5
7255	3.5
7265	3.0
7285	3.0
7293	4.0
7317	1.5
7346	2.0
7347	2.5
7360	2.0
7361	5.0
7366	2.5
7369	4.0
7373	3.5
7380	4.0
7381	2.5
7438	3.5
7444	5.0
7451	4.0
7458	1.5
7460	1.5
8132	3.0
8360	3.0
8361	2.5
8366	5.0
8368	4.0
8373	3.0
8376	4.0
8528	2.5
8530	2.5
8533	3.0
8636	4.0
8643	4.0
8644	3.0
8665	3.0
8666	1.5
8783	3.0
8784	4.0
8807	3.0
8814	3.5
8861	4.0
8865	1.5
8866	4.0
8873	2.5
8874	3.0
8910	4.5
8914	3.5
8916	3.0
8917	3.0
8948	2.0
8949	5.0
8950	3.0
8958	2.5
8961	3.0
8966	2.5
8969	3.5
8981	3.5
8984	1.5
8985	2.0
9010	4.0
26680	4.0
27706	3.5
27721	4.0
27808	2.5
27821	2.5
27838	2.5
27878	3.0
27904	2.0
30707	4.0
30793	3.5
30810	4.0
30820	3.0
30822	3.0
30825	0.5
30898	3.5
31685	2.0
31694	4.5
31804	3.5
32296	3.5
32587	4.0
32598	2.5
33004	4.0
33166	2.0
33669	3.5
33679	4.0
33794	4.5
33836	3.5
34072	2.5
34150	3.0
34162	2.5
34319	3.5
34332	4.0
34336	3.0
34405	2.5
34437	3.5
34532	2.0
34542	2.5
35836	2.5
36401	1.5
36517	4.0
36525	5.0
36527	4.0
37386	4.0
37720	2.0
37729	2.5
37733	3.5
37857	1.5
38061	3.5
38798	3.5
39183	3.5
39414	3.5
39444	2.0
40278	2.5
40581	2.5
40629	5.0
40732	3.5
40815	4.0
40819	3.5
41285	3.0
41573	3.5
41716	2.5
42002	2.0
42007	2.0
42734	2.5
42738	1.0
43396	1.5
43560	3.0
43919	0.5
43928	4.0
44004	2.5
44191	4.5
44193	4.0
44195	3.0
44199	3.0
44665	3.5
44694	3.0
44761	2.0
44828	2.0
44974	3.5
45028	2.5
45081	2.0
45499	3.5
45668	3.5
45672	1.5
45720	4.0
45722	4.0
45732	1.0
46578	4.0
46948	2.5
46965	2.0
46976	4.0
47610	3.0
47999	2.0
48142	3.0
48696	3.5
48774	3.0
48780	3.0
49286	4.0
50601	3.0
50685	5.0
51084	4.0
52328	3.5
52722	3.5
52975	5.0
53125	4.0
53322	2.0
53519	2.5
54004	3.0
54259	3.0
54281	4.5
54286	3.0
54995	1.0
55052	3.0
55118	3.0
55232	4.0
55269	4.5
55290	3.0
55820	3.0
55872	4.5
56152	5.0
56171	4.0
56367	4.0
56715	3.5
56941	3.5
56949	4.0
57640	3.0
58025	3.0
58162	3.0
58295	3.0
58803	3.5
58998	4.0
59315	3.0
59421	4.0
59725	3.0
60397	3.5
