3	1.0
4	4.0
7	5.0
11	4.0
13	3.0
16	2.0
17	3.0
19	4.0
20	3.0
21	2.0
34	5.0
36	2.0
39	4.0
46	4.0
47	4.0
52	2.0
54	4.0
58	2.0
60	3.0
62	5.0
65	2.0
70	1.0
81	1.0
88	4.0
89	2.0
95	3.0
99	1.0
102	1.0
104	4.0
110	5.0
141	4.0
144	3.0
153	2.0
157	2.0
158	3.0
160	2.0
161	4.0
163	1.0
168	3.0
169	3.0
173	3.0
180	2.0
181	1.0
185	2.0
186	3.0
208	4.0
209	3.0
218	4.0
223	4.0
225	3.0
231	4.0
232	3.0
236	4.0
246	3.0
248	3.0
258	4.0
260	3.0
267	1.0
271	2.0
275	2.0
293	2.0
294	2.0
296	1.0
300	2.0
306	1.0
307	1.0
308	1.0
314	1.0
315	3.0
316	2.0
317	4.0
318	5.0
319	4.0
327	3.0
329	4.0
333	4.0
337	5.0
339	2.0
342	3.0
344	4.0
349	4.0
353	3.0
356	5.0
357	3.0
362	3.0
364	3.0
367	5.0
368	3.0
370	3.0
371	3.0
372	2.0
374	3.0
376	3.0
377	2.0
378	3.0
379	3.0
380	4.0
381	2.0
405	2.0
408	1.0
410	3.0
413	2.0
414	3.0
420	4.0
421	3.0
429	1.0
431	2.0
432	3.0
434	4.0
435	1.0
440	4.0
442	2.0
445	1.0
446	2.0
454	4.0
455	3.0
457	5.0
465	3.0
466	4.0
468	3.0
475	3.0
477	4.0
480	3.0
485	2.0
489	4.0
493	3.0
497	3.0
500	4.0
508	4.0
509	1.0
515	2.0
516	1.0
517	5.0
520	3.0
531	3.0
537	1.0
538	5.0
539	5.0
541	3.0
543	1.0
546	1.0
585	1.0
586	4.0
587	5.0
588	3.0
590	5.0
592	2.0
593	5.0
595	4.0
597	4.0
608	4.0
609	3.0
611	1.0
619	3.0
627	3.0
637	1.0
648	3.0
653	4.0
667	3.0
673	4.0
688	2.0
694	2.0
704	2.0
708	4.0
709	3.0
710	1.0
711	3.0
719	1.0
733	4.0
736	4.0
762	1.0
765	1.0
783	3.0
785	4.0
788	1.0
801	2.0
802	4.0
804	3.0
805	3.0
810	2.0
818	1.0
830	3.0
832	4.0
837	3.0
838	3.0
849	2.0
852	4.0
858	3.0
888	3.0
892	3.0
899	3.0
914	4.0
919	4.0
928	2.0
934	3.0
953	3.0
986	4.0
996	1.0
1005	3.0
1010	3.0
1011	3.0
1012	3.0
1015	3.0
1020	4.0
1028	5.0
1030	4.0
1031	3.0
1033	3.0
1036	3.0
1037	3.0
1060	3.0
1066	3.0
1073	3.0
1079	3.0
1080	2.0
1088	5.0
1089	1.0
1090	4.0
1091	3.0
1092	3.0
1094	3.0
1096	2.0
1097	3.0
1100	3.0
1101	4.0
1104	2.0
1113	3.0
1124	1.0
1125	2.0
1127	1.0
1128	2.0
1129	1.0
1135	4.0
1136	2.0
1167	3.0
1172	4.0
1183	3.0
1185	1.0
1186	2.0
1189	3.0
1193	5.0
1194	4.0
1196	3.0
1198	4.0
1200	3.0
1203	4.0
1208	2.0
1210	3.0
1213	2.0
1214	3.0
1220	1.0
1221	3.0
1225	3.0
1228	4.0
1231	2.0
1234	3.0
1240	4.0
1242	2.0
1246	5.0
1247	3.0
1250	3.0
1258	4.0
1259	4.0
1261	1.0
1263	3.0
1265	4.0
1266	1.0
1270	5.0
1271	2.0
1275	4.0
1277	3.0
1287	3.0
1290	3.0
1291	3.0
1293	2.0
1296	1.0
1299	2.0
1301	3.0
1302	5.0
1304	3.0
1307	4.0
1346	1.0
1347	1.0
1350	2.0
1353	1.0
1354	3.0
1356	4.0
1358	3.0
1359	3.0
1371	3.0
1372	3.0
1373	4.0
1374	3.0
1375	3.0
1376	4.0
1377	1.0
1378	2.0
1380	4.0
1381	3.0
1387	4.0
1388	3.0
1389	1.0
1391	2.0
1393	4.0
1394	2.0
1395	2.0
1396	4.0
1405	1.0
1408	5.0
1409	4.0
1411	3.0
1431	4.0
1438	2.0
1440	3.0
1441	5.0
1453	3.0
1457	3.0
1460	2.0
1474	3.0
1479	2.0
1487	1.0
1495	1.0
1499	2.0
1500	3.0
1513	3.0
1517	3.0
1526	2.0
1527	2.0
1537	3.0
1544	2.0
1550	3.0
1552	3.0
1556	2.0
1569	3.0
1573	1.0
1580	5.0
1584	2.0
1586	4.0
1587	3.0
1589	2.0
1592	4.0
1595	3.0
1608	5.0
1610	4.0
1626	3.0
1633	2.0
1641	4.0
1663	4.0
1672	4.0
1674	4.0
1676	2.0
1678	5.0
1680	1.0
1681	3.0
1682	5.0
1687	2.0
1702	4.0
1703	3.0
1704	4.0
1707	1.0
1711	3.0
1721	4.0
1732	2.0
1747	4.0
1753	2.0
1760	3.0
1772	1.0
1777	2.0
1779	1.0
1784	4.0
1797	4.0
1806	4.0
1810	3.0
1831	3.0
1848	3.0
1863	3.0
1876	5.0
1882	2.0
1883	5.0
1907	3.0
1914	3.0
1918	4.0
1919	3.0
1923	2.0
1931	3.0
1947	3.0
1953	3.0
1954	4.0
1955	3.0
1956	3.0
1957	3.0
1958	2.0
1959	1.0
1960	3.0
1961	4.0
1962	1.0
1963	3.0
1964	4.0
1965	2.0
1967	1.0
1968	4.0
1970	1.0
1973	2.0
1974	1.0
1994	1.0
1995	1.0
1997	1.0
2000	4.0
2001	4.0
2002	4.0
2003	3.0
2005	3.0
2009	2.0
2011	4.0
2012	5.0
2013	4.0
2019	4.0
2020	2.0
2021	3.0
2022	4.0
2023	3.0
2025	1.0
2028	2.0
2034	2.0
2036	2.0
2042	4.0
2048	3.0
2050	3.0
2051	3.0
2052	3.0
2053	2.0
2054	3.0
2057	3.0
2064	3.0
2065	1.0
2067	3.0
2081	4.0
2082	4.0
2083	3.0
2100	3.0
2105	2.0
2112	2.0
2114	3.0
2115	3.0
2116	3.0
2117	2.0
2121	1.0
2123	5.0
2124	4.0
2134	5.0
2142	3.0
2145	5.0
2146	3.0
2147	3.0
2150	4.0
2151	3.0
2152	4.0
2161	3.0
2167	3.0
2174	4.0
2193	3.0
2194	3.0
2240	3.0
2241	3.0
2243	3.0
2245	3.0
2262	3.0
2263	2.0
2265	3.0
2266	3.0
2268	4.0
2282	3.0
2288	1.0
2291	5.0
2294	5.0
2301	3.0
2302	4.0
2306	3.0
2311	2.0
2312	4.0
2313	3.0
2321	4.0
2331	2.0
2335	4.0
2352	2.0
2353	4.0
2354	1.0
2359	2.0
2366	3.0
2367	3.0
2369	3.0
2371	2.0
2372	3.0
2373	1.0
2375	2.0
2376	4.0
2378	3.0
2379	1.0
2380	1.0
2384	3.0
2385	2.0
2392	5.0
2395	1.0
2396	4.0
2398	3.0
2399	3.0
2401	2.0
2402	4.0
2403	4.0
2404	4.0
2405	4.0
2406	4.0
2407	5.0
2408	4.0
2409	4.0
2410	3.0
2411	3.0
2412	4.0
2414	2.0
2416	2.0
2420	4.0
2421	4.0
2422	4.0
2423	3.0
2424	5.0
2450	2.0
2455	2.0
2457	3.0
2458	2.0
2463	3.0
2468	3.0
2469	3.0
2470	4.0
2471	4.0
2473	4.0
2474	4.0
2478	2.0
2485	4.0
2497	5.0
2513	1.0
2518	3.0
2520	2.0
2524	3.0
2525	1.0
2528	2.0
2530	3.0
2532	3.0
2533	3.0
2539	3.0
2567	3.0
2571	4.0
2581	5.0
2598	2.0
2605	3.0
2616	2.0
2622	3.0
2628	3.0
2639	1.0
2640	3.0
2641	3.0
2642	2.0
2643	2.0
2648	2.0
2676	4.0
2683	1.0
2694	2.0
2707	4.0
2716	3.0
2717	1.0
2720	1.0
2728	4.0
2734	2.0
2735	4.0
2739	3.0
2746	3.0
2752	2.0
2791	4.0
2792	3.0
2797	5.0
2798	1.0
2799	1.0
2803	4.0
2807	4.0
2822	3.0
2846	3.0
2863	2.0
2867	1.0
2872	3.0
2915	4.0
2916	4.0
2917	4.0
2918	4.0
2919	3.0
2926	2.0
2929	2.0
2942	5.0
2944	4.0
2948	3.0
2950	3.0
2953	2.0
2971	3.0
2985	3.0
2986	2.0
2987	3.0
2989	4.0
2990	3.0
3004	3.0
3029	3.0
3033	3.0
3034	4.0
3039	4.0
3040	5.0
3068	3.0
3071	4.0
3098	4.0
3099	2.0
3100	5.0
3101	5.0
3102	4.0
3104	2.0
3107	3.0
3108	2.0
3111	3.0
3120	4.0
3130	1.0
3135	2.0
3168	2.0
3169	3.0
4006	1.0
5060	3.0
