1	5.0
6	5.0
10	3.5
15	2.5
16	4.0
21	3.0
29	5.0
32	5.0
47	5.0
50	4.5
70	3.5
94	3.5
110	4.0
112	3.5
141	3.0
145	3.5
150	4.0
151	4.0
153	2.5
161	2.5
163	4.0
165	4.0
172	3.0
173	2.5
181	0.5
198	4.0
215	4.0
253	4.0
260	5.0
292	3.5
293	5.0
296	5.0
303	3.5
316	3.5
318	4.5
319	4.0
329	4.0
349	3.0
356	4.0
364	3.5
367	3.0
368	2.5
377	4.0
380	4.0
393	1.0
434	3.0
442	2.5
457	4.0
480	4.0
485	3.0
520	3.5
522	4.0
527	4.0
541	4.5
551	4.5
586	2.5
589	4.5
590	4.0
592	3.5
593	5.0
594	1.5
608	4.0
610	2.5
648	3.5
720	5.0
733	3.5
736	3.0
741	5.0
745	4.5
748	3.0
750	5.0
760	3.5
778	4.0
780	2.5
832	2.5
858	5.0
866	4.0
904	4.5
912	4.0
916	4.0
919	4.0
923	3.5
924	4.0
933	4.0
1027	3.0
1036	5.0
1047	3.0
1079	4.0
1080	5.0
1089	4.0
1090	3.0
1092	4.0
1097	3.0
1127	4.0
1136	5.0
1148	4.0
1175	4.5
1193	4.0
1196	5.0
1197	4.0
1198	4.5
1199	4.5
1200	5.0
1201	4.5
1203	4.5
1204	4.5
1206	4.5
1208	4.0
1210	4.0
1213	3.0
1214	5.0
1215	3.5
1217	4.5
1219	3.0
1220	4.0
1221	5.0
1222	5.0
1223	4.0
1225	4.0
1228	3.0
1233	5.0
1240	5.0
1249	4.0
1250	4.0
1253	3.0
1258	5.0
1259	4.0
1260	3.5
1261	4.0
1262	4.0
1263	4.0
1265	3.0
1266	3.5
1270	4.0
1272	4.5
1274	4.0
1281	4.0
1282	4.0
1288	4.0
1291	5.0
1293	3.5
1320	4.0
1339	3.5
1343	4.0
1345	4.0
1356	4.5
1370	3.5
1374	3.5
1376	3.0
1377	3.5
1387	3.0
1393	3.5
1394	3.5
1396	4.0
1407	3.0
1408	3.5
1464	3.0
1479	3.0
1485	2.5
1500	4.0
1517	3.5
1527	4.5
1552	3.0
1562	2.0
1573	3.5
1580	4.0
1584	4.5
1587	4.0
1590	3.0
1608	2.5
1610	4.0
1616	2.5
1617	4.5
1619	3.0
1625	4.5
1641	3.0
1645	3.5
1653	4.0
1673	4.0
1676	4.0
1682	3.5
1690	3.0
1693	3.5
1704	4.0
1707	0.5
1719	3.5
1721	3.5
1722	3.0
1729	4.0
1732	4.5
1747	4.0
1748	4.5
1772	1.5
1784	3.5
1831	3.0
1834	4.5
1876	3.0
1884	4.0
1885	3.5
1892	3.0
1894	2.0
1907	4.0
1909	4.0
1912	3.5
1917	2.0
1918	2.0
1920	2.5
1921	4.0
1924	1.5
1961	3.5
1982	3.0
1997	4.0
2000	4.0
2001	3.0
2002	2.0
2006	3.0
2011	3.5
2012	3.5
2019	4.0
2023	4.0
2025	3.0
2028	4.5
2067	3.5
2115	3.5
2116	3.0
2140	4.0
2167	4.0
2188	2.5
2193	3.0
2194	4.0
2231	3.0
2232	4.0
2273	3.5
2278	4.5
2291	4.0
2294	2.5
2318	4.0
2320	3.5
2324	4.0
2329	4.5
2336	4.0
2355	4.0
2391	4.0
2393	3.5
2396	3.0
2401	2.5
2403	4.0
2421	2.0
2427	4.0
2455	3.0
2459	3.0
2490	3.0
2502	4.0
2529	4.0
2541	3.0
2542	4.5
2560	3.5
2567	2.5
2571	4.5
2580	3.0
2594	4.5
2600	3.5
2617	3.0
2628	3.0
2640	3.0
2662	4.0
2671	3.0
2672	3.5
2683	3.5
2687	3.0
2692	4.5
2700	3.0
2706	3.0
2707	3.5
2710	2.5
2712	4.0
2716	4.0
2728	5.0
2761	4.0
2762	4.0
2763	2.5
2791	3.5
2826	2.5
2827	2.5
2858	4.0
2871	4.0
2890	3.5
2905	4.5
2916	4.0
2918	4.0
2924	3.5
2947	3.5
2951	4.0
2953	1.5
2959	5.0
2985	3.0
2987	4.0
2997	3.5
3000	5.0
3006	4.0
3020	4.0
3030	4.5
3052	4.0
3053	3.5
3081	5.0
3082	2.0
3113	2.5
3114	4.0
3147	4.0
3156	3.5
3159	4.0
3168	4.0
3175	3.5
3176	3.5
3186	3.5
3196	4.0
3198	4.0
3203	4.0
3238	2.0
3247	1.5
3252	4.0
3253	3.5
3256	3.5
3275	4.0
3285	3.0
3298	3.0
3300	4.0
3328	3.0
3355	4.0
3362	4.0
3386	4.0
3418	4.0
3421	4.0
3448	4.0
3452	2.0
3471	4.0
3476	4.5
3481	4.0
3499	4.0
3527	4.5
3535	3.5
3555	2.0
3556	4.0
3578	5.0
3623	2.5
3624	3.5
3654	4.0
3681	4.0
3697	3.5
3702	4.0
3703	4.0
3704	3.0
3706	4.0
3717	3.0
3735	3.0
3745	3.5
3751	4.0
3755	2.0
3793	4.0
3798	3.0
3826	3.0
3863	3.0
3882	3.0
3893	3.5
3897	4.0
3910	3.5
3948	2.0
3949	4.5
3972	4.0
3977	3.0
3981	2.5
3986	3.0
3992	3.5
3994	4.0
3996	4.0
3997	1.5
3998	3.0
4007	3.0
4011	3.5
4014	4.0
4018	2.5
4020	3.5
4022	3.5
4027	4.0
4033	4.5
4034	4.0
4056	3.5
4105	4.0
4128	3.0
4133	2.5
4148	3.5
4161	3.0
4167	2.0
4223	3.0
4225	3.5
4226	4.5
4235	4.0
4239	3.5
4246	3.5
4262	5.0
4270	2.0
4299	3.5
4304	3.0
4306	4.0
4308	2.5
4327	3.5
4344	2.5
4367	3.0
4369	2.0
4370	3.0
4372	3.5
4378	3.5
4383	3.5
4387	2.5
4446	3.0
4448	4.0
4450	3.5
4465	3.5
4489	3.0
4526	2.5
4641	4.0
4643	2.5
4673	2.0
4701	3.0
4718	3.0
4720	4.0
4728	3.5
4734	3.0
4741	4.0
4744	4.0
4776	4.0
4816	3.0
4846	4.0
4848	4.0
4865	4.5
4867	3.5
4874	3.0
4878	4.5
4881	4.0
4886	4.0
4887	3.0
4889	3.5
4896	3.5
4901	4.0
4902	4.0
4963	4.0
4967	4.5
4973	4.5
4975	3.5
4978	3.5
4993	5.0
4995	4.0
5010	4.0
5013	3.5
5015	3.5
5016	3.5
5026	3.5
5040	3.5
5064	3.5
5072	4.0
5093	2.5
5146	4.5
5152	3.0
5218	3.0
5219	4.0
5225	3.5
5254	3.5
5266	4.0
5291	4.0
5293	3.0
5296	2.0
5313	2.5
5349	3.0
5364	3.0
5377	3.0
5378	3.0
5388	3.5
5400	3.0
5414	2.5
5418	4.0
5419	1.0
5444	3.0
5445	3.5
5452	1.0
5459	3.5
5463	2.5
5464	4.0
5478	2.5
5479	2.5
5481	3.0
5502	3.5
5507	3.5
5528	3.0
5574	3.0
5608	4.0
5617	4.0
5618	4.5
5621	2.5
5630	3.5
5669	4.0
5673	3.5
5679	3.5
5685	3.5
5690	4.5
5747	4.0
5791	3.5
5809	3.5
5816	4.0
5833	3.5
5872	3.5
5876	4.0
5878	3.5
5881	3.5
5899	4.0
5902	4.0
5903	4.0
5944	3.5
5945	3.5
5952	5.0
5954	4.0
5956	3.5
5959	4.0
5971	5.0
5989	4.0
5991	3.5
5992	3.5
5995	4.5
6003	4.0
6016	4.5
6059	3.5
6155	2.5
6156	3.0
6157	2.5
6187	4.0
6188	2.5
6197	3.5
6214	3.5
6218	4.0
6223	3.0
6242	4.0
6264	2.0
6281	4.0
6283	4.5
6286	4.0
6287	2.5
6291	4.5
6299	4.5
6305	4.0
6322	3.5
6323	3.0
6333	4.5
6350	4.5
6365	3.5
6373	2.5
6377	4.5
6378	4.0
6383	2.0
6385	4.0
6502	4.0
6503	2.0
6534	3.0
6537	3.0
6538	4.0
6539	4.0
6541	2.5
6548	2.5
6550	3.0
6552	4.0
6564	2.0
6565	3.5
6586	2.5
6593	3.0
6595	2.5
6617	4.0
6620	3.5
6645	3.5
6708	4.0
6711	4.0
6721	4.0
6754	3.5
6793	1.0
6794	0.5
6796	4.0
6863	3.5
6867	4.0
6870	4.0
6873	2.5
6874	4.5
6879	3.0
6934	3.5
6942	4.0
6947	4.5
6952	3.0
6953	3.5
6957	3.5
6979	3.5
7022	4.0
7034	4.0
7090	3.5
7099	4.5
7101	3.0
7143	4.5
7147	4.0
7149	3.0
7151	4.0
7153	5.0
7154	3.0
7156	4.5
7158	4.5
7160	4.0
7162	3.5
7163	3.5
7235	3.5
7254	4.0
7285	4.0
7318	3.5
7323	3.5
7324	2.5
7346	3.5
7348	4.0
7360	3.5
7361	4.0
7367	3.0
7371	4.0
7373	3.5
7438	4.5
7439	3.5
7445	3.5
7451	3.5
7454	3.0
7458	3.5
7502	4.5
7649	4.0
7827	4.5
7841	4.0
7842	4.0
7925	4.0
7981	4.5
8014	4.5
8361	2.5
8366	3.5
8368	4.0
8370	4.0
8371	3.5
8464	4.0
8526	2.0
8622	4.0
8636	4.0
8638	4.5
8640	3.5
8641	3.5
8644	3.5
8645	4.0
8665	4.0
8666	1.5
8781	4.0
8783	4.0
8784	4.5
8798	5.0
8807	4.0
8810	2.5
8861	3.0
8865	3.5
8873	3.5
8874	4.0
8910	3.5
8914	4.5
8949	4.0
8950	3.5
8957	4.0
8958	3.5
8961	5.0
8969	2.0
8970	4.0
8972	3.5
8981	4.0
8983	4.0
8984	3.0
8985	2.5
26662	4.5
27266	4.0
27317	4.0
27592	4.0
27611	5.0
27721	4.0
27728	5.0
27741	4.0
27773	4.5
27801	4.0
27821	3.5
27831	4.0
27846	4.0
27904	4.0
30707	4.0
30749	4.5
30810	4.0
30812	4.0
31184	4.0
31221	2.5
31410	4.5
31658	4.5
31696	4.0
31804	3.0
31878	4.0
32029	3.0
32587	4.5
33004	3.5
33154	4.0
33162	4.0
33166	4.0
33437	3.0
33493	4.0
33615	3.0
33669	3.5
33679	3.5
33794	4.5
34048	4.0
34072	3.5
34150	3.0
34319	3.0
34338	4.0
34405	4.5
35836	3.5
36517	3.5
36519	3.0
36529	4.0
37240	4.5
37380	2.0
37382	3.5
37386	2.5
37729	4.5
37741	4.0
37830	3.5
38038	5.0
38061	4.5
39183	4.0
39292	4.5
39446	3.5
40278	3.5
40583	4.0
40815	4.0
40819	4.0
41285	3.5
41566	3.5
41569	3.5
41571	3.5
41997	3.5
42418	3.5
42632	4.0
42718	4.0
42738	3.5
43396	4.0
43936	3.5
44022	3.0
44191	4.5
44195	4.0
44199	3.5
44555	4.5
44665	4.0
44694	3.5
44788	4.0
44974	4.5
45186	3.0
45447	3.0
45499	4.0
45517	4.0
45722	3.5
45950	4.0
46322	4.0
46530	3.5
46578	4.5
46723	4.0
46965	2.0
46974	2.5
46976	4.0
47099	3.0
47200	3.5
47610	4.0
47629	4.0
47997	4.0
47999	4.0
48043	4.0
48142	3.0
48304	4.5
48394	4.5
48516	4.5
48738	4.0
48774	4.5
48780	5.0
48783	4.0
48997	4.0
49272	4.5
49278	3.5
49396	3.5
49530	4.0
49651	3.5
49822	4.0
49932	2.0
50068	4.0
50794	2.5
50872	4.5
51080	4.0
51091	4.0
51255	4.0
51540	4.0
51662	4.0
51935	3.5
52042	4.0
52241	3.5
52281	4.0
52328	4.0
52458	3.0
52604	4.0
52722	3.0
52973	3.5
53000	3.5
53129	4.0
53318	4.0
53322	3.5
53464	2.5
53519	3.5
53550	3.5
53894	3.5
53953	3.5
53972	4.0
53996	3.5
54001	4.0
54259	4.5
54272	3.0
54286	4.0
54372	3.5
54503	4.0
54736	3.5
54995	4.0
54997	4.5
54999	4.0
55052	4.0
55094	3.5
55118	4.0
55232	3.0
55247	4.0
55276	4.0
55290	3.5
55363	3.5
55765	4.0
55768	3.0
55805	3.5
55820	4.0
55908	4.5
55995	2.5
56171	3.0
56174	3.0
56367	4.0
56757	4.0
56782	5.0
56788	3.5
56801	3.0
56921	4.5
57368	4.0
57528	4.0
57640	3.5
57669	4.0
58025	3.0
58103	2.5
58154	3.5
58293	2.5
58295	4.0
58303	4.0
58559	4.5
58803	3.5
58998	3.5
59022	3.5
59103	3.0
59315	4.5
59369	4.0
59387	4.0
59501	3.0
59615	3.0
59725	2.5
59784	3.5
60037	3.0
60040	3.5
60069	5.0
60072	3.0
60074	2.5
60684	4.5
60760	4.0
61024	2.5
61132	4.0
61240	4.0
61248	3.0
61323	4.0
61350	1.5
62081	3.0
62374	4.0
62394	2.5
62434	3.5
62849	3.5
63062	4.0
63072	3.5
63082	3.5
63113	3.5
63131	3.5
63853	2.0
63859	4.5
63992	2.5
64030	2.5
64497	3.0
64614	4.5
64620	3.5
64622	4.0
64839	4.5
64957	4.0
64969	3.0
64983	3.5
65130	4.0
65216	3.5
65514	4.0
65682	3.0
66171	3.0
67087	3.5
67197	3.5
67255	4.5
67267	3.5
67923	2.5
67997	3.5
68073	4.0
68157	4.0
68159	3.5
68205	3.5
68237	4.5
68319	3.5
68358	4.0
68554	3.0
68791	3.5
68952	4.0
68954	4.5
69122	4.0
69481	3.5
69526	2.5
69640	4.0
69757	3.0
69844	4.0
70286	4.5
70336	2.0
71033	4.0
71057	4.0
71135	3.0
71211	3.0
71254	2.0
71530	2.5
71535	3.5
71838	3.5
72011	3.5
72378	1.5
72407	1.5
72733	4.0
72998	4.5
73017	4.5
73268	3.0
73321	2.5
73323	4.5
74458	4.0
74510	4.0
74545	3.5
74795	3.5
76077	3.5
76251	4.0
77561	4.0
77866	2.5
78105	2.5
78469	1.5
78499	4.5
78574	3.5
78772	1.5
79057	3.5
79132	4.5
79185	2.0
79293	4.0
79592	3.0
79695	4.0
79702	4.0
80219	4.0
80463	4.0
80489	4.0
80906	4.5
80969	4.0
81229	3.5
81537	3.0
81562	4.0
81591	4.5
81788	4.0
81845	4.0
81932	3.5
82202	2.5
82459	4.0
82461	3.5
84152	4.5
84772	3.5
84944	3.5
84954	3.0
85131	2.0
85414	3.0
85510	3.5
86190	3.5
87222	4.0
87232	4.0
