1	3.5
2	3.0
10	3.0
32	4.5
47	4.5
70	3.5
95	3.5
104	3.5
110	4.5
145	4.0
150	3.0
151	4.0
153	3.0
165	4.5
168	3.5
208	3.0
231	3.0
252	3.0
260	4.5
292	3.5
293	4.0
296	4.5
316	3.5
318	4.5
329	4.0
344	3.0
356	4.5
364	4.0
367	2.5
370	3.5
377	3.5
380	3.5
410	2.5
440	3.0
442	3.0
466	3.5
480	3.5
500	3.0
508	4.0
527	4.0
539	3.5
586	3.5
587	3.0
589	4.0
592	4.0
593	4.0
597	3.5
616	2.5
628	4.0
648	4.0
671	4.0
673	3.5
733	4.5
736	3.0
742	3.5
778	4.0
780	5.0
786	3.5
858	4.5
933	4.0
1027	4.0
1036	4.5
1061	3.5
1079	4.0
1080	4.0
1088	3.5
1092	4.5
1097	3.0
1100	4.0
1101	3.5
1136	3.5
1196	4.5
1198	4.0
1200	4.0
1206	4.0
1208	3.5
1210	4.5
1214	4.0
1220	3.5
1221	4.5
1222	4.0
1240	3.5
1246	3.5
1258	3.5
1270	4.0
1275	3.0
1291	4.5
1355	3.5
1356	5.0
1370	3.5
1371	3.5
1372	3.5
1373	4.0
1374	3.5
1375	4.0
1376	4.0
1387	3.5
1391	3.5
1396	3.5
1407	3.5
1488	4.0
1517	3.5
1527	4.0
1552	4.0
1562	3.0
1573	4.0
1580	4.5
1584	3.5
1590	3.5
1597	4.0
1608	3.0
1610	3.5
1616	3.5
1617	4.0
1619	3.0
1620	4.0
1625	4.0
1645	4.0
1676	4.0
1682	4.0
1687	3.5
1704	4.0
1721	4.0
1722	4.0
1729	4.0
1801	3.5
1831	2.5
1833	3.5
1835	4.0
1882	2.5
1907	4.0
1909	4.0
1912	4.0
1917	3.5
1918	4.0
1920	1.5
1923	3.0
1947	2.5
1954	4.0
1961	3.5
2000	3.0
2001	3.5
2002	3.5
2003	3.5
2011	4.0
2012	3.5
2013	3.0
2023	4.0
2028	3.5
2054	2.5
2078	4.0
2115	3.0
2161	3.5
2167	4.5
2174	3.0
2193	4.0
2268	4.0
2273	3.5
2278	4.0
2291	3.0
2329	4.5
2340	3.5
2353	4.0
2355	2.5
2359	4.0
2393	4.0
2396	3.0
2407	3.5
2409	3.5
2410	2.5
2411	3.5
2412	3.0
2420	3.5
2421	2.5
2424	3.0
2431	4.5
2467	5.0
2470	3.0
2490	3.5
2496	3.5
2505	4.0
2541	4.0
2571	5.0
2617	3.5
2628	3.5
2640	3.5
2671	4.0
2676	3.5
2683	4.0
2687	4.0
2700	3.0
2701	2.0
2706	4.0
2710	4.0
2716	3.5
2762	4.5
2797	3.0
2805	3.5
2808	3.5
2840	4.0
2858	4.0
2890	3.5
2916	4.0
2918	2.5
2948	3.5
2949	3.0
2953	3.0
2959	4.5
2987	3.5
2991	3.5
2997	3.5
3005	3.5
3006	4.0
3033	3.5
3082	3.5
3100	4.0
3147	4.5
3175	3.0
3176	3.5
3198	3.0
3253	4.0
3255	3.0
3263	3.5
3354	3.0
3444	3.5
3448	3.5
3489	3.5
3499	4.0
3510	3.5
3578	4.0
3617	4.0
3623	3.0
3639	3.5
3686	4.0
3698	4.0
3717	3.5
3744	3.5
3745	0.5
3751	2.5
3753	4.0
3785	3.5
3793	3.5
3798	3.5
3825	4.0
3916	4.5
3948	4.0
3977	2.5
3984	3.5
3994	3.5
3996	3.0
4018	3.5
4019	4.5
4022	4.0
4027	3.5
4148	3.0
4155	2.5
4226	4.5
4238	3.5
4246	4.0
4270	3.5
4306	4.5
4361	4.0
4383	4.0
4388	2.0
4448	4.0
4571	3.5
4720	3.5
4776	4.0
4815	3.5
4886	3.0
4896	4.0
4901	4.5
4963	5.0
4973	4.0
4975	3.5
4980	4.0
4993	5.0
4995	4.5
5009	3.5
5014	4.0
5093	3.0
5108	4.0
5218	5.0
5265	3.5
5299	3.0
5349	4.5
5377	3.5
5378	4.0
5388	4.0
5400	3.0
5418	4.5
5445	4.5
5459	3.5
5481	3.0
5502	4.0
5528	3.5
5541	3.5
5608	4.5
5630	4.5
5679	4.0
5816	4.0
5872	4.0
5944	3.5
5952	4.0
5956	3.0
5989	3.5
6016	3.5
6157	2.5
6188	3.0
6213	3.5
6250	2.5
6333	3.5
6365	3.5
6373	3.5
6377	4.5
6537	4.0
6539	4.5
6564	3.5
6711	4.0
6753	4.0
6863	3.0
6874	4.0
6888	3.0
6934	4.0
6942	4.0
7000	3.0
7143	3.5
7153	5.0
7173	3.0
7254	4.0
7324	3.5
7373	2.0
7438	4.0
7458	3.5
8132	4.5
8360	3.5
8368	4.5
8464	3.5
8529	4.0
8622	3.5
8636	4.0
8644	4.5
8665	4.0
8798	3.5
8907	2.5
8957	4.5
8961	4.5
8969	4.0
8981	4.0
8984	4.0
27660	3.5
27821	4.0
30707	4.0
31410	4.0
31685	4.0
31696	3.5
31804	4.0
32031	2.5
33004	4.0
33162	4.0
33493	4.0
33615	4.0
33679	4.5
33794	4.0
34048	3.0
34319	3.5
34336	3.5
35957	3.5
36529	4.0
37729	3.0
39183	4.5
39231	3.5
39446	4.0
40583	4.5
40815	4.5
40819	4.0
41285	4.5
41566	3.5
41569	3.5
42002	4.0
44022	4.5
44191	4.5
44199	3.5
44665	4.5
44972	3.5
45186	4.0
45431	3.5
45442	3.0
45499	3.0
45517	3.5
45722	4.0
46530	4.0
46578	3.0
46972	3.5
47610	4.0
48385	3.0
48516	4.5
48780	4.0
48877	2.0
48997	4.5
49272	4.5
49278	4.0
49530	4.0
49651	3.5
50872	4.5
51080	4.0
51084	4.0
51255	3.0
51662	3.5
52458	4.0
53121	4.0
53125	3.0
53322	5.0
53956	4.5
53972	4.5
53996	4.0
54001	4.5
54272	4.0
54286	4.5
54881	3.5
55247	4.0
55820	4.0
56145	2.5
56171	3.5
56174	4.5
56339	4.5
56757	4.5
56788	4.0
57274	3.5
57528	3.5
57669	5.0
58025	2.0
58103	3.5
58299	2.5
58559	5.0
58803	3.5
59103	2.5
59315	4.0
59369	4.5
59501	3.5
59615	4.0
59784	4.0
59900	2.5
60040	3.5
60069	4.5
60074	4.0
60684	3.5
60760	4.0
60937	2.0
61323	5.0
61350	3.0
62374	4.0
62376	2.5
62999	3.0
63062	4.5
63082	5.0
63113	3.0
63853	3.5
63992	4.0
64614	5.0
64622	4.5
64957	4.5
64969	3.5
65682	2.5
66097	4.0
67255	4.0
68157	4.5
68319	4.0
68358	4.5
68554	4.0
68791	3.0
68793	3.0
68954	4.0
69122	4.0
69306	3.5
69406	3.5
69481	4.5
69526	3.0
69640	2.5
69644	3.0
69757	4.5
69844	4.5
69951	2.5
70286	4.0
71156	3.5
71264	3.0
71379	5.0
71530	3.0
71535	4.0
71838	4.0
72407	3.0
72733	4.5
72737	4.5
72998	4.5
73017	4.0
73321	3.5
73323	3.5
74458	4.5
74510	4.0
74789	4.0
74795	4.0
76093	4.5
76251	5.0
77561	4.0
77866	4.0
78469	3.0
78499	4.0
78637	3.5
78772	4.0
79132	5.0
79185	4.0
79695	3.0
79702	4.0
81229	4.5
81591	4.5
81788	4.0
81834	5.0
81845	5.0
81847	4.5
82202	4.0
84374	3.5
84601	4.0
84944	4.0
85414	4.0
86332	3.0
86880	4.0
87222	3.5
87520	2.5
88125	5.0
88140	4.0
88744	4.5
89492	3.5
89745	5.0
89753	4.0
90746	4.0
90866	4.0
91500	4.0
91529	4.0
91535	3.5
91542	4.0
91630	4.0
91658	3.5
92259	5.0
94777	4.0
96079	4.5
98809	4.0
99114	4.5
102125	4.0
102445	4.0
103042	3.0
103253	3.5
103772	4.0
104841	3.5
106072	3.5
106487	4.5
106489	4.5
110102	4.5
111362	3.5
