1	5.0
2	4.0
6	2.5
14	4.0
21	4.0
25	5.0
32	4.0
34	4.5
36	4.0
43	4.0
50	5.0
58	5.0
60	5.0
62	4.0
101	3.5
105	3.0
110	4.5
111	5.0
162	4.0
164	4.5
194	4.5
196	1.0
208	1.5
223	4.0
229	4.5
232	5.0
233	3.5
235	2.5
246	4.5
247	4.0
253	4.0
260	2.0
262	3.0
265	5.0
288	4.5
296	5.0
314	5.0
316	2.5
318	4.5
319	4.5
326	4.5
337	5.0
351	4.0
356	4.0
364	3.5
367	3.5
373	5.0
377	2.5
446	4.5
457	4.0
471	4.5
475	4.5
480	1.5
500	4.0
508	5.0
509	4.5
527	4.5
529	4.5
538	4.5
539	2.5
551	5.0
586	3.5
587	2.0
588	4.0
589	3.5
590	2.5
592	3.0
593	4.5
594	4.0
595	4.0
597	2.0
608	5.0
616	4.5
648	1.0
661	4.0
674	1.0
678	5.0
708	4.0
714	4.5
720	5.0
745	5.0
750	5.0
778	4.0
780	3.0
800	4.5
858	3.5
898	4.5
902	4.5
903	5.0
904	5.0
908	5.0
909	4.0
910	3.5
912	5.0
913	5.0
914	4.5
919	4.0
920	4.0
922	5.0
923	5.0
924	5.0
927	2.0
928	4.5
929	4.0
930	5.0
931	5.0
933	4.0
942	4.0
944	4.0
948	4.5
949	4.0
950	5.0
953	4.0
965	5.0
968	3.5
969	4.0
971	4.5
994	4.5
1010	3.0
1013	3.5
1023	4.0
1028	3.0
1029	5.0
1031	3.0
1035	4.0
1036	2.0
1041	4.5
1069	4.5
1073	4.0
1078	4.0
1079	4.5
1080	4.0
1081	4.0
1084	4.0
1086	4.5
1089	4.0
1090	4.5
1093	4.0
1094	4.5
1095	5.0
1096	4.5
1097	3.5
1101	3.0
1103	4.0
1104	5.0
1124	4.5
1131	5.0
1132	5.0
1135	2.5
1147	4.5
1148	5.0
1150	4.5
1161	5.0
1172	5.0
1175	4.5
1178	4.5
1179	4.0
1185	4.5
1186	4.5
1189	4.5
1193	5.0
1196	2.5
1197	4.0
1198	3.5
1199	4.5
1200	4.5
1201	4.5
1203	5.0
1204	4.0
1206	5.0
1207	5.0
1208	5.0
1210	2.5
1212	5.0
1213	4.5
1214	4.0
1219	5.0
1222	4.5
1223	5.0
1225	4.0
1227	3.5
1228	4.0
1230	4.0
1232	4.0
1233	4.0
1234	4.0
1235	4.5
1238	5.0
1240	4.0
1242	4.0
1243	3.5
1245	5.0
1246	3.5
1247	5.0
1248	4.0
1250	4.5
1252	5.0
1254	5.0
1256	5.0
1258	5.0
1259	4.0
1262	4.0
1263	5.0
1264	5.0
1265	4.0
1266	4.0
1267	4.5
1269	5.0
1270	3.5
1271	4.5
1272	3.5
1273	4.5
1276	4.0
1278	4.0
1280	5.0
1281	3.5
1282	5.0
1283	4.5
1284	4.5
1285	4.0
1287	4.5
1288	3.5
1292	5.0
1293	4.5
1296	4.0
1300	4.5
1301	4.0
1304	4.0
1305	4.5
1307	4.0
1333	5.0
1339	3.5
1343	4.5
1344	5.0
1345	4.0
1356	3.0
1357	4.5
1358	4.5
1367	2.5
1376	3.0
1380	3.0
1387	2.5
1393	3.5
1394	5.0
1408	3.0
1416	3.5
1464	4.5
1475	4.5
1480	4.5
1500	4.0
1517	4.0
1552	2.0
1569	4.0
1580	3.5
1588	1.0
1611	4.5
1615	5.0
1617	5.0
1625	4.5
1633	4.5
1635	3.0
1639	4.0
1641	4.5
1649	4.0
1673	4.5
1674	4.0
1678	5.0
1693	4.0
1694	4.5
1707	2.0
1713	2.0
1719	5.0
1721	2.5
1729	4.5
1732	5.0
1747	4.5
1834	4.5
1845	5.0
1848	4.0
1884	2.5
1900	4.0
1907	4.5
1912	4.0
1913	4.0
1914	5.0
1921	3.5
1923	4.0
1927	4.5
1931	4.0
1934	4.0
1935	4.0
1945	5.0
1946	4.0
1947	5.0
1952	4.0
1953	5.0
1954	2.0
1955	4.5
1956	4.5
1959	3.0
1960	4.5
1961	4.0
1962	4.0
1963	3.5
1964	4.5
1965	3.5
1967	4.0
1968	4.5
1994	3.5
1997	4.0
2006	4.0
2009	3.5
2010	4.5
2013	2.0
2018	4.0
2020	4.0
2028	4.5
2053	2.5
2054	4.0
2057	3.0
2064	4.0
2067	5.0
2076	5.0
2078	5.0
2080	4.0
2081	4.0
2085	4.0
2087	5.0
2090	4.0
2096	4.0
2100	3.5
2105	2.0
2109	4.0
2110	3.5
2114	3.5
2115	3.0
2124	4.0
2125	4.5
2135	3.0
2137	4.5
2138	5.0
2139	5.0
2150	4.5
2160	5.0
2174	4.0
2183	4.0
2186	4.0
2202	4.0
2206	4.5
2236	4.0
2243	4.5
2273	1.0
2282	5.0
2287	4.0
2289	4.0
2291	4.5
2294	4.0
2300	4.5
2310	4.0
2312	4.0
2313	4.5
2314	4.0
2318	4.0
2321	4.0
2324	4.5
2329	4.5
2333	4.0
2349	5.0
2355	4.5
2359	4.0
2374	3.5
2378	2.0
2384	4.5
2391	4.5
2394	4.0
2395	4.0
2396	3.5
2398	3.5
2406	2.0
2407	3.0
2414	4.0
2424	3.0
2427	5.0
2431	3.5
2439	4.0
2454	4.5
2467	5.0
2469	4.0
2474	4.0
2502	4.0
2529	3.5
2542	4.0
2551	4.0
2571	3.0
2579	4.5
2583	4.0
2599	4.0
2628	2.5
2640	3.0
2657	4.0
2677	4.5
2683	3.0
2686	5.0
2687	5.0
2692	4.5
2712	4.0
2713	0.5
2720	1.0
2726	4.0
2728	5.0
2729	5.0
2730	4.5
2739	4.5
2759	3.0
2761	5.0
2762	4.0
2763	3.0
2764	4.0
2804	4.5
2819	5.0
2852	4.0
2858	5.0
2870	4.0
2871	5.0
2877	2.0
2908	5.0
2915	3.5
2917	4.0
2926	4.0
2944	3.5
2950	1.0
2952	5.0
2959	4.5
2966	4.0
2968	5.0
2987	4.0
2991	3.5
2997	5.0
3006	4.0
3022	4.5
3037	5.0
3039	4.0
3066	3.5
3072	4.0
3077	5.0
3088	4.5
3090	4.5
3095	4.5
3100	4.5
3101	4.5
3104	4.0
3105	4.5
3108	4.5
3114	4.0
3148	5.0
3152	4.0
3157	3.5
3159	5.0
3160	4.5
3168	4.0
3174	3.5
3179	4.5
3185	5.0
3186	4.0
3189	4.5
3198	4.5
3204	4.0
3210	3.0
3219	3.0
3246	4.0
3267	4.0
3296	4.0
3298	4.0
3310	4.5
3317	4.0
3334	5.0
3350	5.0
3359	4.0
3362	4.5
3384	4.5
3398	4.0
3418	4.0
3421	3.0
3424	4.5
3429	4.5
3451	5.0
3461	5.0
3469	4.0
3470	4.0
3471	3.5
3478	3.5
3481	4.0
3494	3.0
3498	4.0
3504	4.0
3507	4.5
3545	4.5
3546	5.0
3551	5.0
3556	4.0
3566	4.5
3578	4.0
3671	4.0
3676	4.5
3683	5.0
3685	4.5
3702	3.0
3703	2.5
3704	2.5
3728	4.5
3733	3.5
3735	4.0
3741	4.5
3751	4.5
3753	3.0
3754	3.0
3801	4.5
3871	4.0
3897	4.5
3910	4.0
3911	4.0
3967	4.5
3983	4.0
3996	4.0
4006	0.5
4014	5.0
4016	5.0
4022	4.0
4027	5.0
4034	4.0
4036	4.0
4041	2.5
4061	5.0
4085	3.5
4187	4.5
4210	2.5
4211	3.5
4226	5.0
4232	3.0
4265	2.0
4280	5.0
4291	3.5
4306	5.0
4308	4.5
4310	1.5
4327	5.0
4361	4.0
4369	1.5
4378	4.0
4447	4.0
4489	3.5
4529	5.0
4546	4.5
4641	4.0
4681	3.5
4703	5.0
4754	4.0
4848	4.5
4855	4.0
4857	5.0
4878	3.5
4881	4.5
4886	4.0
4896	3.5
4967	5.0
4969	4.0
4973	5.0
4993	3.0
5008	4.5
5010	3.5
5013	3.0
5015	3.5
5049	3.0
5060	5.0
5120	4.5
5135	5.0
5218	4.0
5225	4.0
5349	3.5
5377	4.5
5378	2.5
5391	5.0
5419	1.0
5444	4.0
5445	3.5
5446	4.5
5464	4.5
5481	3.5
5528	4.5
5577	4.0
5618	4.0
5669	4.0
5673	4.0
5791	5.0
5816	3.5
5876	5.0
5893	4.5
5902	5.0
5952	3.0
5954	4.0
5956	3.5
5971	4.5
5991	4.5
5995	5.0
6016	3.5
6218	4.0
6296	3.5
6297	4.5
6299	5.0
6350	4.0
6377	4.5
6380	4.5
6385	5.0
6440	4.5
6552	5.0
6591	5.0
6593	3.5
6620	4.0
6639	4.5
6711	4.0
6721	3.0
6724	4.5
6753	4.5
6786	5.0
6791	5.0
6807	4.5
6852	4.5
6867	4.5
6870	4.5
6942	4.5
6979	3.0
6985	5.0
7013	4.5
7044	4.5
7045	4.0
7063	4.5
7090	4.5
7091	4.5
7132	4.0
7139	4.5
7143	4.0
7151	4.0
7153	3.0
7156	4.5
7158	4.5
7160	5.0
7162	4.0
7247	2.5
7254	3.5
7256	5.0
7348	2.5
7361	4.0
7438	3.0
7460	4.0
7502	4.0
7560	4.5
7566	5.0
7619	4.5
7706	4.5
7757	3.5
8014	4.5
8207	4.0
8228	4.5
8337	5.0
8360	4.0
8368	3.5
8464	4.0
8491	3.5
8528	3.5
8530	4.5
8542	4.5
8622	4.0
8638	4.5
8644	4.0
8645	4.5
8690	5.0
8807	4.5
8873	4.0
8949	3.5
8950	4.5
8951	4.5
8958	4.0
8961	4.0
8977	3.5
26084	4.0
26131	4.5
26662	4.0
27706	4.0
27731	4.5
27790	4.5
27803	5.0
27821	3.0
27831	4.5
27838	4.0
30707	4.5
30749	4.5
30793	4.5
31410	4.5
32031	4.0
32587	3.0
33154	4.5
33493	2.5
34072	4.5
34437	4.5
36517	4.5
36535	4.0
37729	4.5
37733	4.0
37741	3.5
38038	4.5
38886	4.0
39292	4.0
39381	4.0
40583	4.5
40732	4.0
40819	4.0
41571	4.5
41863	5.0
42004	4.5
42734	4.0
43376	4.5
43396	4.0
43560	4.0
44199	4.0
44694	5.0
44709	4.5
44761	4.0
45517	4.0
45730	3.0
45950	4.0
46578	3.5
46723	4.5
46976	4.0
47099	4.0
47423	4.0
47997	2.5
48304	5.0
48516	3.5
48738	4.5
48774	3.0
48997	4.5
49824	3.5
49961	4.5
50068	5.0
50872	4.5
51662	4.0
51935	3.0
52328	5.0
53123	3.0
53550	4.0
54997	3.5
55094	4.0
55118	4.0
55247	4.5
55269	4.5
55280	4.5
55363	4.5
55805	4.5
55814	4.0
55820	5.0
55908	3.5
56152	3.5
56333	4.5
56367	4.5
56782	5.0
56788	3.5
57669	4.5
58295	4.5
58303	5.0
58559	4.0
59018	4.0
59315	3.5
59387	4.0
59784	4.5
60069	4.0
60684	3.5
61236	5.0
61240	4.5
61323	4.5
61729	3.5
62511	4.0
63062	4.0
63082	4.0
63859	4.0
64575	4.5
64614	4.5
64620	4.0
64622	5.0
64839	4.0
65514	4.0
66934	4.0
67255	3.0
68237	4.0
68954	4.0
69306	4.0
69481	3.5
70286	4.0
71033	4.0
71464	4.5
71520	3.5
71579	5.0
71745	3.5
71899	4.5
72011	4.5
72226	4.5
72641	3.5
72720	4.0
74545	4.5
74789	4.0
77455	4.5
78039	3.5
78574	4.5
79091	4.5
79132	3.0
79357	4.5
80906	4.5
81562	4.0
81564	4.5
81591	4.5
81845	4.5
81847	4.0
82459	4.5
84392	4.5
86190	4.0
86347	4.0
86882	4.5
88129	3.5
88163	4.0
88810	5.0
89774	3.0
89804	4.0
89904	4.0
90746	4.0
90866	4.5
91077	4.5
91500	4.0
94864	4.0
94959	4.5
96079	3.5
96821	4.5
97304	4.0
97913	4.5
97921	4.5
97938	4.5
98154	4.5
98961	3.0
99114	4.0
104374	4.0
104841	4.0
104913	3.5
105844	4.5
106100	4.0
106487	4.0
106696	4.0
106916	4.0
106920	4.5
109374	4.5
