1	5.0
2	3.0
6	3.0
9	2.0
10	4.0
20	2.0
21	4.0
24	1.0
32	3.0
34	1.0
39	3.0
44	3.0
60	2.0
66	1.0
70	4.0
76	1.0
89	2.0
95	3.0
110	4.0
112	3.0
145	4.0
153	3.0
160	1.0
163	3.0
165	5.0
170	1.0
172	3.0
173	2.0
177	2.0
185	2.0
188	4.0
196	3.0
198	2.0
204	3.0
208	1.0
223	4.0
233	4.0
235	4.0
253	2.0
257	1.0
260	5.0
288	5.0
292	4.0
303	4.0
315	1.0
316	3.0
317	3.0
327	1.0
329	2.0
338	5.0
349	4.0
353	5.0
366	2.0
367	4.0
368	3.0
377	5.0
379	3.0
380	5.0
382	2.0
407	2.0
420	3.0
423	2.0
426	4.0
435	1.0
442	4.0
445	1.0
457	4.0
459	2.0
464	2.0
466	4.0
474	4.0
479	2.0
480	2.0
485	3.0
493	5.0
494	4.0
512	3.0
517	2.0
519	4.0
533	3.0
541	3.0
544	1.0
546	1.0
552	2.0
555	3.0
558	2.0
565	5.0
587	3.0
589	5.0
592	5.0
610	4.0
648	3.0
653	3.0
671	2.0
673	4.0
674	3.0
688	1.0
692	1.0
694	3.0
733	4.0
735	3.0
736	2.0
737	1.0
741	4.0
748	4.0
780	4.0
785	4.0
786	3.0
788	4.0
836	3.0
839	1.0
849	1.0
858	5.0
880	1.0
886	2.0
913	4.0
919	5.0
924	5.0
968	3.0
1009	2.0
1019	3.0
1036	5.0
1037	3.0
1047	3.0
1049	3.0
1073	3.0
1079	5.0
1080	5.0
1093	3.0
1097	5.0
1100	3.0
1101	5.0
1125	4.0
1126	2.0
1127	4.0
1128	3.0
1129	4.0
1130	4.0
1136	4.0
1175	5.0
1196	5.0
1197	5.0
1198	4.0
1199	3.0
1200	5.0
1206	4.0
1210	5.0
1214	5.0
1215	1.0
1218	3.0
1219	5.0
1220	5.0
1221	4.0
1222	4.0
1233	4.0
1234	5.0
1240	5.0
1242	5.0
1253	5.0
1258	3.0
1259	4.0
1261	5.0
1265	5.0
1270	5.0
1274	5.0
1275	5.0
1276	4.0
1278	3.0
1287	5.0
1288	3.0
1291	5.0
1301	3.0
1304	4.0
1307	5.0
1320	2.0
1321	5.0
1333	5.0
1334	3.0
1339	2.0
1345	4.0
1347	5.0
1348	4.0
1350	5.0
1356	4.0
1370	5.0
1371	2.0
1372	4.0
1373	5.0
1374	4.0
1375	3.0
1376	4.0
1377	3.0
1378	3.0
1379	2.0
1385	4.0
1387	5.0
1388	1.0
1391	1.0
1396	3.0
1407	5.0
1429	3.0
1432	2.0
1438	2.0
1500	4.0
1513	2.0
1518	2.0
1527	2.0
1544	1.0
1552	5.0
1573	3.0
1580	4.0
1584	3.0
1586	5.0
1587	4.0
1590	1.0
1591	1.0
1597	2.0
1603	3.0
1604	4.0
1606	4.0
1608	3.0
1610	4.0
1616	3.0
1617	5.0
1623	2.0
1626	1.0
1641	4.0
1645	3.0
1653	4.0
1676	4.0
1687	2.0
1690	3.0
1702	3.0
1711	3.0
1717	2.0
1722	3.0
1748	3.0
1752	1.0
1754	4.0
1762	3.0
1779	2.0
1792	2.0
1805	3.0
1831	3.0
1862	2.0
1866	2.0
1876	3.0
1882	1.0
1909	2.0
1911	3.0
1912	3.0
1917	2.0
1918	4.0
1920	1.0
1953	5.0
1954	4.0
1959	3.0
1965	4.0
1967	3.0
1968	3.0
1970	2.0
1982	2.0
1991	2.0
1994	4.0
1995	3.0
1997	5.0
2000	5.0
2001	5.0
2002	4.0
2003	4.0
2006	4.0
2009	2.0
2010	5.0
2011	4.0
2012	5.0
2013	2.0
2015	4.0
2019	4.0
2021	3.0
2023	1.0
2028	5.0
2034	1.0
2046	5.0
2053	3.0
2054	4.0
2058	4.0
2081	4.0
2094	2.0
2097	3.0
2100	4.0
2105	3.0
2110	3.0
2115	5.0
2118	4.0
2121	2.0
2126	1.0
2140	5.0
2143	2.0
2147	1.0
2159	4.0
2160	5.0
2161	4.0
2167	5.0
2174	4.0
2193	4.0
2194	5.0
2232	5.0
2243	4.0
2245	3.0
2253	1.0
2263	4.0
2273	4.0
2278	4.0
2288	3.0
2311	5.0
2321	5.0
2322	4.0
2324	4.0
2325	2.0
2333	4.0
2334	3.0
2344	5.0
2346	3.0
2353	3.0
2355	4.0
2359	2.0
2363	4.0
2366	3.0
2367	4.0
2369	3.0
2372	2.0
2373	3.0
2376	2.0
2377	1.0
2392	2.0
2393	3.0
2394	2.0
2396	5.0
2402	4.0
2403	5.0
2404	4.0
2405	4.0
2406	3.0
2407	3.0
2408	1.0
2409	5.0
2410	4.0
2411	4.0
2412	1.0
2414	4.0
2421	3.0
2428	3.0
2433	3.0
2448	3.0
2450	3.0
2453	3.0
2454	3.0
2455	4.0
2456	5.0
2457	4.0
2459	4.0
2490	3.0
2491	1.0
2502	4.0
2517	3.0
2524	2.0
2525	1.0
2527	2.0
2528	3.0
2529	5.0
2530	4.0
2531	5.0
2532	4.0
2533	4.0
2540	2.0
2549	1.0
2551	2.0
2555	1.0
2560	1.0
2571	5.0
2580	4.0
2581	3.0
2598	3.0
2599	4.0
2600	1.0
2605	2.0
2606	3.0
2617	5.0
2622	3.0
2628	3.0
2633	3.0
2640	5.0
2641	4.0
2642	1.0
2643	2.0
2644	4.0
2648	5.0
2657	1.0
2662	2.0
2664	5.0
2672	2.0
2676	3.0
2683	4.0
2688	2.0
2692	4.0
2693	4.0
2694	3.0
2699	2.0
2700	4.0
2701	1.0
2706	4.0
2707	2.0
2709	2.0
2710	4.0
2712	3.0
2713	3.0
2716	5.0
2719	1.0
2720	2.0
2722	2.0
2723	3.0
2735	3.0
2746	5.0
2747	4.0
2761	4.0
2762	5.0
2763	3.0
2770	2.0
2771	2.0
2791	5.0
2797	5.0
2802	3.0
2806	2.0
2807	1.0
2808	3.0
2816	2.0
2826	2.0
2827	1.0
2840	3.0
2841	3.0
2858	5.0
2867	3.0
2881	3.0
2882	2.0
2898	2.0
2900	2.0
2901	2.0
2908	4.0
2915	4.0
2916	3.0
2918	5.0
2944	4.0
2947	4.0
2948	4.0
2949	4.0
2951	4.0
2956	3.0
2959	5.0
2968	2.0
2985	5.0
2986	3.0
2987	4.0
2989	3.0
2990	2.0
2991	3.0
2995	3.0
2997	4.0
3000	2.0
3004	4.0
3005	3.0
3016	3.0
3020	3.0
3024	1.0
3032	2.0
3033	5.0
3037	3.0
3044	3.0
3053	2.0
3067	5.0
3070	1.0
3072	4.0
3081	4.0
3082	4.0
3088	5.0
3101	5.0
3102	3.0
3104	4.0
3107	3.0
3113	1.0
3114	4.0
3157	2.0
3160	3.0
3175	5.0
3178	4.0
3190	1.0
3197	3.0
3203	2.0
3219	1.0
3255	4.0
3256	3.0
3257	3.0
3265	5.0
3266	5.0
3273	2.0
3274	3.0
3275	5.0
3300	4.0
3301	3.0
3326	3.0
3328	1.0
3354	2.0
3355	3.0
3358	3.0
3361	4.0
3362	4.0
3386	5.0
3408	4.0
3409	4.0
3418	4.0
3421	4.0
3424	4.0
3430	4.0
3438	3.0
3439	3.0
3441	3.0
3444	3.0
3452	3.0
3471	5.0
3476	4.0
3479	2.0
3481	5.0
3489	4.0
3499	4.0
3504	5.0
3510	3.0
3515	4.0
3526	3.0
3527	5.0
3535	4.0
3555	3.0
3576	4.0
3578	5.0
3623	2.0
3624	4.0
3633	3.0
3635	4.0
3638	2.0
3646	3.0
3654	5.0
3660	3.0
3671	4.0
3685	4.0
3690	3.0
3693	1.0
3697	5.0
3698	2.0
3699	3.0
3701	4.0
3702	5.0
3703	4.0
3704	4.0
3706	3.0
3729	4.0
3740	4.0
3744	3.0
3745	1.0
3751	5.0
3752	3.0
3753	1.0
3755	2.0
3763	5.0
3770	2.0
3785	4.0
3793	3.0
3798	2.0
3802	3.0
3826	2.0
3841	2.0
3863	2.0
3889	1.0
3897	4.0
3917	5.0
3918	2.0
3927	3.0
3930	4.0
3932	2.0
3959	5.0
3972	5.0
3977	3.0
3981	1.0
3986	1.0
3988	4.0
3994	5.0
3996	5.0
4002	5.0
4005	5.0
4014	5.0
4025	4.0
4079	2.0
4084	4.0
4085	4.0
4105	5.0
4121	5.0
4128	4.0
4133	2.0
4167	4.0
4207	4.0
4210	1.0
4223	3.0
4228	3.0
4232	5.0
4238	3.0
4246	4.0
4248	3.0
4262	4.0
4270	5.0
4275	4.0
4280	4.0
4306	3.0
4308	5.0
4310	3.0
4321	4.0
4343	1.0
4344	1.0
4351	1.0
4361	4.0
4366	4.0
4367	1.0
5060	3.0
5649	4.0
