1	4.0
2	4.0
3	3.0
10	3.0
11	3.0
12	4.0
16	4.0
19	3.0
20	3.0
21	2.5
32	3.0
34	3.0
44	3.0
47	4.0
63	2.0
66	3.0
70	4.0
88	3.0
89	3.0
92	3.0
93	3.0
95	4.0
104	5.0
107	4.0
110	5.0
141	3.0
153	3.0
161	3.0
165	4.0
170	3.0
172	4.0
173	3.0
185	4.0
196	4.0
204	3.0
216	4.0
231	3.5
233	4.0
234	2.0
253	3.0
260	5.0
266	4.0
267	4.0
292	3.0
296	4.5
316	4.0
317	4.0
328	4.0
329	4.0
344	4.0
349	4.0
350	3.0
356	4.0
364	2.5
366	3.0
367	3.0
368	4.0
370	2.0
377	3.5
380	4.0
405	3.0
410	3.0
415	2.0
420	3.0
432	4.0
434	3.0
435	3.0
442	4.0
457	4.0
474	3.5
480	4.0
485	3.0
494	3.5
500	3.0
508	3.0
516	3.0
517	4.0
520	3.0
532	3.0
539	2.5
541	4.0
551	4.0
553	5.0
558	2.0
586	4.0
589	4.0
590	3.0
592	5.0
593	4.0
594	3.0
595	3.0
597	3.0
605	3.0
608	5.0
610	3.0
611	2.0
616	3.0
648	4.0
653	3.5
661	1.0
673	2.0
707	2.0
719	2.0
724	4.0
733	4.5
736	3.5
737	3.0
748	3.0
761	2.0
762	2.0
780	4.0
782	3.0
784	3.0
786	4.0
788	3.5
805	4.0
832	4.0
842	3.0
849	3.0
919	3.0
950	4.0
1025	3.0
1030	3.0
1036	5.0
1037	4.0
1049	4.0
1073	4.0
1079	4.0
1080	3.0
1089	4.5
1090	4.0
1091	3.0
1094	3.0
1097	4.0
1100	3.0
1101	3.0
1120	3.0
1129	3.0
1130	4.0
1136	4.0
1173	4.0
1190	3.0
1193	3.5
1196	4.0
1197	5.0
1198	5.0
1200	4.0
1210	4.0
1213	4.0
1214	4.0
1215	5.0
1220	4.0
1240	4.0
1242	5.0
1246	4.0
1258	4.5
1259	3.0
1261	3.0
1265	4.0
1266	5.0
1270	4.0
1275	5.0
1282	4.0
1286	1.0
1291	4.0
1307	3.0
1320	3.0
1321	4.0
1339	3.0
1346	4.0
1347	5.0
1356	4.0
1358	3.0
1359	3.0
1370	4.0
1371	4.0
1372	3.0
1373	3.0
1374	4.0
1375	3.0
1376	3.0
1377	3.0
1387	5.0
1388	3.0
1389	3.0
1390	3.0
1391	4.0
1405	4.0
1407	4.0
1409	4.0
1425	4.0
1440	4.0
1461	3.0
1479	4.0
1499	2.0
1500	4.0
1503	3.0
1513	3.0
1517	4.0
1518	4.0
1527	4.0
1544	3.0
1552	4.0
1562	3.0
1569	3.0
1573	4.0
1580	4.0
1586	2.0
1587	4.0
1591	3.0
1597	4.0
1608	4.0
1610	4.0
1623	3.0
1644	3.0
1645	4.0
1653	4.0
1676	4.0
1681	2.0
1682	4.0
1687	3.0
1688	3.0
1689	4.0
1690	3.0
1717	4.0
1721	4.0
1729	4.0
1754	5.0
1777	4.0
1784	4.0
1792	4.0
1799	4.0
1801	4.0
1831	4.0
1833	4.0
1862	3.0
1882	2.0
1907	3.0
1911	3.0
1917	3.0
1918	4.0
1920	3.0
1923	5.0
1954	5.0
1960	3.0
1961	4.0
1962	3.0
1968	1.0
1969	3.0
1970	3.0
1971	3.0
1972	3.0
1973	2.0
1974	4.0
1975	3.0
1976	2.0
1977	2.0
1978	2.0
1979	2.0
1980	2.0
1981	2.0
1982	4.0
1984	2.0
1991	4.0
1992	3.0
1993	3.0
2000	5.0
2001	4.0
2002	4.0
2004	3.0
2005	4.0
2006	4.0
2011	3.0
2012	3.0
2026	4.0
2027	2.0
2028	5.0
2033	3.0
2034	4.0
2054	4.0
2058	4.0
2080	3.0
2081	3.0
2083	4.0
2100	4.0
2105	4.0
2107	3.0
2108	3.0
2110	3.0
2111	4.0
2115	4.0
2119	2.0
2124	4.0
2126	4.0
2137	3.0
2139	3.0
2140	4.0
2149	3.0
2153	3.0
2161	4.0
2167	4.0
2174	3.5
2261	4.0
2266	3.0
2268	3.0
2273	5.0
2279	4.0
2291	3.0
2294	4.0
2296	2.0
2297	4.0
2301	4.0
2306	3.0
2320	3.0
2321	4.0
2322	5.0
2325	3.0
2328	4.0
2329	3.0
2335	4.0
2338	2.0
2353	4.0
2354	2.0
2355	4.0
2373	3.0
2378	4.0
2379	3.0
2380	2.0
2381	2.0
2382	2.0
2383	2.0
2384	3.0
2387	2.0
2392	4.0
2393	4.0
2396	4.0
2402	2.0
2404	2.0
2406	4.0
2409	4.0
2410	3.0
2411	4.0
2412	3.0
2416	3.0
2420	4.0
2421	3.0
2422	2.0
2423	4.0
2424	4.0
2428	3.0
2433	3.0
2450	4.0
2457	4.0
2458	3.0
2468	3.0
2471	2.0
2478	4.0
2490	5.0
2491	3.0
2496	3.0
2497	2.0
2498	3.0
2502	4.0
2513	5.0
2514	3.0
2539	5.0
2549	3.0
2571	5.0
2605	4.0
2606	4.0
2616	3.0
2617	5.0
2622	1.0
2628	4.0
2640	4.0
2641	3.0
2642	3.0
2643	2.0
2668	3.0
2683	4.0
2687	2.0
2688	3.0
2694	5.0
2700	3.0
2702	1.0
2706	5.0
2709	2.0
2713	3.0
2716	4.0
2720	3.0
2722	4.0
2723	4.0
2746	4.0
2762	5.0
2788	3.0
2791	2.0
2792	2.0
2793	4.0
2794	3.0
2795	4.0
2796	3.0
2797	4.0
2802	3.0
2803	4.0
2804	5.0
2815	4.0
2826	3.0
2827	2.0
2840	3.0
2858	4.0
2860	3.0
2867	3.5
2871	3.0
2881	4.0
2889	5.0
2916	4.0
2918	4.0
2953	3.0
2959	4.0
2968	4.0
2976	3.0
2987	4.0
2995	2.0
2997	4.0
3020	2.0
3033	4.0
3040	4.0
3052	4.0
3081	5.0
3082	3.0
3098	4.0
3113	4.0
3114	4.0
3146	4.0
3147	5.0
3156	4.0
3175	3.0
3210	2.0
3238	1.0
3247	3.0
3249	4.0
3253	4.0
3254	3.0
3255	3.0
3256	4.0
3263	3.0
3264	3.0
3273	4.0
3274	3.0
3286	3.0
3301	4.0
3324	4.0
3355	3.0
3361	4.0
3387	2.0
3388	4.0
3397	4.0
3398	4.0
3418	3.0
3421	4.0
3438	3.0
3439	2.0
3440	2.0
3448	3.0
3450	4.0
3479	5.0
3481	4.0
3483	3.0
3510	4.0
3524	4.0
3527	4.0
3534	3.0
3536	4.0
3552	5.0
3555	4.0
3564	2.0
3578	4.0
3591	2.0
3593	3.0
3608	4.0
3614	3.0
3617	4.0
3618	3.0
3624	4.0
3660	4.0
3671	4.0
3686	4.0
3689	2.0
3693	4.0
3697	2.0
3698	4.0
3702	3.0
3704	4.0
3705	3.0
3708	3.0
3710	3.0
3712	2.0
3740	5.0
3744	4.0
3745	4.0
3752	4.0
3753	4.0
3754	4.0
3770	4.0
3784	4.0
3785	4.0
3793	4.0
3798	4.0
3802	3.0
3809	5.0
3826	5.0
3841	3.0
3861	4.0
3868	2.0
3869	2.0
3879	4.0
3889	2.0
3897	5.0
3917	4.0
3918	4.0
3919	3.0
3948	5.0
3968	4.0
3977	4.0
3979	4.0
3980	4.0
3986	3.5
3988	4.0
3990	2.0
3994	4.0
3996	4.0
3997	1.0
4002	4.0
4010	3.5
4018	4.0
4019	3.0
4027	4.0
4036	4.0
4040	2.0
4077	4.0
4102	4.0
4105	3.0
4132	3.0
4143	4.0
4149	4.0
4159	4.0
4207	3.0
4215	3.0
4226	4.0
4228	3.0
4238	4.0
4239	3.0
4251	4.0
4262	5.0
4270	4.0
4280	4.0
4285	3.0
4306	5.0
4308	4.0
4333	4.0
4340	3.0
4343	4.0
4344	4.0
4366	3.0
4367	4.0
4370	3.0
4378	3.0
4386	4.0
4448	4.0
4571	4.0
4623	4.0
4638	4.0
4643	4.0
4701	4.0
4719	3.0
4733	3.0
4886	5.0
4941	3.5
4979	4.0
4980	3.5
4993	5.0
5039	3.5
5040	3.5
5092	3.0
5103	3.0
5220	4.0
5349	3.5
5363	4.0
5378	4.5
5540	4.5
5650	4.5
5804	3.5
5843	4.0
5900	3.0
5942	3.0
5944	3.5
5945	2.5
5952	5.0
5956	3.5
5989	4.5
5995	3.5
6013	2.0
6058	3.5
6104	4.5
6188	3.5
6250	3.5
6287	3.5
6333	5.0
6338	4.0
6365	4.5
6373	5.0
6377	4.5
6534	3.5
6539	5.0
6541	3.0
6550	3.0
6564	3.5
6566	1.0
6709	4.0
6753	4.0
6887	4.5
6950	4.5
6951	2.0
7007	4.0
7147	3.5
7153	5.0
7173	3.5
7293	4.5
31221	2.0
