1	3.0
2	3.0
7	2.0
11	2.5
16	4.0
19	0.5
21	3.0
24	1.0
25	4.0
26	3.0
32	5.0
34	4.0
39	3.0
47	3.0
48	2.0
50	4.0
58	3.0
60	3.0
62	2.0
65	1.0
70	3.0
95	2.0
104	1.0
107	1.0
110	3.0
111	3.0
135	2.0
141	4.0
144	3.0
150	2.0
153	3.0
158	3.0
160	2.0
161	3.0
173	1.0
186	1.0
196	3.0
203	2.0
208	2.0
215	4.0
216	1.0
223	3.5
224	4.0
225	4.0
231	2.0
235	3.0
236	2.5
237	1.0
253	3.0
256	2.0
260	4.0
292	3.0
296	4.0
300	2.0
316	1.0
317	2.0
318	4.0
322	4.0
329	1.0
337	3.0
339	2.0
343	2.0
344	0.5
349	3.0
350	2.0
355	1.0
356	0.5
357	4.0
358	1.0
360	2.0
364	4.0
367	3.0
374	1.0
379	2.0
380	5.0
405	1.0
410	3.5
413	1.0
414	3.0
420	1.0
426	3.0
428	2.0
429	2.0
432	1.0
433	2.0
435	1.0
440	2.0
442	1.0
454	2.0
457	2.0
466	3.0
468	3.0
471	3.0
480	3.0
485	2.0
491	3.0
500	3.5
502	2.0
505	2.0
506	4.0
508	3.0
509	3.5
512	3.0
515	4.0
516	1.0
523	4.0
527	4.0
528	1.0
529	3.0
535	3.0
536	1.0
538	4.0
539	2.0
541	4.0
542	1.0
546	1.0
551	3.0
552	3.0
555	4.0
562	4.0
586	1.0
587	2.0
588	4.5
589	4.0
590	4.0
592	4.0
593	3.0
594	3.0
595	3.0
596	3.0
597	3.0
608	4.0
610	3.0
616	4.0
648	2.0
653	3.0
671	3.0
673	1.0
709	2.0
724	4.0
733	4.0
742	4.0
750	5.0
765	2.0
778	3.0
780	0.5
783	1.0
788	2.0
802	3.0
804	2.0
832	2.5
849	1.0
858	5.0
880	2.5
898	4.0
902	4.0
903	3.0
904	5.0
905	4.0
908	5.0
910	4.0
912	3.0
913	4.0
916	3.0
919	3.0
923	5.0
924	3.0
940	3.0
946	4.0
948	2.0
950	4.0
951	4.0
954	4.0
955	5.0
969	3.0
971	3.0
1009	4.0
1017	3.0
1019	4.0
1020	4.0
1022	2.0
1023	4.0
1024	3.0
1025	2.0
1028	3.0
1030	2.0
1032	2.0
1033	2.0
1035	2.0
1036	2.0
1049	3.0
1059	3.0
1064	2.0
1073	1.0
1077	1.0
1079	3.5
1080	3.0
1081	4.0
1088	1.0
1089	4.0
1090	4.0
1092	3.0
1094	3.0
1097	3.0
1101	4.0
1103	4.0
1104	4.0
1125	3.0
1127	2.0
1129	2.0
1136	5.0
1179	4.0
1185	3.0
1186	4.0
1187	4.0
1193	4.0
1196	5.0
1197	3.0
1198	4.0
1199	5.0
1200	4.0
1204	2.0
1206	4.0
1207	4.0
1208	4.0
1210	2.0
1212	4.0
1213	5.0
1214	3.0
1219	4.0
1220	3.0
1221	5.0
1222	4.0
1225	3.0
1234	3.0
1238	2.0
1240	3.0
1242	3.0
1243	3.0
1246	3.5
1247	4.0
1248	4.0
1250	5.0
1252	3.0
1253	5.0
1254	3.0
1258	3.0
1259	2.0
1263	3.0
1265	5.0
1266	4.0
1269	4.0
1270	4.0
1272	3.0
1278	4.0
1279	4.0
1281	3.0
1282	3.0
1283	3.0
1285	3.0
1287	3.0
1290	2.0
1291	4.0
1297	4.0
1301	5.0
1303	3.0
1304	2.0
1307	3.5
1320	2.0
1321	4.0
1339	2.0
1347	2.0
1356	2.0
1371	2.0
1372	4.0
1373	1.0
1374	5.0
1375	4.0
1376	5.0
1377	3.0
1380	3.0
1387	3.0
1391	1.0
1393	4.0
1394	3.0
1396	2.0
1405	1.0
1411	1.0
1414	2.0
1425	3.0
1461	1.0
1466	2.0
1495	1.0
1500	3.0
1513	2.0
1517	2.0
1527	2.0
1544	2.0
1566	5.0
1580	3.0
1584	3.0
1586	3.0
1587	2.0
1593	2.0
1610	4.0
1611	2.0
1614	4.0
1617	3.0
1635	4.0
1639	4.0
1641	4.0
1647	3.0
1653	3.0
1663	3.0
1673	3.0
1676	3.0
1680	4.0
1682	3.0
1690	2.0
1694	1.0
1704	3.0
1713	3.0
1721	2.0
1747	3.0
1748	1.0
1762	2.0
1777	1.0
1779	2.0
1784	3.0
1821	1.5
1831	1.0
1876	3.0
1882	1.0
1884	3.0
1885	5.0
1895	2.0
1907	3.0
1912	4.0
1917	1.0
1920	1.0
1923	0.5
1939	3.0
1945	4.0
1947	3.0
1952	3.0
1954	4.0
1955	4.0
1960	2.0
1961	4.0
1962	5.0
1965	2.0
1967	3.0
1968	3.5
1973	1.0
1974	2.0
1982	3.0
1994	4.0
2004	4.0
2005	2.0
2006	4.0
2009	3.0
2010	3.0
2011	3.0
2012	4.0
2014	3.0
2015	4.0
2016	2.0
2018	4.0
2020	3.0
2021	2.0
2027	1.0
2028	3.0
2033	2.0
2034	2.0
2038	3.0
2040	4.0
2043	3.0
2046	3.0
2048	4.0
2050	2.0
2053	2.0
2054	3.0
2064	3.0
2078	3.0
2080	3.0
2081	4.0
2085	3.0
2087	2.0
2089	1.0
2090	1.0
2091	2.0
2092	1.0
2093	2.0
2094	4.0
2096	2.0
2099	3.0
2100	5.0
2105	3.0
2108	3.0
2109	3.0
2110	4.0
2111	3.0
2115	3.0
2116	2.0
2117	3.0
2118	4.0
2120	4.0
2122	1.0
2124	5.0
2133	1.0
2135	3.0
2137	2.0
2138	3.0
2139	3.0
2140	3.0
2145	2.0
2146	2.0
2167	3.0
2169	1.0
2174	3.0
2184	3.0
2186	3.0
2188	4.0
2202	3.0
2245	4.0
2247	2.0
2248	4.0
2249	2.0
2262	3.0
2265	1.0
2268	4.0
2288	4.0
2289	4.0
2291	2.0
2294	2.0
2296	1.0
2300	5.0
2302	3.0
2316	1.0
2321	2.0
2333	3.5
2335	1.0
2352	2.0
2355	3.0
2363	2.0
2366	4.0
2375	1.0
2380	1.0
2384	3.0
2387	1.0
2389	3.0
2391	3.0
2393	1.0
2394	4.0
2395	3.0
2396	3.0
2402	1.0
2403	3.0
2405	2.0
2406	4.0
2407	3.0
2408	2.0
2411	1.0
2416	4.0
2420	2.0
2421	2.0
2433	3.0
2436	3.0
2447	3.0
2450	1.0
2453	2.0
2454	4.0
2455	3.0
2456	2.0
2469	3.0
2471	1.0
2478	1.0
2501	4.0
2502	4.0
2506	1.0
2527	4.0
2528	4.0
2529	2.0
2531	3.0
2553	3.0
2554	4.0
2571	2.0
2599	3.0
2613	3.0
2615	1.0
2616	2.0
2628	3.0
2633	3.0
2640	3.0
2641	4.0
2642	1.0
2643	1.0
2648	3.0
2654	4.0
2657	2.0
2660	5.0
2662	3.0
2664	3.0
2668	1.0
2671	3.0
2683	1.0
2687	4.5
2693	3.0
2694	1.0
2699	2.0
2700	3.0
2701	1.0
2706	1.0
2710	2.0
2712	4.0
2716	3.0
2717	1.0
2722	2.0
2723	2.0
2728	4.0
2732	2.0
2734	1.0
2736	3.0
2746	4.0
2752	3.0
2761	5.0
2762	3.0
2770	3.0
2771	2.0
2772	1.0
2788	3.0
2791	4.0
2793	3.5
2796	1.0
2797	1.0
2804	1.0
2822	3.0
2828	1.0
2829	2.0
2857	3.0
2858	3.0
2867	4.0
2871	3.0
2890	3.0
2891	3.0
2899	4.0
2902	1.0
2908	3.0
2912	4.0
2916	3.0
2917	4.0
2918	4.0
2948	3.0
2949	4.0
2959	4.0
2966	3.0
2968	4.0
2985	2.0
2986	1.0
2987	3.0
2989	2.0
2997	3.0
3006	3.0
3016	3.0
3020	4.0
3032	2.0
3033	2.0
3034	2.0
3035	4.0
3037	4.0
3040	2.0
3052	4.0
3054	1.0
3060	3.0
3070	2.0
3072	3.0
3078	3.0
3081	4.5
3087	3.0
3093	3.0
3095	2.0
3101	4.0
3104	2.0
3105	2.0
3108	5.0
3114	4.0
3134	5.0
3145	4.0
3153	3.0
3156	2.0
3159	3.0
3169	3.0
3175	3.0
3181	2.0
3189	3.0
3196	3.0
3213	4.0
3219	4.0
3243	2.0
3249	3.0
3253	3.5
3254	1.0
3258	4.5
3260	3.0
3264	3.0
3269	1.0
3334	4.0
3347	3.0
3358	4.0
3359	3.0
3362	2.0
3387	1.0
3396	4.0
3397	3.0
3418	1.0
3421	4.0
3436	1.0
3439	1.0
3448	4.0
3451	3.0
3461	4.0
3468	3.0
3471	4.0
3479	4.0
3481	4.0
3489	1.0
3499	3.0
3501	4.0
3527	2.0
3536	4.0
3548	4.0
3564	1.0
3578	3.0
3593	1.0
3598	5.0
3614	3.0
3638	2.0
3671	5.0
3685	4.0
3697	3.0
3698	2.0
3699	5.0
3701	3.0
3702	1.0
3703	1.0
3704	2.0
3709	2.0
3717	1.0
3723	3.0
3733	2.0
3740	2.0
3745	3.0
3751	4.0
3752	2.0
3763	3.0
3793	4.0
3809	1.0
3811	3.5
3824	1.0
3826	2.0
3827	1.0
3831	4.0
3835	2.0
3869	3.0
3877	1.0
3897	4.0
3901	3.0
3928	4.0
3932	3.0
3949	4.0
3959	4.0
3968	4.0
3979	1.0
3988	1.0
3994	4.0
3996	4.0
3998	3.0
4002	3.0
4003	5.0
4006	1.0
4011	4.0
4014	3.0
4015	1.0
4016	5.0
4019	3.5
4023	3.0
4034	3.0
4036	4.0
4040	1.5
4079	3.0
4085	4.0
4091	1.0
4103	1.0
4104	2.0
4121	2.0
4148	1.0
4149	1.0
4155	1.0
4161	2.0
4174	4.0
4215	1.0
4223	2.0
4226	4.0
4228	2.0
4235	4.0
4246	2.0
4248	1.0
4275	2.0
4280	4.0
4285	2.0
4306	4.0
4344	2.0
4370	4.0
4388	1.0
4406	4.0
4410	2.0
4448	4.0
4467	4.0
4483	1.0
4487	1.0
4489	2.0
4508	4.0
4509	1.0
4526	1.0
4533	1.0
4564	2.0
4571	2.0
4572	3.0
4587	2.0
4623	3.0
4638	3.0
4641	4.0
4643	3.0
4654	1.0
4673	2.0
4676	1.0
4682	3.0
4686	1.0
4700	1.0
4728	2.0
4734	4.0
4776	3.0
4802	4.0
4890	3.0
4896	2.0
4901	3.0
4903	4.0
4915	1.0
4941	2.0
4963	4.0
4973	3.0
4975	5.0
4980	1.0
4990	2.0
4993	4.0
4995	3.0
5015	3.0
5027	2.0
5060	3.0
5064	4.0
5066	1.0
5111	3.0
5171	2.0
5177	4.0
5214	3.0
5237	3.0
5247	3.0
5265	3.0
5266	3.0
5303	4.0
5308	4.0
5309	2.0
5349	4.0
5377	4.0
5378	3.0
5388	3.0
5391	4.0
5444	4.0
5445	3.0
5481	1.0
5500	4.0
5505	4.0
5528	3.0
5541	3.0
5568	2.0
5577	5.0
5791	3.5
5881	1.5
5952	3.0
5956	3.0
5957	2.0
5991	1.0
6238	1.0
6239	4.0
6323	3.5
6333	4.5
6534	3.0
6541	3.0
6874	3.0
6879	2.5
7090	4.0
7143	2.5
7373	4.0
7438	3.0
7451	3.5
8636	4.5
8961	5.0
