1	1.5
2	2.5
3	2.0
5	3.0
10	3.5
12	5.0
15	3.5
17	2.0
19	3.5
21	4.0
25	3.5
34	1.5
39	4.0
47	2.5
48	1.5
104	3.0
110	4.5
122	2.5
126	2.5
141	4.0
145	3.5
150	2.5
153	3.5
163	4.5
165	4.5
169	2.0
186	2.5
208	2.0
215	4.0
223	1.5
224	5.0
231	3.0
235	4.0
236	3.0
253	5.0
256	3.0
260	5.0
261	2.0
289	4.5
293	2.5
296	4.0
313	1.5
316	5.0
317	2.0
318	3.5
333	2.0
337	4.5
339	1.5
344	4.0
345	3.5
353	5.0
355	2.0
356	5.0
357	3.5
361	3.5
364	5.0
367	3.0
368	5.0
370	4.0
374	2.0
377	2.0
380	2.5
381	3.5
383	2.5
410	4.5
413	2.5
416	2.5
420	2.5
434	2.0
435	2.0
442	3.0
450	4.0
455	0.5
466	4.0
473	5.0
480	2.5
485	4.0
491	2.5
497	3.5
500	2.0
502	1.5
508	3.0
516	4.5
520	4.0
521	4.0
527	1.5
539	3.0
541	3.0
542	4.5
543	2.5
550	3.0
551	5.0
552	2.5
586	3.0
588	2.0
589	3.5
590	4.0
592	4.5
593	2.0
594	3.0
596	2.5
597	1.5
606	1.0
613	3.5
616	2.5
719	4.0
720	5.0
733	4.5
736	1.0
737	2.5
745	5.0
762	2.0
780	2.0
783	2.0
784	3.0
785	2.5
786	3.0
788	3.0
802	3.5
829	1.5
832	3.0
858	5.0
861	3.5
902	4.5
903	4.0
904	5.0
912	5.0
914	4.0
920	5.0
923	1.0
924	2.0
934	3.0
953	3.5
1010	2.0
1011	2.5
1022	2.5
1025	2.5
1027	5.0
1028	4.0
1029	3.0
1032	3.5
1035	3.5
1036	3.5
1042	4.0
1047	4.0
1059	3.0
1064	2.0
1073	4.0
1079	4.0
1080	5.0
1088	2.5
1089	4.0
1090	3.0
1092	2.0
1096	2.0
1097	3.5
1101	3.0
1125	4.0
1136	5.0
1148	5.0
1183	3.0
1196	5.0
1200	3.0
1204	4.0
1206	3.5
1210	5.0
1213	3.0
1219	2.5
1220	3.5
1221	5.0
1223	4.5
1230	3.0
1240	4.5
1241	1.0
1244	2.5
1246	4.0
1252	4.5
1258	3.0
1259	4.5
1263	2.0
1265	4.5
1269	4.0
1270	3.0
1275	2.5
1282	2.5
1287	2.5
1291	4.5
1307	2.5
1339	3.0
1347	1.5
1352	3.0
1367	1.5
1370	4.5
1373	4.0
1377	5.0
1378	4.0
1379	3.5
1380	3.5
1385	3.5
1391	1.0
1393	2.5
1409	2.5
1416	3.0
1425	4.5
1429	4.5
1440	4.0
1457	2.5
1466	3.5
1476	2.0
1485	3.5
1487	2.0
1517	5.0
1527	3.0
1552	4.5
1556	2.0
1562	2.5
1566	3.0
1573	4.5
1580	3.5
1588	2.5
1592	1.0
1597	4.5
1625	4.5
1641	5.0
1644	1.5
1665	3.0
1682	2.5
1687	3.5
1689	5.0
1702	2.5
1704	3.0
1707	1.5
1721	3.5
1722	2.5
1727	0.5
1729	4.0
1732	2.5
1760	1.0
1772	3.5
1799	4.0
1801	4.5
1806	1.0
1835	4.5
1858	4.0
1884	3.0
1909	0.5
1911	3.0
1917	4.0
1918	4.0
1923	4.0
1947	2.0
1954	2.5
1961	4.5
1967	5.0
1980	1.0
1998	1.0
2000	4.5
2001	4.0
2002	4.5
2003	3.5
2004	3.5
2006	4.5
2011	2.5
2012	2.5
2018	2.0
2021	3.5
2023	5.0
2028	4.5
2042	2.0
2052	2.5
2053	0.5
2054	1.0
2058	4.0
2060	5.0
2078	1.5
2080	1.5
2082	3.0
2085	3.0
2094	2.0
2096	2.0
2108	3.5
2115	4.0
2124	4.5
2132	4.0
2136	2.0
2142	2.0
2143	4.5
2152	1.5
2154	4.5
2161	3.5
2162	4.0
2167	3.0
2174	5.0
2253	5.0
2265	3.0
2273	4.5
2278	2.5
2279	2.0
2291	5.0
2294	2.0
2296	4.0
2297	5.0
2306	2.0
2313	4.0
2316	4.5
2321	5.0
2329	3.0
2340	3.5
2353	1.5
2354	3.5
2355	3.5
2378	2.5
2379	2.5
2380	2.5
2381	2.0
2382	2.0
2383	1.5
2384	1.0
2394	4.0
2396	4.5
2405	4.5
2406	4.5
2409	2.0
2410	1.5
2411	2.0
2420	3.5
2421	2.0
2422	2.0
2423	3.0
2424	4.5
2427	3.5
2431	4.5
2436	3.5
2443	4.5
2469	3.5
2470	2.0
2471	2.5
2478	3.0
2490	3.5
2496	4.0
2497	2.0
2501	4.0
2502	4.5
2505	0.5
2539	2.5
2541	3.5
2558	3.5
2567	3.0
2568	4.5
2571	4.5
2572	2.0
2574	4.0
2581	3.5
2599	2.0
2617	4.5
2622	4.0
2628	5.0
2640	1.0
2671	2.5
2683	4.0
2692	4.0
2694	3.0
2700	2.0
2701	2.0
2706	2.5
2709	3.0
2712	4.5
2716	4.5
2717	2.0
2722	2.5
2724	2.5
2729	3.5
2750	3.0
2761	2.0
2762	3.5
2770	4.0
2788	5.0
2791	3.5
2795	3.5
2796	4.0
2797	4.0
2802	2.0
2805	2.5
2858	3.0
2882	3.5
2888	2.5
2890	4.5
2907	3.5
2908	1.5
2915	2.5
2916	3.0
2942	2.0
2947	3.5
2948	4.0
2949	4.0
2950	2.5
2953	4.0
2978	3.0
2985	2.5
2987	4.0
2990	3.5
2991	2.5
3020	3.5
3033	4.0
3034	2.0
3040	3.0
3081	5.0
3083	2.5
3100	3.0
3105	4.0
3113	2.5
3114	1.5
3146	3.0
3147	4.0
3155	3.0
3157	1.5
3159	4.0
3174	3.0
3175	3.0
3176	3.5
3186	4.0
3208	2.0
3243	5.0
3249	1.0
3252	4.5
3253	4.0
3254	4.0
3259	5.0
3263	3.0
3268	3.5
3275	4.5
3287	2.0
3299	2.0
3301	3.0
3316	2.0
3386	0.5
3387	2.5
3391	1.5
3408	3.5
3412	2.0
3418	3.0
3438	2.0
3439	2.5
3440	3.0
3448	3.0
3450	2.0
3452	3.5
3483	3.5
3484	3.0
3489	4.0
3524	2.0
3527	1.5
3556	3.0
3564	0.5
3614	3.0
3624	4.5
3633	4.5
3635	3.0
3684	2.5
3688	2.0
3702	2.5
3703	2.5
3704	2.5
3717	4.0
3751	4.0
3752	2.5
3760	0.5
3785	2.5
3793	4.5
3809	4.5
3821	2.0
3824	2.5
3825	3.5
3826	3.0
3868	3.5
3869	4.0
3882	3.0
3897	2.5
3910	3.0
3948	2.5
3972	4.0
3977	3.0
3979	4.0
3984	4.0
3988	3.5
3996	5.0
4014	5.0
4015	2.0
4018	4.5
4022	4.0
4023	3.5
4025	3.0
4030	4.0
4061	3.5
4069	2.0
4084	2.5
4085	3.0
4191	4.5
4228	3.0
4246	3.0
4247	3.5
4254	3.5
4270	4.0
4280	3.5
4306	4.0
4333	3.5
4340	2.0
4356	4.0
4359	4.0
4361	3.0
4367	4.0
4368	2.0
4369	4.0
4370	3.5
4386	4.5
4387	3.0
4447	2.0
4558	3.5
4571	3.0
4621	2.0
4673	4.0
4699	5.0
4701	3.5
4718	1.5
4727	4.0
4728	5.0
4814	4.5
4816	3.0
4878	4.0
4886	2.5
4890	3.5
4901	3.5
4936	4.0
4954	3.0
4963	2.5
4975	3.0
4979	2.0
4980	2.5
4992	2.5
5014	3.0
5027	2.5
5049	2.5
5064	5.0
5218	3.5
5298	3.5
5299	2.0
5303	3.5
5308	2.5
5309	2.0
5313	3.5
5377	4.0
5378	5.0
5418	3.5
5419	0.5
5444	2.5
5449	4.0
5452	2.0
5459	3.5
5481	4.5
5507	3.0
5530	4.5
5541	3.5
5568	3.0
5620	2.0
5621	4.0
5673	1.5
5693	3.5
5810	0.5
5872	2.0
5882	3.0
5900	2.0
5942	3.0
5943	3.0
5956	3.5
5957	3.0
5970	2.5
5971	5.0
5989	4.0
6003	4.0
6104	5.0
6155	3.5
6156	4.0
6157	4.0
6166	0.5
6212	3.0
6283	5.0
6286	2.0
6333	4.5
6365	4.5
6373	4.0
6377	3.5
6482	2.5
6503	2.0
6537	2.5
6539	4.0
6548	3.5
6550	2.5
6564	2.5
6618	5.0
6659	4.5
6662	3.0
6663	4.0
6709	5.0
6711	5.0
6753	4.5
6754	5.0
6793	1.0
6807	5.0
6873	3.0
6874	5.0
6881	3.5
6889	3.5
6934	4.5
6936	5.0
6942	4.0
6944	3.0
6952	3.5
6993	4.0
7004	2.5
7034	2.0
7090	5.0
7101	1.5
7143	5.0
7147	5.0
7150	3.0
7154	2.5
7161	1.5
7293	4.5
7325	4.0
7346	1.5
7361	3.5
7366	3.0
7367	2.5
7369	0.5
7376	2.5
7381	4.5
7438	5.0
7451	4.0
7569	4.5
7618	4.0
7701	2.0
8340	3.5
8360	3.5
8372	2.0
8373	4.5
8376	2.0
8387	1.0
8464	4.5
8526	3.0
8528	4.5
8529	4.0
8531	2.5
8581	4.0
8607	4.0
8622	3.0
8623	3.0
8638	4.0
8640	4.0
8641	4.0
8665	3.5
8666	1.5
8807	3.5
8814	4.5
8865	5.0
8874	2.0
8880	4.0
8907	3.5
8910	3.0
8948	4.0
8961	4.0
8965	4.5
8969	3.5
8970	4.5
8972	5.0
8983	5.0
8984	3.5
26680	5.0
26776	4.0
27660	4.5
27706	4.5
27731	4.0
27741	3.5
27808	3.5
30793	5.0
30810	2.5
30816	5.0
30825	2.5
31221	3.0
31685	3.0
31878	5.0
32019	3.5
32031	3.5
32296	3.0
32587	5.0
33004	5.0
33158	3.0
33437	5.0
33493	5.0
33615	4.5
33646	3.0
33679	4.0
33794	4.5
33836	4.0
34072	3.0
34150	2.5
34162	2.5
34332	2.0
34437	4.5
34520	3.0
35836	4.0
36401	4.5
36525	3.0
37729	5.0
38038	5.0
39435	5.0
39444	3.5
39715	2.5
40339	2.0
40581	2.5
41566	4.5
41571	3.0
42002	4.0
42007	2.5
42011	3.0
42725	4.5
42734	4.0
43836	3.0
44022	3.5
44191	5.0
44193	3.5
44199	4.0
44665	5.0
44972	3.0
45431	2.5
45447	3.0
45501	2.0
45517	2.0
45666	3.0
45672	4.0
45722	4.5
45732	3.0
45928	3.0
46530	4.0
46970	2.5
47518	4.0
47640	2.5
48142	3.5
49272	5.0
