1	2.0
3	3.5
9	2.5
10	1.5
11	2.5
16	4.5
20	2.5
21	3.5
23	3.0
25	3.5
31	2.0
32	3.5
34	2.5
36	3.5
39	3.5
47	4.5
50	3.5
62	4.0
65	2.0
69	3.0
70	3.5
86	3.5
88	3.0
94	3.5
95	3.0
101	4.0
104	4.5
110	3.5
111	4.5
112	2.0
122	2.5
132	2.5
135	2.5
144	3.0
145	3.0
147	3.5
150	3.0
165	3.5
168	2.5
174	2.5
175	2.5
180	3.5
185	2.5
186	1.0
193	1.5
196	1.5
204	2.0
208	2.5
215	5.0
216	3.5
223	2.5
225	3.0
231	3.5
236	3.5
237	3.5
246	3.5
252	3.5
253	3.5
256	2.5
257	2.0
259	2.5
260	5.0
266	3.5
267	2.5
288	3.0
290	3.5
291	1.0
292	3.5
293	3.5
296	5.0
303	2.5
305	1.0
318	5.0
333	3.5
342	3.0
344	2.5
350	3.0
353	2.5
355	2.0
356	4.5
357	3.5
361	3.0
367	2.5
368	3.5
371	2.5
372	2.5
377	3.5
379	3.0
380	4.0
381	2.0
383	3.5
413	3.5
414	2.0
415	2.5
420	1.5
424	3.5
428	2.5
432	2.5
434	3.0
435	2.5
440	3.0
441	3.5
442	2.5
455	2.5
457	3.5
464	2.0
466	2.5
474	2.5
479	2.5
480	3.0
481	3.0
485	3.0
489	2.5
493	2.5
500	2.0
508	3.0
517	2.0
520	1.0
522	4.0
524	5.0
537	2.5
538	4.0
539	2.5
544	2.0
548	2.5
550	3.0
552	2.0
553	3.5
555	3.5
586	3.5
587	3.0
589	5.0
590	3.5
593	4.0
597	3.5
608	4.0
612	4.5
628	3.0
647	2.5
648	2.5
688	2.5
704	0.5
708	4.0
724	3.0
725	3.0
733	3.5
737	1.0
778	4.0
780	2.0
782	3.0
784	4.0
785	3.5
786	2.0
788	2.5
802	4.0
804	0.5
805	4.0
809	2.5
832	3.5
852	4.0
858	3.0
886	3.5
1020	4.5
1036	3.5
1037	2.5
1059	2.5
1060	4.5
1061	4.0
1089	3.5
1090	4.0
1092	3.0
1093	3.0
1095	3.5
1100	2.5
1101	4.0
1120	4.0
1147	2.5
1196	4.0
1198	3.5
1210	4.0
1213	4.5
1220	2.5
1240	3.0
1242	3.5
1259	4.0
1265	4.0
1268	3.5
1270	4.0
1271	1.0
1285	2.5
1288	3.0
1291	3.5
1302	5.0
1307	4.5
1343	3.5
1357	4.0
1366	3.0
1370	2.5
1377	0.5
1379	5.0
1385	3.5
1393	4.5
1396	2.5
1405	3.0
1407	3.5
1409	2.0
1432	3.0
1461	1.0
1466	3.5
1476	3.5
1479	2.5
1485	3.5
1513	1.0
1517	3.5
1518	3.5
1552	2.5
1569	1.0
1573	2.0
1580	3.0
1589	3.5
1597	3.5
1598	3.0
1604	3.0
1614	2.5
1617	3.5
1619	3.0
1620	2.5
1625	2.0
1627	3.5
1639	3.5
1641	4.0
1644	3.0
1645	3.0
1653	2.5
1663	3.5
1665	3.0
1667	3.0
1672	3.5
1673	4.0
1676	3.0
1682	2.5
1704	5.0
1717	2.5
1721	2.0
1729	4.0
1732	4.0
1747	3.0
1777	4.5
1784	4.0
1792	3.0
1810	2.0
1835	3.5
1876	2.0
1883	2.0
1894	2.5
1895	2.5
1909	2.5
1912	2.5
1917	2.5
1918	2.0
1923	4.0
1954	5.0
1957	5.0
1961	3.0
1968	4.0
2001	2.5
2011	3.5
2012	3.5
2028	4.0
2054	2.5
2060	2.5
2082	3.0
2094	2.5
2108	4.0
2114	4.0
2126	2.5
2174	2.5
2231	4.5
2268	3.5
2273	3.5
2278	2.5
2289	2.0
2302	3.5
2318	4.0
2329	4.0
2334	2.5
2335	3.0
2338	2.0
2340	3.5
2353	4.0
2375	3.0
2387	3.0
2391	4.0
2395	4.5
2407	2.5
2420	4.0
2421	3.0
2423	3.5
2424	3.0
2435	3.0
2470	3.5
2471	3.0
2474	3.0
2490	3.5
2502	5.0
2505	3.5
2539	3.0
2540	0.5
2558	3.0
2571	4.0
2587	3.0
2598	3.0
2605	3.0
2618	4.0
2628	3.0
2640	3.5
2671	3.5
2676	3.0
2683	3.0
2694	3.5
2699	3.0
2700	3.5
2701	2.5
2702	3.0
2707	4.5
2710	4.0
2716	4.0
2717	3.0
2762	3.5
2763	3.5
2770	2.5
2797	4.5
2803	2.0
2805	2.0
2807	0.5
2808	3.5
2860	3.0
2861	3.5
2889	3.5
2890	4.0
2916	3.5
2918	4.5
2953	3.0
2959	5.0
2997	4.0
3020	3.5
3039	4.0
3052	2.5
3063	2.5
3081	3.0
3082	1.5
3098	3.0
3100	3.5
3104	4.0
3105	3.5
3113	2.5
3114	3.0
3130	3.5
3146	3.5
3160	4.5
3173	2.5
3174	4.0
3176	3.5
3177	3.0
3178	3.5
3208	3.5
3243	3.5
3246	4.0
3249	1.5
3252	3.0
3253	3.5
3254	3.5
3263	4.0
3274	2.5
3285	3.5
3301	3.5
3317	4.0
3361	4.0
3388	1.5
3418	1.5
3438	3.5
3439	2.5
3448	3.5
3450	3.5
3481	5.0
3489	2.0
3510	3.5
3525	3.0
3526	3.5
3556	2.5
3566	3.5
3578	3.5
3617	2.5
3623	2.5
3624	3.0
3671	2.5
3686	3.5
3697	3.0
3698	3.0
3717	2.0
3753	2.0
3773	4.5
3784	3.0
3785	2.5
3793	2.5
3798	2.0
3809	3.0
3821	3.0
3825	1.5
3841	2.0
3869	3.0
3897	4.0
3948	4.5
3968	2.5
3969	2.5
3977	2.5
3978	2.5
3979	3.0
3994	4.0
4002	3.5
4007	4.0
4010	3.5
4011	4.0
4018	2.0
4019	3.0
4020	2.5
4031	1.5
4034	2.5
4040	3.0
4052	3.0
4084	4.0
4103	3.0
4128	4.0
4148	0.5
4155	2.0
4214	2.5
4215	3.5
4225	4.0
4226	5.0
4228	3.5
4231	3.5
4239	3.0
4246	3.5
4247	3.5
4251	4.0
4255	3.0
4262	3.0
4265	2.0
4267	3.5
4285	2.5
4306	3.0
4308	2.5
4321	3.5
4344	2.0
4351	4.0
4388	0.5
4448	3.5
4488	2.5
4489	4.0
4571	4.5
4621	3.0
4623	4.0
4639	1.5
4643	1.0
4677	2.5
4681	2.5
4701	3.0
4734	4.0
4757	3.5
4776	3.5
4816	4.5
4823	4.0
4848	4.0
4866	3.0
4874	3.5
4878	4.0
4890	3.0
4901	3.5
4963	3.5
4975	3.0
4978	4.0
4979	2.5
4980	3.5
4992	3.5
4993	2.5
4994	2.5
4995	4.0
5009	3.0
5010	3.0
5013	1.5
5055	2.5
5092	2.5
5102	2.5
5106	0.5
5108	2.5
5152	3.0
5218	3.0
5219	0.5
5220	3.0
5264	0.5
5267	3.5
5283	2.5
5293	3.0
5308	2.0
5309	1.0
5312	2.5
5349	3.5
5377	4.0
5378	3.0
5388	2.0
5400	2.0
5414	2.0
5418	3.0
5438	3.0
5445	1.5
5449	2.5
5459	2.0
5464	2.5
5481	2.5
5502	4.5
5507	2.0
5528	3.5
5541	3.0
5577	3.5
5630	3.5
5669	0.5
5673	5.0
5810	3.5
5843	4.0
5900	2.5
5902	4.0
5952	2.0
5954	3.5
5969	0.5
5970	2.5
5989	4.0
6001	4.0
6003	4.5
6157	2.0
6188	4.0
6218	3.0
6281	4.0
6287	3.5
6323	3.0
6333	2.5
6365	3.0
6367	2.0
6373	3.0
6378	3.0
6379	0.5
6385	2.0
6436	2.5
6440	5.0
6502	4.0
6503	2.5
6539	2.5
6567	3.0
6620	5.0
6708	3.5
6709	1.5
6711	5.0
6754	1.0
6796	4.5
6810	3.0
6863	3.5
6870	4.0
6874	2.5
6879	2.5
6932	3.5
6934	3.0
6936	3.5
6942	4.0
7004	3.5
7017	3.0
7018	3.5
7101	2.5
7137	3.5
7150	3.5
7153	3.5
7173	3.0
7293	3.5
7318	4.0
7325	3.0
7361	5.0
8132	3.5
8340	3.0
8493	3.5
8622	0.5
8623	3.5
8638	3.5
8798	2.5
8984	2.5
30812	4.0
