1	4.0
5	1.5
17	4.0
25	4.0
27	3.5
28	3.5
32	3.5
34	2.5
39	4.0
47	4.5
48	3.0
50	3.5
52	4.0
57	2.5
61	3.5
72	4.0
94	3.5
101	4.0
104	3.0
111	3.5
125	3.0
170	3.0
180	4.0
199	4.0
215	5.0
223	3.5
232	4.5
235	3.5
236	3.0
239	3.0
247	2.5
253	3.0
256	2.5
260	4.0
261	3.5
262	4.0
288	2.5
293	4.0
296	4.0
307	3.0
313	3.5
317	3.5
318	4.0
334	2.0
339	3.0
342	3.0
343	3.5
344	0.5
345	4.0
348	4.5
351	0.5
356	4.0
357	3.5
364	4.0
372	4.0
381	2.0
390	3.5
412	3.5
441	3.5
475	3.5
480	4.0
492	3.5
497	3.5
500	3.5
508	3.5
509	2.5
515	3.5
527	4.0
539	2.0
549	3.5
551	4.0
562	4.0
575	3.0
586	3.5
587	3.5
588	3.5
593	4.0
594	3.5
595	4.0
596	4.0
597	1.0
608	4.5
613	3.0
616	4.0
661	3.5
673	2.5
708	4.0
709	3.5
724	3.5
750	3.5
778	4.0
783	4.0
837	4.0
838	3.5
851	3.5
858	3.5
888	2.5
898	4.5
899	5.0
900	4.5
901	4.0
902	4.5
903	5.0
904	4.5
905	4.0
908	4.0
909	4.0
910	4.0
911	4.0
912	4.0
913	4.0
914	1.0
915	4.0
916	4.0
918	4.0
919	4.0
920	4.5
922	4.0
923	4.5
924	2.5
926	5.0
927	4.0
928	4.0
932	0.5
933	4.0
934	3.0
938	3.5
940	4.0
942	3.5
943	4.0
945	4.0
946	3.5
947	3.0
948	4.0
950	4.0
951	4.0
953	4.5
954	4.5
955	4.0
969	3.5
971	5.0
986	3.5
1013	3.0
1022	4.0
1028	3.0
1029	4.0
1032	4.5
1033	4.0
1035	4.0
1057	3.0
1059	3.5
1060	3.5
1064	3.0
1066	4.0
1073	4.0
1077	4.5
1078	3.0
1079	4.0
1084	5.0
1088	3.5
1089	4.5
1095	4.0
1097	0.5
1101	2.0
1103	3.0
1104	3.0
1124	4.0
1136	4.0
1172	3.5
1179	3.5
1183	3.5
1186	4.0
1188	2.5
1193	4.0
1196	4.0
1197	3.5
1198	3.5
1200	3.0
1201	4.0
1203	4.5
1204	3.0
1206	4.0
1207	4.0
1208	3.5
1210	4.0
1212	3.5
1213	4.0
1214	2.5
1219	3.5
1221	3.0
1225	4.5
1228	3.5
1230	4.0
1235	4.0
1244	4.0
1246	4.0
1247	4.0
1251	4.0
1252	3.5
1254	4.0
1256	3.0
1257	3.5
1258	2.5
1259	4.5
1265	3.5
1266	4.0
1269	2.0
1270	4.0
1271	4.0
1276	4.0
1278	3.5
1279	3.5
1280	4.0
1282	4.5
1283	4.0
1284	4.0
1285	3.5
1287	4.0
1288	3.5
1290	4.0
1292	4.0
1293	3.0
1296	3.5
1302	3.5
1304	4.0
1307	4.5
1333	4.0
1345	3.5
1348	1.5
1359	2.0
1367	2.5
1380	3.5
1387	3.5
1393	4.0
1407	3.0
1411	4.0
1474	1.0
1484	3.0
1485	2.5
1500	3.5
1513	3.0
1527	3.0
1566	2.5
1569	3.5
1580	3.0
1588	3.0
1611	3.0
1617	4.0
1625	2.5
1635	3.0
1639	3.5
1641	4.0
1644	2.0
1648	3.5
1653	4.0
1673	3.5
1674	4.0
1678	4.0
1680	3.5
1682	4.0
1688	3.5
1701	4.5
1704	4.5
1707	1.0
1719	4.0
1721	4.0
1732	4.0
1777	3.0
1784	4.0
1792	3.0
1835	2.5
1845	4.0
1885	2.5
1892	3.5
1894	2.5
1895	3.0
1907	3.5
1912	3.5
1923	3.5
1938	4.0
1939	3.5
1945	3.5
1947	3.5
1950	3.5
1951	3.0
1952	4.0
1954	2.5
1955	4.0
1956	3.0
1958	4.5
1961	4.5
1962	4.0
1963	4.0
1968	4.5
1991	3.0
1997	3.5
2011	3.0
2018	3.0
2020	4.0
2028	2.0
2048	3.5
2052	2.5
2059	3.5
2065	4.5
2068	2.0
2078	3.5
2081	4.0
2085	3.5
2087	4.0
2089	2.0
2090	3.5
2096	4.0
2114	3.0
2124	3.0
2125	3.0
2132	4.0
2134	3.0
2135	1.0
2139	3.5
2141	3.0
2144	3.0
2145	2.0
2160	4.0
2174	4.0
2181	4.5
2183	3.5
2186	4.0
2203	4.0
2243	4.0
2245	4.0
2248	2.5
2268	4.0
2289	3.5
2290	2.5
2291	4.0
2294	3.5
2300	3.5
2302	4.0
2303	3.5
2318	4.0
2321	4.0
2324	4.5
2329	4.5
2335	2.0
2336	3.5
2352	4.0
2355	3.5
2356	3.5
2366	4.0
2395	3.5
2396	4.5
2398	5.0
2424	3.5
2447	2.5
2485	1.5
2502	1.0
2511	3.5
2529	4.5
2541	3.0
2571	2.5
2572	3.5
2579	3.5
2581	2.0
2594	3.5
2599	3.5
2612	4.0
2628	3.5
2657	3.0
2671	3.5
2687	1.0
2692	4.5
2706	4.0
2710	3.5
2712	4.0
2718	4.0
2720	0.5
2726	4.0
2729	4.5
2732	3.5
2750	4.0
2762	3.5
2791	3.5
2804	4.0
2858	4.0
2863	4.0
2870	3.5
2875	3.0
2915	4.0
2917	4.0
2918	4.5
2927	3.5
2935	4.5
2936	4.0
2940	4.0
2953	0.5
2959	1.0
2971	4.0
2973	4.0
2987	3.0
2996	3.5
2997	4.0
3022	3.5
3034	4.0
3051	3.0
3052	3.5
3054	1.0
3067	3.0
3072	3.5
3079	3.0
3081	3.0
3088	3.0
3095	3.5
3097	3.0
3101	3.5
3114	4.5
3129	4.0
3146	1.0
3147	4.0
3148	3.0
3152	4.0
3155	3.5
3157	2.5
3159	4.0
3160	2.5
3168	3.5
3174	3.5
3176	3.0
3186	4.0
3198	4.0
3210	3.5
3247	2.5
3271	4.0
3317	3.0
3330	4.5
3341	3.5
3350	4.0
3361	3.5
3362	4.0
3363	3.0
3365	3.0
3408	4.0
3418	4.0
3435	4.5
3448	3.0
3451	3.0
3469	3.0
3475	3.5
3477	3.5
3480	2.5
3481	3.5
3489	2.5
3499	4.0
3504	4.0
3505	3.5
3507	3.5
3535	3.0
3543	4.0
3545	4.0
3546	3.5
3549	4.0
3556	4.0
3578	4.0
3594	3.5
3606	4.0
3615	1.0
3618	4.0
3623	3.5
3629	4.0
3646	0.5
3668	2.0
3730	3.5
3751	4.0
3784	2.5
3786	2.0
3801	4.0
3812	4.0
3814	3.5
3825	3.0
3844	2.0
3882	4.0
3897	4.0
3910	0.5
3911	3.5
3916	4.0
3948	2.0
3949	4.5
3967	3.5
3969	3.0
3983	4.0
3988	0.5
3996	3.0
4007	3.0
4011	3.0
4014	4.0
4016	2.5
4024	3.5
4025	3.0
4027	3.5
4033	0.5
4034	4.0
4061	4.0
4062	3.5
4068	3.0
4144	3.0
4205	4.0
4226	4.0
4232	0.5
4235	4.5
4246	4.0
4306	4.0
4308	3.0
4310	2.5
4334	3.5
4349	3.0
4356	5.0
4357	4.0
4359	3.5
4361	4.0
4386	2.0
4432	4.5
4447	3.5
4474	3.5
4519	3.5
4557	3.0
4641	3.5
4649	3.0
4700	2.0
4701	3.5
4718	3.5
4719	3.0
4728	3.5
4733	3.5
4799	3.5
4809	3.5
4816	3.0
4823	2.0
4848	1.0
4873	3.5
4878	3.0
4886	2.5
4896	2.0
4903	1.0
4912	3.0
4914	3.5
4951	2.0
4963	4.0
4973	4.5
4974	2.5
4976	2.0
4979	4.5
4990	0.5
4993	4.0
4995	4.0
5008	4.0
5013	4.5
5017	3.5
5060	3.5
5066	0.5
5106	1.5
5135	3.5
5159	3.5
5222	3.5
5225	4.0
5291	2.5
5296	3.0
5299	0.5
5339	5.0
5349	2.0
5377	3.5
5380	3.5
5418	4.0
5444	2.0
5445	2.0
5449	1.0
5450	4.0
5464	3.5
5481	3.0
5505	3.0
5528	3.0
5540	1.5
5617	2.5
5618	4.0
5620	2.0
5621	2.0
5667	2.0
5668	3.0
5673	3.0
5679	2.0
5707	0.5
5791	4.5
5812	3.0
5816	2.0
5878	4.0
5902	4.0
5942	1.5
5943	0.5
5945	2.5
5952	4.0
5956	2.5
5957	1.5
5970	3.5
5971	3.0
5989	3.0
5991	4.5
5992	1.0
5995	3.0
6016	5.0
6155	1.0
6166	3.0
6183	3.5
6218	3.0
6266	0.5
6287	3.5
6297	3.0
6331	4.5
6338	2.5
6365	1.5
6367	2.5
6373	2.5
6377	4.0
6380	4.0
6535	2.5
6539	4.0
6550	1.0
6586	2.0
6593	2.0
6595	3.0
6620	1.5
6636	3.5
6650	4.0
6669	0.5
6708	4.0
6711	4.0
6753	4.0
6785	4.0
6787	4.0
6810	0.5
6863	3.5
6867	4.0
6870	4.0
6873	3.0
6874	4.0
6881	4.0
6890	2.0
6936	2.5
6942	4.0
6944	3.5
6951	1.0
6953	4.0
6954	4.0
6987	2.0
6993	4.5
7022	4.0
7023	4.0
7045	3.0
7064	2.0
7084	4.0
7090	3.0
7121	4.5
7132	3.5
7139	3.5
7147	4.0
7149	3.5
7151	3.0
7153	4.0
7160	4.0
7161	0.5
7162	4.0
7163	2.5
7164	2.5
7173	2.0
7215	3.5
7254	4.0
7285	3.0
7293	3.0
7303	3.0
7323	4.5
7324	3.0
7346	1.0
7347	2.0
7361	5.0
7380	1.0
7438	3.5
7444	2.5
7451	4.0
7454	2.5
7458	3.0
7460	2.0
7566	4.0
7619	4.0
7669	4.0
7934	4.0
7983	4.0
8014	3.5
8128	3.5
8360	3.5
8361	4.0
8366	4.0
8368	3.5
8372	1.0
8373	2.0
8376	0.5
8464	1.0
8492	3.5
8507	4.0
8528	2.0
8529	1.0
8530	3.5
8533	3.5
8614	3.0
8622	0.5
8636	2.0
8638	5.0
8640	1.5
8641	3.0
8643	2.5
8644	3.5
8645	4.0
8665	4.0
8690	4.0
8784	3.0
8807	3.0
8808	3.0
8873	4.0
8874	3.5
8879	3.5
8907	0.5
8910	3.0
8937	3.5
8949	3.5
8951	2.5
8957	4.0
8961	4.0
8965	1.0
8970	4.0
8972	1.0
8981	4.5
8983	2.0
26084	3.0
26133	4.0
26729	4.0
27266	2.0
27317	2.0
27706	3.5
27721	3.0
27773	4.0
27790	4.0
27808	3.0
27904	3.5
30707	1.0
30749	4.0
30793	0.5
30810	4.0
30812	3.5
30825	2.0
30898	4.0
31225	3.0
31685	0.5
31878	4.0
32587	4.0
32598	3.5
33166	4.0
33499	0.5
33615	2.0
33660	3.5
33669	4.0
33679	2.5
33794	3.0
33836	3.5
33880	4.0
34072	3.5
34153	4.0
34162	1.5
34319	2.0
34338	3.5
34528	3.5
34542	4.0
35836	4.0
35957	0.5
36517	4.0
36525	4.0
36527	4.5
36535	4.0
37384	4.0
37727	2.5
37729	3.5
37741	4.0
38061	4.0
38886	4.0
39183	4.0
39231	2.5
40339	0.5
40581	0.5
40629	4.0
40732	4.0
40815	4.0
40819	3.5
41285	4.0
41566	3.5
41569	2.5
41571	3.0
42007	0.5
42734	3.0
43836	0.5
44191	3.5
44193	3.5
44195	4.0
44555	4.0
44694	3.5
44709	4.0
44761	3.5
44974	3.5
45028	4.0
45210	3.5
45431	3.0
45447	2.0
45517	3.5
45668	2.0
45720	3.0
45722	2.5
45880	3.0
45950	3.5
46578	4.5
46723	4.0
46948	1.5
46967	3.5
46976	3.5
47099	4.0
47423	0.5
47610	3.5
47629	4.0
48043	4.0
48385	3.5
48394	4.0
48516	4.0
48696	4.0
48738	3.0
48774	3.0
48780	4.0
49272	2.5
49274	3.5
49286	3.0
49530	3.5
49824	2.5
49961	4.0
50601	3.5
50685	4.0
50798	1.0
50872	4.5
50912	4.0
51084	3.0
51255	4.0
51540	1.0
51662	1.5
52042	3.5
52281	4.0
52435	4.0
52973	3.0
52975	3.5
53121	3.0
53123	3.5
53318	4.5
53322	2.5
53519	4.0
53894	1.0
53996	3.0
54001	4.0
54004	3.0
54190	4.0
54259	4.5
54272	4.0
54286	4.0
54503	4.0
54881	4.5
54997	4.0
55052	4.0
55069	4.0
55094	1.5
55118	4.0
55247	4.0
55269	3.5
55276	3.5
55280	0.5
55290	4.0
55363	3.0
55442	4.0
55765	4.5
55768	3.0
55805	4.5
55814	4.5
55820	3.0
55830	2.5
55872	3.5
56152	3.5
56171	3.5
56333	4.0
56367	4.0
56607	3.0
56757	3.0
56782	4.0
56788	4.0
56941	2.5
56949	3.0
57669	4.5
58047	4.0
58105	3.5
58154	3.5
58559	4.0
58803	3.0
58998	3.5
59018	4.5
59315	3.5
59387	4.0
59784	3.0
60069	4.5
60072	3.0
60487	4.0
60684	3.5
60766	4.0
60950	4.0
61024	3.5
61132	3.5
61240	4.0
61323	3.5
62155	3.5
62434	4.0
62511	3.0
63062	2.0
63082	4.0
63131	4.0
63859	4.0
63876	4.0
63992	3.0
64575	3.5
64614	3.5
64620	4.0
64622	4.0
64839	4.0
64957	4.5
65130	3.0
65230	3.0
66097	4.0
66203	4.0
66665	4.5
66934	3.5
67087	4.0
67267	4.0
67408	3.5
67734	3.0
67997	3.0
68073	4.0
68157	4.5
68237	3.5
68358	3.0
68848	3.5
68954	4.0
69122	3.5
69406	2.0
69481	3.5
69640	2.5
69757	4.5
69784	2.5
69844	4.0
70183	2.0
70286	4.0
70293	4.0
71033	3.0
71211	3.5
71379	4.0
71518	4.0
71579	4.0
71745	3.0
71899	4.0
72011	4.0
72226	4.0
72378	0.5
72395	3.5
72641	1.0
72720	4.0
72731	4.0
72733	3.5
72737	3.5
72998	4.0
73017	1.0
74458	2.5
74545	4.0
74789	2.0
76093	3.5
76251	2.5
77455	2.0
78039	4.0
78499	5.0
78574	4.5
79132	4.0
79242	4.0
79293	1.5
79702	4.0
80463	4.0
80489	3.0
80549	4.0
80969	2.5
81562	4.0
81591	4.0
81834	3.0
81845	4.0
81847	3.5
81932	3.5
82459	3.5
84374	2.0
84944	3.0
86320	3.5
86833	3.0
86882	4.0
86898	0.5
87232	3.5
87869	3.0
88125	4.0
88129	3.5
88140	3.0
88163	4.0
88405	4.0
88744	3.5
88810	3.5
89470	4.0
89492	4.0
89745	2.0
89774	3.5
89804	3.0
89864	4.0
89904	4.0
90866	3.0
91077	4.0
91500	4.0
91658	3.0
93840	2.5
94959	2.5
95167	3.0
96079	2.0
96821	2.5
97304	4.0
97752	1.5
97913	4.0
97921	3.5
98154	2.0
98961	3.5
106916	3.5
108932	3.5
109487	2.5
110102	2.0
112290	4.5
112556	3.5
112623	0.5
