1	4.5
2	3.0
3	2.0
6	4.0
8	2.0
10	2.5
11	2.5
16	2.5
17	3.5
19	2.0
20	2.0
22	2.0
23	2.0
25	4.5
29	3.5
32	3.5
36	4.5
39	4.0
47	4.5
50	4.5
60	2.0
62	2.5
70	2.5
87	2.0
104	2.0
107	2.0
110	3.0
111	5.0
112	2.0
126	2.0
145	2.0
150	3.0
151	3.0
153	2.0
158	2.0
163	2.5
165	3.0
168	2.0
169	2.0
173	2.0
180	2.5
185	1.0
186	2.0
208	1.5
216	2.0
223	3.5
231	3.0
235	4.5
236	2.0
237	2.0
250	2.0
253	3.0
260	5.0
273	2.0
275	2.0
282	3.0
288	3.0
290	3.0
292	2.5
293	4.0
296	5.0
300	4.0
303	2.0
317	1.5
318	4.5
322	4.0
332	2.0
337	4.0
342	3.0
344	2.5
353	3.5
355	2.0
356	2.5
357	4.0
362	2.5
366	1.5
367	3.0
374	1.5
376	2.5
377	4.0
380	2.5
383	1.5
393	1.5
412	3.5
428	3.5
431	3.0
432	2.0
434	2.0
457	4.5
464	2.0
466	3.0
471	3.0
473	1.5
475	4.0
480	4.0
485	2.0
500	2.0
502	2.0
509	4.5
515	4.5
520	2.0
522	3.0
527	5.0
533	1.5
541	5.0
543	2.5
544	1.5
546	1.5
551	4.0
552	2.5
553	3.0
555	3.0
558	2.5
585	2.0
586	3.5
588	3.5
589	4.5
590	3.0
592	4.0
593	5.0
599	5.0
608	5.0
609	2.0
628	3.0
647	2.5
648	3.0
653	2.0
673	2.0
688	2.0
711	2.0
714	4.5
725	2.0
731	2.0
733	2.0
736	2.0
741	4.0
750	5.0
761	1.5
778	4.0
780	2.0
782	2.0
784	3.0
785	3.0
788	2.0
799	2.5
805	2.5
809	2.0
833	2.0
836	2.0
852	3.0
858	5.0
879	1.0
880	1.5
886	2.0
888	2.0
899	4.5
902	4.0
903	5.0
904	5.0
908	4.5
910	4.5
911	4.0
912	5.0
913	5.0
919	5.0
923	5.0
924	5.0
926	5.0
930	4.5
940	5.0
951	5.0
965	5.0
968	5.0
990	2.0
996	1.5
1003	2.0
1005	2.0
1015	3.0
1021	2.0
1025	3.0
1027	2.0
1028	4.0
1031	3.5
1032	3.5
1036	4.5
1043	2.0
1049	2.0
1050	3.0
1057	2.5
1060	4.0
1061	2.0
1073	3.5
1079	4.0
1080	4.0
1083	2.5
1084	5.0
1089	5.0
1090	4.5
1091	1.5
1092	2.0
1093	3.0
1094	4.0
1101	2.5
1103	4.5
1104	5.0
1120	3.5
1136	5.0
1175	3.5
1176	3.5
1179	4.5
1183	3.0
1185	4.5
1188	3.5
1189	5.0
1193	5.0
1196	5.0
1197	4.5
1198	5.0
1199	5.0
1200	4.5
1201	4.5
1203	4.5
1204	5.0
1206	5.0
1207	5.0
1208	5.0
1209	5.0
1210	4.0
1213	5.0
1214	5.0
1215	2.5
1217	4.5
1219	5.0
1220	3.5
1221	5.0
1222	4.0
1225	5.0
1227	5.0
1228	5.0
1230	5.0
1231	4.5
1233	5.0
1234	4.5
1237	5.0
1240	4.5
1244	4.5
1245	4.0
1246	3.0
1247	5.0
1250	4.5
1251	5.0
1252	5.0
1255	2.0
1256	5.0
1258	4.5
1259	4.0
1261	4.0
1262	4.5
1263	5.0
1265	4.5
1266	5.0
1270	4.0
1272	4.0
1273	4.0
1275	2.5
1277	4.0
1278	5.0
1287	4.5
1288	5.0
1291	3.5
1293	4.0
1299	4.0
1301	4.0
1304	5.0
1320	2.5
1339	3.0
1343	2.5
1345	4.0
1347	3.5
1348	4.5
1350	4.0
1354	4.5
1357	3.5
1358	4.0
1359	2.0
1367	2.0
1370	2.0
1378	2.5
1379	2.0
1385	2.0
1387	5.0
1388	2.5
1389	1.5
1391	2.0
1393	3.5
1394	4.5
1404	2.0
1407	4.5
1408	4.0
1419	4.5
1425	2.0
1432	2.0
1438	2.0
1449	3.5
1457	2.0
1459	2.0
1464	3.0
1466	4.0
1474	1.5
1479	1.5
1485	2.5
1488	2.0
1499	2.0
1500	3.0
1517	3.5
1527	3.5
1544	2.0
1550	2.0
1552	2.0
1556	1.0
1562	2.0
1573	3.5
1580	2.5
1586	2.0
1588	2.0
1593	1.5
1597	2.0
1598	2.0
1601	2.0
1604	2.0
1608	2.0
1610	3.0
1617	4.5
1625	2.5
1635	3.5
1639	3.5
1641	3.0
1644	2.0
1645	2.0
1653	2.5
1663	3.0
1673	5.0
1674	4.0
1676	2.5
1682	4.0
1690	2.5
1702	2.0
1704	3.5
1707	2.0
1711	3.0
1713	2.0
1717	2.5
1719	4.5
1721	4.0
1722	2.5
1726	1.5
1729	4.0
1730	3.5
1732	4.0
1747	3.5
1748	4.0
1754	2.0
1772	1.5
1777	2.5
1779	1.5
1784	3.5
1792	2.0
1801	2.0
1805	2.5
1821	1.5
1831	1.5
1833	2.0
1858	1.5
1876	2.5
1882	2.0
1884	3.5
1894	1.5
1912	4.5
1917	1.5
1918	2.0
1920	2.0
1923	3.5
1924	2.0
1941	4.5
1952	5.0
1953	5.0
1954	4.5
1955	3.5
1961	3.5
1967	4.0
1968	2.5
1974	2.0
1975	2.0
1976	2.0
1977	2.0
1978	1.5
1979	1.5
1980	2.0
1981	2.0
1982	5.0
1983	1.5
1997	5.0
1998	2.0
2000	3.5
2002	2.0
2003	3.0
2004	2.0
2005	3.0
2006	3.0
2010	5.0
2011	2.5
2012	2.5
2013	3.0
2018	5.0
2019	5.0
2020	4.0
2022	4.0
2023	3.5
2027	2.0
2028	4.0
2042	2.0
2052	2.0
2053	2.0
2054	3.0
2058	3.0
2059	2.0
2076	5.0
2082	2.5
2083	3.0
2102	4.0
2107	2.0
2115	3.0
2118	3.0
2124	3.0
2125	2.0
2126	1.5
2134	2.0
2150	3.0
2151	2.5
2153	1.5
2162	2.0
2167	2.5
2174	3.0
2178	2.5
2181	3.0
2186	4.5
2194	4.0
2203	4.0
2231	3.0
2232	2.5
2245	3.0
2265	1.5
2268	3.0
2273	2.5
2278	3.0
2279	1.5
2289	4.5
2291	4.0
2294	3.0
2296	2.0
2297	2.0
2300	5.0
2302	2.5
2324	3.5
2329	3.5
2334	2.0
2336	4.0
2338	1.5
2353	2.5
2366	5.0
2367	2.0
2376	2.0
2389	1.5
2391	3.5
2395	5.0
2396	4.0
2406	3.5
2409	2.5
2410	2.5
2411	1.5
2412	1.5
2421	2.0
2422	2.0
2427	5.0
2428	2.5
2429	2.0
2435	3.0
2459	4.5
2474	2.5
2478	3.0
2490	2.0
2502	3.0
2513	1.0
2529	4.0
2539	2.5
2542	3.0
2558	2.0
2568	2.0
2571	5.0
2572	2.0
2574	2.0
2580	2.0
2581	1.5
2587	1.5
2599	4.5
2605	2.0
2606	3.0
2616	2.0
2617	2.5
2628	2.0
2671	3.5
2683	2.5
2692	3.5
2699	2.0
2700	4.0
2701	1.5
2706	2.5
2709	2.0
2710	3.0
2712	3.0
2713	2.0
2716	4.5
2717	1.5
2719	2.0
2720	1.5
2722	2.0
2723	2.5
2728	3.5
2729	3.5
2730	4.5
2762	3.5
2770	2.0
2788	3.0
2793	2.0
2795	3.0
2797	4.0
2805	2.0
2808	1.5
2826	2.0
2828	2.0
2846	2.5
2858	5.0
2859	5.0
2871	4.5
2890	4.5
2916	3.0
2918	4.0
2947	4.5
2953	3.0
2959	4.0
2966	3.5
2976	3.0
2978	1.5
2989	2.5
2990	2.0
2991	2.0
2997	5.0
3006	4.0
3030	5.0
3034	3.0
3037	3.5
3052	2.5
3072	4.5
3081	3.0
3082	2.0
3083	4.5
3089	5.0
3100	3.5
3104	3.5
3105	3.0
3108	3.5
3113	2.0
3114	4.0
3129	3.0
3147	2.5
3156	2.0
3160	4.0
3168	5.0
3175	2.5
3176	3.5
3201	4.5
3208	2.0
3210	4.5
3246	4.0
3247	2.5
3253	3.5
3255	3.5
3256	2.0
3257	2.0
3260	4.0
3264	2.0
3267	3.5
3268	1.5
3272	3.0
3273	2.5
3285	2.0
3301	2.0
3355	2.0
3358	3.0
3362	5.0
3363	4.5
3365	5.0
3386	3.5
3388	2.5
3398	3.5
3408	4.0
3418	5.0
3420	3.0
3424	5.0
3438	2.0
3439	1.5
3440	1.5
3448	3.0
3452	2.0
3468	5.0
3471	4.5
3479	2.5
3481	4.0
3483	2.0
3484	1.5
3489	2.0
3499	3.0
3510	2.0
3527	3.5
3536	3.0
3552	3.0
3555	2.0
3578	3.0
3617	2.0
3623	2.0
3624	2.5
3633	3.0
3635	2.5
3638	1.5
3639	3.0
3671	5.0
3693	1.5
3697	1.5
3702	3.5
3703	4.5
3704	2.0
3717	2.0
3735	4.5
3741	4.5
3744	1.5
3752	2.5
3753	2.0
3755	2.5
3783	3.5
3784	2.0
3785	1.5
3793	3.0
3826	2.0
3861	2.0
3893	3.0
3896	1.5
3897	4.5
3910	4.0
3916	2.0
3948	2.5
3949	3.5
3973	2.0
3978	2.0
3979	1.5
3980	2.0
3988	3.0
3994	2.5
3996	5.0
3997	2.0
3999	2.0
4005	2.0
4006	2.0
4011	2.5
4015	2.0
4016	2.0
4022	3.0
4023	2.0
4025	1.0
4027	3.5
4031	2.0
4034	4.0
4036	3.0
4085	3.0
4105	3.0
4124	1.5
4143	1.5
4144	4.0
4148	2.0
4149	1.5
4153	2.0
4159	1.5
4161	2.5
4167	2.0
4207	1.0
4211	3.5
4225	2.5
4226	4.5
4232	3.0
4235	3.5
4239	2.0
4246	3.0
4262	3.0
4265	2.0
4270	2.0
4299	1.5
4306	3.5
4308	4.0
4318	3.0
4321	3.0
4344	2.0
4349	3.0
4361	4.5
4367	2.0
4369	2.0
4378	4.0
4388	1.0
4406	4.5
4446	2.5
4448	2.0
4487	2.0
4492	2.0
4506	3.0
4526	2.0
4545	2.0
4571	2.5
4638	2.0
4639	2.0
4641	3.5
4643	1.5
4661	3.0
4662	1.5
4673	1.5
4677	2.0
4686	1.5
4701	2.0
4720	3.5
4734	2.0
4744	2.0
4776	3.0
4802	3.0
4844	2.5
4845	2.0
4848	5.0
4855	4.5
4865	2.5
4866	2.0
4874	2.5
4878	4.0
4881	3.5
4887	1.5
4890	1.5
4896	4.0
4901	2.0
4911	3.0
4914	5.0
4951	2.0
4958	2.0
4963	3.5
4967	3.5
4973	4.0
4979	4.0
4980	2.5
4992	2.5
4993	4.5
4995	2.5
5010	3.5
5013	4.5
5016	2.5
5047	2.0
5060	5.0
5065	2.0
5092	2.0
5110	2.0
5159	3.0
5171	1.5
5218	2.0
5220	1.5
5254	2.5
5291	5.0
5309	2.0
5316	2.5
5323	1.5
5325	3.5
5349	4.0
5377	3.0
5378	1.5
5385	5.0
5388	3.0
5418	4.0
5420	2.0
5445	3.5
5446	3.5
5449	1.5
5464	3.0
5478	2.0
5502	3.0
5508	4.0
5541	3.0
5553	2.0
5618	5.0
5620	2.0
5621	1.5
5630	2.0
5669	4.5
5673	4.0
5747	4.0
5796	2.5
5816	2.5
5872	2.0
5900	2.0
5902	3.5
5952	4.5
5954	3.0
5956	3.5
5989	3.5
5991	4.0
5995	4.5
6001	4.0
6003	3.0
6059	1.5
6062	3.0
6156	2.0
6157	2.0
6218	2.5
6296	3.0
6333	3.0
6365	2.0
6377	4.5
6378	3.0
6383	2.0
6502	4.0
6534	3.0
6539	3.5
6567	2.5
6595	1.5
6615	2.0
6620	4.5
6659	2.5
6663	2.5
6664	2.0
6669	4.5
6708	3.0
6709	2.5
6711	4.5
6731	2.5
6754	1.0
6755	2.5
6787	4.5
6793	2.5
6794	2.0
6796	4.5
6807	4.0
6863	3.0
6870	4.0
6874	4.0
6888	2.0
6934	2.5
6947	4.0
6950	2.5
6953	3.5
6957	3.5
6987	5.0
6993	4.5
6996	1.5
7000	2.0
7004	2.5
7013	4.5
7022	3.5
7027	3.0
7045	3.0
7075	4.0
7090	4.0
7132	4.5
7137	3.0
7139	3.0
7143	2.5
7147	3.0
7149	3.0
7153	4.5
7156	4.5
7162	3.0
7173	2.0
7293	2.5
7325	2.5
7327	5.0
7361	5.0
7419	3.5
7438	4.0
7454	1.5
7570	2.0
7573	2.0
8042	5.0
8154	5.0
8360	3.0
8361	1.5
8368	4.0
8376	3.5
8464	3.0
8596	1.5
8641	3.0
8665	3.5
8784	3.0
8810	1.5
8873	4.0
8874	4.0
8879	3.5
8910	3.5
8917	3.0
8949	4.5
8957	1.5
8970	3.0
8972	1.5
25788	4.5
26152	2.0
27706	2.5
27790	3.0
30793	3.0
30810	3.0
31696	2.0
32587	3.5
32596	2.0
33004	3.0
33162	2.5
33164	1.5
33493	3.0
33615	2.5
33679	2.5
33794	3.5
34048	3.5
34072	3.5
34162	2.5
34319	2.0
36401	2.0
37729	3.5
37733	4.0
38061	3.0
38304	4.5
39292	4.0
39381	3.5
40278	3.0
40815	3.5
40819	3.5
41566	3.0
41569	3.0
41997	3.0
42723	2.0
42738	1.5
44191	3.5
45722	2.5
48394	5.0
48516	4.5
