1	2.0
2	1.0
6	4.0
10	2.0
12	1.0
15	1.5
16	3.0
19	1.0
22	2.0
23	1.0
31	3.0
32	3.5
34	2.0
39	1.5
44	2.0
47	4.0
50	3.5
93	1.0
95	2.0
110	3.0
111	3.5
112	1.5
145	1.5
150	2.0
151	2.5
153	1.0
160	1.0
161	2.0
165	4.0
168	1.0
169	1.0
170	1.5
172	2.0
173	1.0
185	1.0
196	0.5
204	1.5
208	1.0
216	0.5
227	1.5
231	1.0
235	2.5
238	1.5
253	4.0
256	1.0
260	4.0
261	2.5
288	2.0
292	2.5
293	3.5
296	4.0
307	4.0
315	1.5
316	2.5
318	3.5
329	2.5
337	3.0
344	1.0
345	1.5
350	2.0
353	3.0
355	1.0
356	3.5
357	2.0
362	1.5
364	2.0
365	2.0
366	0.5
367	1.0
368	2.0
370	1.0
374	0.5
377	1.5
379	2.0
380	2.5
381	2.0
382	2.0
383	1.5
393	1.0
405	1.0
410	0.5
413	1.0
416	1.0
420	0.5
426	2.0
427	1.5
432	0.5
434	2.0
435	1.0
440	1.5
442	1.5
455	0.5
457	3.5
464	2.5
466	1.0
474	3.0
475	3.5
480	3.5
485	3.0
489	1.0
492	1.5
494	1.5
500	1.0
502	0.5
504	1.5
507	2.0
508	3.5
509	1.0
519	1.0
520	1.0
522	3.0
527	4.0
529	1.0
531	2.0
532	1.5
533	1.5
539	2.0
541	4.5
543	1.0
546	1.0
552	2.0
555	3.0
586	1.0
588	2.0
589	4.0
590	2.5
592	2.5
593	3.5
594	3.5
595	2.0
596	3.5
597	1.5
608	3.0
610	3.0
611	1.0
648	3.0
667	1.5
673	0.5
733	2.5
736	1.5
741	4.5
743	1.0
750	3.5
761	0.5
778	3.5
780	1.5
784	1.0
786	2.0
788	1.0
799	2.5
802	2.0
805	2.0
808	1.5
832	1.5
836	2.0
849	1.5
858	5.0
861	3.0
880	1.5
904	3.5
908	2.5
912	4.0
914	2.5
917	1.5
919	2.5
923	2.5
924	4.0
944	3.0
949	2.5
953	2.0
968	3.0
969	2.0
971	3.5
991	3.0
1003	1.0
1004	2.0
1005	0.5
1020	2.0
1027	3.0
1028	2.0
1029	3.0
1035	2.5
1036	3.5
1037	1.0
1047	2.0
1061	2.5
1079	2.5
1080	3.5
1083	2.0
1089	3.0
1090	3.5
1097	2.5
1101	2.0
1103	3.0
1127	2.5
1128	3.5
1129	3.5
1136	3.5
1148	3.0
1178	3.0
1183	2.5
1193	3.0
1196	4.0
1198	4.5
1200	4.5
1201	4.5
1206	3.5
1208	4.0
1209	3.5
1210	3.5
1211	3.0
1214	4.5
1215	2.0
1217	3.0
1218	3.0
1219	2.5
1221	4.0
1222	4.0
1223	3.0
1225	3.5
1227	3.5
1228	2.5
1232	3.5
1233	4.0
1240	4.5
1241	4.5
1246	3.5
1249	3.0
1253	3.5
1255	4.0
1258	3.5
1261	3.0
1262	3.5
1263	2.5
1266	4.0
1270	2.5
1274	2.5
1275	3.0
1278	3.5
1281	3.0
1287	4.0
1288	3.0
1289	3.0
1291	4.0
1293	3.5
1298	4.0
1320	4.0
1321	3.0
1330	3.0
1339	3.0
1342	3.0
1345	2.0
1347	2.5
1348	3.0
1350	3.0
1367	1.0
1370	2.0
1371	2.5
1374	3.5
1377	1.5
1378	2.5
1385	1.5
1387	4.0
1388	1.0
1389	1.0
1391	1.0
1396	2.5
1407	1.5
1408	3.0
1409	2.0
1429	2.5
1438	2.0
1466	2.0
1479	1.0
1485	1.0
1499	1.5
1515	1.5
1517	3.0
1526	2.0
1527	3.5
1544	1.5
1552	5.0
1556	1.0
1562	1.0
1573	2.0
1580	1.5
1584	3.0
1587	3.5
1588	1.5
1589	1.5
1590	1.5
1597	2.0
1598	1.0
1608	1.0
1610	2.5
1617	2.5
1619	2.0
1623	2.0
1625	3.0
1644	0.5
1645	2.5
1653	3.0
1676	1.5
1680	3.0
1681	0.5
1682	3.0
1690	2.5
1704	2.5
1713	0.5
1717	1.0
1721	2.0
1722	1.5
1729	3.0
1730	2.0
1748	3.0
1762	3.0
1769	2.5
1777	0.5
1779	2.5
1792	2.0
1799	2.5
1801	2.0
1831	2.0
1858	2.0
1862	1.0
1873	3.0
1876	2.0
1882	1.0
1892	1.5
1907	2.0
1909	2.0
1917	1.0
1918	2.5
1921	3.5
1923	0.5
1927	3.5
1947	2.5
1954	3.0
1961	2.5
1971	1.5
1972	1.0
1973	1.0
1974	2.0
1982	2.0
1983	1.5
1997	3.0
2000	3.0
2001	1.5
2002	2.0
2003	2.0
2004	2.0
2005	2.0
2006	1.5
2009	3.5
2011	2.0
2012	1.5
2018	3.5
2019	3.0
2021	3.0
2022	3.0
2023	4.5
2028	2.5
2042	1.5
2052	1.0
2053	0.5
2054	1.5
2058	3.0
2059	1.0
2083	2.0
2088	2.0
2105	2.5
2115	4.0
2116	2.5
2117	3.5
2122	1.5
2124	1.0
2126	1.5
2143	2.0
2147	3.5
2161	2.5
2162	1.5
2167	2.5
2174	2.5
2186	3.0
2194	3.5
2232	3.5
2253	1.5
2273	1.5
2287	2.0
2288	4.0
2291	2.0
2294	1.5
2321	3.0
2324	3.0
2325	3.0
2328	1.5
2329	4.0
2338	1.0
2344	1.5
2353	2.0
2355	1.5
2363	2.5
2364	2.0
2367	1.5
2371	1.5
2373	2.0
2376	1.5
2378	1.5
2389	1.5
2401	3.0
2402	1.0
2403	3.0
2404	1.0
2405	2.0
2409	2.5
2411	2.0
2412	1.0
2420	2.0
2421	1.5
2422	1.0
2423	2.0
2424	1.5
2427	3.5
2428	1.5
2448	1.0
2450	1.5
2451	1.5
2455	2.0
2456	0.5
2459	2.0
2467	3.5
2470	1.0
2471	1.5
2478	1.5
2490	2.5
2505	2.0
2514	1.0
2525	1.5
2529	3.0
2530	2.0
2531	2.0
2532	2.0
2533	2.0
2541	1.5
2542	4.0
2548	1.0
2567	1.5
2571	3.0
2572	1.5
2581	0.5
2600	2.5
2616	1.5
2617	2.0
2625	3.0
2628	1.5
2640	2.0
2642	0.5
2654	3.5
2657	3.0
2660	3.5
2662	3.0
2671	2.0
2683	3.0
2692	3.5
2699	1.5
2700	0.5
2701	1.0
2706	1.5
2710	3.0
2712	4.0
2716	2.0
2717	2.0
2719	1.5
2722	1.5
2728	2.5
2729	2.5
2730	3.5
2748	0.5
2762	3.5
2763	2.0
2789	2.5
2791	3.0
2792	2.0
2793	1.5
2797	2.0
2803	3.0
2805	1.0
2807	1.0
2808	3.0
2810	2.0
2822	2.0
2826	2.0
2840	3.0
2858	3.0
2862	2.5
2863	2.5
2867	3.0
2872	3.5
2879	1.5
2900	3.0
2916	2.5
2924	4.5
2946	2.0
2947	3.5
2948	2.5
2949	3.0
2951	3.5
2953	1.0
2959	4.0
2985	3.0
2987	3.5
2989	2.0
2990	2.0
2991	2.0
2997	2.5
3000	3.5
3005	2.0
3006	2.5
3016	1.0
3020	3.0
3033	1.5
3034	3.0
3052	3.0
3053	2.0
3054	1.0
3062	3.0
3081	3.0
3082	1.5
3100	3.0
3113	1.5
3147	3.0
3153	4.0
3175	3.5
3176	3.0
3198	3.5
3208	2.5
3250	4.0
3252	2.5
3253	1.0
3254	2.0
3257	1.0
3259	2.0
3263	1.5
3265	4.0
3267	3.0
3269	2.5
3270	3.0
3273	1.0
3275	3.5
3300	3.5
3307	3.0
3328	3.5
3355	2.5
3386	2.5
3388	1.5
3391	1.0
3409	2.5
3412	3.0
3438	3.5
3440	1.0
3444	3.0
3452	1.5
3462	3.5
3471	2.0
3481	2.0
3489	1.5
3498	3.5
3527	4.0
3535	2.5
3538	3.0
3551	2.5
3555	1.5
3556	2.0
3578	3.5
3598	2.5
3623	1.5
3624	2.0
3629	4.0
3633	1.5
3635	1.5
3639	2.0
3671	2.5
3681	3.5
3693	0.5
3697	2.5
3698	1.5
3702	2.5
3703	3.5
3704	1.5
3717	1.5
3723	2.0
3740	3.5
3744	1.0
3751	1.5
3753	2.0
3755	2.5
3766	2.5
3785	1.5
3793	2.0
3799	0.5
3825	1.0
3826	1.0
3863	2.0
3868	3.5
3869	2.5
3889	1.0
3895	1.5
3897	3.0
3908	1.0
3917	2.0
3918	2.0
3930	2.0
3948	2.5
3949	4.5
3967	3.5
3972	3.0
3973	1.0
3979	1.0
3980	3.0
3981	1.5
3984	2.0
3986	1.5
3994	2.0
3996	4.5
3997	0.5
3999	1.0
4008	2.5
4011	3.5
4015	0.5
4022	2.5
4030	1.5
4036	4.0
4041	2.0
4085	2.0
4103	3.5
4104	0.5
4105	3.0
4124	1.5
4133	2.0
4148	1.5
4161	1.5
4223	2.5
4235	3.5
4239	3.5
4246	2.5
4262	3.0
4265	1.0
4270	2.0
4275	1.5
4306	3.5
4308	2.5
4310	2.0
4321	1.0
4327	2.0
4343	0.5
4344	1.0
4367	1.0
4369	1.5
4370	3.0
4387	2.5
4388	1.5
4446	1.5
4447	1.5
4467	3.0
4508	2.5
4519	2.0
4531	1.0
4553	3.0
4621	1.0
4624	4.0
4638	1.0
4643	2.5
4673	1.5
4681	2.0
4701	1.5
4720	2.0
4733	3.5
4756	0.5
4846	1.5
4865	2.0
4874	2.5
4878	3.5
4886	3.0
4887	1.5
4896	2.5
4963	2.0
4973	4.0
4975	3.0
4980	1.5
4992	1.0
4993	4.0
4995	3.5
5009	3.0
5010	2.0
5026	2.0
5040	2.5
5047	1.5
5055	3.0
5064	3.0
5072	3.0
5093	1.5
5094	1.0
5103	3.0
5128	2.0
5146	2.5
5171	2.5
5218	2.5
5219	1.5
5225	3.5
5254	1.5
5267	1.0
5313	1.0
5323	1.0
5349	2.0
5378	1.0
5379	2.5
5400	1.5
5418	3.0
5445	3.0
5459	1.5
5463	2.0
5478	1.0
5481	3.0
5500	2.0
5502	2.5
5507	2.0
5540	3.0
5541	1.5
5618	2.5
5630	3.0
5669	3.0
5679	2.0
5690	3.5
5693	2.0
5784	1.5
5810	3.0
5816	3.0
5833	3.0
5872	0.5
5952	3.5
5956	2.5
5995	4.0
6016	4.5
6058	1.5
6157	1.5
6197	3.5
6242	4.5
6250	2.0
6264	1.0
6270	2.0
6283	3.5
6287	1.0
6294	1.0
6333	1.5
6350	3.5
6365	2.0
6383	1.0
6502	3.5
6503	0.5
6534	2.5
6535	1.0
6537	2.0
6539	2.5
6541	1.0
6550	1.0
6615	0.5
6659	2.5
6664	2.0
6711	2.5
6721	3.0
6731	2.5
6754	2.0
6773	4.0
6793	1.0
6794	1.0
6807	3.5
6857	1.0
6874	3.0
6880	1.5
6934	1.5
6947	4.0
7007	2.0
7017	2.0
7022	3.0
7090	3.5
7099	3.5
7143	2.0
7147	2.5
7153	3.5
7163	1.0
7235	2.5
7318	3.0
7323	3.5
7360	1.5
7361	4.5
7373	2.0
7386	3.0
7387	2.0
7438	3.0
7439	1.0
7454	2.0
7458	2.0
7482	3.0
7569	2.0
7570	1.0
7573	1.5
7701	1.0
7981	4.0
8360	3.0
8361	1.5
8368	3.5
8370	3.0
8371	2.0
8372	1.0
8387	0.5
8464	2.5
8501	2.0
8526	0.5
8528	0.5
8581	3.5
8607	3.0
8622	3.0
8636	2.0
8640	1.0
8644	2.0
8665	2.5
8666	0.5
8783	3.0
8798	1.5
8810	1.5
8861	1.0
8865	2.5
8873	4.0
8917	2.5
8957	2.0
8961	2.0
8969	2.0
8970	3.0
8972	0.5
8977	2.5
8983	3.0
8985	1.5
26152	2.5
26662	3.0
26680	3.5
26776	4.0
27317	3.5
27728	3.5
27731	3.0
27772	3.0
27773	3.5
27801	3.0
27822	2.0
27839	1.5
30707	3.0
30793	3.5
30810	3.5
30812	3.0
30825	1.5
31410	3.5
31658	4.0
31696	3.0
31878	2.5
32017	1.0
32587	4.0
32596	1.0
33004	3.0
33162	3.0
33437	2.5
33493	2.5
33615	1.5
33794	3.0
33834	2.0
34048	3.0
34072	3.5
34150	1.5
34532	3.5
36401	3.0
36517	4.5
36529	3.5
37380	1.0
37386	1.0
37729	2.5
37733	3.0
37830	2.5
39446	1.5
40278	3.0
40583	4.0
40732	2.0
40815	3.0
40819	4.0
41566	2.5
41569	3.5
41997	3.5
42723	2.5
42738	1.0
43679	1.0
43919	0.5
43936	2.0
44191	2.5
44193	1.5
44397	3.5
44665	3.5
44972	1.0
45081	3.5
45186	3.0
45431	2.0
45447	2.0
45499	1.0
45666	2.0
45672	1.0
45722	2.5
45880	2.5
46322	3.5
46530	2.0
46723	3.5
46965	2.0
47200	3.0
48043	3.0
48082	4.0
48142	3.0
48304	3.0
48385	3.0
48394	3.0
48516	3.0
48738	4.0
48774	3.0
48780	3.5
48877	1.0
48997	3.5
49272	4.0
49274	2.0
49396	3.0
49530	3.5
49649	1.0
50068	4.0
50794	3.5
50798	0.5
51086	3.0
51255	2.0
51540	2.5
51662	3.5
51709	3.5
51935	2.5
52319	3.0
52328	3.5
52722	2.0
53000	2.5
53125	2.0
53464	2.0
53519	3.5
53894	3.0
53953	2.5
53972	3.5
53996	1.5
54001	3.0
54272	3.0
54286	3.0
54648	1.0
54995	3.5
55232	2.0
55247	4.0
55276	3.0
55282	2.0
55577	2.0
55765	4.0
55820	4.0
55908	3.5
55995	3.0
56145	3.5
56156	1.5
56251	3.0
56339	3.5
56757	4.0
56801	1.0
57368	3.0
57528	3.5
57640	2.5
58105	2.5
58293	2.0
58559	3.5
59103	2.0
59315	3.0
59501	3.0
59615	3.5
59725	1.0
59784	3.0
60037	4.0
60040	3.0
60069	4.0
60072	3.0
60074	2.0
60161	2.5
60684	3.5
60937	1.0
61132	2.5
62394	1.5
62956	2.0
63113	3.0
63992	2.0
64497	2.0
64614	4.0
64620	3.0
64839	4.0
64983	3.0
65514	4.0
65642	3.5
66297	2.5
67197	3.0
68157	4.5
68237	3.5
68319	2.5
68358	3.0
68554	2.5
68791	3.0
68954	3.5
69134	2.0
69481	4.0
69526	1.0
69640	3.0
69784	2.0
69844	3.0
70286	3.0
71135	3.5
71379	3.0
71530	2.5
71535	3.5
71899	3.5
72226	4.0
72378	1.5
72407	1.5
72998	3.0
73017	3.5
73268	2.0
73321	2.0
73344	3.5
74458	4.0
74545	3.5
74789	3.0
74795	3.0
76175	2.0
76251	1.5
77561	2.0
77866	2.0
78105	2.0
78772	1.5
79057	3.5
79132	4.5
79695	3.5
79702	1.5
81229	2.5
81562	3.5
81591	4.0
81834	3.5
81845	3.5
82461	2.5
84601	2.5
84772	3.5
84944	3.5
86190	3.5
86332	2.0
87232	3.0
87520	1.0
88129	4.0
88140	3.0
88744	3.0
89745	3.0
90746	4.0
91542	3.0
91630	3.0
91658	3.5
