1061	4.0
3007	4.0
3300	3.5
3355	1.0
3566	2.5
3598	4.0
3793	1.5
3896	2.0
3950	2.5
3952	1.5
3967	2.0
3968	0.5
3994	4.0
4011	2.5
4015	1.5
4016	3.5
4017	2.5
4020	2.0
4021	3.0
4024	4.5
4027	4.0
4029	2.0
4033	2.0
4034	3.5
4036	1.5
4056	2.5
4068	1.0
4077	4.5
4144	5.0
4148	2.5
4158	2.5
4161	2.5
4225	3.0
4226	3.5
4232	3.0
4234	1.5
4235	2.5
4239	2.0
4246	3.0
4248	2.5
4251	3.5
4255	3.0
4299	2.0
4304	3.5
4305	3.0
4306	1.5
4308	4.0
4334	5.0
4344	2.5
4345	2.5
4369	3.5
4370	2.5
4372	2.0
4378	3.0
4380	2.0
4383	2.5
4446	2.0
4447	3.5
4448	2.5
4450	3.5
4641	3.0
4642	3.0
4649	4.0
4718	1.5
4719	2.5
4720	2.0
4723	3.5
4725	2.0
4733	2.0
4735	3.5
4741	2.5
4745	3.0
4776	3.5
4783	3.5
4814	1.5
4848	4.0
4865	1.5
4873	2.5
4878	4.5
4881	3.0
4886	3.5
4889	2.5
4890	2.5
4896	3.5
4902	2.0
4903	3.0
4963	3.0
4967	4.0
4973	2.5
4975	1.5
4978	3.5
4979	3.0
4993	2.5
4995	2.5
5009	3.5
5010	2.0
5013	3.5
5014	2.0
5015	3.5
5026	1.5
5051	3.0
5064	3.5
5065	3.0
5072	3.5
5074	1.5
5081	3.0
5110	3.5
5135	3.5
5219	1.0
5222	1.5
5225	4.5
5254	3.5
5265	3.0
5266	3.0
5267	3.0
5269	3.0
5294	2.5
5298	2.0
5312	1.5
5313	3.0
5325	2.5
5329	2.5
5349	3.5
5363	2.5
5377	2.0
5378	1.5
5379	3.5
5388	4.0
5401	3.5
5417	3.5
5421	2.5
5444	2.0
5445	3.5
5446	2.0
5450	3.5
5464	4.0
5479	2.5
5502	1.5
5504	2.5
5505	1.5
5506	2.0
5507	3.0
5508	3.5
5524	2.5
5528	3.5
5564	1.0
5572	3.5
5577	1.5
5608	2.5
5613	4.5
5617	3.0
5618	4.0
5666	3.5
5669	3.5
5673	3.0
5679	2.5
5785	2.5
5792	4.0
5809	2.5
5810	2.5
5812	4.0
5816	2.0
5876	2.5
5878	3.5
5881	3.5
5890	3.5
5902	3.5
5941	2.0
5945	3.0
5954	3.5
5956	2.5
5959	3.5
5989	3.0
5992	1.5
5995	3.0
6003	2.5
6016	3.0
6058	2.5
6062	4.0
6188	2.0
6197	3.0
6214	4.5
6216	3.0
6223	2.0
6264	3.0
6286	4.0
6291	1.5
6296	2.5
6331	2.0
6333	4.0
6365	2.0
6367	3.5
6377	3.0
6378	3.5
6379	1.5
6380	3.5
6502	4.0
6503	1.5
6534	2.5
6538	2.0
6539	4.0
6552	2.5
6586	3.0
6591	1.5
6593	2.5
6617	3.5
6620	4.0
6707	3.0
6708	3.5
6709	3.5
6711	3.5
6754	2.5
6755	2.0
6773	3.5
6776	3.5
6820	3.5
6863	4.0
6867	3.0
6870	2.5
6873	3.0
6874	3.0
6890	2.5
6932	2.5
6947	3.5
6952	2.0
6953	2.0
6954	1.5
6957	3.5
7022	2.5
7034	4.0
7090	4.0
7137	2.5
7147	2.5
7150	3.0
7151	2.0
7156	2.5
7158	3.5
7160	1.5
7162	2.0
7163	2.5
7235	3.0
7254	1.5
7256	3.0
7265	3.0
7325	2.5
7347	2.0
7348	3.5
7360	2.5
7361	4.0
7367	1.5
7371	4.5
7373	2.5
7438	3.5
7444	3.0
7451	2.5
7460	3.0
7981	3.5
8014	3.5
8361	2.5
8366	2.0
8368	3.0
8370	2.5
8373	0.5
8376	3.5
8464	3.5
8528	3.5
8529	2.0
8622	2.5
8636	3.0
8638	3.5
8641	2.0
8645	3.0
8781	3.0
8784	2.0
8798	2.0
8807	3.0
8866	3.5
8873	2.5
8874	3.5
8910	3.5
8914	3.5
8949	2.5
8951	3.5
8961	3.5
8966	2.0
8972	2.5
8973	3.5
8983	3.0
8984	3.5
9018	3.5
27266	3.5
27317	4.5
27592	4.0
27721	3.5
27727	3.0
27741	3.0
27772	2.0
27773	2.5
27788	3.0
27790	3.0
27801	2.5
27808	1.5
27822	2.0
27831	3.0
27846	3.5
27873	3.5
27904	4.0
30707	3.0
30793	2.5
30803	3.5
30810	4.0
30812	3.0
30820	2.5
30822	3.0
30825	1.5
31410	2.0
31420	2.0
31658	3.0
31804	2.5
31878	4.5
32587	2.0
32598	2.5
33154	2.5
33166	1.0
33171	3.0
33660	2.5
33794	3.0
33834	4.0
33880	3.0
33903	2.0
34162	3.0
34271	2.5
34323	3.5
34338	2.5
34437	3.5
34528	2.5
34542	3.5
35836	3.5
35957	2.0
36276	3.5
37240	2.0
37729	3.0
37733	3.5
37741	2.0
38061	3.5
38798	2.5
38886	2.5
39183	3.5
39231	1.5
39292	3.0
39381	4.0
40732	3.0
41285	3.0
41569	2.5
41573	2.0
41863	2.5
41997	3.5
42418	3.5
42632	1.5
42718	2.5
42723	1.5
44191	2.0
44195	2.5
44199	4.0
44555	2.5
44694	3.5
44761	3.5
45028	3.0
45210	3.0
45501	3.0
45880	3.0
45928	2.5
46578	2.5
46948	2.0
46970	2.5
46976	2.5
47044	3.0
47423	3.0
47629	3.0
47997	3.0
48043	1.5
48082	3.5
48142	2.0
48322	3.5
48385	1.5
48394	2.5
48516	3.5
48696	1.5
48774	3.5
48780	3.5
48783	2.5
48997	1.5
49272	3.0
49278	3.5
49932	3.0
50872	3.5
50912	2.0
51084	3.0
51091	2.5
51540	4.0
51709	4.0
52042	3.5
52245	2.5
52281	3.0
52328	3.0
52885	3.5
52952	2.5
52973	3.0
53123	2.0
53322	3.0
53519	3.5
53550	3.0
53894	3.5
53953	3.5
54286	3.0
54503	2.5
54881	3.0
55052	2.5
55069	3.0
55118	3.5
55247	2.0
55267	3.5
55269	3.0
55276	3.0
55290	4.0
55363	3.5
55442	3.0
55721	3.0
55805	3.5
55814	2.5
55820	3.0
55830	2.5
56152	3.0
56333	3.0
56367	3.0
56757	3.0
56782	4.0
58047	3.5
58303	2.0
58559	3.0
59018	2.5
59315	3.5
59369	2.5
59725	2.5
59784	3.0
60037	2.0
60069	4.0
60072	2.0
60684	2.0
60760	1.5
60766	3.0
60950	2.5
61132	3.0
61236	2.5
61240	2.5
61323	4.0
62155	2.0
62376	3.5
62434	2.5
62511	3.5
63062	2.5
63072	2.5
63082	1.5
63131	3.5
63859	3.0
63876	3.0
64575	2.5
64614	2.5
64620	2.5
64839	2.5
64957	2.0
65130	2.0
65261	3.0
66097	4.0
66509	3.0
66665	2.5
67087	2.5
67267	2.5
67734	2.5
67997	3.5
68157	3.5
68205	3.5
68237	3.0
68358	3.5
68848	3.0
68952	3.0
68954	3.0
69134	3.5
69481	2.5
69640	2.5
69757	2.0
69784	2.5
69844	3.0
69951	2.5
70599	3.5
71211	3.5
71264	3.5
71379	1.5
71464	3.5
71518	3.5
71520	2.5
71579	2.0
71745	3.5
72011	3.0
72226	4.0
72395	2.0
72720	3.0
72731	1.5
73344	3.0
74458	3.0
74545	2.5
74789	2.5
76251	2.5
77455	2.5
78039	2.0
78209	3.0
78499	3.0
78574	3.5
78772	2.0
79242	2.5
80463	3.0
80549	3.0
80906	3.0
80969	3.0
81562	2.5
81591	2.0
81782	3.5
81845	2.5
81847	3.0
81932	2.0
82459	3.0
84392	2.5
84601	3.5
84772	2.0
84944	2.5
84954	1.0
85414	2.5
85774	3.5
86190	1.5
86320	3.0
86345	3.0
86833	3.0
86882	2.0
86898	4.5
87232	2.0
87306	2.5
88125	2.5
88129	3.5
88744	2.5
89470	3.5
89492	2.0
89753	4.0
89804	2.0
89904	2.5
90866	3.5
91077	2.5
