1	4.0
2	4.0
10	4.0
12	2.5
19	3.0
31	4.0
32	4.5
34	5.0
44	3.5
47	4.5
69	4.5
70	4.0
95	3.0
104	3.5
110	4.0
135	3.5
145	3.0
150	4.5
151	4.0
153	4.0
161	4.0
173	3.5
177	3.0
180	4.0
185	3.5
186	4.0
193	3.5
196	3.5
208	4.0
223	3.5
231	3.0
253	4.0
256	3.0
260	4.0
288	4.0
292	4.5
296	4.0
316	4.0
318	5.0
329	3.0
333	3.5
344	3.0
349	4.0
353	4.0
356	4.5
364	4.5
367	3.0
377	3.5
380	3.5
393	3.5
410	3.5
435	3.0
442	4.0
457	3.5
466	4.0
471	4.5
480	4.0
494	3.5
500	4.0
519	2.5
520	4.0
541	4.0
551	5.0
588	4.0
589	4.0
592	4.0
593	4.0
608	4.0
648	3.5
653	3.5
661	4.0
671	4.0
720	4.5
733	4.0
745	4.5
750	5.0
778	4.0
780	4.0
785	4.0
786	3.5
832	3.5
839	3.0
919	4.0
1020	4.0
1036	4.0
1060	3.5
1073	4.5
1080	5.0
1089	4.0
1101	3.5
1127	5.0
1136	4.5
1148	4.5
1196	4.5
1197	4.5
1198	4.0
1199	4.0
1200	4.5
1206	4.5
1210	4.5
1214	4.0
1215	4.5
1220	5.0
1240	4.0
1242	4.5
1246	4.5
1258	4.5
1261	4.0
1265	4.0
1270	4.0
1278	4.0
1288	4.0
1291	4.5
1298	4.5
1302	4.0
1320	4.0
1356	4.0
1372	3.0
1373	3.0
1376	4.0
1377	3.5
1387	4.0
1391	3.5
1405	4.0
1449	4.0
1464	3.5
1475	4.0
1513	4.5
1517	4.0
1527	4.5
1562	3.5
1580	3.5
1584	4.5
1588	3.0
1590	3.0
1597	3.5
1608	3.5
1639	4.5
1645	4.0
1653	4.5
1665	4.0
1673	4.5
1676	4.0
1680	4.0
1682	4.5
1690	4.0
1704	4.5
1721	4.0
1722	4.0
1732	5.0
1748	4.5
1777	3.5
1784	4.5
1805	3.5
1831	3.0
1855	4.0
1862	3.5
1876	3.5
1882	3.0
1909	4.0
1917	3.5
1923	5.0
1967	4.0
2003	4.0
2005	4.0
2011	4.0
2012	3.0
2021	4.5
2028	4.5
2060	3.5
2105	4.0
2115	4.0
2125	3.5
2150	3.0
2160	4.0
2161	4.0
2167	3.5
2174	4.0
2273	3.5
2291	4.5
2294	3.5
2296	4.0
2297	4.0
2320	3.5
2321	4.0
2324	4.0
2325	3.5
2329	4.5
2340	4.0
2353	3.5
2355	4.0
2371	4.0
2387	4.0
2393	3.5
2395	4.0
2396	3.5
2402	4.0
2413	4.5
2431	4.5
2447	4.0
2478	4.0
2490	4.0
2502	4.0
2541	4.0
2542	4.5
2567	3.0
2571	4.0
2572	4.5
2580	4.5
2605	3.5
2617	4.0
2628	4.0
2683	4.0
2686	4.0
2692	4.0
2694	3.5
2700	4.5
2706	4.5
2710	3.5
2712	3.5
2716	4.0
2717	4.0
2718	4.5
2719	3.0
2722	3.5
2724	3.5
2746	3.5
2761	4.0
2762	5.0
2763	4.5
2770	4.0
2791	5.0
2792	4.5
2808	2.5
2816	3.0
2826	3.0
2836	4.5
2840	4.0
2858	4.0
2879	3.5
2890	4.5
2891	4.5
2916	4.0
2959	5.0
2985	4.0
2986	4.0
3033	4.5
3052	5.0
3053	4.0
3081	4.0
3107	4.0
3113	3.0
3114	4.0
3147	5.0
3148	4.5
3156	4.0
3157	4.5
3160	5.0
3175	4.0
3186	4.0
3189	4.0
3253	4.5
3254	4.0
3256	4.0
3275	4.5
3286	3.5
3300	4.0
3301	4.0
3354	2.5
3397	4.5
3408	4.0
3409	3.5
3421	5.0
3429	4.0
3438	4.0
3439	3.5
3452	3.0
3479	4.0
3489	4.0
3527	4.0
3552	5.0
3554	4.0
3555	3.5
3565	4.5
3578	4.5
3593	3.0
3616	3.5
3617	4.0
3671	4.0
3697	4.0
3698	4.0
3703	4.0
3704	4.0
3717	4.5
3751	4.5
3753	4.5
3755	4.0
3760	4.0
3785	4.0
3793	3.5
3802	2.5
3819	5.0
3827	3.0
3865	3.0
3869	4.0
3882	3.0
3911	5.0
3948	4.5
3968	3.5
3969	4.0
3972	4.0
3977	4.0
3980	4.5
3986	3.5
3994	3.5
3996	4.0
4011	4.0
4014	4.5
4015	4.0
4018	3.5
4022	4.0
4023	4.0
4025	4.0
4027	4.5
4033	4.5
4052	3.0
4066	4.0
4068	4.0
4105	4.5
4121	4.5
4148	3.5
4149	3.5
4158	3.0
4161	4.5
4223	4.5
4226	5.0
4247	3.5
4255	3.0
4270	3.5
4280	4.0
4299	3.5
4306	5.0
4310	4.0
4340	3.0
4343	3.0
4367	3.0
4369	3.0
4370	4.5
4372	3.0
4388	4.0
4446	4.0
4447	4.5
4467	4.5
4533	4.0
4558	3.0
4563	4.0
4571	4.5
4639	3.0
4641	4.5
4643	3.5
4718	4.5
4719	3.0
4728	3.5
4734	4.5
4776	5.0
4816	4.5
4821	3.0
4823	4.0
4845	2.0
4865	3.5
4867	3.5
4874	4.0
4878	4.5
4886	5.0
4890	4.0
4896	4.5
4963	4.5
4973	4.5
4974	4.0
4979	3.5
4980	3.5
4992	3.5
4993	5.0
5010	4.0
5014	4.0
5025	4.0
5047	3.5
5055	4.5
5066	3.5
5093	3.5
5108	4.0
5110	4.0
5135	4.0
5171	3.5
5218	3.5
5219	4.0
5254	3.5
5265	4.5
5283	4.0
5296	4.0
5299	5.0
5303	3.0
5323	3.0
5349	4.5
5378	3.5
5388	5.0
5400	3.5
5418	4.0
5445	4.0
5449	3.5
5459	3.5
5464	4.5
5478	3.0
5479	4.0
5480	4.0
5481	4.0
5500	4.0
5502	3.5
5507	3.5
5528	4.5
5541	4.0
5572	4.0
5574	4.0
5618	4.0
5620	3.5
5621	3.0
5667	4.0
5673	4.5
5679	4.5
5785	2.5
5810	4.0
5816	4.0
5872	4.0
5942	3.0
5944	3.5
5945	4.0
5952	4.5
5956	4.5
5989	5.0
6016	4.0
6058	3.0
6188	4.0
6264	2.5
6281	4.0
6297	4.0
6333	4.0
6350	3.5
6365	3.5
6373	4.0
6377	4.0
6378	4.5
6383	3.5
6502	4.5
6535	4.0
6537	4.0
6539	5.0
6541	2.5
6550	3.0
6565	4.5
6586	4.0
6595	3.5
6615	4.0
6618	4.5
6659	4.0
6662	4.5
6695	3.0
6707	3.5
6708	4.0
6711	4.5
6753	5.0
6754	4.0
6755	3.5
6765	4.5
6807	4.5
6863	4.5
6870	4.5
6873	3.5
6874	4.5
6881	3.5
6887	4.5
6888	3.5
6934	4.0
6936	4.5
6942	4.5
6947	5.0
6957	4.5
7090	4.0
7137	4.5
7139	4.5
7147	5.0
7149	4.0
7153	5.0
7155	3.5
7160	4.0
7162	4.5
7173	4.0
7254	4.5
7263	3.5
7293	4.0
7317	3.5
7325	3.0
7346	4.5
7360	4.0
7361	5.0
7366	4.0
7367	4.5
7373	4.5
7438	4.5
7445	5.0
7451	4.5
7454	3.0
7458	4.0
8360	5.0
8361	4.0
8366	5.0
8368	4.5
8371	4.0
8372	3.5
8376	4.5
8464	5.0
8528	4.0
8529	4.5
8636	5.0
8640	3.5
8641	4.5
8665	4.5
8783	4.0
8784	5.0
8798	4.0
8807	4.5
8810	3.5
8861	4.0
8865	4.0
8866	3.5
8874	4.5
8907	3.5
8910	4.0
8937	4.5
8947	3.5
8948	3.5
8957	4.5
8961	4.0
8970	4.5
8981	4.0
8984	3.5
27839	3.5
30749	4.0
30793	4.0
30810	4.0
30812	4.0
30822	4.5
30825	4.0
31225	4.5
31696	3.5
32031	4.0
32296	3.0
32587	4.5
32598	4.0
33004	4.0
33085	3.5
33162	3.5
33166	4.0
33493	3.5
33615	3.5
33646	3.5
33679	4.0
33794	4.0
34048	3.5
34150	3.5
34162	4.5
34319	4.0
34405	4.5
34520	3.5
35836	4.5
36519	3.5
36535	4.5
37380	3.5
37386	4.0
37741	4.0
39446	4.0
40581	3.5
40815	4.5
40819	4.5
41566	4.0
42723	4.0
42734	2.5
42738	4.5
43919	2.5
44191	4.0
44195	4.0
44199	4.0
44788	4.0
44828	3.5
44974	4.0
45081	4.0
45447	4.0
45517	4.5
45666	5.0
45722	4.0
45728	3.5
45928	4.0
45950	4.0
46530	3.0
46578	4.0
46970	4.5
46976	4.5
47610	4.5
48516	4.0
48738	4.5
48774	4.0
48780	4.5
49272	4.0
49530	4.5
50872	4.5
51077	3.0
51255	4.0
51662	4.5
52281	2.5
52328	4.0
52973	4.5
52975	4.0
53000	3.5
53996	3.5
54001	4.0
54272	4.5
54286	4.5
54503	4.0
54999	4.0
55820	4.5
55830	4.0
56174	4.0
56367	4.5
56775	3.5
56805	3.5
57368	4.0
57528	4.0
58998	4.5
59315	4.5
