1	5.0
6	4.0
7	2.0
10	2.0
16	2.0
17	4.0
21	5.0
22	2.0
28	3.0
29	3.0
32	5.0
39	5.0
45	4.0
47	2.0
50	4.0
70	2.0
81	1.0
95	3.0
100	2.0
111	5.0
123	5.0
150	4.0
153	1.0
154	4.0
160	2.0
161	3.0
163	2.0
165	4.0
168	2.0
172	2.0
173	2.0
176	5.0
186	1.0
194	5.0
196	2.0
198	3.0
208	2.0
223	4.0
225	4.0
235	5.0
247	3.0
256	3.0
260	5.0
265	3.0
272	4.0
292	3.0
293	2.0
296	3.0
300	5.0
303	2.0
316	3.0
318	4.0
319	3.0
322	3.0
328	2.0
329	2.0
332	2.0
344	1.0
346	3.0
348	3.0
349	2.0
350	4.0
353	2.0
355	3.0
357	3.0
362	2.0
366	3.0
367	4.0
368	3.0
370	4.0
371	3.0
373	4.0
376	3.0
377	5.0
379	4.0
380	2.0
382	2.0
390	4.5
407	3.0
410	4.0
422	2.0
423	2.0
426	2.0
431	4.0
434	3.0
436	3.0
437	3.0
440	3.0
442	3.0
454	4.0
457	4.0
459	3.0
464	2.0
466	3.0
471	3.0
474	5.0
475	3.0
480	3.0
485	1.0
490	4.0
492	4.0
494	5.0
501	4.0
506	3.0
515	3.0
517	3.0
519	2.0
520	2.0
531	4.0
532	4.0
533	4.0
534	3.0
539	3.0
540	2.0
541	5.0
555	4.0
562	4.0
565	3.0
585	4.0
586	4.0
587	4.0
589	4.0
592	2.0
593	5.0
596	3.0
597	2.0
608	3.0
628	3.0
648	2.0
653	3.5
674	2.0
680	5.0
708	3.0
719	2.0
733	3.0
735	4.0
745	4.0
750	4.0
778	3.0
780	2.0
782	2.0
786	3.0
788	3.0
798	3.0
799	4.0
800	3.0
805	4.0
832	3.0
836	2.0
842	2.0
849	4.0
852	4.0
858	5.0
866	4.0
879	2.0
898	4.0
899	5.0
900	2.0
901	3.0
902	4.0
903	3.0
904	5.0
905	3.0
906	4.0
908	5.0
909	5.0
910	5.0
911	5.0
912	5.0
913	4.0
914	5.0
916	4.0
919	5.0
920	2.0
921	4.0
922	5.0
923	5.0
924	5.0
926	5.0
927	3.0
928	4.0
929	5.0
930	5.0
931	4.0
933	3.0
934	4.0
936	4.0
940	4.0
941	4.0
942	3.0
944	4.0
945	4.0
946	5.0
949	4.0
950	5.0
951	5.0
952	4.0
953	5.0
955	5.0
965	4.0
968	5.0
969	2.0
971	5.0
991	3.0
996	2.0
999	3.0
1003	3.0
1010	3.0
1018	3.0
1020	4.0
1022	2.0
1025	3.0
1027	3.0
1028	4.0
1035	5.0
1036	5.0
1041	3.0
1047	4.0
1050	4.0
1059	2.0
1060	3.0
1061	1.0
1069	5.0
1073	3.0
1077	3.0
1078	4.0
1079	3.0
1080	3.0
1081	3.0
1082	4.0
1083	4.0
1084	4.0
1086	4.0
1089	4.0
1090	3.0
1092	2.0
1095	4.0
1097	4.0
1101	1.0
1103	3.0
1125	3.0
1127	3.0
1128	4.0
1129	4.0
1130	3.0
1131	4.0
1132	4.0
1135	3.0
1136	3.0
1148	4.0
1161	3.0
1162	3.0
1172	3.0
1173	3.0
1175	4.0
1178	4.0
1179	2.0
1183	2.0
1185	3.0
1186	3.0
1189	3.0
1193	4.0
1196	4.0
1197	4.0
1198	5.0
1199	4.0
1200	5.0
1201	5.0
1202	3.0
1203	5.0
1204	5.0
1206	5.0
1207	5.0
1208	4.0
1209	4.0
1210	4.0
1212	5.0
1213	4.0
1214	3.0
1215	2.0
1217	2.0
1218	3.0
1219	5.0
1221	5.0
1222	3.0
1223	2.0
1225	3.0
1226	2.0
1227	5.0
1230	5.0
1233	5.0
1234	3.0
1235	3.0
1237	4.0
1238	3.0
1240	5.0
1241	4.0
1244	4.0
1245	3.0
1247	5.0
1248	5.0
1249	2.0
1250	5.0
1251	4.0
1252	4.0
1253	5.0
1255	5.0
1256	4.0
1258	3.0
1259	5.0
1260	4.0
1261	5.0
1262	5.0
1263	3.0
1264	5.0
1265	5.0
1266	3.0
1267	5.0
1269	3.0
1270	5.0
1273	4.0
1274	3.0
1275	3.0
1276	5.0
1278	3.0
1282	3.0
1283	4.0
1284	5.0
1286	4.0
1287	4.0
1288	5.0
1289	3.0
1291	5.0
1292	4.0
1295	2.0
1296	2.0
1299	3.0
1300	5.0
1301	5.0
1302	4.0
1303	5.0
1304	5.0
1305	3.0
1307	3.0
1320	2.0
1321	5.0
1327	4.0
1330	4.0
1332	3.0
1333	4.0
1337	2.0
1339	3.0
1340	5.0
1342	2.0
1343	1.0
1344	4.0
1345	3.0
1347	2.0
1348	3.0
1350	2.0
1352	3.0
1354	1.0
1356	5.0
1357	4.0
1365	5.0
1367	2.0
1370	3.0
1371	2.0
1372	4.0
1373	2.0
1374	3.0
1375	3.0
1376	3.0
1377	2.0
1385	4.0
1387	5.0
1388	2.0
1391	4.0
1393	4.0
1394	3.0
1395	3.0
1396	4.0
1405	3.0
1407	5.0
1416	2.0
1419	4.0
1425	1.0
1459	3.0
1464	4.0
1466	4.0
1476	4.0
1479	2.0
1485	2.0
1500	2.0
1515	2.0
1517	4.0
1518	5.0
1527	2.0
1537	5.0
1542	4.0
1544	3.0
1552	2.0
1556	1.0
1562	1.0
1569	2.0
1573	3.0
1580	5.0
1584	2.0
1587	2.0
1589	3.0
1590	1.0
1597	3.0
1603	2.0
1605	2.0
1608	2.0
1610	3.0
1617	5.0
1620	2.0
1625	4.0
1641	4.0
1643	2.0
1644	3.0
1645	2.0
1665	2.0
1674	3.0
1676	3.0
1680	2.0
1682	3.0
1687	3.0
1690	1.0
1701	4.0
1717	5.0
1721	1.0
1722	4.0
1729	4.0
1732	3.0
1747	3.0
1748	4.0
1754	5.0
1762	4.0
1779	3.0
1784	3.0
1785	1.0
1792	2.0
1805	4.0
1809	4.0
1831	2.0
1834	4.0
1862	2.0
1876	3.0
1882	3.0
1885	4.0
1909	2.0
1912	4.0
1913	2.0
1917	2.0
1918	3.0
1923	3.5
1924	1.0
1929	4.0
1934	3.0
1936	3.0
1938	5.0
1940	3.0
1944	4.0
1945	4.0
1946	4.0
1947	5.0
1948	3.0
1950	5.0
1951	5.0
1955	4.0
1957	3.0
1959	3.0
1960	3.0
1963	4.0
1964	4.0
1965	3.0
1966	2.0
1967	2.0
1969	3.0
1970	2.0
1971	2.0
1982	5.0
1983	2.0
1984	3.0
1991	3.0
1994	2.0
1995	2.0
1996	1.0
1997	5.0
1999	3.0
2000	2.0
2001	2.0
2002	2.0
2003	3.0
2004	3.0
2005	2.0
2006	2.0
2009	3.0
2010	3.0
2011	2.0
2012	4.0
2013	4.0
2014	4.0
2019	5.0
2021	2.0
2023	2.0
2025	3.0
2034	2.0
2046	3.0
2054	5.0
2057	3.0
2058	3.0
2065	5.0
2066	5.0
2067	4.0
2070	4.0
2076	4.0
2078	4.0
2081	3.0
2085	3.0
2087	4.0
2090	3.0
2094	3.0
2099	3.0
2100	3.0
2105	3.0
2107	3.0
2109	3.0
2110	4.0
2111	4.0
2115	2.0
2118	3.0
2124	3.0
2130	3.0
2132	4.0
2133	3.0
2135	2.0
2139	2.0
2140	2.0
2141	2.0
2143	2.0
2148	2.0
2153	1.0
2159	5.0
2160	5.0
2173	3.0
2174	3.0
2176	4.0
2178	3.0
2181	4.0
2182	3.0
2183	2.0
2186	5.0
2193	2.0
2194	3.0
2202	3.0
2203	4.0
2204	3.0
2208	5.0
2212	2.0
2232	2.0
2245	3.0
2263	4.0
2268	3.0
2273	3.0
2287	3.0
2288	4.0
2289	4.0
2291	4.0
2294	3.0
2300	4.0
2301	2.0
2302	4.0
2303	3.0
2313	4.0
2315	2.0
2318	4.0
2324	3.0
2334	4.0
2336	5.0
2338	1.0
2344	4.0
2346	3.0
2349	2.0
2352	3.0
2353	5.0
2356	3.0
2366	5.0
2367	2.0
2369	4.0
2375	2.0
2376	1.0
2377	3.0
2391	2.0
2393	3.0
2396	3.0
2402	1.0
2404	1.0
2406	4.0
2413	1.0
2414	3.0
2420	4.0
2423	4.0
2428	4.0
2451	2.0
2454	3.0
2455	3.0
2459	4.0
2467	3.0
2469	3.0
2470	3.0
2474	4.0
2475	2.0
2478	3.0
2490	1.0
2511	3.0
2513	4.0
2517	3.0
2518	4.0
2519	3.0
2520	4.0
2524	3.0
2525	3.0
2527	4.0
2528	2.0
2529	3.0
2530	2.0
2533	3.0
2535	3.0
2539	4.0
2550	5.0
2551	3.0
2553	5.0
2571	5.0
2599	2.0
2611	3.0
2612	4.0
2613	3.0
2616	2.0
2617	4.0
2628	2.0
2633	3.0
2639	4.0
2640	3.0
2641	4.0
2644	2.0
2648	4.0
2654	3.0
2657	3.0
2660	4.0
2662	3.0
2664	4.0
2671	2.0
2683	5.0
2690	3.0
2696	3.0
2699	3.0
2700	4.0
2707	4.0
2710	1.0
2713	3.0
2716	2.0
2717	2.0
2722	2.0
2723	4.0
2726	4.0
2728	5.0
2729	4.0
2730	5.0
2731	5.0
2735	1.0
2745	3.0
2746	4.0
2762	4.0
2763	3.0
2764	4.0
2770	4.0
2782	4.0
2787	3.0
2788	4.0
2791	5.0
2792	2.0
2797	4.0
2803	1.0
2804	2.0
2808	2.0
2819	5.0
2841	4.0
2857	2.0
2858	3.0
2863	4.0
2867	3.0
2870	4.0
2872	2.0
2877	4.0
2881	3.0
2890	3.0
2898	2.0
2900	3.0
2901	2.0
2902	3.0
2903	3.0
2905	5.0
2908	4.5
2916	3.0
2917	4.0
2918	5.0
2920	5.0
2925	5.0
2927	4.0
2932	4.0
2935	4.0
2936	5.0
2937	4.0
2940	3.0
2941	4.0
2944	3.0
2946	4.0
2947	5.0
2948	3.0
2949	3.0
2951	5.0
2956	1.0
2959	3.0
2968	4.0
2973	4.0
2983	5.0
2985	5.0
2986	2.0
2987	3.0
2989	3.0
2990	2.0
2991	3.0
2993	3.0
2995	2.0
2997	4.0
3006	4.0
3011	3.0
3015	3.0
3016	2.0
3018	5.0
3020	4.0
3022	4.0
3024	3.0
3028	2.0
3030	5.0
3032	3.0
3035	4.0
3036	3.0
3039	3.0
3044	2.0
3045	3.0
3060	3.0
3067	4.0
3070	3.0
3072	3.0
3074	3.0
3075	4.0
3078	4.0
3081	4.0
3082	3.0
3083	4.0
3088	3.0
3090	3.0
3091	2.0
3097	4.0
3099	3.0
3101	2.0
3102	2.0
3104	5.0
3108	2.0
3114	5.0
3130	3.0
3134	4.0
3147	3.5
3152	5.0
3153	4.0
3157	4.0
3168	2.0
3175	4.0
3196	5.0
3198	3.0
3200	3.0
3201	4.0
3203	4.0
3204	2.0
3213	3.0
3219	3.5
3224	4.0
3249	5.0
3253	3.0
3256	2.0
3257	3.0
3262	2.0
3264	2.0
3265	3.0
3266	4.0
3267	2.0
3273	4.0
3300	2.0
3307	3.0
3308	4.0
3317	4.0
3341	5.0
3347	4.0
3355	2.0
3358	3.0
3359	4.0
3362	4.0
3363	5.0
3364	4.0
3365	2.0
3384	5.0
3408	4.0
3409	2.0
3418	3.0
3421	3.0
3424	3.0
3429	3.0
3435	5.0
3441	1.0
3448	3.0
3461	4.0
3462	4.0
3467	4.0
3468	4.0
3471	3.0
3476	3.0
3479	3.0
3494	2.0
3499	4.0
3503	3.0
3504	4.0
3505	3.0
3507	5.0
3526	4.0
3527	2.0
3538	3.0
3543	3.0
3545	5.0
3546	3.0
3551	3.0
3552	2.0
3555	2.0
3557	2.0
3576	4.0
3578	3.0
3593	1.0
3606	4.0
3608	4.0
3623	3.0
3633	3.0
3634	3.0
3635	2.0
3638	1.0
3639	2.0
3660	2.0
3668	3.0
3671	4.0
3675	3.0
3676	3.0
3681	5.0
3682	4.0
3683	5.0
3685	3.0
3693	1.0
3697	2.0
3698	3.0
3699	3.0
3700	3.0
3701	2.0
3702	4.0
3703	5.0
3704	2.0
3706	1.0
3717	1.0
3726	5.0
3727	4.0
3728	5.0
3730	5.0
3733	4.0
3740	3.0
3741	4.0
3742	4.0
3751	3.0
3760	3.0
3763	3.0
3769	3.0
3773	2.0
3785	3.0
3788	3.0
3789	4.0
3793	3.0
3798	2.0
3801	3.0
3812	3.0
3814	5.0
3868	5.0
3869	4.0
3871	4.0
3873	5.0
3917	1.0
3918	1.0
3919	2.0
3927	5.0
3928	4.0
3929	4.0
3930	3.0
3932	4.0
3947	4.0
3948	4.0
3952	4.0
3959	4.0
3967	3.0
3977	3.0
3983	5.0
3984	3.0
3985	3.0
3993	1.0
3994	1.0
3996	3.0
4002	4.0
4005	2.0
4015	2.5
4020	4.0
4027	3.0
4033	4.0
4034	3.0
4036	1.0
4037	4.0
4062	3.0
4063	4.0
4086	2.0
4105	4.0
4117	4.0
4121	4.0
4128	3.0
4148	3.0
4167	4.0
4174	3.0
4191	4.0
4210	5.0
4218	5.0
4225	3.0
4226	5.0
4232	4.0
4246	3.0
4267	2.0
4270	4.0
4306	4.0
4321	3.0
4351	3.0
4356	5.0
4357	4.0
4359	4.0
4361	5.0
4367	3.0
4370	2.0
4378	5.0
4386	3.5
4406	4.0
4407	3.0
4410	4.0
4427	4.0
4432	5.0
4437	5.0
4443	3.0
4467	4.0
4480	5.0
4489	3.0
4506	4.0
4533	5.0
4541	4.0
4546	5.0
4553	4.0
4571	4.0
4641	4.0
4643	1.0
4661	4.0
4682	4.0
4713	3.0
4720	4.0
4725	3.5
4744	4.0
4776	4.0
4815	2.5
4848	3.0
4855	5.0
4865	2.0
4876	3.5
4881	2.0
4886	4.5
4896	3.0
4902	3.0
4903	4.0
4914	5.0
4954	2.0
4963	4.0
4973	5.0
4975	3.5
4976	3.0
4978	4.0
4979	4.0
4993	5.0
5013	4.0
5026	2.0
5060	3.0
5065	2.0
5105	5.0
5177	5.0
5319	5.0
5367	2.0
5388	4.0
5445	5.0
5481	2.0
5500	4.0
5522	2.0
5540	3.0
5541	3.0
5544	3.0
5649	4.0
5952	5.0
6184	2.0
6333	4.0
6373	1.5
6534	2.5
6539	4.5
7044	2.5
7046	2.5
7060	3.5
7063	4.0
7064	5.0
7072	4.5
7073	3.5
7076	5.0
7084	5.0
7091	4.5
7102	2.5
7104	3.0
7116	5.0
7121	4.5
7123	2.5
7132	5.0
7153	5.0
7215	3.0
7247	4.0
