1	4.5
2	2.0
5	2.0
6	3.0
7	2.0
10	3.0
19	0.5
21	1.0
22	2.0
25	3.0
31	2.0
32	4.0
34	0.5
36	2.0
39	5.0
44	1.0
47	3.0
50	4.5
52	1.0
62	2.5
70	2.0
95	4.0
104	4.5
105	2.0
110	4.0
112	4.0
141	0.5
145	2.5
150	3.0
153	1.0
158	1.0
160	1.5
161	5.0
163	3.5
165	3.0
172	2.0
173	2.5
174	0.5
180	3.5
185	1.0
196	3.5
204	3.0
208	3.0
216	1.0
223	5.0
231	1.0
239	4.5
249	5.0
253	4.0
256	1.0
260	2.5
262	5.0
265	3.0
266	1.0
282	1.0
288	2.5
292	1.0
293	4.5
296	4.5
300	3.0
315	1.5
316	3.5
317	3.0
318	5.0
322	4.0
328	3.5
329	4.5
333	0.5
337	2.5
339	4.0
344	3.0
349	3.0
353	3.0
355	2.0
356	5.0
357	3.5
364	3.0
367	4.0
368	3.0
370	2.0
377	3.0
379	3.5
380	3.0
410	3.0
420	1.5
428	4.0
431	3.0
432	1.0
434	2.5
435	0.5
440	4.0
442	2.0
454	2.0
457	4.5
466	1.5
474	3.0
480	3.0
485	1.0
494	4.0
497	1.5
500	1.0
502	1.0
508	3.0
509	4.0
519	1.0
520	2.0
524	3.5
527	5.0
529	4.0
539	3.5
541	2.5
543	1.5
551	4.0
553	3.0
555	2.5
565	3.0
575	1.0
586	3.0
587	2.5
588	4.0
589	4.0
590	4.5
592	3.5
593	3.0
594	2.5
595	5.0
596	2.5
597	3.0
608	2.5
610	3.5
628	2.0
648	4.0
653	2.0
661	1.5
671	4.0
673	2.5
674	0.5
694	2.0
708	3.0
724	1.0
733	3.0
736	2.0
741	4.0
748	1.0
750	2.0
778	3.5
780	4.0
783	3.0
784	2.0
786	2.5
788	2.0
799	3.0
802	3.5
810	0.5
830	2.0
832	2.0
838	3.0
852	2.0
879	2.0
903	4.0
904	4.0
905	5.0
908	4.0
912	3.0
919	2.0
923	4.5
924	0.5
934	2.5
953	5.0
954	5.0
955	5.0
969	4.5
996	5.0
1004	0.5
1019	3.0
1021	2.0
1022	3.0
1027	2.0
1028	2.0
1032	3.0
1035	2.0
1036	5.0
1037	2.0
1047	4.0
1060	5.0
1061	3.0
1064	3.5
1073	3.0
1079	1.0
1080	1.0
1088	3.0
1089	4.5
1090	3.0
1092	1.0
1094	1.0
1097	2.5
1101	2.0
1127	1.0
1129	4.0
1136	0.5
1148	1.5
1179	0.5
1183	1.0
1186	2.0
1188	3.0
1193	4.5
1196	3.0
1197	5.0
1198	4.0
1200	4.5
1201	4.0
1203	4.5
1206	2.0
1207	4.5
1208	2.0
1210	3.0
1213	4.0
1214	4.5
1215	4.5
1218	5.0
1219	4.0
1220	1.5
1222	3.0
1225	4.5
1240	4.0
1246	2.5
1247	2.0
1249	5.0
1253	4.0
1254	3.5
1257	1.5
1258	4.0
1259	3.0
1261	4.0
1265	4.0
1266	5.0
1267	2.5
1269	3.0
1270	4.0
1271	3.5
1274	2.5
1275	2.0
1278	3.0
1282	2.5
1285	3.5
1291	1.0
1297	2.0
1298	0.5
1301	4.0
1302	2.0
1307	4.5
1320	0.5
1321	3.0
1330	1.0
1333	1.0
1334	1.0
1339	1.5
1343	1.5
1345	2.0
1347	3.0
1350	4.0
1356	5.0
1358	4.5
1370	3.5
1371	3.0
1372	4.0
1373	0.5
1374	5.0
1375	4.0
1376	3.5
1377	1.0
1378	4.0
1379	4.0
1380	3.0
1385	4.0
1387	3.5
1388	0.5
1391	2.0
1393	4.5
1394	1.5
1396	2.0
1405	2.5
1407	2.0
1409	2.0
1432	2.5
1441	2.0
1457	4.0
1459	3.0
1466	3.5
1476	4.0
1479	3.0
1485	4.0
1488	0.5
1500	4.5
1517	3.0
1527	3.5
1544	3.0
1552	4.5
1556	0.5
1562	1.0
1566	5.0
1573	4.5
1580	4.5
1584	3.0
1586	2.0
1587	3.0
1590	3.0
1591	2.0
1597	1.0
1606	2.5
1608	3.5
1610	4.5
1611	0.5
1617	4.5
1619	3.5
1625	1.0
1639	4.0
1641	4.0
1644	1.0
1645	1.0
1653	3.5
1663	5.0
1673	3.0
1674	3.5
1676	3.0
1682	4.0
1687	3.0
1688	3.5
1690	3.5
1704	3.5
1707	3.0
1721	3.0
1748	3.0
1754	0.5
1769	3.0
1777	3.0
1779	1.0
1784	4.0
1792	3.5
1801	1.0
1831	2.0
1833	4.0
1876	1.5
1883	2.0
1894	4.0
1907	3.5
1909	3.0
1911	2.0
1917	4.5
1918	2.0
1920	3.5
1921	3.0
1923	3.5
1954	3.5
1957	1.0
1958	1.5
1961	5.0
1965	0.5
1968	1.0
1974	3.0
1975	0.5
1976	0.5
1979	0.5
1981	0.5
1982	3.5
1983	2.0
1984	0.5
1994	1.5
1997	3.0
2000	4.5
2001	3.0
2002	2.0
2003	3.0
2004	0.5
2005	3.0
2006	2.0
2009	3.5
2011	1.5
2012	1.5
2018	1.0
2019	4.5
2021	2.5
2028	4.5
2034	2.0
2054	3.0
2058	4.5
2078	1.0
2080	2.0
2081	3.5
2083	4.5
2087	1.0
2088	2.5
2090	1.0
2094	3.0
2100	2.5
2105	0.5
2107	2.0
2108	1.0
2109	2.0
2114	2.0
2115	2.5
2118	3.5
2121	2.0
2124	3.0
2125	3.5
2133	3.0
2137	0.5
2139	2.5
2140	3.0
2143	2.0
2144	3.5
2146	1.0
2150	4.0
2161	0.5
2162	1.0
2166	1.0
2167	4.5
2174	3.0
2193	2.0
2194	3.0
2231	3.0
2232	3.0
2236	1.5
2245	4.0
2268	3.0
2273	4.0
2278	2.0
2288	4.5
2291	2.0
2294	4.0
2301	4.5
2302	2.0
2311	1.0
2321	3.0
2322	5.0
2335	2.0
2338	1.0
2353	3.0
2355	4.0
2363	4.0
2366	3.0
2371	4.0
2372	2.0
2393	1.5
2396	0.5
2401	5.0
2402	3.0
2403	4.0
2404	1.0
2406	1.0
2407	2.0
2409	1.0
2410	4.0
2411	2.0
2412	1.0
2413	2.5
2420	2.5
2421	1.0
2422	1.0
2423	2.5
2424	3.0
2431	0.5
2450	0.5
2455	3.5
2459	1.0
2468	1.0
2469	2.0
2470	3.5
2476	4.0
2490	5.0
2496	4.5
2501	3.0
2502	5.0
2513	1.0
2527	3.0
2528	2.5
2529	4.0
2539	2.0
2542	2.0
2549	2.0
2571	3.0
2613	2.5
2617	3.0
2628	1.0
2640	4.0
2641	4.5
2642	0.5
2643	0.5
2657	0.5
2662	3.5
2664	3.5
2671	5.0
2683	1.0
2687	3.5
2694	3.0
2699	2.0
2700	1.5
2701	0.5
2706	3.0
2710	3.0
2716	3.0
2717	2.0
2723	4.0
2761	4.0
2762	4.5
2763	3.0
2770	0.5
2779	2.5
2791	4.5
2792	2.5
2795	4.5
2797	4.0
2803	1.0
2804	4.0
2807	1.0
2810	1.0
2841	4.0
2858	4.0
2890	3.0
2901	2.5
2915	2.0
2916	3.0
2918	4.5
2922	4.5
2924	4.0
2944	2.0
2953	4.0
2959	4.0
2985	4.5
2986	1.0
2987	0.5
2997	4.0
3000	3.5
3006	3.5
3016	4.0
3018	5.0
3020	3.5
3033	2.0
3036	3.0
3039	4.5
3040	3.0
3052	2.5
3066	2.0
3070	2.5
3072	1.0
3081	3.5
3088	3.5
3098	2.0
3101	2.5
3104	5.0
3105	3.5
3113	2.0
3114	4.5
3147	3.0
3157	2.0
3175	5.0
3176	1.5
3178	3.0
3189	3.0
3210	3.0
3213	4.0
3247	1.0
3249	1.0
3250	1.5
3252	5.0
3253	2.5
3255	3.5
3256	3.5
3258	0.5
3263	2.0
3264	2.0
3265	4.0
3269	1.5
3270	5.0
3271	2.5
3274	2.0
3275	2.5
3300	5.0
3301	4.0
3328	3.0
3354	1.5
3358	2.0
3360	4.0
3361	2.0
3365	0.5
3386	2.5
3396	1.5
3408	3.0
3409	0.5
3418	0.5
3421	3.0
3430	4.0
3435	4.5
3441	0.5
3444	4.0
3448	0.5
3452	3.5
3471	2.5
3481	3.0
3483	0.5
3494	0.5
3499	4.0
3508	4.5
3510	4.0
3512	1.5
3524	1.0
3525	3.0
3527	4.0
3534	2.5
3535	2.0
3552	4.5
3564	0.5
3576	3.0
3578	3.5
3591	4.0
3593	2.0
3608	3.0
3617	4.0
3623	3.5
3624	4.5
3639	3.0
3671	3.0
3682	4.5
3693	3.5
3697	1.0
3699	3.5
3702	3.0
3703	3.0
3704	3.0
3705	1.0
3727	2.0
3740	4.0
3745	3.5
3751	3.0
3752	3.0
3753	4.0
3755	2.0
3770	2.0
3773	4.0
3784	3.5
3791	0.5
3793	3.0
3821	2.0
3826	1.0
3827	3.0
3836	2.0
3863	0.5
3868	3.0
3897	1.0
3911	5.0
3916	3.5
3917	2.0
3948	3.5
3959	3.0
3967	4.0
3969	2.0
3972	4.0
3973	0.5
3977	3.5
3978	3.0
3981	1.5
3986	3.0
3988	2.5
3994	0.5
3996	5.0
3997	1.0
4002	3.0
4006	2.0
4011	4.5
4014	3.5
4016	3.5
4022	3.0
4025	3.5
4027	5.0
4040	1.0
4041	2.0
4069	0.5
4084	1.0
4085	4.5
4090	3.0
4091	3.5
4105	4.0
4121	2.0
4128	2.5
4148	1.0
4178	4.5
4214	4.0
4215	2.0
4220	3.5
4223	4.0
4224	0.5
4226	2.5
4232	4.0
4246	3.0
4262	3.0
4270	2.0
4280	0.5
4306	4.5
4321	2.0
4327	4.0
4351	1.5
4361	0.5
4367	0.5
4368	4.0
4370	0.5
4388	1.5
4446	2.0
4447	1.0
4489	2.5
4498	2.0
4499	1.0
4508	1.5
4526	2.5
4533	3.0
4541	0.5
4545	2.5
4553	3.5
4557	4.0
4563	1.0
4571	2.0
4616	4.0
4621	3.0
4623	4.0
4643	1.0
4654	1.0
4673	0.5
4701	2.0
4718	2.0
4720	1.5
4725	2.0
4734	1.0
4735	2.0
4787	4.0
4816	0.5
4835	2.0
4855	4.5
4865	3.0
4866	4.0
4874	3.0
4878	1.0
4886	3.0
4896	3.0
4941	2.0
4958	3.5
4963	3.5
4973	2.0
4975	0.5
4990	1.0
4993	4.0
4995	4.0
5010	3.0
5039	3.0
5049	4.0
5060	0.5
5064	5.0
5065	2.5
5072	3.5
5103	3.5
5110	2.5
5146	5.0
5218	4.0
5219	4.0
5254	4.0
5265	3.5
5266	0.5
5294	3.0
5299	4.0
5308	4.0
5313	2.0
5323	0.5
5349	4.5
5377	5.0
5378	1.5
5388	0.5
5400	2.5
5418	4.5
5419	1.0
5444	0.5
5445	2.0
5459	0.5
5463	3.0
5464	4.0
5478	1.0
5481	1.5
5501	0.5
5502	0.5
5504	0.5
5507	3.0
5540	2.0
5548	1.0
5568	0.5
5572	1.0
5574	1.5
5618	4.0
5650	3.5
5667	3.0
5669	3.0
5679	0.5
5690	4.5
5782	4.5
5784	2.0
5810	3.0
5816	3.0
5833	3.5
5843	3.5
5879	3.5
5882	3.0
5899	4.0
5903	5.0
5944	0.5
5952	4.0
5956	3.0
5989	3.5
5991	1.0
5995	4.0
6058	0.5
6155	3.0
6156	1.5
6157	2.0
6187	1.5
6188	1.0
6218	4.0
6242	0.5
6264	1.5
6281	1.0
6283	4.0
6294	1.0
6297	4.0
6323	3.0
6333	4.5
6350	4.0
6365	1.0
6373	3.5
6377	4.0
6378	1.0
6379	3.5
6383	2.5
6385	4.5
6482	0.5
6502	1.5
6503	1.0
6534	0.5
6535	0.5
6537	2.5
6539	4.0
6541	2.0
6564	2.0
6565	4.5
6593	4.0
6615	0.5
6618	4.0
6659	2.5
6707	0.5
6708	1.0
6711	0.5
6753	3.5
6754	4.5
6755	3.5
6764	3.5
6765	3.0
6773	2.0
6796	3.0
6807	0.5
6810	0.5
6857	4.5
6863	3.5
6870	4.5
6874	1.5
6889	2.0
6893	2.0
6934	2.0
6936	3.0
6944	2.5
6947	4.0
6951	0.5
6952	0.5
6957	2.0
6966	2.5
6979	2.5
6996	1.0
7001	2.5
7007	2.5
7017	3.0
7018	3.0
7027	0.5
7044	0.5
7046	1.5
7090	2.0
7137	2.5
7143	3.5
7147	3.0
7153	4.0
7160	2.5
7163	1.0
7254	2.0
7263	4.5
7293	3.0
7324	4.0
7347	5.0
7348	3.0
7360	4.0
7361	3.5
7369	4.0
7373	2.5
7380	3.5
7381	0.5
7387	4.0
7438	1.5
7444	4.0
7445	3.5
7454	1.0
7458	3.5
7481	3.5
7502	4.0
7649	3.5
7981	3.5
8132	3.0
8253	4.0
8340	4.0
8360	4.5
8361	3.5
8366	1.0
8368	4.0
8371	3.0
8376	3.0
8464	4.0
8501	1.5
8528	3.0
8529	3.0
8530	4.0
8581	3.5
8622	3.0
8623	4.0
8633	0.5
8636	4.5
8644	2.0
8665	4.5
8783	1.0
8784	0.5
8798	4.0
8807	3.5
8810	2.5
8827	2.0
8860	3.0
8861	3.0
8865	1.0
8870	1.0
8874	0.5
8907	2.5
8917	1.0
8937	3.5
8947	0.5
8949	4.0
8950	5.0
8957	3.0
8958	4.0
8961	4.5
8965	2.0
8969	1.0
8970	3.5
8972	2.5
8984	1.0
8985	2.0
26133	1.0
26555	3.0
26662	1.5
27266	1.0
27317	1.5
27611	2.0
27660	1.0
27728	4.0
27731	2.0
27821	2.0
27831	2.5
27837	2.0
27904	1.5
30707	4.5
30749	5.0
30793	3.0
30822	3.0
30825	3.0
31184	4.0
31225	3.5
31658	4.0
31685	2.5
31696	2.5
31804	2.0
31878	4.0
32029	2.5
32031	2.0
32587	3.5
32598	4.5
33437	2.5
33493	2.0
33615	4.0
33646	2.5
33660	5.0
33679	1.0
33794	4.5
33834	2.0
34048	2.0
34072	2.5
34162	1.0
34319	3.0
34332	5.0
34405	3.0
34520	0.5
35836	4.0
36519	3.5
36535	2.0
36708	3.0
37380	3.0
37720	2.5
37729	3.5
37731	4.5
37733	5.0
37830	1.0
38061	4.5
40732	4.0
40815	3.5
40819	4.0
41566	3.5
41716	5.0
42011	2.5
42718	4.0
43396	4.0
43936	1.5
44191	4.5
44195	4.5
44199	4.0
44665	4.5
44709	3.5
44828	4.0
45186	3.0
45431	3.0
45447	2.5
45499	3.0
45672	4.0
45722	3.0
45728	3.5
45950	3.0
46322	3.0
46530	3.5
46948	3.0
46976	3.5
47099	4.5
47200	3.5
47610	3.5
47644	4.5
47997	2.5
48304	4.0
48394	4.0
48774	2.5
48780	3.5
48982	4.0
49272	3.0
49274	1.5
49278	3.0
49530	4.0
49651	4.0
50872	3.0
51077	2.0
51080	2.5
51086	1.0
51091	3.0
51255	1.5
51412	2.0
51540	3.5
51662	5.0
51709	4.0
51935	4.5
52241	3.0
52281	2.0
52287	0.5
52435	4.5
52458	4.0
52604	2.0
52973	4.0
53000	4.0
53125	2.0
53519	2.0
53550	3.0
53953	4.0
53972	4.5
53996	3.0
54001	3.5
54259	4.5
54272	3.5
54286	4.5
54503	4.5
54736	3.0
54995	2.0
54997	3.5
54999	4.0
55232	3.5
55282	2.0
55290	3.0
55765	3.5
55995	3.0
56145	3.5
56152	4.0
56174	3.0
56367	4.0
56782	2.5
56921	3.0
57368	3.5
57504	1.5
57528	4.5
57640	3.5
58559	5.0
58998	4.5
59018	4.5
59022	4.0
59315	4.5
59369	5.0
59615	2.0
60040	4.0
60069	3.5
60072	3.5
60074	2.5
60126	4.5
60487	3.0
60684	4.5
60760	2.0
61024	4.5
61132	4.0
61160	1.0
61240	4.0
61248	2.0
61350	1.0
61729	3.0
62376	3.0
62394	1.5
62434	3.0
62849	3.0
63113	3.5
64030	2.5
64614	4.5
64716	3.0
64957	0.5
66097	3.5
67087	4.0
67267	4.0
68157	3.5
68319	3.5
68358	5.0
68791	2.5
68954	1.5
69122	3.5
69481	2.5
70286	4.0
70599	4.0
71057	3.0
71254	2.5
71530	3.0
71535	4.0
72641	5.0
72998	5.0
73017	3.0
76093	3.0
76251	4.5
77561	3.5
77866	3.5
78105	3.0
78499	4.5
79132	3.0
79702	3.5
81564	4.0
81847	3.5
89745	5.0
91630	4.0
