1	4.5
6	5.0
7	3.5
10	3.5
16	4.0
19	2.0
21	4.0
22	2.5
25	4.0
27	2.0
32	4.0
36	4.0
39	4.0
41	2.5
42	3.0
45	3.0
47	4.5
48	3.5
50	4.5
57	2.5
58	3.5
69	3.5
70	2.5
72	3.0
81	2.5
94	3.0
95	3.0
104	3.5
110	4.5
111	4.0
112	3.0
132	2.0
141	4.0
145	3.0
147	3.0
150	4.5
153	2.5
159	3.5
160	2.0
161	4.0
163	3.5
164	3.5
165	3.0
168	3.5
172	2.0
196	2.5
198	2.0
204	2.0
208	3.0
223	1.5
225	2.5
231	1.0
235	3.5
236	2.5
237	3.0
246	3.0
247	3.5
253	4.0
259	4.0
260	5.0
266	3.0
277	3.5
280	3.5
281	3.5
288	3.5
292	3.0
293	4.5
296	5.0
300	4.0
316	3.5
317	2.5
318	4.5
327	1.0
329	3.0
338	2.0
339	3.0
344	3.0
349	4.0
353	3.0
354	2.5
356	4.5
357	3.5
364	4.0
366	3.0
367	3.0
368	4.0
370	2.5
372	3.0
377	3.0
379	2.0
380	3.0
381	3.5
382	3.5
412	3.5
413	2.5
421	3.0
428	4.0
431	3.5
434	2.5
442	1.0
451	3.0
454	2.5
455	2.5
457	3.5
464	3.0
465	2.5
471	4.5
474	4.0
475	3.5
479	2.0
480	4.0
481	3.0
482	2.5
490	2.0
493	4.0
494	3.5
500	3.0
507	4.0
508	4.0
511	2.5
515	4.0
517	2.5
520	2.5
524	4.0
529	3.5
532	2.0
534	4.0
537	3.0
538	4.0
539	3.0
540	2.5
541	5.0
542	3.0
543	3.0
550	2.5
551	4.0
552	3.5
553	4.0
555	4.5
585	3.0
586	3.0
587	3.5
588	4.5
589	4.5
590	4.5
592	4.5
593	4.5
594	4.0
595	4.5
596	4.0
597	4.0
599	4.0
605	2.5
608	4.0
612	2.5
616	4.0
628	4.0
640	2.0
647	3.5
648	3.0
661	3.0
662	2.5
714	2.5
733	3.0
736	3.0
750	4.5
778	3.5
780	3.0
783	4.0
784	3.0
785	1.5
788	3.0
800	4.0
802	3.0
805	4.0
818	2.5
832	3.5
838	4.0
852	3.5
858	5.0
866	3.5
899	5.0
902	4.0
904	4.0
912	4.5
913	4.5
915	4.5
919	4.5
924	4.5
953	5.0
991	3.5
994	2.5
999	3.0
1004	1.5
1009	3.0
1015	2.5
1016	3.0
1018	3.0
1019	4.0
1020	3.5
1022	3.5
1023	3.5
1025	3.5
1027	4.0
1028	4.5
1029	3.5
1030	3.0
1031	3.5
1032	2.5
1033	3.5
1034	2.0
1035	4.5
1036	4.0
1037	1.5
1047	3.0
1049	3.5
1059	3.5
1060	4.5
1061	4.0
1064	2.5
1073	4.0
1078	2.5
1079	5.0
1084	3.5
1086	4.0
1089	5.0
1090	4.5
1091	3.0
1092	4.0
1093	4.0
1094	2.0
1095	4.0
1097	3.5
1100	2.5
1101	3.0
1103	3.0
1120	4.0
1126	1.0
1127	4.0
1129	3.5
1147	5.0
1178	5.0
1179	4.0
1183	4.0
1186	3.0
1189	4.0
1193	4.5
1196	4.5
1197	3.5
1198	5.0
1199	3.0
1200	4.0
1201	5.0
1204	4.5
1206	4.0
1208	5.0
1210	4.0
1211	2.5
1212	4.0
1213	4.5
1214	4.5
1218	3.5
1219	4.0
1221	4.5
1222	4.5
1225	4.5
1228	4.0
1230	4.0
1231	4.5
1233	3.5
1234	4.0
1235	4.0
1240	4.0
1242	4.5
1243	3.5
1246	4.0
1247	4.5
1248	4.5
1249	4.0
1250	4.0
1252	5.0
1257	4.0
1258	5.0
1259	4.0
1262	4.0
1263	3.0
1265	4.0
1266	5.0
1267	4.0
1268	2.5
1270	4.0
1275	3.0
1276	4.5
1278	4.0
1282	3.5
1285	4.0
1287	4.5
1288	3.0
1290	3.5
1291	4.0
1292	4.0
1296	3.5
1297	4.0
1298	3.0
1304	4.5
1307	4.5
1320	3.5
1327	3.5
1339	3.5
1340	2.5
1343	3.5
1347	3.0
1352	2.5
1356	3.0
1357	4.0
1358	4.0
1366	4.0
1370	3.5
1371	2.5
1372	4.0
1373	2.0
1374	4.5
1375	3.5
1376	3.5
1377	3.5
1378	3.5
1379	3.0
1382	2.5
1385	4.0
1387	4.5
1388	3.0
1389	2.0
1391	2.0
1393	4.5
1394	4.5
1395	4.0
1396	2.5
1399	3.5
1401	3.5
1407	3.5
1425	1.5
1441	3.5
1459	4.0
1464	4.5
1466	4.0
1475	3.0
1485	3.0
1488	2.5
1500	3.5
1513	1.5
1517	3.5
1518	3.5
1527	3.5
1537	3.5
1541	3.0
1544	4.0
1552	1.5
1562	2.5
1566	3.5
1569	4.0
1573	4.0
1580	3.5
1584	3.5
1586	3.0
1588	2.5
1589	3.5
1594	3.5
1597	3.5
1603	2.5
1608	4.0
1610	4.0
1614	4.0
1615	3.5
1616	3.0
1617	4.5
1620	3.0
1625	4.5
1627	3.0
1633	4.0
1641	3.5
1645	4.0
1653	3.5
1660	3.0
1663	3.5
1672	4.0
1673	4.0
1674	4.0
1676	3.5
1680	3.0
1682	3.0
1683	3.5
1687	3.5
1688	3.5
1690	3.0
1694	3.5
1704	4.0
1717	3.0
1719	3.5
1721	4.0
1722	3.0
1727	3.5
1729	4.5
1730	3.5
1732	5.0
1747	3.5
1754	3.0
1769	2.5
1777	4.0
1779	3.0
1784	4.0
1792	3.0
1801	3.5
1804	3.0
1805	3.5
1821	4.0
1831	3.0
1834	4.0
1836	2.5
1840	3.0
1841	3.5
1845	3.5
1876	3.5
1882	1.5
1883	3.0
1884	2.5
1885	3.0
1892	2.5
1894	2.0
1895	3.5
1907	4.0
1909	3.5
1911	2.5
1912	4.5
1916	3.5
1917	1.5
1918	2.5
1923	3.5
1954	4.0
1961	4.5
1962	4.0
1963	3.0
1968	4.0
1969	3.0
1970	2.5
1982	4.0
1991	3.0
1992	2.5
1994	4.0
1995	3.0
1996	2.5
1997	4.5
2000	4.0
2001	3.5
2002	3.0
2003	3.5
2006	3.0
2011	3.5
2012	3.0
2013	3.0
2018	3.0
2019	4.0
2020	4.5
2023	3.5
2028	4.5
2034	3.0
2038	3.0
2043	3.0
2048	3.0
2054	3.0
2058	3.5
2064	4.0
2076	4.0
2078	4.5
2080	3.5
2081	4.0
2085	3.5
2087	4.0
2089	3.5
2090	3.5
2092	2.5
2094	3.0
2096	3.5
2099	3.5
2100	4.0
2102	3.0
2105	3.0
2107	3.0
2108	4.0
2109	3.0
2110	2.0
2111	2.0
2114	4.0
2115	4.0
2116	3.0
2117	2.5
2124	3.0
2125	3.5
2126	1.5
2133	2.5
2134	4.0
2137	3.0
2139	3.0
2140	1.5
2141	3.5
2144	4.0
2145	4.0
2146	3.0
2150	4.0
2151	3.5
2155	3.0
2159	4.0
2160	3.5
2161	3.5
2166	4.0
2167	3.0
2174	4.0
2193	3.5
2194	4.5
2231	4.5
2240	3.0
2243	3.5
2245	3.0
2247	2.5
2248	4.5
2249	2.5
2252	2.5
2253	0.5
2262	3.5
2268	4.5
2273	3.5
2278	4.0
2280	3.0
2288	4.0
2289	4.0
2291	4.0
2294	4.0
2296	1.5
2300	3.0
2301	3.0
2311	4.0
2313	5.0
2320	3.0
2321	3.5
2324	3.5
2329	4.0
2333	4.0
2335	3.5
2337	2.5
2346	3.5
2353	2.5
2355	4.0
2366	4.0
2370	3.5
2373	2.5
2375	3.0
2380	2.5
2391	4.0
2393	2.5
2394	4.0
2395	3.5
2396	4.0
2398	5.0
2401	4.0
2403	4.0
2405	2.0
2406	4.0
2407	4.0
2409	3.0
2410	2.5
2414	3.0
2416	3.5
2418	3.5
2420	4.0
2421	2.5
2424	4.0
2427	4.0
2431	3.5
2432	3.0
2433	4.0
2436	3.0
2439	3.5
2450	1.0
2455	4.0
2467	4.0
2470	4.0
2471	2.5
2473	2.5
2474	4.0
2476	4.0
2490	3.5
2496	3.0
2497	2.5
2500	3.0
2501	4.0
2502	3.5
2505	1.5
2513	2.5
2518	3.0
2520	3.0
2524	3.0
2527	3.0
2529	3.0
2539	3.0
2541	2.5
2542	3.5
2561	3.5
2567	3.0
2571	5.0
2574	3.0
2580	4.5
2581	3.0
2583	3.5
2596	3.5
2598	3.5
2599	4.0
2600	2.5
2605	2.5
2616	3.0
2617	3.0
2628	2.5
2640	4.0
2641	3.5
2642	1.5
2648	3.5
2664	4.0
2671	3.0
2683	3.5
2686	3.5
2687	4.0
2688	2.5
2692	3.0
2694	3.5
2701	1.0
2702	3.5
2706	3.5
2707	4.0
2710	3.0
2712	2.0
2716	4.5
2717	2.0
2722	2.5
2723	1.0
2724	3.0
2728	5.0
2729	4.0
2734	3.5
2736	2.5
2739	4.0
2745	4.0
2746	2.0
2761	4.0
2762	4.0
2763	4.0
2764	3.5
2770	2.5
2771	2.5
2779	4.0
2791	4.0
2792	2.5
2795	4.0
2797	4.0
2802	3.0
2804	3.0
2805	2.5
2819	4.0
2826	3.0
2829	2.5
2840	2.5
2841	4.0
2858	5.0
2861	2.5
2867	3.5
2871	3.0
2875	3.0
2889	3.5
2890	3.5
2908	4.0
2912	4.0
2915	4.0
2916	3.5
2918	4.5
2921	4.0
2924	3.5
2926	2.0
2929	2.5
2947	4.0
2948	3.5
2949	3.5
2951	4.5
2956	3.5
2959	4.5
2968	4.0
2976	3.5
2985	3.5
2986	3.0
2987	4.0
2991	4.0
2993	4.0
2997	3.0
3005	2.5
3006	4.5
3020	3.5
3033	4.0
3034	3.5
3037	4.0
3052	1.0
3053	2.0
3063	3.0
3070	4.0
3081	4.0
3082	3.0
3087	3.5
3100	4.0
3101	4.0
3105	3.5
3107	3.0
3108	3.0
3114	4.5
3125	3.5
3130	3.5
3142	2.5
3145	2.0
3146	2.5
3147	4.0
3148	3.0
3152	4.5
3160	1.0
3163	3.5
3168	3.5
3169	3.0
3173	4.0
3175	4.0
3176	3.5
3178	3.5
3186	2.5
3196	4.0
3197	3.0
3201	2.5
3203	3.5
3210	4.0
3243	3.5
3246	3.5
3249	2.5
3250	3.5
3252	3.5
3253	4.0
3254	2.5
3255	4.0
3256	4.0
3257	2.5
3258	2.5
3259	3.0
3260	3.5
3261	4.0
3263	4.0
3267	3.5
3272	3.5
3273	2.5
3274	3.0
3275	2.5
3298	4.0
3307	5.0
3316	2.0
3317	3.5
3326	3.5
3328	4.0
3358	3.5
3360	4.5
3361	5.0
3362	3.5
3363	4.0
3386	4.5
3396	3.0
3397	2.5
3408	4.5
3418	4.0
3421	5.0
3422	2.5
3424	4.0
3441	3.0
3448	4.0
3450	3.5
3467	4.0
3468	4.5
3471	4.0
3479	3.0
3480	3.5
3481	3.0
3483	4.0
3489	4.0
3498	4.0
3499	4.0
3504	4.5
3505	4.0
3507	3.5
3508	4.5
3510	3.5
3513	3.5
3524	3.5
3525	3.5
3526	4.0
3527	4.0
3529	3.0
3534	3.5
3549	4.0
3552	4.0
3555	3.0
3578	4.0
3591	3.5
3608	3.5
3614	3.0
3615	3.5
3618	3.5
3623	2.0
3635	4.0
3638	3.0
3649	3.0
3653	4.0
3671	3.5
3672	3.0
3681	4.5
3682	3.5
3683	3.0
3686	3.5
3688	3.0
3697	2.5
3698	2.5
3699	3.5
3701	3.0
3702	4.0
3703	4.0
3704	3.0
3706	4.0
3712	4.0
3717	1.5
3723	4.0
3728	4.0
3729	3.0
3730	3.5
3735	4.0
3741	3.5
3751	3.5
3752	3.0
3753	3.5
3755	3.5
3763	3.5
3783	3.5
3785	3.0
3791	4.0
3793	3.0
3798	3.0
3809	3.5
3825	2.0
3827	3.0
3841	3.0
3861	3.5
3865	4.0
3868	4.0
3869	3.5
3871	4.0
3882	4.0
3893	2.0
3897	5.0
3911	4.0
3943	2.5
3948	3.0
3949	4.0
3968	3.0
3972	2.5
3977	3.0
3978	3.0
3979	3.0
3980	3.5
3984	4.0
3986	2.0
3988	2.0
3993	4.0
3994	3.5
3996	4.0
3998	3.0
3999	2.5
4002	4.5
4007	4.0
4008	4.0
4011	3.5
4014	3.5
4016	4.0
4018	4.0
4019	4.0
4022	4.0
4023	3.5
4024	3.5
4027	3.5
4029	3.0
4031	3.0
4033	3.5
4034	5.0
4036	4.0
4037	4.0
4040	2.5
4041	3.0
4056	3.0
4062	2.5
4066	3.5
4080	3.5
4084	1.5
4085	4.0
4086	3.0
4091	4.5
4102	4.0
4121	3.5
4124	1.0
4128	3.5
4132	2.5
4148	3.5
4174	3.0
4210	3.5
4211	4.0
4214	3.5
4218	4.0
4220	3.0
4223	3.5
4226	4.0
4238	2.5
4239	4.0
4262	4.0
4265	1.0
4275	2.5
4306	4.5
4308	4.0
4310	3.0
4321	3.0
4322	4.5
4326	5.0
4333	2.5
4351	3.5
4359	3.5
4361	3.5
4366	4.0
4367	2.5
4370	3.5
4378	3.0
4388	2.5
4396	3.0
4406	4.0
4407	4.0
4443	3.0
4447	4.0
4448	4.0
4452	3.0
4465	3.0
4478	3.5
4487	3.0
4488	3.5
4489	3.0
4498	3.0
4499	5.0
4506	2.5
4508	2.5
4509	2.5
4546	3.0
4557	3.5
4564	3.5
4571	4.0
4572	3.5
4577	3.5
4587	3.0
4621	3.0
4623	3.0
4638	2.0
4643	2.5
4654	3.5
4661	3.5
4679	4.0
4681	2.5
4701	2.5
4718	2.5
4720	3.5
4745	3.0
4776	4.0
4814	1.5
4848	4.0
4855	4.0
4866	3.0
4874	4.0
4881	3.0
4886	4.0
4887	1.0
4889	4.0
4890	3.0
4896	3.5
4901	2.5
4941	3.5
4963	4.0
4980	2.5
4993	5.0
4994	3.5
4995	4.5
5009	3.0
5010	4.5
5013	4.0
5014	2.5
5015	3.5
5016	3.0
5021	3.5
5040	2.0
5049	3.0
5060	3.0
5064	4.0
5065	4.0
5107	3.5
5108	3.5
5139	3.0
5152	4.0
5218	3.5
5237	3.0
5266	4.0
5267	4.0
5283	2.0
5291	4.0
5299	3.5
5303	3.0
5308	3.5
5309	2.0
5325	5.0
5329	3.5
5349	4.0
5377	4.0
5378	3.5
5388	4.0
5400	3.0
5401	3.0
5415	2.0
5418	4.0
5420	3.0
5444	4.0
5445	3.5
5449	3.5
5452	2.5
5459	3.0
5464	4.0
5479	3.0
5481	3.0
5502	3.5
5505	1.5
5528	3.0
5540	3.0
5568	2.0
5572	3.5
5620	2.5
5630	4.0
5669	4.0
5679	3.5
5712	3.0
5782	4.5
5810	4.0
5816	3.5
5872	3.0
5879	1.0
5882	3.0
5893	3.5
5900	2.5
5945	4.0
5952	5.0
5956	3.5
5959	4.0
5989	4.0
5991	3.0
5995	4.0
6016	4.0
6155	2.5
6188	4.0
6212	3.0
6213	3.5
6238	3.0
6287	3.0
6296	3.0
6297	3.0
6323	3.5
6333	3.0
6365	4.5
6373	3.0
6377	5.0
6378	2.0
6428	3.5
6502	4.0
6534	1.5
6535	2.0
6537	2.0
6539	1.5
6565	4.0
6593	3.5
6617	4.0
6636	3.5
6662	3.0
6664	3.0
6708	4.0
6709	2.0
6711	3.5
6787	4.0
6796	3.5
6810	2.5
6832	3.5
6870	4.0
6873	4.0
6874	4.5
6879	3.5
6889	3.5
6893	3.0
6934	4.0
6936	3.5
6944	4.0
6947	4.0
6950	4.0
6957	3.0
6966	3.0
6974	2.5
6979	3.0
7018	4.0
7027	4.0
7028	3.5
7044	4.5
7046	4.0
7073	3.0
7076	3.5
7101	3.0
7102	2.0
7132	4.0
7137	3.5
7143	4.0
7147	3.5
7149	4.0
7153	5.0
7158	4.0
7160	4.0
7162	3.5
7173	3.0
7215	4.5
7247	4.0
7263	4.0
7293	4.0
7318	3.5
7367	2.5
7386	4.0
7438	4.0
7445	3.0
7458	3.5
7618	4.0
7698	3.5
8042	3.5
8207	3.5
8228	4.5
8340	4.0
8360	4.5
8368	4.0
8373	2.5
8376	3.5
8501	3.5
8528	3.0
8529	3.5
8533	3.5
8614	4.0
8622	4.0
8623	4.0
8636	4.0
8644	3.5
8665	4.0
8781	4.0
8783	4.0
8784	3.0
8798	4.0
8810	2.5
8907	3.0
8937	4.0
8949	4.0
8957	4.0
8958	4.0
8961	5.0
8965	4.0
8970	4.5
8981	2.0
8984	4.0
26131	4.5
26680	1.5
27660	3.0
27706	3.0
27788	4.0
27822	3.0
27837	3.0
27904	3.0
30707	4.0
30749	4.0
30793	3.0
30812	4.0
30825	3.5
31225	4.0
31685	3.5
31696	4.0
31804	2.0
32019	2.5
32587	4.5
32598	4.0
33085	2.5
33154	3.5
33162	3.0
33166	5.0
33493	3.5
33615	4.0
33646	2.5
33660	4.5
33679	3.0
33794	2.5
34048	4.0
34072	4.0
34150	1.5
34153	3.5
34162	3.0
34271	4.0
34319	1.0
34437	2.5
34542	4.0
35836	4.0
35957	3.0
36401	3.5
36517	4.0
36527	4.0
36529	4.0
36535	3.0
37240	3.5
37382	2.0
37720	4.0
37727	3.0
37729	4.0
37733	4.0
37741	4.5
38038	3.5
38061	1.5
38886	3.0
39183	4.0
39231	2.0
39292	4.0
39381	3.5
39435	3.0
39446	2.5
40278	4.0
40339	2.5
40583	4.5
40629	4.0
40732	4.0
40815	4.0
40819	4.0
41285	4.0
41566	4.0
41569	4.5
41716	2.5
41863	3.0
41997	4.5
42011	2.5
42734	2.5
43376	3.5
43396	4.0
44004	2.0
44022	4.0
44191	2.0
44195	4.0
44199	4.0
44204	3.5
44761	4.5
44828	2.5
45028	2.5
45186	4.0
45210	4.5
45431	4.0
45447	3.5
45499	3.0
45517	5.0
45672	3.5
46530	4.0
46578	3.0
47044	3.5
48516	4.5
49272	4.5
