1	4.0
2	1.0
10	3.0
11	1.0
20	3.0
21	3.0
24	1.0
32	4.0
36	2.0
39	2.0
47	4.0
50	5.0
62	4.5
69	3.0
86	3.0
95	1.5
104	5.0
110	5.0
141	1.0
145	3.0
150	4.0
153	3.0
161	3.0
165	5.0
185	2.5
203	1.0
208	3.0
216	5.0
223	3.0
231	5.0
232	3.0
250	4.0
253	2.5
260	4.0
265	3.0
266	1.0
267	3.0
274	1.0
292	3.5
293	3.0
296	5.0
316	2.5
318	5.0
333	5.0
339	1.0
344	4.0
349	3.0
353	4.0
356	5.0
364	4.0
367	4.0
377	4.0
380	4.0
387	2.0
410	2.5
413	3.0
414	3.0
420	4.0
434	3.5
440	1.5
454	4.0
457	5.0
474	2.0
480	4.0
493	4.0
500	5.0
509	4.0
516	4.0
527	5.0
539	4.0
541	2.5
551	4.0
553	5.0
586	3.0
587	2.0
588	4.0
589	4.0
590	5.0
592	4.0
593	5.0
594	4.0
595	4.0
597	3.0
608	3.0
628	4.0
648	4.0
733	4.0
736	4.0
780	4.0
784	2.0
786	4.0
788	3.5
801	2.0
805	5.0
833	3.0
836	2.0
858	5.0
905	5.0
923	4.0
953	4.0
954	5.0
965	4.0
1009	3.0
1011	3.0
1027	5.0
1033	3.0
1035	5.0
1036	5.0
1059	4.0
1060	4.0
1073	5.0
1084	4.0
1088	3.0
1089	4.0
1090	4.0
1091	3.0
1097	4.0
1101	4.0
1127	4.0
1129	3.0
1183	3.0
1196	5.0
1197	5.0
1198	4.0
1200	4.0
1203	5.0
1207	5.0
1208	4.0
1210	4.0
1213	4.0
1214	4.0
1219	4.0
1221	3.0
1222	4.0
1233	4.0
1240	5.0
1246	5.0
1247	3.0
1257	2.0
1259	5.0
1263	3.0
1265	5.0
1270	4.0
1278	3.0
1287	5.0
1291	5.0
1297	3.0
1302	4.0
1305	2.0
1307	3.0
1333	5.0
1334	1.0
1347	3.0
1358	3.5
1359	3.0
1366	4.0
1370	4.0
1377	3.5
1378	4.0
1379	3.0
1380	3.0
1385	2.5
1387	4.0
1388	2.0
1393	3.0
1394	3.0
1396	3.0
1407	2.0
1408	5.0
1422	2.0
1438	2.0
1445	3.0
1453	0.5
1457	2.0
1461	3.0
1466	4.5
1468	2.0
1479	4.0
1485	4.0
1497	0.5
1498	2.0
1499	0.5
1503	2.5
1513	1.0
1517	4.0
1518	4.0
1527	4.0
1544	3.0
1552	4.0
1556	1.0
1562	3.0
1573	5.0
1580	4.0
1584	2.0
1586	0.5
1587	4.0
1590	0.5
1597	3.5
1604	3.0
1608	4.0
1610	3.0
1615	4.0
1616	1.0
1617	3.0
1620	2.5
1626	1.0
1641	3.0
1644	3.0
1645	2.0
1653	3.0
1663	4.0
1673	3.0
1674	4.0
1676	3.0
1682	4.0
1687	1.0
1690	2.5
1702	1.0
1704	4.0
1707	0.5
1717	1.5
1721	3.0
1722	3.0
1726	2.0
1732	2.0
1735	2.0
1747	4.0
1748	2.0
1752	0.5
1753	3.0
1760	0.5
1777	4.0
1779	3.0
1784	3.0
1792	2.5
1804	4.0
1805	4.0
1831	4.0
1833	2.5
1835	2.0
1863	1.5
1866	2.0
1876	3.0
1884	2.0
1895	4.0
1911	3.0
1917	4.0
1918	3.0
1921	2.0
1923	2.0
1953	3.0
1954	5.0
1961	5.0
1968	4.0
1969	2.0
1970	2.0
1971	1.0
1972	1.0
1974	2.0
1975	1.0
1976	2.0
1980	1.0
1981	1.0
1991	1.0
1994	3.0
1997	3.0
2000	4.0
2001	4.0
2003	4.0
2005	4.0
2006	3.0
2011	4.0
2013	5.0
2023	4.0
2028	4.0
2036	3.0
2040	3.0
2054	3.0
2058	4.0
2072	4.0
2081	3.0
2088	2.0
2100	5.0
2111	3.0
2115	4.0
2117	5.0
2121	2.0
2123	2.0
2134	4.0
2139	4.0
2141	3.0
2142	3.0
2144	2.0
2150	3.0
2161	3.0
2167	3.0
2174	4.0
2193	4.0
2194	5.0
2268	4.0
2273	4.0
2278	3.0
2291	4.0
2294	4.0
2296	3.5
2301	5.0
2321	2.0
2329	5.0
2338	3.0
2353	3.0
2355	3.0
2366	3.0
2371	4.0
2373	2.0
2375	3.0
2379	3.0
2380	2.0
2381	3.0
2382	2.0
2391	4.0
2392	3.0
2394	4.0
2395	2.0
2396	3.0
2402	3.0
2403	5.0
2404	3.0
2407	2.0
2408	1.0
2409	4.0
2410	4.0
2411	5.0
2412	1.0
2414	2.0
2416	4.0
2420	4.0
2421	3.0
2422	2.0
2423	4.0
2424	2.0
2427	3.0
2447	3.0
2450	4.0
2453	2.0
2455	3.0
2458	3.0
2470	3.0
2471	3.0
2478	4.0
2485	3.0
2490	3.0
2491	2.0
2496	3.0
2497	2.0
2500	1.0
2502	5.0
2505	2.0
2513	3.0
2529	5.0
2539	4.0
2541	4.0
2542	4.0
2549	1.0
2558	2.0
2571	5.0
2572	4.0
2580	2.0
2581	2.0
2598	2.0
2599	2.0
2605	2.0
2606	2.0
2617	3.0
2622	4.0
2628	4.0
2640	3.0
2641	3.0
2642	3.0
2643	3.0
2668	2.0
2672	1.0
2683	5.0
2688	2.0
2694	3.0
2699	4.0
2701	2.0
2706	4.0
2707	3.0
2712	1.0
2713	2.0
2716	5.0
2717	3.0
2719	1.0
2722	2.0
2723	2.0
2724	1.0
2746	4.0
2761	2.0
2762	4.0
2770	1.0
2771	2.0
2791	4.0
2792	3.0
2794	4.0
2797	5.0
2804	5.0
2805	3.0
2807	2.0
2829	2.0
2840	1.0
2846	2.0
2858	2.0
2860	4.0
2882	3.0
2888	1.0
2889	3.0
2890	3.0
2906	2.0
2915	4.0
2916	4.0
2918	5.0
2926	3.0
2947	3.0
2950	2.0
2959	5.0
2985	4.0
2987	5.0
2995	1.0
2997	3.0
3033	5.0
3039	5.0
3052	3.0
3082	3.0
3087	3.0
3095	5.0
3101	3.0
3113	2.0
3114	5.0
3146	4.0
3147	4.0
3173	3.0
3174	3.0
3175	3.0
3176	3.0
3210	3.0
3247	3.0
3248	3.0
3253	4.0
3264	1.5
3268	2.0
3271	5.0
3273	2.0
3274	2.0
3298	2.0
3300	1.0
3301	3.0
3316	0.5
3347	2.0
3360	3.0
3361	3.0
3387	2.0
3388	4.0
3392	1.0
3397	3.0
3409	2.5
3418	3.0
3421	4.0
3438	4.0
3439	4.0
3440	2.0
3441	4.0
3444	4.0
3448	4.0
3452	3.0
3478	3.0
3483	2.0
3484	3.0
3489	4.0
3512	1.0
3513	1.5
3525	3.0
3527	4.0
3534	2.0
3552	4.0
3555	4.0
3578	4.0
3591	4.0
3608	3.0
3616	0.5
3617	3.0
3623	2.0
3624	5.0
3646	2.0
3671	3.0
3688	3.0
3697	3.0
3698	3.0
3704	2.0
3717	3.0
3740	4.0
3744	1.0
3745	1.0
3751	2.0
3752	4.0
3753	4.0
3755	5.0
3784	3.0
3785	3.0
3791	4.0
3793	4.0
3798	4.0
3821	4.0
3825	2.0
3826	2.0
3827	2.0
3861	3.0
3865	3.0
3868	4.0
3879	3.0
3882	0.5
3896	3.0
3909	3.0
3911	3.0
3916	4.0
3946	2.0
3948	4.0
3949	2.0
3955	2.0
3968	3.0
3969	3.0
3972	4.0
3977	2.0
3978	3.0
3979	1.0
3980	3.5
3981	2.0
3986	3.0
3988	3.0
3994	4.0
3996	4.0
3998	2.0
3999	2.0
4002	3.0
4007	3.5
4008	3.0
4010	5.0
4011	5.0
4014	3.0
4015	2.0
4016	3.5
4018	3.0
4019	3.0
4020	3.0
4022	4.0
4023	2.5
4025	3.0
4027	5.0
4034	4.0
4041	4.0
4054	1.0
4068	1.0
4069	1.0
4084	3.0
4085	5.0
4091	2.0
4104	2.0
4121	4.0
4124	3.0
4148	2.0
4149	2.0
4153	1.5
4158	1.0
4159	2.0
4161	2.0
4214	4.0
4215	3.0
4223	3.0
4224	3.0
4226	5.0
4228	3.5
4231	2.0
4238	3.0
4247	3.0
4248	0.5
4262	3.5
4265	3.0
4270	2.0
4299	3.0
4305	2.0
4306	5.0
4308	1.0
4310	3.0
4333	3.0
4340	3.0
4343	4.0
4344	4.0
4351	2.0
4361	3.0
4367	2.0
4368	2.5
4369	1.0
4370	2.0
4386	2.0
4387	4.0
4388	3.0
4446	1.0
4447	3.0
4448	4.0
4477	1.0
4480	1.0
4489	4.0
4492	2.0
4499	3.0
4502	2.0
4509	4.0
4519	3.0
4544	2.0
4545	3.0
4553	2.5
4558	5.0
4571	3.0
4587	3.0
4613	4.0
4621	4.0
4623	4.0
4638	1.0
4643	2.0
4649	1.5
4654	3.0
4662	5.0
4673	3.0
4676	2.0
4677	3.0
4678	4.0
4679	3.0
4699	1.0
4701	4.0
4718	4.0
4719	3.0
4734	4.0
4744	1.5
4757	3.0
4775	1.0
4776	4.0
4812	2.0
4816	2.0
4821	3.0
4845	3.5
4866	3.0
4867	2.0
4874	2.0
4886	4.0
4889	3.0
4890	3.0
4896	3.0
4899	3.0
4901	3.5
4929	3.0
4958	3.0
4963	4.0
4971	3.0
4974	3.0
4975	1.5
4990	2.0
4993	5.0
4995	5.0
5009	4.0
5010	4.0
5014	3.0
5015	3.0
5025	1.5
5026	4.0
5040	4.0
5047	1.0
5049	3.0
5064	5.0
5065	3.0
5066	2.0
5093	1.5
5107	3.0
5108	4.0
5110	2.0
5128	2.0
5151	0.5
5152	4.0
5171	1.5
5218	4.0
5219	3.0
5220	4.0
5237	4.0
5254	4.0
5265	1.5
5283	3.0
5291	4.0
5293	2.5
5296	0.5
5299	3.0
5308	3.0
5312	3.0
5313	2.0
5323	0.5
5349	4.0
5378	4.0
5387	2.0
5388	2.5
5389	3.0
5401	2.0
5418	4.0
5419	2.0
5420	4.0
5444	3.0
5445	2.0
5449	4.0
5452	3.0
5459	3.0
5463	3.0
5464	4.0
5479	3.0
5481	4.0
5500	2.0
5502	4.0
5506	2.5
5507	2.0
5528	2.0
5540	3.0
5548	3.0
5553	3.0
5564	1.0
5574	4.0
5582	3.0
5620	0.5
5621	3.0
5630	4.0
5667	2.0
5669	2.0
5679	4.0
5747	4.0
5785	1.0
5803	4.0
5804	2.0
5810	3.0
5816	3.0
5872	3.0
5900	2.0
5902	2.5
5942	1.5
5952	5.0
5956	3.0
5959	4.0
5989	4.0
5991	2.5
5995	4.5
6003	3.0
6059	4.0
6155	3.0
6156	3.0
6157	0.5
6166	2.0
6187	3.0
6188	5.0
6212	2.0
6213	4.5
6218	2.5
6263	3.0
6281	2.5
6287	4.5
6294	1.5
6322	4.0
6323	4.5
6333	4.5
6338	3.0
6365	4.0
6373	4.0
6377	4.0
6378	4.0
6383	3.0
6484	3.0
6503	2.5
6534	2.0
6535	1.0
6537	3.0
6539	3.5
6548	4.0
6564	2.0
6586	1.5
6595	2.0
6615	2.0
6617	4.5
6664	2.0
6695	3.5
6711	2.5
6754	2.0
6862	3.0
6863	4.0
6870	3.0
6874	3.5
6879	3.0
6888	2.0
6934	2.0
6936	4.0
6942	3.0
6947	3.0
6952	2.5
6957	0.5
7090	4.5
7143	4.5
7147	4.0
7150	4.0
7153	4.5
7161	1.5
7162	4.5
7163	2.5
7164	3.0
7254	1.5
7263	4.0
7293	3.5
7317	2.5
7318	5.0
7325	2.5
7346	1.0
7347	1.5
7348	3.5
7360	4.0
7361	2.5
7362	2.0
7369	1.5
7373	1.5
7376	3.5
7438	3.0
7439	4.0
7445	4.0
7451	4.0
7454	2.0
7458	4.5
8132	4.0
8340	4.5
8360	3.5
8361	2.5
8371	1.0
8373	2.0
8376	3.0
8464	4.0
8526	3.0
8528	2.5
8529	1.5
8531	1.5
8614	3.5
8622	0.5
8636	4.0
8640	2.5
8641	4.0
8644	2.5
8665	2.5
8666	1.5
8781	2.0
8783	4.5
8798	3.5
8807	2.5
8810	3.0
8814	2.0
8860	4.0
8861	2.0
8907	3.0
8917	4.0
8937	2.5
8957	4.0
8958	5.0
8961	4.5
8968	3.0
8972	3.0
8977	1.0
8984	2.0
8985	0.5
27821	2.5
27822	4.0
27839	3.0
27873	4.0
30707	3.0
30810	2.5
30816	4.0
30825	4.0
30894	1.0
31225	3.0
31420	1.0
31427	2.0
31685	4.5
31696	1.0
32017	3.0
32019	2.0
32029	4.0
32296	2.0
32587	1.0
33162	1.5
33166	2.5
33493	2.5
33679	1.5
33794	4.5
33836	3.0
34048	2.0
34534	4.0
35836	4.5
