1	4.0
6	5.0
7	4.0
10	4.0
14	3.0
16	4.0
22	4.0
25	4.0
32	5.0
42	3.0
45	3.0
47	5.0
50	5.0
62	4.0
78	3.0
81	4.0
89	3.0
94	5.0
100	4.0
110	5.0
111	4.0
125	5.0
150	3.0
154	2.0
161	3.0
163	3.0
165	3.0
180	4.0
198	4.0
222	4.0
223	4.0
253	3.0
260	5.0
265	2.0
266	4.0
288	3.0
292	3.0
293	4.5
296	5.0
300	3.0
307	5.0
316	3.0
318	5.0
319	3.0
322	5.0
329	3.0
339	4.0
349	4.0
353	4.0
356	4.0
357	5.0
372	5.0
373	4.0
377	3.0
380	2.0
382	2.0
417	3.0
423	3.0
431	4.0
434	3.0
441	4.0
454	3.0
457	3.0
474	3.5
480	4.0
481	3.0
482	3.0
508	5.0
523	4.0
524	4.0
527	5.0
538	4.5
539	4.0
541	4.0
552	2.0
555	5.0
587	4.0
589	4.0
590	4.0
592	4.0
593	5.0
608	4.0
619	2.0
628	5.0
647	4.0
663	4.0
678	5.0
707	2.0
708	4.0
733	4.0
778	5.0
800	4.0
805	3.0
832	4.0
858	5.0
866	5.0
902	4.0
913	4.0
919	4.0
999	4.0
1027	2.0
1035	4.0
1036	4.0
1059	4.0
1060	5.0
1061	4.0
1079	5.0
1080	5.0
1089	5.0
1090	4.0
1093	3.0
1094	4.0
1095	5.0
1097	4.0
1120	4.0
1124	4.0
1127	3.0
1136	5.0
1171	4.0
1179	4.0
1183	4.0
1186	4.0
1188	5.0
1189	4.0
1193	5.0
1196	5.0
1197	5.0
1198	5.0
1200	4.0
1207	5.0
1208	5.0
1210	5.0
1213	4.0
1214	4.0
1221	5.0
1222	4.0
1225	4.0
1227	4.0
1240	4.0
1242	4.0
1243	4.0
1245	5.0
1246	5.0
1247	4.0
1249	5.0
1252	5.0
1257	4.0
1259	4.0
1263	4.0
1265	4.0
1266	4.0
1268	4.0
1270	4.0
1274	3.0
1275	4.0
1279	4.0
1290	5.0
1291	4.0
1297	5.0
1299	4.0
1307	5.0
1339	4.0
1343	4.0
1344	3.0
1347	4.0
1350	5.0
1352	2.0
1358	5.0
1370	4.0
1371	2.0
1372	3.0
1373	3.0
1374	4.0
1375	2.0
1376	3.0
1377	2.0
1382	2.0
1387	4.0
1393	5.0
1394	4.0
1395	4.0
1396	3.0
1407	4.0
1449	4.0
1459	3.0
1466	4.0
1479	2.0
1485	3.0
1488	4.0
1500	5.0
1513	3.0
1517	4.0
1527	3.0
1544	3.0
1552	3.0
1562	1.0
1573	4.0
1580	2.0
1584	4.0
1586	3.0
1589	4.0
1600	4.0
1610	4.0
1615	4.0
1616	3.0
1617	5.0
1619	3.0
1620	3.0
1625	4.0
1639	5.0
1641	4.0
1644	2.0
1645	4.0
1653	4.0
1672	3.0
1673	5.0
1674	3.0
1680	4.0
1682	4.0
1687	3.0
1694	3.0
1704	5.0
1721	5.0
1722	4.0
1729	4.0
1732	4.0
1735	3.0
1769	3.0
1777	4.0
1784	4.0
1785	5.0
1799	4.0
1801	3.0
1805	1.0
1816	4.0
1836	5.0
1845	3.0
1876	4.0
1884	2.0
1894	3.0
1909	4.0
1912	3.0
1917	3.0
1918	3.0
1923	5.0
1953	4.0
1954	3.0
1958	5.0
1961	4.0
1962	4.0
1968	5.0
1982	3.0
2000	4.0
2001	3.0
2002	3.0
2005	4.0
2006	3.0
2023	5.0
2028	5.0
2058	3.0
2064	5.0
2076	5.0
2100	3.0
2115	4.0
2134	4.0
2144	5.0
2145	4.0
2159	4.0
2165	4.0
2167	3.0
2194	4.0
2231	4.0
2236	4.0
2248	5.0
2263	4.0
2268	5.0
2278	5.0
2288	4.0
2294	4.0
2302	4.0
2318	4.0
2320	3.0
2329	5.0
2336	3.0
2348	5.0
2352	5.0
2353	3.0
2359	3.0
2371	3.0
2391	3.0
2395	5.0
2396	3.0
2405	3.0
2406	4.0
2407	4.0
2409	2.0
2410	2.0
2420	4.0
2423	3.5
2424	4.0
2427	3.0
2443	4.0
2455	4.0
2457	4.0
2467	4.0
2471	2.0
2474	4.0
2490	4.0
2492	4.0
2502	4.0
2504	3.0
2529	3.0
2539	3.0
2542	4.0
2567	3.0
2571	5.0
2579	4.0
2580	4.0
2598	2.0
2599	4.0
2605	3.0
2617	2.0
2628	5.0
2671	4.0
2683	4.0
2686	4.5
2688	3.0
2690	3.0
2699	3.0
2700	4.0
2702	2.0
2706	5.0
2707	3.0
2710	4.0
2716	3.0
2722	2.0
2723	1.0
2734	4.0
2735	3.0
2762	5.0
2763	3.0
2764	3.0
2788	4.0
2826	3.0
2840	4.0
2841	3.0
2858	5.0
2872	4.0
2890	3.0
2912	4.0
2915	4.0
2916	3.0
2918	5.0
2952	5.0
2959	5.0
2985	4.0
2986	2.0
2997	4.0
3006	4.0
3019	4.0
3020	4.0
3039	4.0
3044	4.0
3052	3.0
3053	2.0
3060	4.0
3081	3.0
3082	3.0
3104	4.0
3107	4.0
3147	4.0
3148	4.0
3160	3.5
3169	4.0
3173	4.0
3176	2.0
3178	4.0
3186	3.0
3197	3.0
3210	4.0
3238	1.0
3246	4.0
3252	4.0
3253	4.0
3254	3.0
3255	3.0
3256	4.0
3257	3.0
3261	4.0
3262	5.0
3271	4.0
3272	3.0
3298	4.0
3317	4.0
3328	3.5
3361	4.0
3386	4.0
3418	4.0
3421	4.0
3436	4.0
3448	4.0
3476	4.0
3479	4.0
3480	4.0
3481	5.0
3505	4.0
3521	4.0
3526	4.0
3527	3.0
3528	3.0
3535	3.0
3536	4.0
3550	3.0
3551	4.5
3552	4.0
3555	3.0
3578	4.0
3617	3.0
3623	3.0
3676	4.0
3686	3.0
3706	3.0
3728	5.0
3733	4.5
3735	4.0
3752	4.0
3753	4.0
3755	3.0
3783	4.5
3791	4.0
3793	4.0
3824	2.0
3831	3.5
3852	5.0
3863	3.0
3868	4.0
3879	2.0
3893	1.0
3897	5.0
3911	5.0
3916	4.0
3917	4.0
3946	3.0
3947	4.0
3948	3.0
3950	3.5
3952	3.0
3953	2.0
3967	5.0
3977	4.0
3978	3.0
3980	3.0
3983	4.5
3987	3.0
3988	3.0
3993	3.5
3994	3.0
3996	5.0
3998	3.0
3999	3.0
4002	4.0
4007	4.5
4011	4.0
4014	4.0
4019	4.0
4022	4.0
4031	3.0
4033	4.0
4034	5.0
4036	3.0
4084	3.0
4085	4.0
4086	4.0
4102	3.0
4124	1.0
4128	3.0
4148	4.0
4149	2.0
4210	4.0
4218	4.0
4223	3.0
4226	5.0
4235	4.0
4238	3.0
4239	5.0
4246	5.0
4262	4.0
4285	3.0
4304	5.0
4306	5.0
4308	3.0
4321	3.0
4326	4.0
4344	3.0
4370	3.0
4378	4.0
4448	4.0
4452	2.0
4488	4.0
4492	1.0
4506	4.0
4641	4.0
4643	4.0
4703	4.0
4718	3.0
4720	3.5
4776	4.0
4815	4.0
4844	3.0
4848	4.0
4880	4.0
4886	4.0
4889	4.0
4896	3.0
4901	4.0
4963	4.0
4973	5.0
4975	3.0
4979	4.0
4993	5.0
4995	4.0
5009	3.0
5010	4.0
5013	4.0
5014	4.0
5026	3.5
5049	4.0
5064	3.5
5135	4.0
5152	4.0
5222	3.5
5299	4.0
5329	4.0
5349	4.0
5377	5.0
5378	4.0
5418	4.0
5445	3.0
5464	4.0
5507	3.0
5508	4.0
5577	3.5
5630	4.0
5669	5.0
5673	3.0
5810	4.0
5816	3.0
5872	2.5
5945	4.0
5952	5.0
5955	4.0
5956	3.5
5959	4.5
5989	3.5
5991	3.0
5992	4.0
5995	5.0
6003	2.5
6059	2.5
6155	2.5
6213	2.5
6218	4.5
6263	3.0
6281	2.0
6296	3.0
6323	3.0
6331	4.5
6333	4.5
6365	3.5
6367	2.5
6377	3.0
6385	4.0
6502	4.0
6503	2.5
6534	3.0
6539	3.0
6565	3.5
6567	3.5
6586	3.5
6595	3.5
6708	4.0
6711	4.5
6754	3.5
6765	2.5
6787	5.0
6796	4.5
6807	5.0
6863	4.0
6870	4.5
6874	4.5
6879	4.0
6942	4.5
6947	4.0
6953	4.0
7137	2.5
7139	5.0
7143	5.0
7151	4.0
7153	5.0
7156	5.0
7162	3.5
7346	0.5
7348	4.5
7373	3.5
7438	4.5
7445	3.5
8622	5.0
8865	1.5
