1	5.0
2	2.5
3	2.5
6	4.0
7	3.5
10	3.5
11	3.5
15	3.5
16	4.0
18	3.0
19	1.0
21	4.5
32	3.5
34	4.5
39	3.5
44	3.0
47	4.0
48	3.5
50	4.0
60	3.0
69	3.0
70	4.0
88	2.5
95	2.0
101	4.0
104	3.0
107	3.5
110	3.5
111	4.5
112	3.5
125	3.5
141	4.0
150	3.5
153	3.0
158	3.0
160	2.5
161	3.5
163	3.0
165	4.0
173	3.0
180	2.5
185	2.5
196	3.0
204	3.0
208	3.0
216	4.5
223	3.5
231	4.5
235	4.5
239	3.5
247	3.5
253	3.0
256	3.0
260	5.0
288	3.0
292	3.0
293	4.0
296	4.5
300	4.0
316	3.5
317	3.0
318	4.0
319	4.0
327	2.5
329	2.5
333	3.0
337	4.0
344	2.5
348	4.0
349	3.5
353	4.0
355	3.0
356	2.5
357	4.0
362	2.5
364	4.0
367	3.5
368	3.5
370	3.0
372	3.5
374	2.5
377	4.0
379	3.0
380	4.0
382	3.0
393	2.5
410	4.0
415	2.5
419	1.5
420	2.0
429	3.5
434	3.5
435	3.0
440	3.5
441	5.0
442	3.0
454	3.0
455	3.0
457	4.5
466	3.5
471	4.5
473	2.5
474	4.0
480	4.5
485	3.0
494	3.0
500	2.0
508	4.0
519	2.0
520	2.5
524	3.0
527	5.0
533	3.5
539	3.5
541	3.5
543	4.0
546	2.0
551	4.5
555	3.5
585	3.0
586	4.5
587	3.5
588	4.0
589	4.0
590	4.0
592	4.0
593	4.0
594	4.5
595	4.5
596	4.5
597	3.0
608	4.5
610	3.0
637	3.0
647	3.5
648	3.5
653	3.5
661	4.0
663	4.0
671	4.5
673	3.0
714	4.0
719	2.5
720	4.0
733	4.0
736	3.0
741	3.5
745	4.0
748	3.5
750	5.0
761	3.0
765	1.0
778	4.0
780	3.5
783	4.0
784	3.5
785	3.5
786	3.0
788	4.0
799	3.5
802	3.0
810	1.0
818	3.0
830	2.5
832	3.0
837	3.5
849	3.0
852	3.5
858	5.0
866	3.5
880	2.5
899	4.5
903	4.5
904	4.5
908	4.5
909	5.0
910	4.0
912	4.5
913	4.5
914	3.5
919	4.5
921	4.0
923	5.0
924	5.0
953	4.5
968	4.0
969	4.5
1013	3.5
1020	3.0
1022	4.0
1023	4.0
1025	4.0
1027	3.0
1028	4.5
1029	4.0
1030	3.0
1032	4.0
1035	4.0
1036	5.0
1037	2.0
1042	4.0
1047	4.0
1060	4.0
1073	3.5
1077	4.0
1078	4.0
1079	5.0
1080	5.0
1089	3.5
1091	2.0
1093	3.5
1095	4.5
1097	5.0
1101	3.5
1120	4.0
1125	3.5
1127	4.5
1129	4.0
1136	4.5
1148	4.0
1171	3.5
1172	4.5
1179	4.0
1193	4.5
1196	5.0
1197	4.5
1198	5.0
1199	3.5
1200	4.5
1201	5.0
1206	4.0
1207	4.5
1208	4.0
1209	4.5
1210	4.0
1212	4.5
1213	4.5
1214	4.0
1215	3.5
1219	4.5
1220	5.0
1221	5.0
1222	3.5
1223	4.0
1225	4.0
1228	5.0
1230	4.5
1234	4.0
1235	4.0
1238	3.5
1240	4.5
1244	4.0
1245	4.0
1246	4.0
1247	4.0
1250	4.5
1252	4.0
1253	4.5
1254	4.5
1257	3.5
1258	3.5
1259	4.0
1261	4.0
1262	4.0
1265	5.0
1266	5.0
1267	4.5
1268	3.5
1270	5.0
1274	4.0
1275	3.5
1276	4.0
1278	3.5
1282	4.0
1285	3.5
1288	5.0
1291	4.0
1292	4.5
1297	4.5
1302	4.5
1304	3.5
1307	4.0
1320	3.0
1321	4.5
1339	3.5
1343	3.5
1345	4.0
1347	4.0
1350	3.5
1356	4.0
1358	4.0
1359	2.0
1370	3.5
1371	3.5
1372	4.0
1373	2.0
1374	4.5
1375	3.5
1376	4.0
1377	4.0
1380	3.5
1385	3.5
1387	5.0
1391	4.0
1393	4.0
1394	4.5
1396	3.5
1405	4.0
1407	4.0
1409	3.0
1431	3.0
1441	3.5
1449	4.0
1466	4.5
1476	3.5
1479	2.0
1485	3.5
1499	3.0
1500	4.0
1513	3.5
1515	2.5
1517	4.0
1527	3.0
1544	3.0
1552	3.0
1556	1.5
1562	1.5
1566	3.5
1569	3.0
1573	4.0
1580	4.0
1584	3.0
1587	4.0
1588	2.5
1591	1.5
1608	3.5
1610	3.5
1614	3.5
1617	4.0
1639	3.0
1641	3.5
1645	2.0
1653	3.5
1663	3.5
1673	5.0
1676	4.0
1682	4.0
1690	2.5
1704	3.5
1717	3.5
1721	3.5
1722	2.5
1729	4.0
1732	4.0
1747	4.0
1772	1.0
1777	3.0
1779	1.5
1784	3.5
1792	3.0
1810	3.5
1827	3.5
1831	2.0
1834	4.0
1882	1.5
1883	3.5
1884	3.5
1907	4.0
1909	3.5
1911	3.0
1912	5.0
1917	3.0
1918	3.0
1920	3.0
1923	3.5
1945	4.5
1952	4.0
1953	4.0
1954	4.5
1958	4.0
1961	4.0
1965	4.0
1967	4.0
1968	3.5
1969	2.5
1979	2.5
1982	4.5
1994	4.5
1995	3.0
1997	4.0
2000	4.0
2001	4.0
2002	3.5
2003	4.5
2004	3.5
2005	3.0
2006	4.0
2011	4.0
2012	4.0
2013	3.0
2018	4.0
2021	3.5
2023	3.5
2028	4.0
2034	3.5
2041	3.0
2046	3.5
2053	2.0
2054	4.0
2064	4.0
2072	3.5
2076	4.0
2078	5.0
2080	4.0
2081	4.5
2082	3.0
2083	3.5
2085	4.0
2087	4.0
2088	4.0
2090	3.5
2094	4.5
2096	4.0
2100	3.5
2105	3.5
2108	4.0
2109	3.5
2115	4.5
2116	3.5
2124	3.5
2125	3.0
2133	3.5
2134	3.5
2139	4.0
2140	4.0
2141	3.5
2143	3.0
2145	3.0
2161	3.5
2167	3.0
2174	4.0
2193	3.5
2194	4.5
2232	3.5
2243	4.0
2245	3.5
2248	4.5
2253	2.0
2265	1.0
2268	4.0
2273	3.5
2288	4.5
2289	4.0
2291	4.0
2294	3.0
2300	4.5
2302	3.0
2303	4.5
2311	3.0
2321	3.5
2324	3.0
2329	2.5
2335	2.5
2353	3.5
2355	4.0
2359	3.5
2366	4.5
2367	3.0
2371	3.5
2376	2.5
2378	3.0
2384	4.0
2389	1.5
2391	4.0
2393	1.5
2394	3.0
2395	4.5
2396	3.5
2399	2.0
2401	4.0
2406	3.5
2407	3.5
2409	3.5
2410	4.0
2411	4.0
2413	3.0
2414	3.5
2416	3.5
2420	4.5
2421	3.5
2422	1.5
2423	4.0
2424	2.5
2428	3.0
2431	1.5
2450	2.0
2455	4.0
2459	3.5
2463	3.5
2470	3.5
2471	2.0
2478	4.0
2490	3.5
2496	3.5
2502	4.0
2529	5.0
2531	2.5
2532	3.5
2533	3.5
2539	3.5
2542	3.5
2571	3.5
2580	4.0
2599	4.5
2616	4.0
2617	3.5
2628	3.0
2640	5.0
2641	4.5
2642	2.5
2643	1.0
2657	3.0
2662	3.5
2668	3.5
2671	3.5
2683	1.5
2687	3.5
2692	3.5
2694	2.0
2699	3.0
2700	4.5
2701	1.5
2706	3.0
2710	4.0
2712	3.5
2716	5.0
2717	4.0
2720	2.0
2722	3.0
2723	3.5
2735	3.5
2739	4.0
2746	4.5
2759	3.0
2761	5.0
2762	4.0
2763	3.0
2770	4.0
2788	4.0
2791	5.0
2792	3.0
2794	3.0
2795	3.5
2797	4.0
2798	2.5
2804	5.0
2819	3.5
2857	4.5
2858	2.0
2863	5.0
2872	3.5
2890	4.5
2912	4.5
2916	4.5
2918	4.0
2946	4.0
2947	4.5
2948	4.5
2949	4.0
2951	3.5
2953	2.0
2959	2.5
2968	5.0
2976	3.5
2985	5.0
2986	2.5
2987	4.5
2989	4.0
2990	3.0
2991	3.0
2993	3.5
2997	4.0
3000	4.0
3006	3.5
3007	3.5
3024	3.5
3033	2.5
3035	4.5
3037	4.0
3039	4.5
3052	2.5
3070	4.5
3071	4.0
3072	4.0
3081	3.5
3082	2.5
3087	3.5
3088	4.0
3104	4.5
3105	4.0
3107	3.0
3108	3.5
3114	4.5
3147	3.0
3156	0.5
3160	4.0
3174	4.0
3175	4.5
3200	4.0
3210	4.0
3213	4.0
3243	3.0
3253	4.5
3254	3.5
3256	3.5
3258	3.0
3264	3.0
3267	3.5
3273	2.5
3275	0.5
3300	3.5
3301	2.5
3316	3.0
3317	3.5
3358	4.0
3361	4.0
3363	4.5
3386	4.0
3388	3.0
3396	5.0
3397	5.0
3398	4.0
3409	3.5
3421	3.5
3424	4.5
3429	4.5
3438	4.0
3439	2.0
3440	2.0
3444	3.5
3448	4.0
3450	3.0
3471	5.0
3477	2.0
3481	5.0
3489	3.0
3499	4.0
3504	3.5
3507	3.5
3524	3.5
3526	4.0
3527	4.5
3552	3.5
3578	2.0
3591	3.0
3593	0.5
3608	5.0
3617	2.5
3623	2.0
3624	3.0
3633	3.5
3635	4.0
3638	2.0
3639	3.0
3671	3.5
3683	5.0
3697	3.0
3698	3.5
3699	3.5
3702	4.0
3703	4.5
3704	3.5
3710	3.5
3730	4.0
3735	4.0
3740	4.0
3745	2.5
3751	3.5
3754	2.0
3763	3.5
3785	0.5
3791	3.5
3793	4.0
3809	3.5
3826	3.0
3868	5.0
3869	3.5
3877	2.0
3897	4.0
3911	3.5
3948	3.0
3949	2.5
3972	4.0
3977	4.0
3979	1.5
3984	3.0
3986	2.0
3988	0.5
3994	4.0
3996	4.0
4002	4.0
4005	3.0
4006	3.0
4011	3.0
4016	4.0
4022	3.5
4027	4.0
4034	3.5
4084	3.0
4085	4.5
4102	3.0
4103	3.5
4104	3.0
4105	3.5
4121	4.0
4128	3.5
4133	3.5
4214	3.0
4226	3.5
4262	2.5
4270	1.5
4276	4.0
4306	2.5
4308	3.0
4321	3.0
4343	2.5
4344	1.5
4351	3.5
4359	4.0
4361	4.5
4367	2.5
4369	2.5
4370	4.0
4388	1.0
4446	3.0
4467	4.0
4489	4.0
4499	3.5
4502	2.5
4544	3.0
4545	3.5
4553	4.0
4558	3.0
4571	4.0
4621	3.0
4623	3.0
4638	3.0
4641	4.0
4642	3.5
4643	2.5
4649	4.5
4654	4.0
4679	3.5
4718	2.5
4728	2.0
4734	2.0
4735	3.0
4748	2.5
4816	3.5
4855	4.0
4878	3.5
4881	4.0
4886	4.0
4890	2.5
4896	4.0
4956	3.5
4963	4.0
4973	4.5
4979	4.0
4980	4.0
4993	4.0
5039	3.5
5040	2.5
5049	4.0
5060	5.0
5064	3.5
5103	3.5
5218	3.0
5254	3.5
5292	4.0
5308	3.5
5349	4.0
5377	4.5
5378	2.5
5418	4.0
5419	2.0
5444	3.5
5445	4.0
5449	2.0
5459	1.5
5464	3.5
5481	2.0
5500	4.5
5502	3.5
5507	2.5
5508	4.5
5540	3.0
5541	3.5
5602	4.0
5603	4.0
5618	4.0
5650	4.0
5673	4.0
5679	3.5
5693	3.5
5785	3.5
5816	4.0
5902	4.0
5944	2.0
5945	3.5
5952	5.0
5989	4.0
6003	3.5
6016	4.5
6104	4.5
6157	3.0
6188	4.0
6296	4.5
6301	4.0
6333	4.5
6365	3.0
6373	3.0
6377	4.0
6378	3.5
6502	3.5
6534	3.5
6537	3.0
6539	3.5
6541	1.5
6615	3.5
6620	4.0
6659	4.0
6662	3.5
6664	4.5
6711	4.0
6773	4.5
6807	4.0
6863	3.5
6874	4.5
6934	2.5
6936	4.0
6979	3.5
7000	3.0
7004	2.5
7028	4.0
7073	4.5
7075	4.0
7104	3.0
7143	3.0
7147	3.0
7153	4.5
7254	2.5
7293	2.5
7360	3.5
7361	4.5
7369	3.0
7373	3.5
7438	4.0
7451	3.5
7482	4.0
7570	2.5
7573	3.0
8169	3.5
8207	3.5
8360	2.5
8368	4.5
8376	1.0
8464	3.5
8528	3.5
8529	3.5
8610	3.5
8633	4.5
8636	4.0
8641	4.0
8644	2.0
8665	3.5
8783	1.5
8807	4.0
8810	3.0
8827	4.0
8865	3.0
8874	4.5
8910	3.5
8917	3.5
8949	4.0
8961	5.0
8984	3.5
26152	4.0
27611	3.5
27706	3.0
30793	3.5
30810	4.5
31878	4.0
32587	3.0
33004	3.5
33166	0.5
33493	3.5
33794	4.0
34048	4.0
34150	3.5
34162	2.5
34405	3.5
35836	4.0
36708	1.0
37729	3.0
38038	4.0
38061	4.0
40815	4.0
40819	4.0
41285	3.5
41566	3.5
41569	3.5
42725	3.0
44195	3.0
44199	3.5
45186	3.5
45499	3.0
45517	2.5
45722	3.5
46530	4.0
48385	3.5
48516	4.0
48780	3.5
49272	4.5
50872	5.0
51255	4.0
51662	3.0
52435	5.0
52722	4.0
52973	4.0
53123	4.0
53125	3.0
53322	3.5
53464	4.0
53972	3.5
53996	2.0
54001	4.0
54259	3.0
54272	3.5
54286	3.5
54503	4.0
55269	3.5
56152	3.5
56174	3.0
56251	3.5
56367	3.5
56788	3.0
56805	3.5
57368	3.5
57640	4.5
57669	3.5
58105	3.5
58559	4.0
58998	4.0
59315	4.5
59501	2.5
59615	4.0
59784	4.0
60040	3.5
60069	4.5
60161	3.5
60684	3.5
60756	4.0
60766	3.5
61024	4.0
61132	3.5
61323	4.0
62956	3.5
63082	3.0
63131	4.5
63876	4.0
66297	3.5
66665	3.5
66934	4.0
67087	3.5
67997	4.0
68073	3.0
68157	4.0
68319	1.5
68358	4.5
68791	3.0
68954	4.5
69122	3.5
69526	0.5
69757	1.0
69844	4.0
70286	4.0
70336	3.5
71264	4.5
72226	4.5
72998	3.5
73017	3.5
76093	3.5
76175	2.5
76251	3.0
76293	3.5
77455	4.0
77561	3.5
78209	3.5
78499	4.5
79008	3.5
79057	3.5
79091	3.0
79132	4.0
79702	5.0
80463	4.0
80549	3.5
81564	3.0
81834	4.5
81845	3.5
81847	4.0
82461	3.5
84772	3.5
86332	3.5
86345	4.5
86347	5.0
86377	4.5
87232	4.0
87430	2.5
87520	1.5
88125	4.5
88140	4.5
88744	4.0
89492	4.0
89745	5.0
90746	5.0
90866	4.5
91630	4.0
92420	3.5
92535	5.0
93510	4.0
93840	4.0
94777	3.0
94864	2.5
94959	4.5
