2	2.5
3	1.5
5	1.0
6	3.5
7	3.0
10	3.0
16	1.0
17	4.0
18	5.0
19	2.0
20	2.0
21	1.0
22	2.0
23	1.5
27	1.5
28	3.0
31	2.5
32	4.0
39	3.0
44	0.5
47	4.5
50	4.5
58	1.0
60	1.5
62	3.0
70	3.0
89	1.0
92	2.5
95	1.0
104	1.5
105	1.5
110	4.5
113	2.5
117	3.5
140	2.5
145	2.5
147	4.0
150	4.0
151	3.5
153	3.5
160	3.0
161	3.5
163	3.0
164	2.0
165	2.5
168	2.0
169	1.5
170	3.0
173	0.5
185	3.5
186	2.5
191	1.5
193	1.0
194	4.0
196	1.0
207	3.0
208	1.0
215	3.5
224	3.0
225	2.5
231	1.5
235	3.0
237	2.5
252	2.5
253	4.0
256	2.0
257	2.5
260	4.0
261	3.5
266	2.5
270	1.5
282	2.5
291	0.5
292	2.5
293	3.0
296	5.0
303	1.0
319	4.5
327	1.5
329	3.5
337	3.5
339	4.0
342	4.0
344	2.5
348	3.5
350	3.0
353	1.5
355	1.5
356	5.0
357	4.0
362	5.0
364	4.5
367	3.0
368	4.0
377	3.0
379	2.0
380	1.0
382	2.0
410	2.5
416	1.0
431	4.0
440	3.0
442	3.0
455	3.0
457	3.0
460	3.0
466	3.5
474	2.0
480	3.0
489	1.0
497	4.0
500	2.0
506	3.0
508	5.0
509	3.5
515	3.0
519	0.5
520	3.5
531	3.0
539	3.0
551	4.0
555	3.0
586	3.5
587	3.0
588	4.5
589	0.5
592	4.5
593	3.5
594	5.0
595	4.5
597	4.0
608	4.0
613	3.0
640	1.0
648	3.0
656	1.5
673	2.0
694	0.5
708	3.0
733	3.5
736	2.0
762	1.0
765	2.0
778	5.0
780	2.5
783	3.0
784	1.0
786	1.5
788	1.5
802	3.0
805	3.5
832	1.5
836	1.0
838	4.0
839	0.5
852	3.0
858	5.0
880	0.5
891	1.5
899	3.5
902	4.0
904	4.0
908	3.5
910	4.0
912	5.0
914	4.0
919	5.0
920	3.0
926	3.0
932	3.0
968	2.0
969	4.0
971	4.0
1019	3.0
1025	4.0
1035	2.0
1036	2.5
1042	2.0
1057	3.5
1059	4.0
1061	3.0
1079	3.0
1080	5.0
1084	3.5
1088	1.5
1089	5.0
1092	3.5
1093	3.0
1096	4.0
1097	4.0
1101	3.5
1120	3.0
1127	3.0
1136	4.5
1179	3.0
1183	2.5
1193	5.0
1196	4.0
1203	4.0
1206	4.0
1207	4.0
1210	4.0
1212	4.0
1213	4.0
1214	4.0
1216	4.5
1219	5.0
1221	4.5
1224	3.5
1225	3.0
1230	4.0
1237	4.0
1240	3.0
1246	4.5
1258	3.5
1259	3.0
1265	3.5
1270	4.0
1271	2.5
1278	4.0
1296	3.5
1304	4.5
1307	3.5
1333	2.0
1339	3.0
1343	2.0
1345	3.0
1347	1.5
1355	3.5
1356	3.5
1357	3.5
1358	3.5
1367	1.0
1370	2.0
1374	2.5
1375	2.0
1377	3.0
1379	1.0
1380	4.0
1391	2.0
1393	3.5
1394	2.5
1398	2.5
1407	3.5
1409	3.0
1411	3.0
1432	2.0
1438	0.5
1457	2.0
1461	1.0
1479	1.5
1485	3.0
1487	2.0
1488	3.0
1499	0.5
1500	2.0
1515	0.5
1517	3.5
1527	4.0
1544	2.0
1552	3.0
1554	3.5
1562	2.5
1569	2.0
1573	1.0
1580	3.0
1584	0.5
1586	1.0
1589	1.5
1590	1.0
1597	3.5
1603	1.5
1608	3.0
1616	3.0
1617	4.0
1625	4.0
1639	3.5
1641	4.0
1644	3.0
1645	4.5
1647	1.0
1653	2.0
1658	3.5
1665	3.0
1670	3.0
1673	4.0
1676	1.5
1680	3.5
1682	3.5
1686	3.0
1690	0.5
1704	4.5
1707	1.0
1711	4.0
1717	2.5
1721	3.0
1722	3.0
1726	1.0
1727	1.0
1729	4.0
1732	4.0
1747	3.0
1748	3.0
1779	1.0
1783	2.0
1784	3.5
1821	2.0
1831	1.0
1834	1.5
1844	4.5
1882	0.5
1888	1.5
1892	3.5
1894	1.5
1900	4.0
1907	3.0
1909	3.5
1911	2.5
1917	2.0
1918	1.5
1923	2.5
1952	2.5
1955	4.0
1961	5.0
1974	1.5
1975	0.5
1976	0.5
1977	0.5
1994	2.5
1997	2.5
2000	3.0
2001	3.0
2002	3.0
2003	3.0
2004	1.0
2005	5.0
2006	3.0
2011	3.0
2012	2.0
2018	4.5
2019	4.0
2020	4.0
2023	3.5
2025	3.0
2028	3.5
2053	0.5
2054	3.0
2058	2.5
2078	4.5
2081	4.5
2096	5.0
2107	0.5
2124	2.5
2125	3.0
2126	0.5
2150	3.0
2160	4.0
2167	0.5
2174	4.0
2231	3.5
2232	2.0
2245	3.5
2248	3.5
2268	4.5
2273	3.0
2291	4.0
2294	3.5
2302	3.0
2306	1.0
2315	0.5
2316	3.0
2321	3.0
2324	4.5
2328	0.5
2329	4.0
2334	1.5
2337	4.5
2338	1.5
2353	2.5
2355	4.5
2367	3.0
2379	3.0
2380	3.0
2382	1.0
2383	0.5
2387	3.0
2390	3.5
2393	3.0
2394	3.5
2396	3.5
2398	1.5
2424	1.5
2427	3.0
2428	3.0
2429	1.0
2431	3.0
2432	2.5
2448	1.0
2474	3.0
2485	3.0
2497	0.5
2498	0.5
2531	3.0
2539	3.0
2541	3.5
2542	5.0
2558	3.0
2563	3.5
2565	3.0
2567	2.5
2570	3.0
2571	4.5
2572	4.5
2581	3.0
2583	3.0
2594	5.0
2598	3.0
2605	4.0
2617	3.5
2628	4.0
2668	2.0
2671	3.0
2683	4.0
2687	5.0
2688	0.5
2694	3.0
2700	4.0
2701	1.0
2706	3.5
2710	3.0
2716	3.0
2717	1.0
2719	3.0
2720	1.0
2724	3.0
2763	1.5
2769	1.0
2788	5.0
2794	1.0
2797	2.5
2803	3.5
2805	3.5
2806	2.0
2808	0.5
2810	4.5
2826	3.0
2829	3.0
2840	3.5
2858	5.0
2863	3.5
2875	3.0
2883	1.0
2890	3.0
2908	4.0
2947	3.0
2959	4.5
2985	1.5
2986	0.5
2987	2.5
2990	3.0
2997	3.5
3004	3.0
3006	4.0
3030	4.0
3033	3.5
3052	4.0
3053	3.0
3054	0.5
3063	0.5
3079	3.0
3081	4.0
3082	2.0
3083	5.0
3097	3.0
3147	3.0
3148	3.5
3155	2.5
3157	2.5
3160	4.0
3174	3.0
3176	3.5
3178	1.0
3225	2.5
3257	1.0
3258	3.0
3260	4.0
3261	3.0
3262	0.5
3264	3.0
3273	1.5
3275	4.0
3285	4.5
3301	3.5
3317	4.5
3325	3.0
3355	4.0
3408	4.0
3418	4.0
3450	3.5
3461	2.5
3477	4.0
3481	5.0
3484	3.0
3489	2.0
3524	3.0
3528	2.0
3534	3.0
3535	4.0
3538	3.5
3555	2.5
3556	3.5
3564	1.0
3565	2.5
3578	4.5
3581	4.0
3598	3.0
3617	2.5
3618	3.0
3623	3.0
3624	1.0
3646	0.5
3707	3.0
3717	3.0
3742	4.5
3751	4.0
3752	2.5
3753	3.5
3755	3.0
3783	3.0
3784	1.5
3785	1.0
3793	3.0
3798	3.0
3799	0.5
3824	0.5
3825	2.5
3827	3.0
3841	2.5
3893	3.0
3897	3.5
3910	3.0
3916	1.5
3948	1.5
3949	4.5
3967	4.5
3968	3.0
3977	3.5
3978	1.5
3987	1.5
3988	2.5
3991	1.0
3992	4.0
3993	4.0
3994	1.0
3996	4.0
4011	5.0
4014	4.5
4015	2.5
4017	3.0
4018	2.0
4019	3.0
4020	1.5
4022	4.0
4025	3.5
4027	4.5
4030	2.5
4031	2.5
4034	4.0
4040	1.5
4056	3.0
4061	3.5
4085	3.0
4148	3.0
4158	1.0
4214	3.0
4226	3.5
4232	1.0
4235	4.5
4246	4.0
4270	2.5
4299	4.0
4306	4.0
4308	4.5
4317	3.0
4322	3.0
4329	5.0
4361	3.0
4367	2.5
4369	0.5
4380	3.5
4447	3.5
4487	3.0
4621	3.5
4638	2.0
4639	3.0
4643	3.0
4673	3.0
4677	2.0
4700	3.0
4718	2.5
4720	4.0
4734	3.0
4775	0.5
4776	3.5
4816	2.0
4823	2.0
4848	2.0
4855	3.0
4865	3.5
4874	3.0
4878	4.0
4880	3.5
4881	4.5
4896	3.5
4951	2.5
4954	4.0
4963	4.5
4967	4.5
4973	5.0
4974	1.0
4975	3.0
4979	3.0
4992	2.0
4993	4.5
4995	3.0
5013	5.0
5015	3.5
5026	2.5
5060	4.5
5064	3.0
5106	1.0
5151	3.0
5152	1.5
5218	4.5
5225	4.5
5266	3.0
5267	2.5
5291	3.5
5293	1.5
5296	2.0
5299	2.5
5349	2.0
5364	2.5
5377	3.5
5378	4.0
5380	3.5
5418	3.5
5445	4.0
5459	2.0
5481	4.0
5502	3.0
5504	0.5
5508	4.0
5541	3.0
5630	2.5
5669	4.5
5679	2.0
5810	3.5
5816	2.0
5872	3.0
5943	1.0
5944	3.0
5952	4.0
5956	0.5
5957	1.5
5989	4.0
5991	4.0
6016	4.0
6059	2.0
6104	4.0
6157	1.0
6166	3.0
6187	3.5
6216	4.5
6218	3.0
6242	4.0
6281	3.5
6323	3.5
6333	0.5
6365	1.5
6367	2.5
6377	4.0
6502	3.5
6503	2.5
6539	4.5
6548	1.0
6550	2.5
6564	1.0
6565	0.5
6566	0.5
6593	1.0
6662	3.0
6708	3.0
6711	3.5
6787	2.5
6807	4.0
6808	1.5
6863	3.0
6873	1.5
6874	4.5
6879	3.5
6932	2.5
6934	0.5
6942	3.0
6944	2.0
6947	4.0
6951	0.5
6993	4.0
7017	2.0
7022	3.5
7034	3.5
7090	4.0
7143	4.0
7147	3.5
7149	3.5
7153	4.5
7158	3.5
7162	1.0
7254	3.0
7318	4.0
7323	4.0
7325	2.0
7361	4.0
7371	4.5
7438	4.5
7458	4.5
7618	2.5
8183	2.0
8368	1.5
8464	4.0
8529	1.5
8622	5.0
8636	1.0
8645	3.0
8665	3.0
8781	1.5
8866	3.5
8873	4.0
8880	2.5
8950	4.0
8957	3.5
8961	4.5
8973	4.5
8981	4.5
8983	4.5
27727	3.5
27803	4.5
27839	1.0
30707	1.5
30793	4.5
30812	4.0
30825	1.5
31410	4.0
32031	4.0
32587	4.0
32596	1.0
33162	3.0
33166	3.5
33493	4.5
33499	1.0
33679	1.0
33794	4.0
34048	3.0
34072	4.5
34150	3.5
34162	2.0
34319	1.5
34534	3.0
36517	3.5
39183	4.0
39292	4.0
40815	3.0
44022	3.5
44191	3.5
44694	4.0
45186	2.5
45720	2.5
45722	4.0
46578	3.5
47610	2.0
47629	4.0
48385	4.0
48394	3.5
48516	4.5
48774	4.0
48780	3.5
49272	3.5
50872	4.0
51084	3.5
51540	3.5
52722	0.5
52973	3.5
53125	4.5
53322	3.0
53894	4.0
53996	3.5
54286	4.0
55052	2.0
55442	3.5
55820	3.0
56171	2.5
56333	4.0
56367	4.0
56757	4.0
56788	2.5
58025	2.5
58154	3.5
58559	4.5
58998	3.5
59315	3.5
59421	3.0
59725	0.5
59900	1.5
60069	4.0
60074	2.5
62374	4.0
62511	3.5
63082	2.5
63113	3.5
63876	3.5
63992	4.0
64575	3.0
64622	3.0
65130	4.0
66203	3.5
68157	4.5
68237	4.0
68358	3.5
68954	5.0
69481	4.0
69757	3.0
70286	4.0
72407	1.5
72998	3.5
73017	3.5
74458	2.5
74545	3.0
77561	1.0
79132	4.0
80463	3.5
81591	3.5
81845	3.5
86882	2.0
88125	3.5
88163	1.0
89745	4.0
89904	4.0
91529	3.5
91542	3.5
92259	4.5
94959	3.0
96079	4.0
96610	2.5
97304	3.5
97752	3.5
97921	3.0
98154	3.0
99114	4.0
99149	0.5
102125	3.0
