1	5.0
2	3.5
3	2.5
5	3.0
7	4.0
10	3.0
11	3.5
16	4.5
17	4.0
18	4.0
19	2.0
21	5.0
25	4.0
31	4.0
32	5.0
34	2.0
39	4.0
45	3.0
50	5.0
52	3.5
58	4.5
62	4.0
68	3.5
79	2.5
86	1.0
88	2.5
94	4.0
95	4.0
104	3.0
111	4.0
125	4.0
135	3.0
141	3.0
145	3.0
150	4.0
153	3.0
160	2.0
161	3.5
162	3.5
163	3.0
165	4.0
168	3.0
172	0.5
173	2.5
174	1.0
185	2.5
186	3.5
193	0.5
196	2.0
198	2.0
204	2.5
208	2.5
223	5.0
225	4.0
231	4.0
235	2.0
236	3.0
237	2.5
247	4.0
248	3.5
252	3.5
260	5.0
261	3.5
266	3.5
274	3.5
292	2.5
293	5.0
296	5.0
300	4.0
315	3.5
316	3.0
317	3.5
318	5.0
329	4.0
339	4.0
342	4.0
344	3.0
345	4.5
349	2.0
350	4.0
352	2.0
355	3.0
356	4.0
357	4.5
364	4.0
367	3.5
368	3.5
370	2.0
372	3.5
376	3.5
377	4.0
378	3.0
380	3.0
415	3.0
418	3.0
420	2.0
432	2.5
433	3.0
434	3.5
435	3.0
440	4.0
441	2.0
442	3.0
454	3.0
457	5.0
459	2.0
466	2.5
468	4.0
471	4.0
473	3.0
474	2.0
480	3.0
481	4.0
485	1.5
489	3.5
490	3.5
494	3.5
497	4.5
500	4.0
502	2.5
508	4.5
509	4.0
515	4.0
516	3.0
520	3.0
524	4.0
527	5.0
529	3.0
532	1.5
539	4.0
540	3.0
541	5.0
542	3.0
543	3.5
546	1.5
548	3.0
585	3.0
586	3.5
587	3.0
588	4.0
589	5.0
590	4.0
592	3.0
593	4.5
594	4.0
595	4.5
597	4.0
608	5.0
616	3.5
619	2.5
637	3.0
640	0.5
647	3.5
648	4.0
674	2.5
688	2.5
708	3.0
719	2.5
733	3.5
736	3.0
750	5.0
762	1.0
778	5.0
780	4.0
784	2.0
785	4.0
786	3.5
788	2.5
800	5.0
818	2.5
830	3.5
852	3.0
858	5.0
866	5.0
899	4.5
902	3.5
903	4.0
904	4.0
908	5.0
910	3.0
912	5.0
913	4.0
916	4.0
919	3.0
923	5.0
924	5.0
933	4.5
934	2.0
952	3.0
953	4.0
969	4.0
999	4.0
1019	3.5
1028	3.0
1035	4.5
1036	4.0
1037	0.5
1041	4.0
1047	3.0
1060	5.0
1066	4.0
1077	4.0
1079	4.0
1080	3.0
1081	4.0
1084	5.0
1088	4.0
1089	5.0
1091	3.5
1092	4.0
1094	4.0
1097	5.0
1101	3.0
1120	4.0
1126	2.0
1127	4.0
1131	5.0
1136	3.0
1148	4.0
1176	4.0
1183	4.5
1188	4.0
1193	5.0
1196	5.0
1197	4.0
1198	4.0
1199	5.0
1200	5.0
1201	2.0
1207	4.0
1208	4.5
1210	5.0
1213	4.0
1214	5.0
1220	3.0
1221	4.0
1224	4.0
1225	5.0
1230	3.0
1231	4.0
1233	5.0
1234	4.0
1240	4.0
1244	3.0
1246	3.5
1247	5.0
1249	5.0
1250	4.0
1252	5.0
1256	3.0
1262	4.0
1265	4.0
1267	4.0
1269	4.0
1270	5.0
1271	4.0
1272	3.0
1275	2.0
1276	3.0
1278	4.0
1279	4.0
1281	4.5
1282	4.5
1285	4.0
1288	3.0
1291	4.0
1292	5.0
1293	4.0
1296	3.5
1299	4.0
1302	3.5
1304	4.0
1307	3.0
1320	3.0
1333	1.0
1339	4.0
1343	3.0
1356	4.0
1357	4.5
1358	5.0
1370	4.0
1371	3.0
1372	3.0
1374	3.0
1375	3.0
1376	3.0
1377	3.0
1380	3.5
1385	4.0
1391	1.0
1393	4.0
1394	5.0
1395	3.0
1396	3.0
1449	5.0
1466	4.5
1476	1.0
1479	3.5
1485	3.0
1500	3.0
1513	3.5
1517	5.0
1527	5.0
1537	4.0
1544	2.0
1569	3.0
1573	1.0
1580	4.0
1584	3.0
1597	3.5
1608	3.0
1610	3.0
1617	5.0
1619	3.5
1625	3.0
1639	4.0
1641	5.0
1645	2.0
1653	4.0
1663	3.0
1665	2.5
1673	4.0
1674	4.0
1676	1.0
1678	4.0
1680	4.5
1682	4.0
1689	3.5
1690	3.0
1701	4.0
1704	4.5
1711	3.0
1721	4.0
1722	3.0
1726	3.5
1729	2.5
1730	3.5
1731	1.5
1732	4.0
1735	3.0
1747	2.0
1748	5.0
1760	1.5
1777	3.5
1779	2.5
1783	2.0
1784	4.0
1792	3.0
1805	3.0
1810	3.5
1831	3.0
1834	4.5
1845	2.0
1855	2.0
1875	3.0
1876	1.0
1883	3.5
1885	3.0
1894	2.5
1909	2.5
1912	3.5
1914	4.0
1916	3.0
1917	2.5
1918	2.0
1923	4.0
1924	1.0
1947	4.0
1952	4.5
1953	4.0
1954	3.0
1955	4.0
1958	4.5
1960	5.0
1961	4.0
1962	4.0
1965	3.0
1968	4.0
1994	4.0
1997	4.0
2000	4.0
2001	4.0
2002	3.5
2003	4.0
2006	3.0
2010	4.0
2011	4.5
2012	5.0
2020	4.0
2028	4.0
2053	2.0
2054	3.0
2059	3.0
2060	3.5
2065	3.0
2068	4.0
2076	4.0
2080	3.0
2081	4.0
2088	2.0
2094	3.0
2100	3.5
2105	3.0
2108	4.0
2109	2.0
2111	3.5
2115	4.0
2117	4.0
2135	3.5
2141	3.0
2147	3.0
2150	5.0
2151	3.0
2155	3.5
2160	4.0
2165	3.0
2171	4.0
2174	3.0
2184	4.0
2186	4.5
2188	3.0
2194	3.0
2243	2.0
2245	4.0
2249	3.5
2253	3.0
2259	3.0
2262	3.5
2268	4.0
2269	3.0
2273	3.0
2289	4.0
2291	3.0
2294	3.5
2301	3.5
2302	3.0
2311	5.0
2312	5.0
2313	2.0
2318	3.0
2321	3.0
2324	3.0
2325	3.5
2333	4.5
2335	2.5
2336	4.0
2352	4.0
2353	3.0
2355	4.0
2357	5.0
2359	4.0
2360	4.5
2366	4.0
2369	2.5
2371	3.0
2372	3.0
2375	3.0
2376	3.0
2387	3.5
2390	4.0
2391	4.0
2393	3.5
2395	2.0
2396	3.5
2405	3.5
2406	4.0
2407	4.0
2409	3.0
2410	3.5
2411	3.0
2412	3.0
2414	4.0
2420	3.0
2421	2.5
2424	4.0
2429	1.0
2431	3.0
2436	3.0
2442	4.0
2455	3.5
2457	3.0
2463	3.5
2468	3.5
2469	3.0
2470	4.0
2471	2.5
2473	3.0
2485	3.5
2501	4.0
2502	2.0
2521	3.0
2527	4.0
2529	3.0
2539	3.0
2542	4.0
2555	1.5
2567	2.5
2571	5.0
2572	2.0
2574	2.5
2580	4.5
2583	4.0
2599	2.0
2600	4.0
2616	3.0
2617	4.0
2628	2.0
2633	3.5
2640	3.0
2641	3.0
2642	2.5
2643	2.0
2657	4.0
2664	4.0
2671	3.5
2683	4.0
2686	4.0
2690	4.0
2692	5.0
2694	3.0
2700	5.0
2701	2.5
2702	3.5
2706	3.0
2710	4.0
2712	4.0
2716	2.0
2717	3.5
2720	2.5
2723	4.0
2724	2.5
2735	4.0
2739	4.0
2746	4.0
2762	4.5
2763	2.0
2770	2.0
2791	2.0
2797	3.0
2805	3.0
2828	2.0
2858	5.0
2881	3.0
2889	3.5
2890	4.0
2916	4.0
2918	5.0
2942	3.5
2947	3.0
2948	3.0
2953	2.5
2959	4.0
2985	2.0
2987	5.0
2993	3.5
2997	4.0
3006	3.0
3033	5.0
3039	5.0
3044	5.0
3052	3.0
3070	4.0
3072	4.0
3083	4.0
3095	4.0
3101	4.0
3108	4.5
3114	5.0
3156	2.0
3160	4.0
3174	3.5
3175	5.0
3219	3.0
3247	3.5
3252	4.0
3253	4.0
3254	3.0
3255	4.0
3256	4.0
3258	3.0
3260	4.0
3262	4.0
3267	4.0
3274	3.5
3317	4.0
3342	4.0
3361	3.5
3363	4.0
3391	2.5
3408	4.0
3418	5.0
3448	3.0
3452	2.0
3461	5.0
3462	5.0
3471	5.0
3481	3.0
3499	4.0
3503	3.0
3504	4.0
3505	4.0
3510	3.5
3513	3.5
3526	3.0
3527	1.0
3534	3.0
3535	3.0
3536	4.0
3545	5.0
3552	3.0
3555	4.0
3564	2.0
3569	3.5
3578	4.0
3598	4.0
3618	3.5
3623	4.0
3635	3.0
3638	3.0
3649	3.0
3654	4.0
3671	3.0
3683	4.0
3684	4.0
3698	3.0
3699	2.0
3702	4.0
3703	1.0
3707	3.0
3710	2.5
3717	2.5
3740	3.5
3745	3.5
3751	3.5
3752	3.5
3754	2.0
3755	3.0
3763	3.0
3791	3.5
3793	3.5
3798	3.5
3809	3.5
3812	3.0
3825	2.5
3827	2.0
3844	4.0
3861	3.0
3868	3.0
3869	3.0
3873	2.0
3882	3.5
3893	3.5
3897	3.0
3910	3.5
3911	4.0
3916	4.0
3948	3.0
3959	3.0
3967	4.5
3968	2.5
3969	5.0
3977	3.5
3978	3.0
3979	2.5
3981	2.5
3983	4.0
3984	3.0
3987	3.0
3988	3.5
3992	4.0
3994	4.0
3996	2.0
3998	4.0
4002	1.0
4005	3.0
4007	4.0
4008	3.5
4010	3.5
4011	4.0
4014	4.5
4015	3.5
4016	3.5
4017	4.0
4018	3.0
4019	4.0
4022	4.0
4025	3.0
4027	5.0
4029	2.0
4034	5.0
4040	3.0
4041	5.0
4052	3.0
4062	4.0
4068	2.0
4069	3.0
4084	4.0
4085	4.0
4102	3.5
4103	3.0
4121	3.0
4226	5.0
4262	5.0
4291	3.5
4299	3.5
4306	4.5
4333	3.0
4361	4.5
4386	2.0
4489	4.0
4558	2.5
4587	3.0
4638	2.0
4701	3.5
4734	4.0
4787	4.0
4814	3.0
4823	4.0
4848	4.0
4874	3.5
4878	3.5
4880	4.5
4886	5.0
4890	3.0
4896	3.5
4899	2.5
4963	4.0
4973	5.0
4975	3.5
4979	3.5
4980	3.0
4990	3.5
4993	5.0
4995	4.5
5010	4.0
5015	4.5
5060	3.0
5064	4.0
5093	2.5
5111	3.0
5152	4.0
5171	2.5
5218	4.0
5220	2.5
5222	3.5
5247	3.5
5265	4.0
5266	4.0
5267	3.0
5282	4.0
5293	3.5
5299	4.5
5303	3.5
5308	4.0
5309	4.0
5313	3.5
5316	4.5
5349	4.0
5377	4.0
5378	3.0
5418	3.5
5445	4.5
5459	2.5
5481	2.0
5502	3.5
5507	3.0
5541	3.5
5574	2.5
5667	2.5
5669	5.0
5782	5.0
5803	3.0
5816	4.0
5872	3.0
5902	4.0
5945	3.5
5952	5.0
5956	3.5
5957	3.0
5989	4.0
5992	4.0
5995	4.5
6281	3.5
6373	2.5
6378	3.5
6440	4.0
6539	3.5
6565	4.0
6662	5.0
6711	5.0
6807	4.0
6870	5.0
6942	4.0
6947	4.0
7151	4.0
7153	5.0
7160	4.0
