1	5.0
2	3.0
10	5.0
11	5.0
17	4.0
21	5.0
34	5.0
39	4.0
45	4.0
47	4.5
50	5.0
52	3.5
57	3.0
58	5.0
95	3.0
150	5.0
151	4.0
153	3.0
165	3.0
176	4.0
186	3.5
198	4.0
208	3.0
222	4.0
223	5.0
224	3.0
235	5.0
236	4.0
237	4.0
246	5.0
256	2.5
260	5.0
265	4.0
278	4.0
289	4.0
293	4.0
296	5.0
300	4.0
307	4.0
318	5.0
339	5.0
342	4.0
344	3.0
345	4.0
348	4.0
349	4.0
356	4.0
357	5.0
361	3.0
367	4.0
368	4.0
377	4.0
380	3.0
417	4.0
440	4.0
457	5.0
466	2.0
468	5.0
474	5.0
480	5.0
492	4.0
497	5.0
500	3.0
509	4.0
539	5.0
541	4.0
543	2.5
552	3.0
553	3.0
555	4.0
562	4.0
586	3.0
587	3.5
588	4.0
589	4.0
590	5.0
592	5.0
593	5.0
594	4.0
595	4.0
597	4.0
599	5.0
605	4.0
608	5.0
610	4.0
628	3.5
648	4.0
673	4.0
708	5.0
728	3.0
733	3.0
736	4.0
780	3.5
800	5.0
805	3.0
838	5.0
852	4.0
858	5.0
898	5.0
899	5.0
900	5.0
901	5.0
902	4.0
903	5.0
904	5.0
905	5.0
906	4.0
907	5.0
908	5.0
910	5.0
911	4.0
912	5.0
913	5.0
916	4.0
919	4.0
920	5.0
921	4.0
923	5.0
928	5.0
930	5.0
931	5.0
932	4.0
933	5.0
934	3.0
938	4.0
940	5.0
941	4.0
942	5.0
943	4.0
944	5.0
945	5.0
947	5.0
949	4.0
950	5.0
951	5.0
953	4.0
955	5.0
969	5.0
1009	3.0
1018	4.0
1022	4.0
1025	4.0
1027	4.0
1028	4.0
1031	4.0
1032	4.0
1035	5.0
1036	5.0
1041	3.0
1057	4.0
1060	5.0
1066	5.0
1073	3.0
1077	4.0
1078	3.0
1079	4.0
1080	4.0
1081	4.0
1082	5.0
1083	3.0
1086	4.0
1088	4.0
1090	5.0
1091	2.0
1092	4.0
1094	4.0
1097	5.0
1101	5.0
1103	5.0
1104	4.0
1120	4.0
1127	4.0
1129	3.0
1136	4.0
1172	4.0
1178	4.0
1179	4.0
1188	5.0
1193	5.0
1196	5.0
1197	5.0
1198	5.0
1199	3.0
1204	5.0
1208	4.0
1210	4.0
1213	4.0
1219	4.0
1220	4.0
1222	4.0
1224	4.0
1226	4.0
1231	5.0
1233	5.0
1240	4.0
1242	4.0
1244	4.0
1246	4.0
1247	5.0
1250	5.0
1252	5.0
1256	5.0
1262	4.0
1265	5.0
1266	5.0
1267	5.0
1269	4.0
1270	3.0
1272	4.0
1275	4.0
1281	4.0
1283	5.0
1284	5.0
1285	4.0
1288	5.0
1291	5.0
1295	4.0
1296	4.0
1304	4.0
1307	5.0
1343	4.0
1370	3.0
1371	3.0
1374	4.0
1375	3.0
1377	3.0
1380	5.0
1381	5.0
1387	5.0
1393	4.0
1396	3.5
1407	2.5
1408	4.0
1416	4.0
1449	5.0
1479	3.0
1500	5.0
1513	3.5
1517	5.0
1527	3.5
1569	3.0
1573	4.0
1580	5.0
1610	4.0
1617	5.0
1639	5.0
1641	4.0
1663	4.0
1676	3.0
1680	4.0
1682	3.5
1689	4.0
1704	4.5
1721	3.0
1722	4.0
1747	4.0
1777	4.0
1784	4.0
1810	4.0
1897	4.0
1912	5.0
1914	3.0
1923	5.0
1929	4.0
1934	4.0
1939	5.0
1944	5.0
1947	5.0
1950	5.0
1953	5.0
1954	5.0
1957	5.0
1958	4.0
1961	5.0
1965	3.0
1968	4.0
1982	2.5
2000	4.0
2001	4.0
2002	3.5
2003	2.0
2006	4.0
2028	5.0
2054	4.0
2065	3.0
2076	4.0
2080	5.0
2085	5.0
2087	4.0
2090	4.0
2100	4.0
2105	4.0
2108	4.0
2109	3.0
2115	3.0
2125	4.0
2133	4.0
2137	4.0
2139	4.0
2140	3.0
2144	4.0
2145	4.0
2146	4.0
2150	2.5
2161	3.0
2171	4.0
2174	3.0
2184	3.0
2193	4.0
2194	4.0
2206	3.0
2208	5.0
2241	3.0
2243	4.0
2248	5.0
2249	3.0
2253	2.0
2261	3.0
2262	3.0
2289	5.0
2294	5.0
2300	4.0
2302	3.0
2321	3.0
2352	5.0
2355	5.0
2369	4.0
2371	4.0
2372	3.0
2376	3.0
2396	5.0
2401	4.0
2405	3.0
2406	4.0
2413	2.0
2414	4.0
2420	4.0
2424	5.0
2457	4.0
2467	4.0
2478	2.5
2496	3.0
2520	3.0
2524	4.0
2539	4.0
2571	5.0
2572	4.0
2580	4.0
2583	4.0
2599	4.0
2640	4.0
2641	3.0
2657	5.0
2671	5.0
2683	4.0
2700	4.0
2716	5.0
2717	3.0
2723	4.0
2724	3.0
2746	3.0
2763	4.0
2788	4.0
2791	4.0
2792	3.0
2795	3.0
2796	3.0
2797	4.0
2802	4.0
2805	4.0
2822	3.0
2857	2.0
2858	5.0
2881	2.5
2906	3.0
2915	4.0
2916	4.0
2918	4.0
2922	3.0
2936	5.0
2937	4.0
2941	4.0
2944	4.0
2947	5.0
2948	5.0
2949	5.0
2956	4.0
2971	4.0
2973	4.0
2985	3.0
2987	5.0
2989	4.0
2990	3.0
2991	4.0
2993	5.0
2997	4.0
3022	5.0
3029	4.0
3039	4.0
3044	4.0
3052	4.0
3060	4.0
3062	5.0
3074	5.0
3082	4.5
3095	5.0
3096	5.0
3097	5.0
3098	5.0
3102	4.0
3104	3.0
3108	4.0
3114	5.0
3148	4.5
3152	5.0
3168	5.0
3175	4.0
3176	4.0
3197	3.0
3210	4.0
3253	5.0
3255	3.0
3256	4.0
3259	3.0
3261	4.0
3301	4.0
3317	4.0
3358	3.0
3360	4.0
3361	5.0
3362	4.0
3363	4.0
3365	5.0
3385	4.0
3386	4.0
3396	3.0
3408	4.0
3418	4.0
3421	5.0
3441	2.0
3448	4.0
3471	4.0
3479	4.0
3481	5.0
3508	4.0
3512	5.0
3519	3.0
3526	3.0
3543	4.0
3545	4.0
3549	4.0
3552	5.0
3576	3.0
3578	5.0
3606	5.0
3624	4.0
3633	4.0
3635	4.0
3638	4.0
3639	4.0
3654	4.0
3668	4.0
3675	5.0
3683	4.0
3684	4.0
3685	4.0
3698	3.0
3699	3.0
3702	4.0
3703	4.0
3704	2.0
3706	4.0
3707	3.0
3740	4.0
3742	5.0
3745	3.0
3751	5.0
3763	4.0
3788	4.0
3809	4.0
3811	5.0
3812	4.0
3836	3.0
3868	4.0
3893	4.0
3897	5.0
3911	5.0
3948	3.5
3967	4.0
3972	3.0
3984	4.0
3987	4.0
3996	5.0
4002	3.0
4005	5.0
4007	4.0
4014	5.0
4023	3.0
4039	3.0
4054	3.0
4062	4.0
4069	2.5
4084	3.0
4085	3.0
4086	4.0
4117	4.0
4128	3.0
4133	2.0
4210	4.0
4226	5.0
4232	4.0
4238	3.0
4246	4.0
4275	3.0
4285	4.0
4306	5.0
4308	4.0
4321	4.0
4326	4.0
4327	4.0
4329	4.0
4333	2.0
4361	4.0
4406	4.0
4410	4.0
4447	3.5
4464	4.0
4488	3.0
4499	3.0
4506	4.0
4571	4.0
4621	3.0
4623	4.0
4639	4.0
4710	5.0
4802	5.0
4816	4.0
4823	5.0
4855	4.0
4874	2.0
4881	4.0
4886	5.0
4896	5.0
4915	3.0
4936	4.0
4941	4.0
4973	4.0
4980	4.0
4993	5.0
4995	4.0
5049	4.0
5060	5.0
5120	4.0
5139	3.0
5177	3.0
5247	3.0
5299	5.0
5308	3.0
5339	4.0
5349	5.0
5418	4.5
5459	2.0
5470	4.0
5481	4.0
5530	2.0
5620	2.5
5650	4.0
5693	4.0
5712	4.0
5816	4.5
5872	4.0
5952	5.0
5957	4.0
6155	3.5
6157	2.5
6183	4.0
6333	4.0
6377	4.0
6539	4.0
6541	3.5
6565	4.0
6787	4.5
6796	4.5
6807	3.5
6942	4.0
6979	3.5
7004	3.5
7090	3.5
7132	4.0
7153	5.0
7325	3.5
7360	2.5
7361	5.0
7438	4.5
7482	3.5
8360	4.5
8361	3.5
8368	4.5
8528	4.5
8529	3.5
8636	4.5
8638	4.5
8641	4.0
8665	4.0
8865	4.5
8961	5.0
8970	4.0
30793	4.0
30822	4.0
31878	4.5
33679	4.0
33794	4.5
34150	3.0
34162	4.5
39183	5.0
40583	4.5
40815	4.5
45722	3.5
47423	4.5
