1	4.0
3	2.0
4	3.0
5	4.0
6	4.0
7	3.0
10	4.0
11	3.0
17	5.0
21	5.0
32	3.0
34	5.0
45	2.0
47	5.0
52	5.0
60	4.0
95	3.5
111	4.5
123	4.0
141	5.0
150	5.0
161	5.0
165	5.0
170	4.0
185	4.0
193	4.0
196	4.0
199	4.0
208	2.0
260	4.0
266	3.5
281	4.5
292	3.0
296	5.0
300	4.0
303	5.0
314	5.0
316	3.0
317	3.0
318	5.0
329	4.0
338	4.0
339	3.5
342	4.5
348	4.0
349	4.0
356	4.5
357	5.0
362	3.0
364	2.0
368	3.0
377	4.0
380	4.0
419	2.5
420	3.0
421	4.0
434	5.0
440	3.5
454	2.0
457	5.0
468	4.0
474	5.0
480	5.0
494	4.5
500	4.0
504	4.0
508	4.0
515	5.0
516	4.5
517	3.5
527	5.0
529	5.0
534	5.0
539	4.0
541	5.0
551	5.0
552	4.5
575	4.0
585	1.0
586	4.0
587	2.0
588	4.0
589	5.0
590	4.0
592	3.0
593	5.0
594	4.5
595	4.0
597	4.0
599	4.0
608	5.0
616	3.0
647	4.0
648	3.0
653	4.0
671	5.0
674	4.0
720	5.0
728	4.5
733	4.0
736	4.0
745	4.5
750	5.0
762	2.0
780	4.0
784	2.0
786	3.5
788	3.0
800	5.0
802	5.0
818	2.0
832	3.5
848	5.0
858	5.0
879	4.0
880	2.0
897	4.0
898	5.0
899	2.0
900	2.0
901	4.5
903	5.0
904	5.0
905	4.5
906	5.0
908	5.0
909	3.0
910	4.5
911	5.0
912	5.0
913	5.0
914	5.0
916	5.0
919	4.5
920	3.0
921	4.0
922	4.5
923	5.0
924	4.5
926	4.5
928	4.5
930	4.5
933	4.5
934	4.0
940	5.0
948	4.0
950	5.0
952	5.0
953	5.0
954	5.0
955	4.0
965	5.0
969	5.0
971	4.0
999	5.0
1008	4.0
1009	3.0
1010	3.0
1012	5.0
1013	3.0
1014	4.0
1016	4.0
1017	4.0
1018	3.0
1019	5.0
1022	5.0
1023	4.0
1027	3.0
1028	4.0
1029	4.0
1031	4.0
1035	5.0
1036	5.0
1037	4.0
1047	5.0
1059	5.0
1064	4.0
1066	5.0
1073	2.0
1077	3.0
1079	2.0
1080	5.0
1081	4.0
1083	5.0
1084	4.5
1086	5.0
1088	4.0
1094	4.0
1096	4.5
1097	5.0
1100	3.0
1101	3.5
1104	4.0
1124	3.0
1125	4.0
1127	4.0
1130	4.0
1131	5.0
1132	5.0
1135	3.0
1136	4.0
1148	5.0
1185	5.0
1186	4.0
1187	2.0
1188	3.0
1189	5.0
1193	5.0
1196	4.0
1197	5.0
1198	5.0
1199	4.0
1200	5.0
1201	5.0
1203	5.0
1204	5.0
1207	5.0
1209	3.0
1210	4.0
1212	5.0
1214	5.0
1219	5.0
1221	5.0
1223	4.5
1225	5.0
1226	5.0
1227	3.0
1230	5.0
1231	4.0
1234	4.5
1235	4.0
1240	4.0
1242	4.0
1243	4.0
1244	4.0
1246	2.0
1247	5.0
1248	4.0
1250	4.0
1251	5.0
1252	4.5
1253	4.0
1254	4.5
1256	5.0
1258	2.0
1259	4.5
1262	5.0
1263	4.0
1265	4.0
1266	5.0
1269	5.0
1270	5.0
1271	5.0
1272	5.0
1276	5.0
1278	5.0
1279	5.0
1282	5.0
1283	5.0
1284	5.0
1287	3.0
1289	5.0
1290	4.0
1291	4.0
1293	5.0
1296	3.0
1298	5.0
1302	2.0
1307	4.0
1320	2.0
1321	4.0
1333	5.0
1334	3.0
1340	4.0
1344	4.0
1345	4.0
1356	4.5
1357	4.0
1358	4.0
1370	5.0
1371	5.0
1372	4.0
1373	4.0
1374	4.5
1375	4.0
1376	4.0
1387	4.0
1390	3.0
1391	3.0
1393	2.0
1394	3.0
1396	4.5
1422	4.0
1438	3.5
1446	5.0
1459	4.0
1460	3.0
1476	2.0
1479	4.0
1499	4.0
1527	5.0
1537	5.0
1544	4.0
1556	2.0
1569	4.0
1580	5.0
1584	3.0
1588	4.0
1591	3.0
1603	5.0
1608	4.0
1610	5.0
1616	4.0
1617	5.0
1619	3.0
1633	5.0
1641	3.5
1646	4.0
1672	4.0
1674	5.0
1676	4.0
1678	5.0
1687	4.0
1690	3.0
1693	4.0
1702	2.0
1704	3.0
1707	2.0
1721	2.0
1734	5.0
1747	3.0
1769	5.0
1784	4.0
1792	4.0
1801	4.0
1831	1.0
1848	3.0
1882	2.0
1883	4.0
1885	4.0
1888	4.0
1907	4.0
1914	5.0
1917	4.0
1918	4.0
1923	4.5
1927	5.0
1929	4.0
1939	4.0
1940	5.0
1944	4.0
1945	4.0
1947	5.0
1948	5.0
1949	5.0
1950	5.0
1951	5.0
1952	4.0
1954	4.0
1957	5.0
1958	4.0
1960	4.0
1961	4.0
1962	5.0
1964	4.5
1965	3.0
1968	4.0
1977	3.0
1994	4.0
1997	5.0
2000	4.0
2001	4.0
2002	4.5
2003	4.0
2005	3.0
2009	4.0
2010	5.0
2011	4.0
2012	3.0
2015	3.0
2017	3.0
2018	4.0
2019	5.0
2021	3.0
2023	3.0
2034	2.0
2043	3.0
2046	4.0
2054	3.0
2057	5.0
2058	3.0
2059	3.0
2064	5.0
2065	4.0
2067	5.0
2069	5.0
2077	5.0
2078	4.0
2080	5.0
2081	4.0
2083	5.0
2085	4.0
2087	4.0
2089	3.0
2090	3.0
2094	4.0
2096	5.0
2097	4.0
2100	4.0
2102	5.0
2105	4.0
2108	4.0
2110	3.0
2111	3.0
2112	5.0
2115	4.5
2116	4.0
2118	3.0
2132	4.0
2133	4.0
2134	4.0
2136	4.0
2137	4.0
2139	4.0
2140	3.0
2141	4.0
2145	4.0
2150	5.0
2151	5.0
2155	2.0
2160	3.0
2161	4.0
2163	4.0
2167	4.0
2173	3.0
2174	4.0
2181	5.0
2183	5.0
2184	4.0
2193	5.0
2194	4.0
2212	5.0
2240	5.0
2243	4.0
2245	4.0
2247	4.0
2248	4.0
2253	4.0
2268	5.0
2273	4.0
2278	3.0
2288	5.0
2289	5.0
2291	3.5
2294	4.0
2300	4.0
2303	5.0
2316	3.0
2333	5.0
2346	3.0
2348	4.0
2352	5.0
2353	4.0
2355	4.0
2359	5.0
2363	2.0
2366	5.0
2371	3.0
2375	2.0
2376	5.0
2384	5.0
2385	4.0
2390	4.5
2393	4.0
2394	3.0
2395	4.0
2396	4.5
2398	4.5
2401	5.0
2405	4.0
2406	4.5
2407	4.0
2408	2.0
2409	2.0
2414	4.0
2420	4.0
2423	4.5
2424	4.0
2428	4.0
2431	2.0
2433	4.0
2436	5.0
2447	4.0
2450	3.0
2453	3.0
2455	4.0
2467	4.0
2469	3.0
2470	4.0
2471	3.5
2475	4.0
2496	4.5
2501	5.0
2502	4.0
2511	4.0
2518	3.0
2519	4.0
2520	4.0
2524	3.0
2531	4.0
2533	3.0
2539	3.0
2550	4.0
2553	5.0
2554	4.0
2561	4.0
2565	4.0
2570	5.0
2571	5.0
2572	4.0
2605	4.0
2611	5.0
2616	4.0
2617	5.0
2628	3.0
2633	5.0
2634	4.0
2640	4.0
2644	4.0
2648	4.0
2657	4.0
2660	5.0
2662	5.0
2664	4.0
2668	4.0
2670	5.0
2671	5.0
2672	4.0
2677	3.0
2688	4.0
2692	5.0
2699	3.0
2701	3.0
2707	4.5
2712	1.0
2716	4.0
2718	2.0
2720	2.0
2722	4.0
2723	4.0
2724	2.0
2728	4.5
2739	5.0
2745	3.0
2746	5.0
2747	5.0
2750	4.0
2762	5.0
2764	4.0
2770	4.0
2782	3.0
2791	4.0
2795	3.0
2797	2.0
2803	4.5
2805	3.0
2815	4.0
2819	5.0
2826	5.0
2840	4.0
2852	5.0
2857	4.0
2858	5.0
2863	4.0
2866	5.0
2870	5.0
2871	4.0
2881	4.0
2889	4.0
2890	5.0
2906	2.0
2908	5.0
2916	4.0
2917	4.0
2918	4.5
2919	5.0
2921	4.0
2922	4.0
2929	2.0
2941	5.0
2942	4.0
2944	4.5
2946	4.0
2947	5.0
2948	5.0
2949	5.0
2951	5.0
2956	4.0
2959	3.0
2968	3.0
2969	5.0
2971	4.0
2983	5.0
2985	4.0
2987	4.5
2989	4.0
2991	4.0
2993	4.0
3000	4.0
3005	5.0
3006	4.5
3015	3.0
3022	5.0
3028	5.0
3033	3.0
3034	4.0
3035	4.0
3037	5.0
3051	4.0
3052	4.0
3061	5.0
3062	5.0
3066	4.0
3068	4.0
3070	4.0
3072	5.0
3074	5.0
3082	4.0
3087	3.0
3088	5.0
3090	5.0
3093	4.0
3095	5.0
3096	5.0
3098	4.5
3099	4.0
3100	4.5
3101	4.0
3105	4.0
3107	4.0
3111	5.0
3114	4.5
3120	3.0
3147	5.0
3148	5.0
3152	4.0
3153	4.0
3157	4.0
3159	5.0
3167	3.0
3168	4.0
3175	3.0
3185	4.0
3186	3.0
3189	4.0
3194	5.0
3196	5.0
3197	4.0
3201	4.5
3203	4.5
3238	1.0
3243	1.0
3247	3.0
3248	3.0
3251	5.0
3252	4.0
3256	4.0
3257	3.0
3260	5.0
3263	3.0
3264	3.0
3296	4.0
3300	3.0
3301	4.5
3316	2.0
3328	4.5
3330	3.0
3334	4.0
3342	5.0
3347	5.0
3358	5.0
3359	4.0
3360	4.0
3361	4.0
3363	5.0
3364	4.0
3365	4.0
3384	5.0
3386	2.0
3388	3.5
3396	4.0
3397	4.0
3398	4.0
3408	4.5
3409	3.0
3418	5.0
3435	4.5
3439	2.0
3448	3.0
3450	4.0
3451	4.0
3452	4.0
3467	4.0
3468	3.0
3469	4.0
3471	5.0
3475	3.0
3479	4.0
3481	4.0
3483	2.0
3494	5.0
3498	3.0
3499	4.0
3501	5.0
3504	4.5
3505	4.0
3506	4.0
3507	4.0
3508	4.0
3510	4.0
3513	4.0
3516	5.0
3519	3.0
3524	4.0
3525	4.0
3526	3.0
3527	5.0
3528	4.0
3529	4.0
3534	4.0
3536	4.0
3545	5.0
3546	3.0
3548	4.0
3549	5.0
3550	4.0
3551	4.0
3576	4.0
3591	4.0
3623	3.0
3624	4.0
3633	5.0
3634	5.0
3635	4.0
3638	4.0
3639	4.0
3654	5.0
3671	5.0
3675	4.0
3676	4.0
3681	5.0
3682	4.0
3684	3.0
3685	4.0
3686	4.0
3688	3.0
3697	3.0
3699	5.0
3701	4.0
3702	4.0
3705	4.0
3707	2.0
3708	4.0
3712	4.0
3717	1.0
3730	5.0
3733	5.0
3735	5.0
3751	5.0
3763	4.0
3788	4.0
3789	5.0
3791	3.0
3793	5.0
3801	5.0
3809	3.0
3811	4.0
3821	3.0
3827	5.0
3836	4.0
3844	5.0
3865	2.0
3868	3.0
3871	5.0
3873	5.0
3893	5.0
3897	4.0
3911	5.0
3916	4.0
3927	4.0
3929	5.0
3932	5.0
3948	4.0
3959	4.0
3967	5.0
3968	3.0
3972	5.0
3977	4.0
3988	4.0
3994	3.0
3996	5.0
4017	4.0
4022	4.0
4025	3.0
4027	5.0
4033	4.0
4066	3.0
4085	5.0
4086	5.0
4117	5.0
4159	1.0
4174	5.0
4187	5.0
4191	5.0
4220	4.0
4223	3.0
4225	5.0
4226	5.0
4246	4.0
4254	3.0
4263	3.0
4270	3.0
4292	4.0
4305	4.0
4306	5.0
4308	3.0
4321	4.0
4327	4.5
4329	5.0
4359	4.0
4361	4.5
4406	5.0
4410	5.0
4424	4.0
4427	5.0
4432	4.0
4447	4.0
4467	3.0
4498	4.0
4499	3.0
4535	5.0
4558	3.0
4638	4.0
4642	5.0
4661	4.0
4681	1.0
4686	2.5
4701	3.0
4710	4.0
4756	2.0
4776	3.0
4783	5.0
4799	5.0
4815	4.0
4844	4.0
4855	4.0
4857	5.0
4878	4.0
4886	4.0
4890	2.0
4896	4.0
4903	5.0
4912	4.0
4963	4.5
4973	5.0
4993	5.0
4995	3.0
5004	4.0
5008	5.0
5013	5.0
5017	5.0
5049	4.0
5060	5.0
5066	4.0
5105	5.0
5120	5.0
5159	4.0
5218	4.0
5299	4.5
5349	5.0
5364	3.5
5378	3.0
5380	4.5
5388	5.0
5410	4.0
5418	5.0
5445	4.0
5459	4.0
5502	2.5
5568	4.0
5669	4.0
5816	4.0
5876	5.0
5952	5.0
5989	4.5
5991	5.0
6155	4.0
6157	4.0
6218	4.5
6281	4.5
6296	4.5
6297	5.0
6299	5.0
6323	3.0
6333	5.0
6365	4.0
6377	4.5
6378	3.5
6385	4.5
6461	5.0
6537	4.0
6539	5.0
6565	4.5
6593	4.0
6636	4.5
6659	4.5
6711	3.0
6753	4.0
6765	4.0
6777	5.0
6787	4.5
6807	4.5
6863	4.5
6867	5.0
6870	4.5
6874	4.5
6934	3.5
6944	4.0
6957	0.5
6979	4.0
6993	5.0
7072	4.5
7149	4.5
7153	4.0
7154	3.5
7162	3.5
7247	3.0
7318	1.0
7361	4.5
7373	4.5
7438	4.5
7454	4.5
7569	4.5
7669	5.0
8207	5.0
8228	5.0
8337	5.0
8360	4.5
8368	4.0
8529	4.0
8622	4.5
8623	4.5
8636	4.5
8665	4.5
8784	4.5
8879	4.0
8937	4.5
8948	3.0
8961	5.0
8965	2.5
8970	4.5
8981	4.0
8983	5.0
26242	5.0
27611	5.0
27808	4.0
30825	4.0
31221	4.0
31658	4.0
32587	4.5
33166	5.0
34048	4.0
34150	4.0
34334	3.0
34405	5.0
34437	4.0
35957	5.0
36517	4.0
37729	5.0
37733	5.0
37741	4.5
38038	5.0
39292	5.0
40815	4.0
40819	4.5
41566	5.0
41573	4.5
41863	5.0
43560	5.0
44022	4.5
44191	3.5
44709	5.0
45028	4.0
45186	3.5
45499	4.5
45720	4.0
45722	4.5
45726	3.0
46578	3.0
48394	5.0
50601	4.0
50872	4.5
51255	5.0
51575	4.0
52435	5.0
52722	4.5
52973	4.5
53121	4.0
53125	4.0
53972	5.0
54001	4.0
54272	5.0
54286	5.0
55820	5.0
56152	4.0
56174	3.0
56367	5.0
56587	4.0
56607	4.5
56782	5.0
56788	4.5
58047	4.0
58103	4.5
58105	3.5
58293	3.5
58299	4.5
58559	4.5
59103	4.5
59315	5.0
59387	3.5
59501	3.0
59615	4.0
60069	5.0
60074	2.5
60487	5.0
60684	4.5
60937	4.0
61132	4.0
61323	4.5
62081	3.5
62394	4.0
62999	4.0
63113	4.5
64620	5.0
68157	5.0
68954	5.0
72641	4.5
97923	3.0
