10	2.0
25	3.0
32	3.5
36	3.5
39	4.0
47	4.5
50	3.5
88	3.0
94	3.5
104	3.0
110	4.0
161	4.0
216	3.0
253	3.5
266	4.5
296	4.0
318	4.0
333	3.5
344	3.5
349	3.5
356	4.0
383	3.5
457	3.5
474	3.5
480	3.5
500	3.0
524	3.0
539	3.5
543	4.0
553	3.5
587	3.0
592	3.0
593	4.5
597	3.5
628	4.0
736	3.0
780	3.0
802	3.5
848	3.5
858	4.0
919	3.0
923	2.0
1036	4.0
1060	3.5
1088	2.0
1089	3.5
1097	3.5
1101	3.5
1136	5.0
1197	5.0
1198	4.0
1214	4.0
1221	4.0
1225	3.0
1240	4.0
1246	4.0
1247	4.0
1259	4.0
1270	4.0
1291	4.5
1299	4.0
1302	3.5
1307	3.5
1339	3.0
1387	4.0
1393	3.0
1394	3.5
1396	4.0
1408	4.0
1499	1.5
1515	2.5
1517	3.5
1569	3.5
1597	3.0
1608	3.0
1610	4.0
1617	3.5
1620	3.0
1625	4.0
1639	3.5
1645	5.0
1653	3.5
1682	3.5
1704	4.5
1721	3.5
1732	3.0
1754	3.0
1777	3.0
1784	4.0
1917	3.0
1921	3.5
1923	4.0
1954	3.5
1961	4.0
1962	3.5
1968	3.5
2000	4.0
2021	3.0
2023	3.0
2028	4.0
2070	3.5
2150	1.0
2167	3.0
2205	3.0
2329	4.5
2335	3.0
2336	3.5
2353	3.5
2395	3.0
2396	3.5
2403	3.5
2423	3.5
2431	3.5
2467	3.0
2470	3.5
2501	3.0
2502	4.0
2542	3.5
2571	4.5
2572	3.0
2599	3.0
2605	3.0
2671	3.0
2683	3.0
2686	3.5
2688	3.5
2716	3.5
2724	3.0
2762	4.0
2791	4.0
2795	4.0
2840	3.5
2858	4.5
2881	3.5
2918	4.0
2959	5.0
2997	3.5
3005	3.0
3052	3.5
3100	4.0
3101	3.0
3147	4.0
3148	3.0
3160	4.0
3253	3.5
3257	2.5
3269	3.0
3275	3.5
3324	3.0
3361	3.0
3408	3.0
3489	2.0
3494	3.0
3499	3.5
3578	4.0
3671	4.0
3686	3.5
3753	3.5
3793	4.0
3826	3.0
3844	3.5
3868	4.0
3911	3.5
3916	4.0
3948	4.5
3967	2.0
3969	4.0
3983	3.5
3996	4.0
4011	3.5
4018	3.0
4019	3.5
4022	4.0
4027	4.0
4031	1.0
4034	3.5
4085	3.5
4223	3.5
4226	4.5
4235	3.0
4306	4.0
4308	3.0
4321	3.0
4369	2.0
4447	2.5
4474	3.5
4498	3.5
4623	3.5
4641	2.5
4677	3.0
4776	4.0
4816	3.5
4874	2.5
4878	4.5
4880	5.0
4896	3.5
4903	3.5
4963	4.0
4973	4.0
4979	3.5
4993	5.0
4995	3.5
5013	3.5
5015	3.5
5016	3.0
5103	3.5
5110	2.0
5266	3.0
5299	3.0
5349	3.5
5377	4.0
5388	3.0
5400	3.0
5418	4.5
5445	4.0
5502	3.0
5505	3.0
5650	3.5
5673	4.0
5679	4.0
5791	3.5
5816	3.5
5943	2.0
5945	3.0
5952	5.0
5970	4.0
5989	3.5
5995	4.0
6016	4.0
6155	3.5
6187	4.0
6216	3.5
6218	3.5
6287	3.0
6333	3.0
6365	4.0
6373	2.0
6377	4.0
6378	3.5
6385	3.0
6482	4.0
6595	2.5
6620	1.0
6711	3.5
6810	4.0
6870	4.0
6873	2.0
6879	3.5
6934	3.5
6942	3.5
6944	3.0
6947	3.5
6953	3.5
6979	3.0
7139	4.0
7143	3.5
7147	3.5
7153	5.0
7158	3.0
7161	2.0
7162	3.5
7173	3.0
7256	3.0
7293	3.5
7318	3.5
7324	2.5
7361	4.0
7444	3.0
7445	4.5
7451	4.0
7454	2.0
7458	3.0
7502	4.0
7669	3.5
8132	4.0
8360	3.5
8361	2.0
8366	3.5
8368	3.5
8373	2.5
8376	4.0
8464	4.0
8528	3.5
8529	3.0
8533	3.5
8636	3.5
8641	3.0
8644	3.0
8645	3.0
8665	4.5
8783	4.0
8784	4.5
8798	4.0
8873	3.5
8937	3.0
8949	4.0
8961	3.5
8970	2.0
8972	2.5
8981	3.5
8984	3.5
27611	5.0
27706	3.0
27788	3.0
27808	3.5
30707	4.0
30749	4.0
30793	2.0
30825	3.0
31225	3.0
31685	3.0
32598	3.5
33162	2.0
33166	4.0
33660	3.5
33794	4.0
34048	3.0
34072	3.0
34162	3.0
34319	3.0
34405	4.0
34528	3.5
34542	3.5
35836	3.5
36517	3.5
36527	3.0
36529	4.0
36535	4.0
37733	3.5
37741	1.0
39292	2.5
39444	2.5
40583	3.0
40815	3.0
41285	3.5
41566	4.0
41997	3.5
43871	2.5
44004	2.5
44191	4.5
44195	3.5
44199	3.5
44555	3.5
44709	3.0
45447	3.0
45501	3.5
45720	3.0
45722	2.0
45726	3.0
46578	4.5
46723	3.0
46970	3.0
46972	3.0
46976	4.5
47099	4.0
47610	4.0
47629	3.0
47644	3.0
47999	3.5
48043	3.5
48304	3.0
48385	3.5
48394	4.0
48516	4.0
48696	3.5
48738	4.0
48774	4.0
48780	4.0
48783	3.0
49272	4.5
49278	3.5
49286	3.5
49530	4.0
49772	4.0
49822	3.0
50068	3.5
50872	3.0
51080	3.0
51091	3.5
51540	3.5
51662	3.5
51931	3.5
51935	3.5
52319	3.5
52328	4.5
52604	3.5
52973	3.5
53123	4.0
53125	2.0
53322	3.0
53996	1.5
54001	3.5
54259	3.5
54272	3.0
54286	4.0
54736	3.5
54997	3.5
55052	3.5
55247	4.0
55267	3.0
55269	2.5
55276	3.0
55280	4.5
55290	4.0
55363	3.5
55814	3.5
55820	4.0
56171	2.0
56174	4.5
56367	4.5
56607	3.5
56775	2.5
56782	4.0
56788	3.5
56921	4.5
57368	3.0
57669	3.5
58162	3.0
58559	4.0
59018	3.5
59126	1.0
59315	3.5
59369	3.5
59501	2.5
59784	3.5
59900	3.0
60069	3.5
60074	3.0
60126	3.0
60684	3.5
60766	3.5
61024	2.5
62155	3.0
62374	3.5
63082	4.0
63113	3.5
63131	3.0
63992	2.0
64614	4.5
64620	3.5
64716	4.0
64839	3.5
64983	3.0
65130	3.5
65216	3.5
66665	2.5
67087	4.0
67255	3.5
67267	3.0
68159	3.5
68319	3.0
68358	3.5
68554	3.0
68954	3.0
69122	3.5
69306	3.0
69406	3.0
69481	3.5
69757	2.0
69844	3.5
70183	1.5
70286	3.5
70293	4.0
71156	1.5
71211	3.0
71282	3.5
71518	3.0
71520	3.0
71535	3.5
72011	3.5
72395	3.5
72641	3.5
72733	3.5
72998	4.0
73017	3.5
73023	3.5
74458	3.5
76251	3.5
78469	3.0
78499	3.5
78574	3.5
79132	4.0
79185	3.0
79293	3.0
79592	3.0
79702	3.5
80463	3.0
80489	3.0
80549	3.5
80969	3.5
81562	3.5
81782	2.0
81788	3.5
81834	3.5
81845	3.5
81932	3.5
82459	4.0
83613	3.0
84152	3.5
84392	3.5
85414	3.0
86332	2.5
86911	3.0
88125	3.5
88405	3.0
88744	3.0
88810	3.5
89470	3.0
89492	3.5
91077	3.5
91529	3.5
91535	3.5
91542	3.0
91630	3.0
97304	3.5
97921	2.5
98154	4.0
98809	4.0
98961	3.5
99149	4.0
105504	3.5
105844	4.0
106918	3.0
106920	3.5
