1	3.5
2	3.5
6	3.5
19	3.0
21	3.5
22	3.5
25	5.0
31	4.0
32	3.5
34	3.5
39	4.0
42	3.5
44	3.0
47	3.5
50	3.5
66	2.0
69	5.0
93	3.5
95	3.5
104	3.5
112	3.5
122	3.5
125	3.5
141	3.5
145	4.5
150	4.0
153	4.0
159	4.0
160	3.5
165	4.5
170	3.5
172	3.5
173	3.0
175	4.5
185	3.5
193	4.5
194	4.5
203	3.0
208	4.0
216	4.0
223	3.5
231	3.5
256	3.5
260	5.0
288	4.0
296	3.5
316	4.0
318	4.0
329	5.0
338	3.5
344	4.0
355	3.0
356	4.0
364	4.0
367	3.0
370	4.0
372	4.0
377	3.5
380	3.5
420	4.0
434	3.0
442	4.5
456	4.5
457	4.0
466	3.5
467	4.5
480	3.5
485	3.5
493	4.0
500	3.5
502	4.0
539	4.0
541	5.0
546	3.0
555	3.5
586	3.5
589	4.0
592	4.0
597	4.0
648	4.5
673	3.0
719	3.5
733	3.5
736	2.5
737	3.5
741	3.0
743	4.0
745	4.0
762	3.5
765	3.5
778	4.0
780	3.5
784	3.5
786	3.5
788	3.5
832	3.0
833	3.5
866	4.5
886	4.0
910	3.0
924	4.0
1028	3.5
1036	4.5
1037	4.5
1042	4.5
1060	3.5
1079	3.5
1080	3.5
1089	4.0
1092	3.5
1097	4.5
1101	4.0
1120	3.5
1136	4.0
1148	4.0
1193	4.0
1196	5.0
1198	4.5
1200	4.5
1206	3.0
1210	5.0
1214	4.5
1219	3.0
1220	5.0
1231	4.0
1240	4.5
1246	4.0
1255	4.0
1262	4.0
1265	4.0
1267	3.5
1270	4.0
1291	4.5
1320	4.0
1333	3.0
1356	5.0
1359	3.0
1367	3.0
1370	4.5
1371	5.0
1372	5.0
1373	5.0
1374	5.0
1375	5.0
1376	5.0
1377	4.0
1387	2.5
1391	3.5
1396	4.0
1405	4.0
1432	4.0
1468	3.5
1476	4.0
1479	4.0
1485	3.5
1499	3.0
1500	4.0
1515	4.0
1517	4.0
1527	4.5
1541	4.0
1544	4.0
1552	3.5
1556	1.0
1562	4.0
1569	4.0
1573	3.5
1580	4.5
1584	4.0
1587	3.0
1590	4.5
1597	4.0
1609	4.0
1617	3.5
1639	4.0
1645	4.0
1653	4.0
1673	4.5
1676	4.0
1682	3.5
1690	3.5
1702	3.0
1704	4.5
1707	2.5
1721	4.5
1729	3.5
1731	3.0
1732	4.0
1769	3.5
1777	5.0
1784	4.5
1805	3.5
1821	4.0
1831	3.5
1840	4.0
1858	4.0
1866	4.0
1876	4.0
1882	3.5
1883	4.5
1884	4.0
1909	3.5
1911	3.5
1912	4.0
1917	4.0
1918	4.0
1923	4.0
1924	2.0
1954	4.0
1961	3.5
1967	4.0
2000	5.0
2001	4.5
2002	4.0
2003	4.0
2005	5.0
2011	3.5
2012	3.0
2021	4.0
2022	4.5
2025	4.5
2027	3.5
2053	3.5
2054	2.5
2058	3.5
2082	2.0
2100	4.0
2105	2.0
2115	4.5
2126	4.0
2134	3.5
2161	4.5
2167	3.0
2174	3.5
2188	4.0
2194	4.5
2231	5.0
2232	4.0
2269	4.5
2273	4.5
2278	3.5
2294	3.5
2318	4.5
2325	3.5
2329	4.5
2331	4.5
2335	3.5
2355	3.5
2366	3.0
2371	3.0
2381	3.5
2382	3.5
2383	3.5
2393	5.0
2395	3.5
2402	4.0
2403	4.0
2404	3.5
2409	3.5
2410	4.0
2411	3.5
2412	3.5
2420	4.0
2422	4.0
2424	3.5
2470	3.5
2485	4.0
2498	3.5
2500	3.5
2502	5.0
2513	3.0
2539	4.0
2541	4.5
2542	4.0
2549	4.0
2571	4.5
2572	4.0
2580	3.5
2581	3.5
2587	4.0
2599	4.0
2605	3.5
2606	3.5
2617	2.5
2628	4.5
2671	5.0
2683	4.0
2694	4.5
2700	3.0
2701	3.5
2706	5.0
2716	4.0
2717	4.0
2724	3.5
2728	4.5
2735	3.5
2759	4.0
2770	3.5
2791	4.5
2792	4.0
2797	4.0
2808	3.5
2836	3.5
2858	4.5
2890	3.5
2908	3.0
2916	4.5
2918	4.0
2953	2.5
2959	4.5
2978	4.5
2985	4.5
2987	3.5
2997	4.0
3020	4.0
3033	4.0
3052	4.0
3053	4.0
3114	3.5
3120	4.0
3130	3.0
3146	4.5
3156	4.0
3159	3.0
3160	4.5
3174	4.5
3175	4.5
3177	3.5
3190	4.0
3225	4.0
3253	4.0
3257	4.5
3263	3.5
3285	4.0
3298	4.5
3299	1.0
3300	4.0
3301	5.0
3354	4.0
3408	4.0
3421	4.5
3424	4.5
3426	4.5
3440	3.0
3448	3.5
3452	4.5
3471	4.0
3478	4.5
3481	5.0
3527	3.5
3534	3.5
3535	4.0
3556	4.5
3566	4.0
3578	3.5
3581	4.0
3593	0.5
3616	4.5
3617	4.5
3623	5.0
3624	3.5
3646	4.0
3688	4.0
3689	3.5
3697	2.0
3698	4.0
3702	4.0
3703	4.0
3705	3.0
3717	3.5
3744	4.0
3745	3.5
3751	3.5
3752	4.0
3763	4.0
3773	4.0
3784	3.0
3785	4.0
3786	4.0
3793	3.5
3821	3.5
3826	4.0
3827	3.5
3863	2.0
3868	4.5
3869	4.5
3893	3.0
3897	3.5
3946	3.5
3948	4.0
3949	4.0
3955	4.5
3969	4.0
3972	3.5
3977	4.0
3979	3.5
3986	4.5
3994	3.5
3996	2.5
3997	3.0
4011	4.5
4016	3.5
4018	4.0
4022	4.0
4023	4.5
4025	3.0
4029	4.0
4052	3.5
4054	4.5
4084	4.0
4085	5.0
4102	5.0
4148	4.0
4149	4.0
4153	4.5
4158	2.0
4159	4.0
4226	5.0
4232	2.0
4239	4.5
4246	4.0
4247	3.5
4254	2.5
4255	3.5
4270	3.0
4306	4.0
4308	1.0
4340	4.0
4343	4.0
4344	3.5
4367	3.5
4368	3.0
4370	4.0
4372	4.0
4387	4.5
4388	3.5
4446	3.5
4447	4.0
4448	3.5
4480	3.5
4488	4.0
4489	4.0
4544	3.5
4558	3.5
4571	3.5
4621	3.5
4623	0.5
4638	3.5
4641	4.5
4643	4.0
4673	3.5
4677	3.5
4678	4.0
4701	4.5
4718	4.5
4719	3.5
4728	4.0
4734	4.0
4744	3.5
4776	4.5
4816	4.0
4823	4.0
4874	3.5
4878	4.5
4886	3.5
4887	2.5
4890	4.0
4896	3.5
4954	4.5
4963	4.5
4973	4.0
4974	4.5
4975	4.0
4979	2.0
4980	3.5
4993	4.5
4995	4.0
5027	4.0
5047	2.5
5049	4.0
5074	5.0
5218	4.0
5219	3.0
5220	3.5
5222	4.0
5225	5.0
5254	3.0
5266	2.0
5283	4.0
5298	4.0
5299	4.0
5349	4.0
5363	4.0
5377	4.5
5378	4.5
5387	3.0
5418	5.0
5444	3.5
5445	4.0
5449	4.0
5459	4.0
5464	4.0
5478	2.5
5481	4.0
5504	2.0
5505	4.0
5507	4.0
5523	3.0
5572	4.5
5574	4.0
5617	5.0
5620	3.5
5621	3.5
5630	4.0
5667	4.5
5673	4.5
5679	3.5
5693	4.5
5784	3.0
5803	3.5
5810	4.5
5816	3.5
5900	4.0
5903	4.5
5942	4.0
5943	3.5
5944	4.0
5952	4.5
5959	4.0
5989	3.5
5991	2.0
6006	4.0
6016	5.0
6059	4.0
6155	4.5
6157	3.0
6188	5.0
6242	3.0
6263	3.5
6264	4.0
6266	4.0
6281	4.0
6286	4.5
6287	4.0
6291	3.5
6333	3.0
6365	3.5
6367	3.5
6373	4.0
6377	4.0
6378	4.5
6379	3.0
6502	3.0
6503	4.0
6534	3.5
6535	3.5
6537	4.0
6539	4.0
6541	2.0
6548	4.0
6550	4.0
6564	3.5
6586	4.5
6595	4.0
6620	4.0
6664	4.0
6708	4.5
6711	5.0
6754	3.0
6755	4.5
6764	4.5
6793	3.5
6796	4.5
6862	4.0
6863	4.0
6867	4.0
6870	3.0
6873	5.0
6874	4.0
6881	3.0
6888	4.5
6934	4.0
6936	3.5
6942	5.0
6947	3.5
6953	3.5
6957	3.5
6979	5.0
7000	3.5
7004	3.5
7007	4.0
7022	4.0
7034	5.0
7137	4.5
7143	4.5
7147	3.5
7149	4.5
7150	3.5
7151	3.0
7153	4.5
7163	4.5
7164	3.0
7173	4.5
7254	5.0
7293	5.0
7317	5.0
7318	3.5
7325	4.0
7346	5.0
7360	3.5
7361	4.5
7366	5.0
7367	3.0
7373	4.0
7376	3.5
7381	4.5
7438	4.5
7439	2.0
7445	3.5
7451	3.5
7454	3.0
7458	3.5
7460	3.0
7701	3.0
7981	4.0
8360	4.0
8361	4.0
8366	4.0
8368	3.5
8370	4.0
8371	2.5
8376	5.0
8387	1.0
8464	4.0
8528	3.5
8529	4.5
8581	3.5
8622	3.5
8623	4.0
8636	3.5
8640	3.0
8641	4.0
8644	4.0
8665	4.5
8666	1.5
8781	4.0
8798	4.5
8807	4.0
8810	2.5
8814	3.5
8860	4.0
8865	3.5
8874	2.0
8910	4.5
8914	4.0
8917	4.5
8949	4.5
8958	4.5
8961	3.5
8966	4.0
8969	4.0
8972	3.5
8984	4.5
8985	3.0
26152	4.0
27706	2.5
27773	5.0
27808	4.0
27821	4.0
27904	4.0
30810	4.5
30812	3.0
30822	4.0
30825	4.0
31221	1.5
31685	4.0
31694	2.5
31696	4.0
32017	4.0
32031	4.0
32296	3.5
32587	4.5
33004	3.5
33164	3.5
33437	4.5
33493	4.5
33615	4.0
33646	4.5
33679	4.0
33794	3.5
33836	4.0
33880	5.0
34048	4.0
34072	4.5
34150	2.5
34162	4.0
34271	4.5
34319	4.0
34332	4.0
34336	4.5
34405	2.0
34437	4.5
34520	4.0
35836	4.0
36401	4.0
36519	4.5
36525	4.0
36529	3.5
36708	4.0
37380	2.5
37384	4.5
37727	3.5
37729	4.0
37830	3.0
38038	4.0
38061	4.0
39414	4.0
39444	4.5
39715	4.0
40583	3.5
40815	3.5
41566	2.0
41569	4.0
41571	2.0
41716	4.0
42002	4.5
42007	4.5
42011	4.0
42725	4.5
43836	3.5
43871	3.0
43919	4.5
44022	4.0
44191	5.0
44199	3.5
44665	4.5
44972	4.5
45186	4.5
45431	4.0
45447	4.0
45499	2.5
45501	4.5
45517	2.0
45666	4.0
45672	4.5
45720	3.5
45722	4.0
45726	4.0
45728	4.5
46723	4.5
46965	4.0
46972	3.0
46976	4.5
47044	4.5
47099	4.0
47200	4.5
47518	3.5
48082	3.0
48304	4.0
48385	5.0
48394	2.5
48516	3.0
48774	5.0
48982	4.5
49272	4.0
49274	2.0
49278	3.5
49286	4.5
50189	4.0
50442	3.5
50798	1.5
51077	2.0
51084	4.5
51086	3.5
51412	4.0
51709	2.5
52328	4.5
52722	2.0
53125	3.0
53322	4.0
53972	3.5
53993	3.5
