1	2.0
2	1.5
3	2.0
6	5.0
7	2.0
10	3.5
15	3.0
16	4.0
18	4.0
19	2.5
23	3.0
29	4.0
32	5.0
34	2.0
44	2.0
47	4.0
50	4.5
70	3.5
95	3.0
104	2.5
110	4.5
111	4.5
145	3.5
150	3.5
153	3.0
158	2.5
160	2.5
161	3.5
163	4.0
165	4.0
170	3.0
172	3.0
185	2.5
188	3.5
196	3.5
204	2.0
208	4.0
225	2.5
227	3.0
231	2.0
235	3.5
247	4.0
253	3.5
256	2.0
260	5.0
288	3.0
290	3.5
292	3.5
293	5.0
296	5.0
303	3.0
315	3.0
316	2.5
318	4.0
319	3.0
327	4.0
329	3.0
337	3.5
344	3.0
349	4.0
353	5.0
356	4.0
357	2.5
364	2.5
367	3.0
368	3.0
370	2.5
377	3.0
380	3.5
382	3.0
383	3.5
384	3.0
420	3.0
434	3.0
442	3.0
457	4.0
465	3.5
466	2.5
474	3.5
480	4.0
482	2.5
485	3.0
494	2.5
500	2.0
519	2.0
520	2.5
527	4.0
539	2.0
541	5.0
544	3.0
548	3.0
551	5.0
552	3.5
553	4.0
555	4.5
586	2.0
588	2.0
589	4.0
590	4.0
592	4.0
593	5.0
595	3.0
597	2.0
608	4.0
647	3.5
648	3.5
653	2.5
707	3.5
724	3.0
733	3.5
736	3.0
737	2.0
750	4.0
760	4.0
778	4.0
780	3.0
784	2.5
786	2.5
788	1.0
798	3.0
805	3.5
810	1.0
830	2.5
832	3.5
839	3.0
849	3.0
858	4.0
879	2.0
880	3.0
924	4.0
996	3.5
1035	2.5
1036	4.0
1047	3.0
1061	4.0
1080	4.5
1089	5.0
1090	4.5
1092	3.5
1097	3.5
1101	3.0
1127	4.5
1129	3.5
1136	4.0
1183	3.0
1193	4.0
1196	5.0
1198	4.5
1200	5.0
1201	5.0
1206	4.5
1208	4.5
1209	4.0
1210	5.0
1213	4.5
1214	5.0
1215	4.0
1218	4.5
1219	3.5
1220	4.0
1221	5.0
1222	4.5
1227	4.0
1233	4.5
1240	4.0
1241	3.5
1250	4.0
1252	4.0
1255	3.5
1258	4.5
1261	4.0
1263	4.5
1265	3.5
1266	4.5
1270	4.0
1272	4.0
1275	4.5
1291	4.0
1304	3.0
1320	4.0
1333	3.5
1339	4.5
1355	3.0
1370	4.0
1374	3.0
1377	4.5
1378	3.0
1385	2.5
1387	4.0
1388	3.0
1391	3.0
1393	3.0
1407	2.5
1429	3.5
1432	3.0
1438	3.0
1479	3.5
1485	3.0
1499	2.0
1515	3.0
1517	2.5
1527	4.0
1544	3.5
1552	3.0
1556	2.0
1562	2.5
1573	3.0
1580	3.5
1586	3.0
1587	4.0
1589	4.0
1590	3.5
1597	3.5
1603	3.0
1608	3.0
1609	3.0
1610	4.0
1616	3.5
1617	4.5
1619	3.5
1625	4.5
1627	3.0
1641	2.5
1644	2.5
1653	4.0
1676	4.0
1682	3.5
1687	3.5
1690	3.5
1702	2.5
1717	2.0
1721	3.0
1722	3.5
1748	5.0
1752	3.0
1779	3.0
1792	3.0
1801	3.0
1805	3.0
1831	3.0
1833	3.5
1862	2.5
1876	3.5
1894	3.0
1909	4.0
1917	3.0
1918	2.5
1923	1.0
1927	4.0
1954	3.5
1961	3.5
1968	4.0
1974	3.0
1975	2.5
1997	4.0
2000	3.0
2001	3.0
2002	3.0
2003	3.5
2004	3.0
2006	3.0
2009	4.0
2011	3.5
2012	3.5
2021	4.0
2023	4.0
2028	4.5
2054	2.5
2058	3.5
2094	3.5
2107	2.5
2115	4.0
2116	3.0
2119	3.0
2122	2.5
2124	3.0
2153	2.5
2160	4.0
2167	3.5
2174	4.0
2194	4.0
2232	4.0
2273	3.0
2278	4.0
2288	4.5
2291	5.0
2294	2.5
2322	2.5
2328	3.0
2329	4.5
2334	3.5
2338	2.0
2340	2.5
2353	3.5
2355	2.0
2366	2.0
2376	3.5
2378	3.0
2389	2.5
2403	4.0
2407	2.5
2409	2.5
2410	2.5
2411	2.5
2412	2.0
2421	2.0
2422	1.5
2427	4.0
2428	2.5
2456	2.5
2467	3.5
2471	2.5
2490	3.5
2513	3.0
2517	3.0
2524	3.5
2529	4.5
2530	3.5
2531	3.0
2532	3.0
2533	3.0
2542	4.0
2571	4.5
2600	2.5
2605	3.0
2616	2.5
2617	2.5
2628	4.5
2640	3.0
2672	4.0
2676	3.0
2683	2.0
2699	4.0
2700	3.0
2701	3.0
2706	2.5
2710	1.5
2712	2.5
2716	3.5
2717	3.5
2722	3.0
2762	3.5
2763	3.5
2791	3.0
2793	2.5
2797	2.5
2802	3.0
2803	3.0
2841	4.0
2858	4.5
2871	3.5
2890	4.0
2902	2.5
2903	2.0
2908	3.5
2916	3.0
2921	4.0
2944	3.5
2948	3.5
2949	3.5
2951	5.0
2959	4.5
2976	4.0
2985	4.0
2986	3.0
2987	3.0
2989	3.5
2990	3.0
2993	4.0
3006	3.5
3020	4.0
3032	4.0
3033	3.5
3037	4.0
3062	4.0
3066	4.5
3081	4.0
3082	3.0
3100	3.0
3120	3.5
3147	4.0
3160	4.0
3175	3.0
3176	4.0
3190	3.0
3198	4.0
3204	4.0
3208	2.5
3249	2.5
3256	4.0
3257	3.5
3264	3.0
3265	4.5
3267	3.5
3269	3.0
3273	2.0
3274	3.0
3275	4.5
3300	3.5
3301	3.5
3316	3.0
3354	3.0
3386	3.5
3408	2.5
3409	2.5
3418	3.5
3430	3.0
3438	3.0
3439	2.5
3440	3.0
3448	4.0
3450	2.5
3452	3.5
3461	3.5
3471	3.5
3481	3.0
3489	3.0
3499	4.5
3513	3.0
3527	4.0
3534	2.0
3535	3.5
3555	3.5
3564	1.5
3578	4.0
3623	3.0
3635	3.5
3638	3.5
3639	3.5
3654	4.5
3681	5.0
3697	3.5
3698	3.0
3702	5.0
3703	5.0
3704	4.5
3706	4.0
3709	3.0
3717	3.0
3745	3.5
3753	3.5
3755	3.5
3766	2.5
3785	2.0
3793	3.5
3798	3.0
3802	3.0
3826	3.0
3827	3.0
3836	3.5
3841	2.5
3863	3.0
3895	2.0
3917	3.5
3919	2.5
3959	3.5
3977	2.5
3981	3.0
3984	3.5
3985	4.0
3986	3.0
3988	2.5
3994	3.5
3996	4.0
3997	1.0
3999	2.5
4005	3.5
4008	4.5
4011	4.5
4015	2.0
4022	3.5
4025	2.0
4030	2.0
4033	4.0
4034	4.0
4047	4.0
4084	3.0
4085	3.5
4105	3.5
4124	2.5
4148	3.0
4223	4.0
4226	4.5
4246	2.5
4262	4.5
4265	2.0
4267	3.0
4270	2.5
4280	4.0
4306	3.0
4310	3.0
4343	3.0
4344	2.5
4361	3.0
4367	2.5
4369	2.5
4370	3.5
4383	4.0
4387	3.0
4388	2.0
4447	2.5
4448	3.5
4506	4.0
4571	3.5
4572	3.5
4577	4.0
4587	3.0
4621	3.0
4638	3.0
4643	3.5
4673	3.0
4677	2.5
4682	3.0
4701	2.5
4718	2.5
4720	3.5
4735	2.5
4776	4.0
4844	3.5
4848	4.0
4855	3.5
4866	3.5
4874	3.5
4878	4.5
4887	2.5
4901	4.0
4951	3.5
4958	2.5
4963	3.5
4980	3.0
4992	2.0
4993	4.5
4995	3.5
5010	4.5
5026	4.0
5027	3.0
5040	3.0
5049	3.5
5107	3.5
5151	2.5
5152	4.0
5171	3.5
5218	3.5
5219	3.0
5254	3.0
5266	3.0
5293	3.5
5299	2.5
5313	2.5
5349	3.5
5378	4.0
5388	4.0
5400	4.0
5414	3.0
5418	4.0
5420	2.5
5445	4.0
5459	3.0
5463	3.5
5464	4.0
5502	3.5
5507	2.5
5528	4.0
5541	3.0
5553	2.5
5611	3.5
5621	2.0
5630	4.0
5669	3.5
5679	3.5
5747	4.0
5784	2.5
5785	3.0
5833	3.5
5872	3.0
5881	4.0
5903	4.5
5952	4.5
5956	3.5
5959	4.0
6059	3.5
6213	3.5
6250	2.0
6263	3.0
6281	4.0
6303	4.0
6322	3.5
6323	4.0
6333	4.0
6365	3.5
6373	3.0
6378	3.0
6379	3.0
6484	2.0
6502	4.5
6534	2.5
6537	3.5
6539	3.0
6541	2.5
6548	3.0
6550	3.0
6595	3.0
6617	4.0
6645	4.0
6659	3.5
6664	3.0
6708	3.5
6709	3.0
6711	3.5
6754	4.0
6800	2.5
6807	4.0
6808	4.0
6863	3.5
6870	4.5
6874	4.5
6880	3.0
6888	2.0
6893	3.5
6934	3.0
6947	4.0
6950	3.5
6957	3.5
6966	3.5
6996	2.0
7000	3.0
7004	2.5
7007	3.0
7017	3.0
7022	3.5
7090	4.0
7123	3.5
7143	4.0
7153	4.5
7163	3.0
7235	3.0
7254	4.0
7360	3.5
7373	3.0
7381	2.0
7438	4.5
7439	3.0
7445	3.5
7454	3.0
7458	3.5
7569	3.5
7570	3.5
7573	3.5
7649	4.5
7827	4.0
7842	4.0
7980	4.5
8132	4.0
8207	4.0
8340	4.0
8360	3.0
8361	3.5
8387	1.5
8493	3.5
8604	3.5
8622	4.0
8636	3.0
8640	3.0
8665	4.0
8781	4.0
8783	3.5
8798	4.0
8810	3.5
8861	3.0
8865	3.5
8880	3.0
8917	4.0
8950	4.0
8957	4.0
8972	2.5
8977	3.0
26555	3.0
27660	4.0
27772	3.0
27773	4.0
27839	3.0
31410	4.0
31804	3.5
32029	4.0
32587	4.5
33493	5.0
33794	4.0
34048	3.5
34150	3.0
34334	2.0
36529	4.0
37729	4.5
38061	4.0
39444	4.0
39446	3.0
40583	4.0
41569	4.0
41997	4.0
42723	3.5
42738	4.0
44191	4.5
44195	4.0
44199	4.0
44397	3.0
44665	4.0
44972	2.0
45081	2.5
45186	3.5
45442	3.0
45447	3.0
45499	3.5
45728	4.0
46530	3.0
46723	2.0
47044	4.0
48516	4.5
49272	4.5
