1	2.5
10	3.5
17	2.0
28	1.5
29	4.0
30	3.5
32	2.0
34	2.5
39	3.0
42	3.0
47	3.0
50	2.5
70	3.5
76	3.0
85	2.5
99	4.0
101	5.0
104	1.5
110	3.0
111	4.0
112	4.5
117	3.0
123	4.5
125	3.5
141	1.0
149	5.0
157	1.5
159	3.5
162	4.5
175	1.0
190	4.0
198	0.5
199	4.0
223	3.0
232	3.0
235	2.0
246	3.5
260	4.0
265	1.5
290	3.5
293	5.0
296	3.5
303	4.0
314	3.5
316	3.0
318	1.0
319	2.5
326	4.5
327	3.0
337	1.0
345	3.0
352	3.0
356	1.0
363	4.5
390	4.0
417	4.5
441	3.5
446	4.5
471	5.0
497	2.0
502	1.5
506	3.5
509	3.5
521	1.0
527	1.0
535	2.0
538	2.5
539	0.5
541	3.5
555	4.0
562	4.0
581	2.5
592	1.5
596	3.5
597	0.5
608	3.5
648	2.5
663	3.5
680	4.0
714	3.5
720	4.5
741	3.5
745	4.5
750	4.5
778	4.5
780	1.0
800	4.0
861	4.5
898	5.0
899	4.5
900	3.5
902	3.0
904	4.0
905	5.0
907	3.0
908	3.5
909	4.5
910	4.5
912	4.5
913	4.5
914	4.5
915	4.0
916	4.5
918	3.5
919	3.0
920	1.0
922	5.0
923	4.0
928	4.0
930	3.0
934	1.5
940	4.5
945	3.0
950	4.0
951	5.0
953	4.0
955	4.0
968	4.0
969	4.0
973	3.0
986	3.0
1007	3.0
1017	3.0
1025	3.5
1028	4.0
1031	3.0
1032	3.5
1033	3.0
1036	1.0
1041	4.5
1051	4.0
1054	2.0
1066	2.0
1073	3.5
1079	1.5
1080	4.0
1094	3.0
1095	5.0
1097	3.0
1101	0.5
1104	4.5
1111	5.0
1127	2.0
1136	4.5
1147	5.0
1148	4.5
1171	3.0
1172	3.5
1175	5.0
1178	4.0
1179	4.0
1184	4.0
1188	4.0
1193	4.0
1196	4.0
1197	4.0
1198	4.0
1199	5.0
1200	4.0
1201	4.0
1203	4.0
1204	5.0
1206	4.5
1207	4.5
1208	4.5
1210	3.0
1211	4.5
1212	5.0
1214	5.0
1215	5.0
1220	3.0
1222	4.0
1223	4.0
1225	2.5
1226	3.5
1228	4.0
1230	4.0
1236	5.0
1241	5.0
1243	4.5
1245	5.0
1246	0.5
1247	4.5
1248	5.0
1249	4.0
1250	5.0
1252	4.5
1257	2.5
1258	4.0
1260	5.0
1261	5.0
1262	4.5
1264	3.0
1265	2.5
1267	4.0
1268	2.5
1269	4.5
1270	0.5
1272	5.0
1273	5.0
1274	2.5
1276	5.0
1277	5.0
1278	3.5
1279	3.5
1280	4.0
1284	5.0
1285	3.0
1287	2.0
1290	3.5
1291	2.5
1297	2.0
1300	3.5
1302	2.5
1305	5.0
1306	3.0
1307	1.0
1333	3.5
1348	4.5
1354	5.0
1361	4.5
1392	3.5
1394	4.5
1401	3.0
1408	2.5
1449	3.5
1500	3.0
1517	1.0
1527	4.5
1537	3.5
1573	2.5
1580	1.5
1611	4.0
1649	4.5
1653	3.5
1658	5.0
1673	2.0
1674	2.5
1676	4.0
1704	1.5
1719	2.5
1729	3.0
1732	4.0
1734	3.5
1748	3.0
1788	3.5
1809	4.5
1834	2.5
1836	4.5
1885	2.5
1889	3.5
1897	3.5
1904	5.0
1912	4.5
1916	4.5
1921	4.0
1923	3.5
1934	3.5
1935	4.0
1941	4.5
1945	4.0
1947	5.0
1953	4.0
1954	3.0
1961	1.5
1966	4.5
1968	2.5
1997	4.5
2003	2.5
2005	3.0
2009	4.0
2010	4.5
2019	5.0
2066	4.0
2076	4.0
2077	4.0
2078	4.0
2081	1.0
2087	3.5
2089	1.5
2090	4.0
2116	3.0
2132	5.0
2139	4.0
2140	3.0
2144	3.0
2160	4.5
2161	2.5
2174	2.0
2183	3.0
2194	2.0
2203	4.0
2248	4.0
2287	4.5
2291	2.0
2302	2.5
2330	5.0
2333	2.5
2337	5.0
2348	4.0
2359	2.5
2360	4.5
2363	4.0
2373	1.0
2395	5.0
2396	2.5
2398	3.5
2406	1.0
2424	0.5
2427	4.0
2502	3.5
2529	4.0
2542	1.5
2565	3.5
2581	1.0
2596	1.0
2599	3.0
2600	4.0
2628	1.0
2640	2.5
2657	2.0
2671	0.5
2693	3.5
2700	4.5
2706	2.5
2710	3.0
2728	4.5
2729	5.0
2731	4.5
2739	2.5
2759	3.0
2761	3.5
2762	0.5
2772	1.5
2826	3.0
2857	4.0
2863	2.5
2866	3.5
2879	2.5
2890	4.5
2908	4.0
2912	4.0
2915	1.0
2918	1.0
2924	4.5
2929	3.0
2935	5.0
2936	4.0
2937	4.5
2946	3.0
2947	2.0
2951	4.0
2959	2.5
2966	3.5
2968	5.0
2970	5.0
2976	3.0
2987	3.5
2997	3.5
3000	4.0
3007	3.0
3011	4.0
3019	4.5
3022	4.5
3030	5.0
3034	4.5
3053	4.5
3071	2.0
3072	1.5
3082	2.5
3087	0.5
3088	4.5
3090	4.0
3095	4.5
3097	4.0
3098	3.5
3100	2.5
3108	2.5
3142	1.5
3155	4.0
3163	4.5
3174	3.0
3175	0.5
3182	4.5
3196	5.0
3210	3.5
3224	5.0
3246	3.0
3255	0.5
3260	3.0
3262	3.0
3264	2.5
3265	4.5
3328	4.5
3334	4.0
3341	3.5
3347	2.0
3350	4.0
3354	2.0
3360	3.0
3362	4.5
3396	4.0
3397	3.0
3408	3.5
3418	2.0
3426	3.0
3429	4.5
3435	4.5
3451	3.5
3452	2.5
3479	1.0
3480	2.0
3481	2.5
3504	4.5
3516	3.0
3546	5.0
3549	4.0
3550	2.0
3551	3.0
3554	2.5
3569	5.0
3653	3.0
3668	2.5
3681	4.0
3683	4.0
3686	2.0
3700	4.0
3702	3.5
3703	3.0
3704	4.0
3723	2.5
3747	5.0
3751	3.5
3763	3.0
3783	3.5
3788	1.0
3819	4.0
3826	1.5
3836	4.0
3877	2.0
3893	3.0
3897	3.5
3910	5.0
3915	3.5
3949	3.5
3959	3.5
3972	4.5
3981	1.0
3983	4.5
3994	2.0
3996	4.0
4016	0.5
4019	1.0
4027	3.5
4036	3.0
4062	2.0
4105	4.0
4128	1.5
4144	5.0
4220	3.5
4226	4.0
4280	2.0
4298	4.0
4299	0.5
4308	4.5
4322	5.0
4351	0.5
4356	1.5
4359	1.0
4367	1.0
4378	3.5
4380	3.5
4448	3.0
4467	4.5
4478	2.0
4489	1.0
4529	4.5
4553	4.0
4571	1.5
4641	4.5
4642	2.0
4720	3.0
4735	4.0
4846	4.0
4873	2.5
4878	4.5
4881	1.5
4896	2.0
4973	4.0
4979	5.0
4993	4.5
5010	2.5
5026	4.5
5051	4.5
5060	3.0
5072	3.0
5171	2.5
5177	4.0
5218	0.5
5219	2.0
5266	2.5
5298	1.5
5319	3.0
5325	4.5
5349	3.5
5378	2.0
5385	3.5
5445	3.5
5508	4.5
5572	3.0
5602	4.0
5603	4.5
5618	5.0
5669	4.0
5673	3.5
5679	2.5
5712	2.5
5782	4.5
5810	1.0
5812	2.5
5816	1.5
5833	3.5
5902	2.0
5943	0.5
5952	4.5
5956	2.5
5971	5.0
5989	1.0
6003	4.0
6016	5.0
6062	4.0
6093	3.5
6170	3.0
6197	4.0
6242	3.5
6270	2.5
6283	4.0
6286	4.5
6296	3.0
6333	3.0
6350	4.0
6436	3.5
6440	5.0
6502	5.0
6539	0.5
6552	3.5
6567	3.5
6618	4.0
6620	4.5
6636	2.0
6650	4.0
6659	4.0
6662	2.5
6711	4.0
6721	4.5
6743	4.5
6755	4.0
6773	4.0
6774	4.5
6776	5.0
6783	4.5
6785	2.5
6863	3.0
6870	4.0
6873	2.5
6874	1.5
6881	4.0
6890	2.0
6947	2.0
6974	3.5
6985	5.0
7013	5.0
7022	4.5
7023	4.0
7027	3.0
7044	4.0
7060	3.0
7063	5.0
7064	4.0
7090	4.0
7099	4.5
7116	4.5
7121	3.5
7123	5.0
7139	1.0
7147	2.5
7150	3.0
7153	4.5
7156	4.5
7173	2.0
7215	3.5
7303	3.5
7323	4.0
7324	1.0
7325	3.0
7360	2.5
7361	5.0
7371	4.0
7373	3.0
7387	4.0
7438	1.0
7451	4.0
7454	1.0
7460	4.5
7587	4.0
7802	4.5
7925	4.0
7981	4.5
8228	4.0
8253	3.5
8366	4.0
8368	2.5
8370	4.5
8371	1.0
8491	4.0
8507	5.0
8610	3.0
8623	3.0
8633	2.5
8636	4.0
8645	3.0
8874	4.0
8910	4.5
8917	4.5
8961	4.0
8983	4.0
8984	2.5
26662	3.5
26776	4.0
27266	4.5
27721	4.0
27772	3.5
27773	4.5
27788	3.5
27790	3.0
27801	4.5
27831	3.0
27873	4.5
30707	5.0
30810	4.0
31658	4.0
31804	4.0
31878	4.0
32587	0.5
33162	1.5
33437	3.5
33794	4.5
33834	3.5
33880	4.5
34072	3.0
34153	4.0
34162	2.0
34338	4.0
34405	5.0
34437	4.0
34542	5.0
35836	4.0
36517	4.5
37733	4.0
37741	3.5
37857	2.5
38038	4.5
38061	4.0
39183	4.0
39292	4.5
40815	2.0
41569	2.0
44195	4.0
44761	4.0
44828	4.0
