1	3.5
2	1.5
4	1.0
6	3.5
11	2.5
17	4.5
21	2.0
29	4.5
31	1.5
32	2.5
39	4.5
47	3.5
50	4.5
62	1.0
81	2.5
88	1.5
94	3.5
95	1.5
104	2.5
110	3.5
112	3.0
144	4.5
150	4.5
151	2.0
157	1.0
161	2.5
165	1.0
173	0.5
198	1.5
208	0.5
223	3.5
231	2.5
237	1.5
246	5.0
260	4.5
293	4.0
296	5.0
300	4.0
316	1.5
318	4.0
322	4.0
329	1.5
333	3.5
339	3.5
348	3.5
349	2.0
350	2.0
356	3.0
357	3.0
364	1.5
367	1.0
372	1.5
377	3.0
378	1.5
380	1.5
413	1.5
420	1.5
432	1.0
440	2.5
442	3.0
454	2.5
456	4.0
457	3.0
468	3.0
471	3.5
474	3.0
480	2.0
485	2.5
491	2.0
494	1.5
497	3.0
514	4.0
515	4.5
518	1.0
524	4.0
527	4.5
528	1.0
529	4.5
539	4.0
541	5.0
551	2.0
552	1.0
553	3.5
586	1.0
587	1.0
588	2.0
589	2.0
590	3.5
592	3.0
593	3.0
595	3.0
597	3.5
608	5.0
610	3.0
647	1.0
648	2.0
663	1.5
694	1.0
708	1.5
719	1.0
733	1.5
736	1.0
745	4.5
750	4.0
778	3.5
780	1.5
782	0.5
783	2.0
785	3.0
788	1.0
800	3.5
802	1.5
832	1.5
849	1.0
852	2.5
861	3.0
902	4.0
913	3.5
914	4.5
919	2.0
924	3.5
953	3.0
954	2.5
969	4.0
994	4.5
996	2.0
1004	1.0
1028	4.0
1036	4.5
1037	0.5
1042	2.5
1050	2.5
1060	5.0
1061	2.0
1073	4.0
1079	4.5
1080	5.0
1088	2.5
1089	5.0
1091	0.5
1092	1.0
1095	4.5
1097	2.5
1099	2.0
1100	3.5
1101	3.5
1124	3.5
1127	2.0
1129	4.5
1135	2.0
1136	5.0
1147	3.0
1148	4.5
1175	4.5
1179	3.5
1185	3.5
1193	4.5
1196	4.5
1197	5.0
1198	4.5
1199	5.0
1200	5.0
1201	4.5
1203	5.0
1204	5.0
1206	3.0
1207	4.5
1208	4.0
1210	3.5
1213	4.0
1214	4.5
1215	3.5
1217	4.5
1219	2.0
1220	3.5
1222	4.5
1223	3.5
1224	5.0
1225	5.0
1231	4.0
1233	5.0
1234	4.5
1240	4.0
1242	4.5
1245	4.5
1246	3.0
1249	5.0
1250	5.0
1257	4.5
1258	2.5
1259	3.5
1260	4.5
1262	5.0
1265	5.0
1266	5.0
1267	3.0
1268	1.0
1270	4.5
1272	4.0
1275	4.0
1276	4.0
1278	2.0
1280	4.5
1285	4.5
1286	3.5
1287	4.5
1288	4.5
1291	3.0
1292	3.0
1293	4.5
1297	4.0
1302	4.5
1303	4.5
1307	4.5
1342	0.5
1343	2.0
1347	1.5
1352	2.0
1358	4.5
1367	1.0
1370	2.0
1371	3.0
1372	1.5
1373	0.5
1374	3.5
1375	2.0
1376	3.5
1377	1.5
1378	1.5
1380	4.0
1381	1.0
1382	1.0
1385	1.5
1387	3.0
1393	3.5
1396	2.5
1405	1.0
1407	2.5
1408	1.5
1409	2.0
1411	4.5
1425	1.0
1429	3.5
1438	1.0
1441	2.0
1449	4.0
1479	2.5
1485	3.5
1499	0.5
1500	2.5
1503	0.5
1513	1.5
1517	4.0
1527	4.5
1552	1.0
1573	0.5
1580	2.5
1584	1.5
1586	0.5
1587	3.5
1589	3.0
1597	0.5
1608	1.5
1610	4.5
1614	1.0
1616	1.5
1617	4.5
1625	3.0
1627	2.0
1641	3.5
1644	1.0
1645	1.0
1653	3.0
1663	3.5
1672	3.0
1673	4.5
1674	4.0
1676	0.5
1678	3.5
1680	3.5
1682	2.5
1688	1.0
1693	3.0
1704	3.5
1711	3.0
1713	2.0
1721	2.0
1726	0.5
1729	3.5
1732	4.5
1735	1.0
1747	1.5
1748	3.5
1769	1.5
1777	2.0
1784	3.5
1792	1.5
1801	1.5
1805	0.5
1827	1.5
1831	0.5
1835	1.0
1858	2.0
1866	2.0
1873	4.0
1876	1.5
1883	1.0
1888	2.5
1909	1.0
1911	1.0
1912	3.0
1917	0.5
1921	2.5
1923	3.5
1953	3.5
1954	4.0
1957	4.0
1960	4.0
1961	4.5
1962	4.0
1968	4.0
1974	1.0
1994	2.5
2000	4.0
2001	1.5
2002	1.0
2003	1.0
2009	3.5
2011	2.5
2012	2.5
2015	2.5
2019	5.0
2021	4.0
2028	4.0
2034	1.0
2053	0.5
2054	1.5
2058	2.0
2064	2.0
2076	2.5
2081	2.5
2082	1.5
2088	1.0
2100	2.0
2105	3.5
2108	3.5
2112	4.0
2115	1.5
2118	3.5
2119	0.5
2121	1.0
2123	1.0
2133	1.5
2134	3.0
2138	4.0
2139	3.5
2140	3.0
2144	3.0
2145	2.0
2146	2.0
2147	1.0
2150	4.0
2154	1.0
2161	3.0
2163	1.0
2167	1.5
2174	2.0
2186	4.0
2193	3.0
2194	4.0
2231	4.0
2240	2.5
2241	1.0
2243	3.0
2245	2.5
2248	4.0
2249	2.5
2252	1.0
2261	2.0
2268	3.5
2269	1.0
2273	4.0
2278	3.5
2288	4.0
2289	3.5
2291	2.0
2300	4.0
2301	3.5
2302	4.5
2311	2.5
2321	1.5
2324	3.5
2329	3.0
2334	0.5
2335	1.5
2336	4.0
2340	1.5
2352	4.0
2353	2.0
2355	3.5
2359	3.5
2369	1.0
2371	5.0
2372	1.0
2374	2.0
2375	2.0
2376	2.5
2378	2.0
2381	1.0
2391	4.5
2395	4.5
2396	3.0
2398	1.5
2402	1.5
2403	2.5
2404	0.5
2405	1.0
2406	3.0
2407	2.5
2409	2.0
2410	1.5
2411	0.5
2413	2.5
2416	3.0
2418	2.0
2420	3.5
2423	2.0
2424	3.0
2427	3.0
2431	1.0
2447	1.5
2455	1.5
2457	3.5
2467	3.0
2469	3.5
2470	2.5
2473	0.5
2474	4.0
2476	3.5
2478	3.0
2492	3.5
2502	4.5
2506	2.5
2517	1.5
2528	3.5
2529	3.0
2539	3.5
2542	4.5
2555	0.5
2565	4.5
2571	3.5
2580	3.5
2581	3.0
2598	1.5
2605	1.5
2613	4.0
2617	1.0
2628	1.5
2640	2.0
2641	2.0
2642	1.0
2668	1.0
2671	2.0
2683	3.5
2688	1.0
2690	3.0
2692	4.0
2694	3.0
2700	2.0
2710	2.5
2716	4.0
2724	1.5
2728	4.5
2735	0.5
2761	1.5
2762	4.0
2788	4.0
2791	4.5
2792	2.0
2795	3.0
2797	5.0
2802	2.0
2804	3.5
2815	1.5
2819	4.5
2822	1.0
2846	3.0
2857	1.0
2858	2.5
2861	1.0
2890	4.5
2905	4.0
2912	3.0
2915	3.0
2916	3.0
2918	4.0
2921	4.5
2924	3.5
2942	2.0
2944	4.5
2950	1.0
2951	4.5
2959	3.0
2968	4.0
2985	4.0
2986	1.5
2987	2.5
2989	2.5
2990	2.0
2997	4.0
3016	1.5
3020	1.0
3030	5.0
3033	3.0
3039	4.5
3040	1.5
3044	3.5
3052	1.0
3053	1.0
3071	4.0
3088	3.5
3098	4.0
3101	2.0
3104	4.5
3105	3.0
3107	2.0
3114	4.0
3120	0.5
3135	3.0
3147	2.5
3157	1.5
3160	3.5
3173	2.0
3175	5.0
3178	2.0
3196	5.0
3197	1.5
3198	4.0
3210	2.5
3219	2.0
3252	2.0
3253	3.5
3254	2.5
3255	4.5
3256	2.5
3257	1.5
3259	3.5
3260	4.5
3265	3.0
3267	4.0
3271	4.5
3296	4.0
3298	2.5
3308	3.0
3360	4.5
3361	4.5
3363	5.0
3396	2.5
3418	2.0
3421	4.0
3424	3.5
3435	5.0
3441	3.0
3444	2.0
3448	2.5
3468	5.0
3471	4.0
3479	2.5
3480	2.5
3481	3.5
3498	3.0
3501	4.5
3504	3.5
3505	4.0
3506	3.5
3507	4.5
3508	4.0
3510	2.0
3513	1.5
3524	2.0
3526	4.0
3527	1.5
3552	3.5
3578	2.5
3591	2.5
3608	4.0
3614	1.0
3623	0.5
3654	4.5
3671	4.5
3672	2.0
3686	2.0
3688	1.0
3698	3.5
3699	3.0
3701	2.5
3702	3.5
3703	4.5
3704	1.5
3705	1.0
3707	1.0
3712	2.5
3740	4.5
3751	4.0
3760	3.5
3763	2.0
3783	3.0
3791	2.0
3793	1.5
3836	3.0
3844	4.0
3868	3.5
3869	1.0
3893	2.0
3896	3.5
3911	4.5
3916	3.0
3948	2.0
3949	3.0
3977	3.0
3978	2.0
3996	4.0
3998	2.5
4002	3.0
4005	2.5
4007	4.5
4009	1.5
4010	1.0
4011	4.0
4018	1.5
4022	3.0
4025	3.0
4027	4.0
4037	3.0
4039	1.0
4041	2.5
4062	3.5
4069	1.0
4085	4.0
4090	3.0
4091	2.5
4102	2.5
4104	0.5
4105	3.5
4121	0.5
4132	1.0
4161	4.0
4207	1.5
4214	4.0
4215	0.5
4220	3.0
4226	4.5
4246	4.0
4291	2.5
4321	4.0
4322	4.5
4327	4.0
4334	4.0
4349	4.0
4351	1.5
4359	4.0
4361	3.0
4367	1.0
4386	2.5
4396	2.5
4443	4.0
4447	2.0
4464	3.0
4474	2.0
4478	3.0
4487	1.0
4488	3.0
4489	3.5
4499	4.5
4506	2.5
4531	1.5
4545	1.0
4557	4.5
4558	1.5
4563	0.5
4564	2.5
4571	4.0
4577	3.0
4616	3.5
4621	2.0
4623	4.5
4641	4.0
4654	3.0
4673	0.5
4677	0.5
4678	2.5
4679	3.5
4713	2.0
4757	3.0
4776	1.5
4812	1.0
4816	1.5
4835	2.5
4846	4.0
4855	3.5
4878	2.5
4886	4.0
4896	1.0
4915	3.5
4929	1.0
4936	2.5
4941	1.0
4954	3.5
4963	4.5
4973	5.0
4990	2.0
4993	4.0
4995	3.0
5010	5.0
5016	3.0
5027	1.0
5040	2.5
5049	3.5
5060	3.5
5139	2.5
5214	1.5
5218	1.5
5225	3.0
5247	2.0
5266	2.5
5291	5.0
5292	3.5
5303	1.5
5308	2.0
5349	2.0
5380	4.5
5418	4.0
5452	0.5
5500	3.0
5522	2.5
5540	3.0
5553	3.0
5568	2.0
5673	3.5
5679	3.0
5747	4.0
5843	2.0
5853	2.0
5899	4.5
5952	4.5
5971	4.5
5989	3.5
6059	1.5
6062	4.0
6104	3.5
6188	3.5
6218	3.5
6238	1.0
6296	4.0
6303	3.5
6331	4.5
6333	3.0
6373	1.5
6377	3.5
6378	3.0
6440	3.5
6503	1.5
6565	2.0
6595	1.5
6636	2.5
6645	3.0
6662	2.0
6711	4.5
6765	3.5
6773	3.0
6787	4.0
6796	4.0
6800	0.5
6807	4.0
6808	4.0
6832	3.5
6863	3.0
6873	3.5
6974	1.5
6979	3.5
6996	0.5
7004	4.0
7007	1.0
7017	0.5
7018	4.0
7027	4.0
7036	1.5
7090	3.5
7102	1.5
7149	3.5
7285	4.0
7293	3.5
7482	3.5
7560	5.0
7566	5.0
7698	3.0
7842	3.0
8207	4.0
8228	4.0
8337	4.0
8376	4.0
8464	1.0
8492	2.0
8493	2.5
8528	3.5
8581	3.5
8610	3.5
8614	3.5
8623	3.5
8633	4.0
8636	3.0
8641	4.0
8784	4.5
8827	3.0
8917	4.0
8949	4.0
8961	3.5
26662	4.0
30707	4.0
30825	1.5
33615	2.0
34072	4.0
34405	4.0
36517	3.5
38038	3.0
41569	2.5
41997	4.0
44195	4.0
44199	3.5
45431	3.5
45517	3.0
46972	3.5
48394	4.5
48516	3.0
49274	3.0
50601	3.5
51255	4.5
51662	3.0
52245	4.0
52287	2.5
53123	4.0
54286	4.0
54503	4.5
54997	4.5
55276	4.0
56367	4.0
57669	3.5
58299	2.5
