1	4.0
14	4.0
16	4.0
19	1.5
21	4.5
32	4.5
34	4.5
36	4.0
45	4.0
47	4.5
50	4.5
62	4.0
70	3.0
101	4.5
104	2.5
105	3.0
110	5.0
111	5.0
147	2.5
151	3.5
153	1.5
156	4.5
162	5.0
163	3.5
175	4.0
194	4.5
198	3.5
207	3.0
215	4.5
223	4.0
231	3.5
233	5.0
235	4.5
246	4.5
249	4.0
260	4.0
266	1.5
277	4.5
288	4.5
290	5.0
296	5.0
303	3.0
306	5.0
307	5.0
308	4.0
318	4.5
327	3.0
333	3.0
334	5.0
344	2.5
345	4.0
355	0.5
356	4.0
364	4.0
367	3.5
370	3.5
372	3.5
377	3.0
380	3.0
382	2.0
429	2.5
431	3.5
441	4.0
444	1.0
454	2.5
455	3.5
466	3.5
468	4.0
474	4.0
480	3.5
481	3.5
485	2.5
500	3.0
501	4.0
505	1.0
509	4.5
511	2.5
516	2.0
520	3.5
524	3.5
527	5.0
534	5.0
539	3.5
541	4.5
543	3.5
544	1.0
549	4.5
550	2.5
551	4.0
555	4.0
586	2.5
588	3.5
589	4.0
590	3.5
592	3.5
593	5.0
596	4.5
597	3.5
599	5.0
608	5.0
610	4.0
673	0.5
714	4.5
737	1.5
745	4.5
750	5.0
765	1.0
778	5.0
780	2.5
785	4.0
858	5.0
899	4.5
900	4.0
903	5.0
904	5.0
908	4.5
909	5.0
912	5.0
913	4.5
914	4.5
919	5.0
924	5.0
942	4.5
950	4.5
953	5.0
955	4.5
965	4.5
969	5.0
1010	3.5
1020	3.0
1028	3.5
1029	4.0
1035	5.0
1036	4.0
1037	3.0
1060	4.5
1073	5.0
1079	5.0
1080	4.5
1089	5.0
1090	5.0
1093	4.0
1094	4.0
1097	4.0
1111	4.5
1120	4.5
1125	4.0
1129	4.5
1136	5.0
1148	4.5
1172	4.0
1173	5.0
1175	4.5
1179	4.5
1183	4.5
1185	4.5
1186	4.0
1193	4.5
1194	4.0
1196	4.0
1197	4.5
1198	2.5
1199	5.0
1200	3.5
1201	4.5
1204	5.0
1206	5.0
1208	5.0
1210	3.0
1211	4.0
1212	5.0
1213	5.0
1214	4.0
1215	4.5
1217	4.5
1218	4.0
1220	5.0
1221	5.0
1222	4.5
1225	5.0
1228	4.5
1230	4.0
1231	4.5
1235	4.5
1240	4.5
1243	4.5
1244	4.5
1245	5.0
1246	4.0
1250	4.5
1256	5.0
1257	4.5
1258	4.0
1259	4.0
1261	4.0
1262	4.5
1263	5.0
1265	4.0
1266	4.5
1268	4.0
1269	4.5
1270	3.5
1272	5.0
1273	4.5
1274	4.0
1275	4.0
1276	5.0
1278	5.0
1279	4.0
1282	5.0
1285	4.0
1288	5.0
1292	5.0
1293	5.0
1295	4.5
1297	3.5
1298	4.0
1299	5.0
1302	4.0
1303	5.0
1304	4.5
1307	4.0
1321	4.5
1339	4.0
1343	4.5
1347	3.5
1354	4.5
1357	3.5
1358	3.5
1371	3.5
1374	4.0
1375	3.5
1376	4.0
1377	1.0
1378	3.5
1387	4.0
1393	3.5
1405	3.5
1409	1.0
1446	4.5
1466	4.5
1483	4.5
1497	1.5
1500	3.5
1517	4.0
1527	4.0
1537	4.5
1562	0.5
1580	3.5
1587	4.5
1617	5.0
1625	4.5
1627	3.5
1641	4.5
1643	4.0
1653	4.5
1658	1.5
1663	3.5
1673	5.0
1676	4.0
1682	2.5
1690	1.0
1693	4.5
1707	0.5
1719	4.5
1721	4.0
1729	4.0
1731	0.5
1732	5.0
1748	4.0
1777	4.0
1785	4.0
1831	1.5
1884	3.5
1917	2.5
1920	2.0
1923	4.5
1954	4.0
1957	4.0
1959	3.5
1961	4.0
1962	3.5
1965	5.0
1967	3.5
1968	3.5
1994	4.0
2000	4.0
2003	3.5
2011	3.5
2018	5.0
2019	5.0
2020	4.5
2022	4.5
2023	2.5
2028	5.0
2060	3.0
2076	4.5
2082	3.5
2100	3.5
2105	3.5
2108	4.0
2109	4.5
2111	3.5
2112	3.5
2115	2.5
2116	3.5
2119	3.0
2134	3.5
2140	3.5
2144	3.5
2145	3.5
2150	4.0
2161	3.5
2194	3.5
2243	3.5
2248	4.5
2261	2.5
2268	3.5
2273	2.5
2291	4.5
2300	5.0
2329	4.0
2335	3.5
2337	2.0
2348	3.0
2366	4.0
2369	4.0
2373	2.0
2375	2.5
2378	3.5
2379	1.5
2392	0.5
2394	3.5
2395	4.0
2401	4.0
2402	3.5
2403	4.0
2404	1.5
2409	2.5
2410	4.5
2411	3.5
2412	1.0
2413	3.0
2416	3.5
2420	4.0
2421	2.0
2442	3.5
2447	3.5
2450	2.0
2463	2.5
2467	4.5
2468	1.0
2470	3.5
2471	3.0
2473	1.0
2476	2.5
2478	3.5
2496	1.0
2528	3.5
2529	4.0
2539	2.5
2542	4.5
2565	3.5
2571	4.0
2617	2.5
2628	1.0
2640	4.0
2641	4.0
2642	1.5
2643	0.5
2657	4.0
2683	4.0
2686	4.0
2692	4.5
2699	3.5
2700	5.0
2706	3.5
2710	3.0
2735	2.5
2739	4.0
2745	5.0
2746	3.5
2748	1.5
2761	4.0
2762	4.0
2788	4.0
2791	5.0
2792	3.5
2797	4.0
2804	5.0
2822	3.0
2857	3.5
2858	4.5
2872	4.0
2877	4.0
2905	4.5
2915	3.0
2916	3.5
2917	4.5
2918	3.5
2921	4.5
2924	4.0
2942	3.5
2947	4.5
2948	4.0
2949	3.5
2953	1.0
2959	5.0
2968	4.5
2985	4.0
2986	2.0
2987	4.5
2993	4.0
2997	5.0
3000	4.5
3020	3.5
3022	5.0
3030	5.0
3033	4.0
3037	4.0
3039	4.0
3040	3.5
3060	4.5
3070	3.5
3088	4.5
3091	4.5
3100	4.5
3104	3.5
3105	4.0
3107	3.5
3108	4.0
3113	1.5
3129	4.0
3159	3.5
3168	4.0
3173	3.5
3174	4.5
3185	3.5
3198	4.0
3210	4.0
3243	1.0
3244	4.0
3253	4.0
3254	3.5
3255	3.5
3257	2.0
3261	3.5
3263	3.5
3265	4.0
3267	4.0
3268	1.0
3275	4.0
3307	5.0
3328	3.5
3359	4.5
3360	4.0
3362	4.0
3363	4.0
3386	3.5
3387	2.0
3388	3.5
3396	4.5
3418	3.5
3421	4.5
3424	4.0
3438	3.0
3439	1.5
3448	3.5
3452	3.5
3468	4.5
3471	4.0
3476	3.0
3481	3.5
3498	4.5
3499	4.0
3505	4.0
3506	3.5
3508	4.0
3521	4.5
3524	4.0
3525	3.0
3527	4.5
3536	4.0
3551	5.0
3552	5.0
3578	4.5
3608	4.5
3617	3.0
3624	3.0
3635	3.5
3638	3.5
3639	4.0
3671	4.0
3676	3.5
3683	5.0
3697	3.5
3698	4.0
3702	4.0
3703	4.0
3704	2.5
3740	4.5
3744	2.5
3788	4.0
3793	4.0
3819	5.0
3852	4.0
3861	2.5
3868	4.5
3869	4.0
3897	5.0
3916	3.5
3925	4.5
3969	0.5
3984	4.0
3988	2.0
3996	4.5
4002	4.0
4006	3.5
4008	4.5
4011	4.5
4014	2.0
4027	4.5
4034	4.0
4084	3.0
4085	3.5
4086	4.0
4105	4.0
4128	3.5
4132	0.5
4214	4.0
4215	0.5
4220	4.5
4226	4.5
4262	4.5
4299	2.0
4306	4.0
4310	1.0
4321	3.5
4333	2.0
4351	3.5
4361	3.0
4396	2.5
4467	3.5
4483	0.5
4487	2.5
4489	3.5
4499	3.5
4508	4.0
4553	4.5
4558	3.5
4571	4.0
4616	3.5
4621	2.0
4641	5.0
4643	0.5
4654	2.5
4678	3.5
4701	2.5
4718	2.5
4816	4.0
4848	3.5
4855	4.0
4886	3.5
4973	5.0
4979	4.0
4993	4.5
4995	4.5
5010	3.0
5040	2.0
5049	3.5
5060	4.5
5066	1.5
5094	0.5
5111	1.0
5139	4.0
5292	4.5
5303	3.5
5308	2.5
5309	1.0
5313	2.5
5349	3.5
5378	2.0
5385	4.5
5401	4.0
5452	0.5
5481	3.0
5500	4.0
5501	0.5
5522	4.0
5541	3.0
5602	4.0
5603	4.5
5618	5.0
5621	2.5
5650	4.5
5673	4.5
5690	5.0
5693	4.0
5900	1.5
5902	5.0
5943	1.5
5945	4.5
5952	4.5
5956	4.5
5971	5.0
6016	5.0
6156	2.5
6157	3.0
6188	3.0
6270	4.5
6333	3.5
6373	3.0
6377	4.0
6385	4.0
6440	5.0
6482	0.5
6534	2.0
6537	2.5
6550	1.0
6618	4.0
6620	4.5
6650	4.5
6662	4.0
6663	4.0
6664	3.5
6669	5.0
6711	4.5
6721	4.5
6764	2.5
6773	5.0
6774	4.5
6796	4.5
6800	1.0
6807	4.0
6863	4.0
6867	4.5
6874	4.0
6890	3.5
6893	4.0
6934	2.0
6936	2.5
6947	4.5
6957	4.0
6996	0.5
7000	3.0
7004	3.0
7007	3.0
7044	4.5
7046	2.5
7073	4.5
7090	4.0
7091	5.0
7099	4.5
7123	4.0
7137	4.5
7143	2.5
7147	4.5
7153	4.0
7173	2.0
7234	5.0
7317	2.5
7361	4.5
7367	2.5
7438	4.0
7445	3.5
7460	4.0
7482	4.5
7502	5.0
7569	4.0
7701	0.5
7766	4.5
7802	4.0
7836	4.5
7842	2.5
7925	4.5
8042	4.5
8360	3.0
8366	3.5
8370	3.0
8376	3.5
8464	4.0
8528	3.0
8596	3.5
8610	4.0
8623	4.0
8636	4.0
8638	4.0
8641	5.0
8645	4.5
8666	0.5
8783	2.5
8807	3.5
8810	1.0
8865	1.5
8874	4.5
8910	4.5
8917	5.0
8937	4.5
8949	5.0
8958	3.5
8961	5.0
8983	4.0
25788	4.5
26152	3.5
26662	4.5
26776	4.0
27741	5.0
27801	4.0
27831	4.0
30707	3.0
30793	0.5
30810	3.0
30825	1.5
31658	3.5
31685	2.0
31878	4.5
32587	4.5
33004	3.5
33166	1.5
33493	2.5
33646	1.5
33660	4.0
33679	2.0
33794	4.0
34072	4.0
34150	2.5
34162	4.0
34338	3.5
34437	3.5
34534	3.0
35836	4.5
36517	4.0
36535	4.0
37733	4.0
38038	3.5
39444	3.5
40819	3.5
41285	4.5
41569	2.5
41571	2.0
41997	4.5
43928	1.0
44004	1.5
44195	4.5
45499	2.5
45666	2.0
45728	3.0
46578	4.0
46723	4.5
46970	3.0
46976	3.5
48385	4.0
48516	4.0
48774	4.5
48783	3.5
49272	4.0
49396	3.5
49530	3.0
50068	4.5
50794	1.5
50872	4.0
51077	0.5
51255	4.5
51662	2.5
52973	4.0
53121	2.0
53464	1.0
53894	4.0
53996	0.5
54272	3.5
54503	4.0
55118	4.5
55267	3.0
55820	4.5
55830	3.0
56251	3.0
56801	0.5
56805	4.0
58559	4.5
58803	3.0
58998	4.0
59315	3.5
59784	4.0
60069	4.5
60074	2.5
61024	4.0
61323	4.0
63082	4.5
64614	4.0
64839	4.5
65261	4.5
67087	2.0
68205	1.5
68954	3.5
69122	3.0
69481	4.5
69526	0.5
70286	4.0
72641	2.5
72733	4.0
74458	4.5
74789	0.5
77561	3.5
77658	5.0
79008	4.5
79132	4.5
79695	3.5
79702	4.0
81845	4.5
86345	4.0
86377	4.5
