1	3.0
3	3.0
6	5.0
10	3.0
11	3.0
12	2.0
16	4.0
19	2.0
21	4.0
25	3.0
26	4.0
29	5.0
32	4.0
34	1.0
36	3.0
39	3.0
41	5.0
43	3.0
44	2.0
45	3.0
47	4.0
50	5.0
52	3.0
58	4.0
62	3.0
70	4.0
71	2.0
81	3.0
82	3.0
85	3.0
87	1.0
94	2.0
95	2.0
97	4.0
101	4.0
105	3.0
110	2.0
111	4.0
117	4.0
122	2.0
135	1.0
141	3.0
149	4.0
150	4.0
152	3.0
153	2.0
156	4.0
158	2.0
161	3.0
163	3.0
164	3.0
165	2.0
169	1.0
170	2.0
172	3.0
173	4.0
175	4.0
180	2.0
181	1.0
185	1.0
193	2.0
194	4.0
196	2.0
198	4.0
204	2.0
208	3.0
213	5.0
215	4.0
223	5.0
227	2.0
229	5.0
230	3.0
231	2.0
232	3.0
235	4.0
247	4.0
253	3.0
261	2.0
272	4.0
273	3.0
282	3.0
288	5.0
292	3.0
293	4.0
296	5.0
300	3.0
303	3.0
306	3.0
308	3.0
315	2.0
318	3.0
319	3.0
322	4.0
333	2.0
337	3.0
344	2.0
347	4.0
349	3.0
353	3.0
355	2.0
356	4.0
367	3.0
368	3.0
370	3.0
372	3.0
377	1.0
380	3.0
405	1.0
410	3.0
412	3.0
420	2.0
423	2.0
426	3.0
428	3.0
431	4.0
442	4.0
448	3.0
454	3.0
455	1.0
457	3.0
471	4.0
474	3.0
475	3.0
480	3.0
481	3.0
484	1.0
485	2.0
492	3.0
501	4.0
508	3.0
509	4.0
515	4.0
527	3.0
535	4.0
537	3.0
538	4.0
539	3.0
540	2.0
541	4.0
546	1.0
551	4.0
553	3.0
555	3.0
565	3.0
574	3.0
585	2.0
586	2.0
589	3.0
590	3.0
592	3.0
593	4.0
597	2.0
608	4.0
627	4.0
647	3.0
648	3.0
661	4.0
665	4.0
707	3.0
708	3.0
711	1.0
714	3.0
720	4.0
733	3.0
743	3.0
745	4.0
750	5.0
762	2.0
766	3.0
778	3.0
780	3.0
781	4.0
785	2.0
786	2.0
788	1.0
799	2.0
802	2.0
805	3.0
832	2.0
836	3.0
851	4.0
866	3.0
880	2.0
892	3.0
913	4.0
924	5.0
991	4.0
994	3.0
1034	4.0
1036	3.0
1037	2.0
1041	3.0
1046	3.0
1047	3.0
1050	4.0
1056	4.0
1057	3.0
1059	5.0
1060	4.0
1061	3.0
1079	3.0
1080	4.0
1081	2.0
1083	3.0
1088	2.0
1089	5.0
1090	4.0
1092	3.0
1093	3.0
1094	3.0
1097	2.0
1100	3.0
1101	2.0
1111	4.0
1120	3.0
1125	4.0
1127	2.0
1128	3.0
1131	4.0
1132	4.0
1136	4.0
1148	4.0
1172	4.0
1173	4.0
1175	5.0
1178	4.0
1186	3.0
1188	2.0
1190	3.0
1193	4.0
1196	3.0
1198	1.0
1199	5.0
1200	4.0
1202	5.0
1206	5.0
1208	5.0
1210	3.0
1212	4.0
1213	4.0
1214	4.0
1216	2.0
1221	4.0
1222	4.0
1223	4.0
1225	3.0
1227	4.0
1230	5.0
1233	4.0
1240	3.0
1241	3.0
1244	3.0
1245	3.0
1246	3.0
1249	3.0
1250	3.0
1258	4.0
1259	3.0
1263	4.0
1265	3.0
1266	4.0
1267	4.0
1270	2.0
1275	2.0
1279	3.0
1281	4.0
1288	5.0
1289	4.0
1291	1.0
1298	3.0
1299	4.0
1305	4.0
1320	3.0
1339	3.0
1343	3.0
1346	3.0
1347	2.0
1348	4.0
1352	3.0
1354	5.0
1356	3.0
1357	4.0
1359	1.0
1365	4.0
1366	3.0
1367	2.0
1374	3.0
1375	3.0
1376	3.0
1377	2.0
1385	2.0
1387	2.0
1388	2.0
1391	5.0
1392	3.0
1393	3.0
1394	2.0
1396	3.0
1401	3.0
1405	3.0
1407	3.0
1408	3.0
1409	2.0
1411	4.0
1438	2.0
1457	2.0
1459	3.0
1466	4.0
1480	3.0
1483	2.0
1485	2.0
1498	3.0
1499	2.0
1500	4.0
1503	3.0
1517	3.0
1518	3.0
1527	5.0
1544	3.0
1552	2.0
1554	4.0
1562	2.0
1569	2.0
1573	2.0
1580	4.0
1584	3.0
1586	2.0
1590	3.0
1593	2.0
1594	3.0
1595	1.0
1608	3.0
1609	3.0
1610	3.0
1616	3.0
1617	5.0
1620	3.0
1625	4.0
1627	4.0
1633	3.0
1635	4.0
1639	2.0
1641	2.0
1643	3.0
1645	3.0
1653	4.0
1660	3.0
1665	2.0
1672	3.0
1674	3.0
1676	3.0
1680	3.0
1682	3.0
1687	3.0
1690	3.0
1699	4.0
1702	1.0
1704	4.0
1711	4.0
1717	3.0
1719	4.0
1722	3.0
1729	4.0
1732	5.0
1734	4.0
1747	4.0
1748	3.0
1754	3.0
1760	1.0
1784	3.0
1785	4.0
1799	3.0
1810	3.0
1831	3.0
1834	3.0
1835	3.0
1844	3.0
1848	2.0
1876	2.0
1882	2.0
1883	3.0
1884	4.0
1885	3.0
1912	3.0
1913	3.0
1916	4.0
1917	3.0
1918	3.0
1921	2.0
1923	4.0
1954	3.0
1957	3.0
1960	3.0
1962	3.0
1965	2.0
1969	1.0
1982	3.0
1994	2.0
2000	2.0
2001	2.0
2002	3.0
2003	2.0
2004	2.0
2006	2.0
2011	2.0
2020	4.0
2022	4.0
2023	3.0
2025	4.0
2028	4.0
2054	2.0
2058	3.0
2085	2.0
2108	3.0
2111	3.0
2115	1.0
2117	5.0
2126	3.0
2155	4.0
2163	2.0
2167	3.0
2194	4.0
2231	4.0
2248	2.0
2268	3.0
2269	2.0
2273	3.0
2278	3.0
2289	4.0
2291	2.0
2294	3.0
2318	4.0
2321	3.0
2324	3.0
2328	3.0
2329	4.0
2333	4.0
2334	2.0
2336	4.0
2337	4.0
2338	2.0
2340	3.0
2344	3.0
2349	3.0
2355	3.0
2359	3.0
2378	2.0
2379	2.0
2381	1.0
2387	3.0
2390	3.0
2391	3.0
2393	3.0
2395	4.0
2396	3.0
2402	2.0
2404	2.0
2409	2.0
2410	2.0
2411	2.0
2424	2.0
2427	3.0
2428	3.0
2437	3.0
2439	3.0
2442	4.0
2455	4.0
2460	2.0
2467	3.0
2470	2.0
2471	2.0
2474	3.0
2502	3.0
2513	3.0
2524	2.0
2533	2.0
2539	3.0
2542	3.0
2560	3.0
2561	2.0
2571	4.0
2575	3.0
2579	3.0
2580	4.0
2598	3.0
2600	4.0
2605	3.0
2616	3.0
2628	3.0
2657	3.0
2668	2.0
2671	2.0
2682	3.0
2683	3.0
2686	3.0
2688	3.0
2692	4.0
2696	3.0
2707	3.0
2710	3.0
2712	4.0
2713	2.0
2745	3.0
2746	2.0
2747	3.0
2762	4.0
2770	2.0
2782	3.0
2788	4.0
2792	3.0
2793	2.0
2794	2.0
2803	3.0
2808	1.0
2819	4.0
2858	5.0
2872	3.0
2881	2.0
2890	3.0
2908	4.0
2912	4.0
2916	3.0
2918	3.0
2921	2.0
2929	4.0
2952	4.0
2953	2.0
2959	4.0
2966	4.0
2968	4.0
2971	3.0
2985	2.0
2986	2.0
2990	3.0
2997	4.0
3005	3.0
3006	4.0
3008	3.0
3019	3.0
3020	4.0
3033	2.0
3044	3.0
3045	3.0
3052	4.0
3053	2.0
3060	3.0
3081	4.0
3083	4.0
3089	3.0
3091	3.0
3100	4.0
3104	4.0
3105	2.0
3108	3.0
3113	2.0
3114	3.0
3125	5.0
3129	3.0
3142	3.0
3148	3.0
3155	3.0
3160	5.0
3163	3.0
3174	3.0
3175	4.0
3176	4.0
3178	3.0
3179	4.0
3186	2.0
3203	3.0
3246	4.0
3247	1.0
3248	1.0
3250	3.0
3252	4.0
3253	3.0
3254	4.0
3256	3.0
3257	1.0
3261	3.0
3265	3.0
3266	4.0
3267	3.0
3271	3.0
3272	3.0
3273	2.0
3298	4.0
3300	3.0
3317	4.0
3328	5.0
3342	3.0
3362	4.0
3409	3.0
3418	4.0
3438	1.0
3439	1.0
3440	1.0
3441	2.0
3448	3.0
3450	3.0
3471	3.0
3476	4.0
3481	4.0
3499	2.0
3503	4.0
3510	2.0
3513	3.0
3535	4.0
3551	4.0
3556	4.0
3569	3.0
3578	3.0
3598	3.0
3617	3.0
3618	3.0
3623	3.0
3654	3.0
3671	2.0
3676	2.0
3677	4.0
3683	4.0
3685	4.0
3686	2.0
3706	3.0
3707	2.0
3728	4.0
3751	3.0
3764	2.0
3783	3.0
3785	3.0
3788	4.0
3793	3.0
3821	1.0
3863	3.0
3869	3.0
3893	4.0
3896	4.0
3897	5.0
3910	4.0
3925	3.0
3943	3.0
3949	4.0
3952	3.0
3977	3.0
3983	4.0
3991	2.0
3993	4.0
3996	4.0
4003	1.0
4008	3.0
4009	3.0
4011	3.0
4014	3.0
4017	3.0
4019	2.0
4022	4.0
4024	4.0
4027	3.0
4033	3.0
4034	3.0
4056	3.0
4082	3.0
4084	2.0
4085	2.0
4103	3.0
4144	3.0
4161	3.0
4210	4.0
4211	3.0
4223	4.0
4225	4.0
4226	4.0
4234	3.0
4235	4.0
4239	4.0
4246	3.0
4251	4.0
4267	4.0
4299	2.0
4305	2.0
4306	4.0
4308	4.0
4349	4.0
4370	2.0
4378	4.0
4380	2.0
4383	3.0
4407	3.0
4446	4.0
4448	3.0
4450	4.0
4464	3.0
4465	4.0
4641	4.0
4720	3.0
4723	3.0
4734	2.0
4741	4.0
4776	4.0
4784	4.0
4787	3.0
4848	4.0
4865	2.0
4873	4.0
4874	3.0
4878	5.0
4881	3.0
4886	4.0
4902	4.0
4903	4.0
4958	3.0
4963	4.0
4967	4.0
4973	4.0
4975	2.0
4976	3.0
4978	4.0
4979	4.0
4993	4.0
4995	4.0
5010	4.0
5016	4.0
5074	3.0
5105	4.0
5107	3.0
5152	2.0
5219	2.0
5222	3.0
5225	4.0
5269	3.0
5293	3.0
5294	3.0
5319	4.0
5325	3.0
5339	3.0
5349	3.0
5377	3.0
5378	3.0
5379	2.0
5388	4.0
5391	3.0
5400	3.0
5417	4.0
5418	3.0
5445	4.0
5446	4.0
5450	4.0
5459	3.0
5477	3.0
5479	3.0
5481	3.0
5502	3.0
5505	4.0
5508	4.0
5528	3.0
5530	2.0
5608	4.0
5613	3.0
5617	4.0
5618	4.0
5630	3.0
5666	3.0
5668	4.0
5669	4.0
5791	4.0
5792	3.0
5810	4.0
5812	3.0
5833	3.0
5872	3.0
5876	4.0
5878	4.0
5881	3.0
5893	2.0
5902	3.0
5903	2.0
5945	3.0
5952	4.0
5954	5.0
5956	4.0
5959	4.0
5971	3.0
5989	4.0
5991	3.0
5992	5.0
5995	3.0
6001	4.0
6003	3.0
6016	4.0
6059	3.0
6062	3.0
6104	4.0
6187	3.0
6188	2.0
6242	4.0
6291	5.0
6296	2.0
6299	3.0
6331	3.0
6333	3.0
6350	3.0
6365	3.0
6377	3.0
6380	4.0
6440	4.0
6502	3.0
6537	3.0
6538	4.0
6539	3.0
6541	2.0
6552	3.0
6567	4.0
6591	3.0
6617	2.0
6620	3.0
6708	4.0
6709	3.0
6711	4.0
6763	2.0
6773	4.0
6774	4.0
6807	4.0
6820	4.0
6867	3.0
6870	4.0
6873	3.0
6874	5.0
6932	4.0
6947	3.0
6953	4.0
6993	3.0
7022	5.0
7034	5.0
7076	3.0
7090	2.0
7099	4.0
7137	2.0
7139	3.0
7147	4.0
7151	3.0
7153	4.0
7160	3.0
7162	3.0
7163	2.0
7254	4.0
7256	4.0
7265	4.0
7285	4.0
7323	4.0
7325	4.0
7360	3.0
7361	4.0
7367	3.0
7371	5.0
7373	3.0
7419	3.0
7438	5.0
7445	3.0
7451	3.0
7458	3.0
7502	4.0
7618	4.0
7827	4.0
7981	3.0
8253	3.0
8360	4.0
8370	4.0
8376	3.0
8464	4.0
8530	3.0
8533	2.0
8622	4.0
8636	3.0
8638	4.0
8665	3.0
8784	4.0
8798	4.0
8865	2.0
8873	4.0
8874	4.0
8910	2.0
8914	4.0
8917	4.0
8949	4.0
8950	4.0
8951	3.0
8958	2.0
8961	4.0
8966	3.0
8970	3.0
8973	2.0
8981	4.0
8983	3.0
26662	3.0
27266	3.0
27317	4.0
27706	4.0
27721	3.0
27731	3.0
27773	5.0
27790	2.0
27831	3.0
27838	4.0
27846	3.0
27904	4.0
30707	3.0
30749	4.0
30793	4.0
30803	3.0
30810	4.0
30812	3.0
30820	4.0
30822	3.0
30850	4.0
31410	5.0
31804	2.0
31878	3.0
32587	5.0
33004	3.0
33154	4.0
33162	3.0
33166	2.0
33493	3.0
33660	3.0
33794	4.0
33834	3.0
33880	4.0
33903	4.0
34072	3.0
34271	4.0
34405	2.0
34437	3.0
34528	4.0
35836	3.0
36276	4.0
36517	2.0
36527	4.0
36529	3.0
37727	3.0
37731	3.0
37733	4.0
37741	4.0
38061	3.0
38886	4.0
39183	3.0
39292	4.0
39381	4.0
39444	3.0
40278	3.0
40583	3.0
40732	4.0
40819	4.0
41285	3.0
41569	4.0
41716	3.0
41863	4.0
41997	4.0
42002	3.0
42632	4.0
43376	4.0
43396	3.0
44191	5.0
44195	3.0
44199	3.0
44204	3.0
44555	4.0
44665	2.0
44694	4.0
44761	2.0
45210	4.0
46530	3.0
46578	3.0
46723	3.0
46965	4.0
47200	2.0
47423	3.0
48043	1.0
48385	3.0
48394	4.0
48516	4.0
48696	4.0
48738	4.0
48774	4.0
48783	3.0
48997	3.0
49272	3.0
49278	3.0
49286	2.0
49772	3.0
49822	3.0
49932	4.0
50068	3.0
51091	3.0
51255	3.0
51709	3.0
51935	3.0
52042	4.0
52328	3.0
52952	5.0
52973	2.0
53550	4.0
54286	4.0
54997	4.0
54999	2.0
55118	4.0
55269	3.0
55276	4.0
55363	4.0
55442	4.0
55444	4.0
55805	4.0
55814	4.0
55820	4.0
56145	4.0
56156	2.0
56174	4.0
56333	4.0
56367	4.0
56782	4.0
57368	4.0
57669	4.0
58303	3.0
58559	4.0
59315	4.0
59369	3.0
60069	4.0
60684	4.0
60950	4.0
61132	2.0
61236	5.0
61240	4.0
62081	3.0
63062	3.0
63072	4.0
63113	3.0
63876	3.0
64622	3.0
64839	4.0
64957	3.0
64983	4.0
65642	3.0
66509	4.0
67255	4.0
67734	4.0
67997	4.0
68157	4.0
68237	4.0
68358	3.0
68791	3.0
68954	4.0
69122	2.0
69481	4.0
69640	4.0
69757	4.0
70286	3.0
71579	4.0
72011	3.0
72226	4.0
73344	4.0
74795	3.0
76251	4.0
77561	4.0
78039	5.0
78209	1.0
78499	4.0
78574	2.0
79132	4.0
79293	3.0
80549	4.0
81564	4.0
81591	4.0
81845	3.0
82459	4.0
82461	3.0
83613	2.0
84392	3.0
84601	3.0
85414	4.0
85774	4.0
86882	3.0
87232	3.0
88140	2.0
88744	3.0
88810	3.0
89470	4.0
89745	3.0
89753	4.0
89804	3.0
89904	3.0
90405	1.0
91077	4.0
91500	4.0
91529	4.0
91535	3.0
91630	3.0
94864	4.0
94959	4.0
95441	3.0
95510	3.0
96079	3.0
96610	4.0
97752	4.0
97938	4.0
98961	4.0
99114	4.0
101864	3.0
102125	4.0
102445	3.0
104841	4.0
112183	4.0
112290	4.0
112556	3.0
