1	4.0
3	4.0
10	4.5
18	3.5
19	2.0
32	4.0
47	5.0
50	4.0
68	3.5
70	3.5
101	4.0
110	4.0
111	3.0
112	3.5
150	4.5
153	3.5
158	3.0
168	2.5
172	3.5
175	3.5
180	4.0
208	3.5
223	5.0
230	4.0
231	2.0
235	4.0
260	4.5
273	3.5
288	5.0
292	3.0
293	3.5
296	5.0
316	2.5
318	5.0
344	2.0
353	4.0
356	4.0
367	3.5
368	3.5
377	3.5
380	4.0
410	3.5
428	3.0
471	3.5
481	3.5
489	3.0
514	3.5
522	4.0
527	5.0
532	4.5
543	3.0
551	4.0
586	4.0
589	4.0
592	4.0
593	5.0
596	3.0
599	3.5
608	3.5
610	5.0
653	3.0
733	4.5
736	3.5
745	4.0
750	5.0
778	4.5
780	3.0
858	2.5
912	4.5
913	5.0
919	4.0
921	4.0
923	4.5
924	2.5
953	3.5
965	4.0
969	4.5
996	3.0
1007	3.5
1009	3.5
1019	4.0
1028	3.5
1031	3.0
1035	4.0
1061	4.5
1073	4.0
1079	4.5
1080	5.0
1089	3.5
1090	3.5
1136	3.5
1148	4.5
1178	4.5
1183	4.0
1193	4.5
1196	4.5
1198	4.0
1199	4.0
1201	4.0
1204	3.5
1206	5.0
1208	3.5
1210	4.0
1212	4.5
1213	2.5
1215	2.5
1219	3.5
1220	5.0
1222	4.0
1223	4.0
1225	4.0
1231	4.0
1233	5.0
1234	4.0
1235	4.5
1237	4.5
1240	4.0
1242	3.5
1245	4.0
1247	3.0
1248	3.0
1250	4.5
1254	3.0
1258	3.5
1259	4.0
1260	5.0
1261	2.5
1262	4.0
1265	3.5
1267	4.0
1270	4.0
1274	2.5
1275	5.0
1278	5.0
1284	3.5
1287	3.5
1288	4.5
1291	4.5
1293	4.0
1339	3.0
1343	3.5
1344	4.0
1347	4.0
1350	4.0
1358	3.5
1371	4.0
1372	4.0
1373	4.0
1374	4.5
1375	4.0
1376	4.0
1377	4.0
1391	4.0
1419	4.0
1425	3.0
1479	3.0
1485	2.5
1500	3.5
1517	4.5
1527	5.0
1562	3.5
1573	3.5
1580	3.5
1586	3.0
1587	4.0
1597	3.5
1610	4.0
1615	3.5
1617	5.0
1619	4.0
1625	4.0
1639	3.5
1663	3.5
1665	2.5
1673	2.5
1674	3.0
1676	4.0
1689	3.5
1713	3.5
1722	4.0
1729	3.5
1732	4.5
1747	3.0
1748	4.0
1772	3.5
1792	4.0
1799	3.5
1882	3.5
1884	3.0
1892	3.5
1913	4.0
1918	4.0
1920	3.5
1924	2.0
1927	4.0
1953	3.5
1961	3.0
1962	3.5
1991	4.0
1994	4.5
1997	4.5
1998	2.5
1999	3.0
2000	4.0
2001	4.0
2002	4.0
2005	4.0
2009	4.5
2011	4.0
2012	4.0
2019	4.5
2021	4.5
2028	4.5
2033	4.0
2064	3.5
2067	4.0
2085	4.0
2105	3.5
2109	3.5
2115	4.5
2116	3.0
2119	3.0
2124	4.0
2140	4.0
2148	4.0
2149	2.5
2153	0.5
2167	3.5
2173	4.0
2174	4.0
2193	4.0
2194	4.0
2282	4.5
2291	4.0
2297	4.5
2300	3.5
2313	3.5
2321	3.5
2329	4.0
2336	4.0
2361	3.0
2363	4.0
2371	3.5
2375	3.5
2376	4.0
2387	3.0
2403	3.0
2406	3.5
2427	3.0
2455	4.0
2470	3.5
2471	3.0
2501	4.5
2502	4.5
2513	4.0
2527	4.0
2528	3.5
2529	4.0
2530	4.0
2531	3.5
2532	3.5
2533	3.5
2539	3.0
2542	4.5
2571	3.0
2605	3.5
2616	3.5
2617	3.5
2628	3.0
2683	4.5
2700	4.0
2701	3.0
2702	4.0
2706	3.0
2710	3.5
2716	4.0
2719	3.0
2720	3.5
2723	4.0
2728	4.0
2735	4.0
2746	3.5
2762	4.5
2788	3.5
2789	3.5
2797	3.0
2858	4.5
2859	4.5
2862	2.0
2871	3.5
2883	3.5
2890	2.5
2916	4.0
2918	3.5
2921	3.5
2922	3.5
2924	4.0
2926	4.0
2929	3.5
2944	4.0
2947	4.0
2948	4.0
2949	4.0
2951	4.0
2953	3.5
2959	5.0
2968	2.5
2985	4.5
2989	4.5
2990	3.5
2991	4.5
2993	4.0
2997	3.5
3005	3.5
3006	3.5
3016	3.5
3020	3.5
3030	4.5
3032	3.5
3033	3.5
3037	4.0
3040	4.0
3052	4.5
3062	2.5
3066	3.5
3074	3.5
3081	4.5
3082	4.0
3087	3.5
3114	3.5
3146	2.0
3147	4.5
3153	3.5
3157	3.5
3160	3.5
3168	3.0
3174	4.0
3175	4.0
3196	4.5
3198	4.0
3204	4.5
3219	4.0
3253	3.5
3254	3.5
3263	3.5
3300	2.5
3301	4.0
3324	4.0
3334	4.0
3359	3.5
3363	4.0
3408	3.5
3409	3.0
3421	4.5
3448	3.0
3476	5.0
3499	4.0
3519	4.0
3535	4.0
3552	4.0
3555	2.5
3578	3.5
3608	3.0
3633	4.0
3635	4.5
3638	4.0
3639	4.5
3671	4.5
3676	3.5
3681	4.0
3682	4.0
3686	4.0
3693	3.5
3702	4.5
3703	4.5
3704	3.0
3740	3.0
3742	3.5
3751	4.0
3752	2.0
3753	0.5
3755	4.0
3763	3.5
3793	3.5
3809	3.5
3826	2.5
3836	3.5
3858	4.5
3897	3.5
3948	3.0
3978	3.5
3984	4.0
3988	3.0
3996	3.5
3997	3.5
4002	3.5
4005	4.0
4011	4.5
4019	3.5
4022	4.0
4027	4.0
4105	3.0
4148	5.0
4223	3.5
4226	4.0
4239	3.5
4262	2.5
4270	3.5
4306	4.5
4310	2.0
4327	3.0
4467	3.0
4553	3.5
4558	3.0
4571	3.5
4643	0.5
4681	3.5
4728	3.0
4734	4.0
4754	4.0
4848	5.0
4855	4.0
4857	4.5
4874	3.0
4878	5.0
4886	5.0
4896	4.0
4911	3.5
4941	4.0
4954	3.5
4963	4.0
4969	4.0
4979	4.0
4980	3.0
4993	4.0
4995	4.0
5015	3.5
5040	3.0
5047	4.0
5060	4.0
5065	3.5
5218	4.0
5247	3.5
5265	4.5
5313	3.0
5349	4.0
5378	3.5
5418	3.5
5444	3.5
5459	3.5
5463	3.5
5478	3.0
5479	4.0
5481	4.5
5502	3.0
5540	4.0
5544	4.0
5568	3.5
5630	4.0
5669	4.0
5679	3.5
5782	3.5
5816	4.0
5872	3.5
5900	3.5
5952	3.0
5956	2.5
6242	3.0
6250	3.5
6301	4.5
6333	3.5
6377	4.0
6537	3.5
6539	3.5
6541	4.5
6711	3.5
6755	3.5
6807	3.5
6863	2.5
6873	2.5
6874	4.0
6947	4.0
6979	3.5
6996	2.0
7022	3.5
7044	3.0
7076	3.5
7102	3.5
7123	4.0
7147	4.0
7153	3.5
7247	4.0
7366	4.0
7373	5.0
7438	4.0
7458	3.5
7460	3.5
7569	4.5
7570	4.0
7698	3.5
7842	4.5
7980	4.0
8132	3.5
8360	4.0
8368	4.5
8371	2.0
8372	3.5
8376	2.0
8622	4.0
8636	4.0
8665	3.5
8781	3.0
8783	4.0
8807	4.0
8865	4.5
8873	4.5
8907	2.5
8917	3.5
8949	4.0
8957	3.5
8958	4.0
8961	5.0
8970	3.5
8972	4.0
8984	3.5
26680	4.0
27706	3.5
27831	2.5
30793	4.5
30810	2.5
30812	3.5
30825	4.0
31878	3.5
32587	5.0
33004	3.0
33493	3.5
33615	2.5
33794	4.5
34048	1.0
34072	5.0
34338	4.0
34405	2.5
35836	3.5
37741	3.0
38038	4.5
40815	3.5
40819	4.5
43396	4.0
45517	4.0
