10	4.0
12	2.0
15	3.0
32	5.0
44	3.0
47	5.0
70	4.0
110	4.0
135	2.0
150	3.0
151	3.0
152	3.0
153	3.0
163	4.0
165	4.0
168	3.0
169	1.0
170	4.0
172	4.0
173	3.0
193	2.0
196	4.0
208	3.0
253	4.0
260	4.0
273	2.0
277	2.0
288	4.0
290	4.0
293	4.5
296	5.0
316	3.0
318	4.5
327	4.0
328	4.0
329	3.0
349	3.0
353	5.0
355	2.0
356	3.0
357	3.5
367	3.0
368	3.0
370	4.0
377	3.0
379	3.0
380	4.0
383	3.0
390	3.0
393	3.0
405	4.0
420	1.0
428	4.0
434	3.0
440	3.5
442	2.0
454	3.0
455	2.0
457	3.0
468	3.5
474	4.0
477	3.0
480	3.0
485	4.0
494	3.0
497	4.0
500	1.0
509	3.0
517	4.0
519	2.0
520	3.0
539	3.0
540	3.0
541	5.0
543	3.0
550	4.0
553	4.0
586	2.0
587	3.0
588	3.0
589	5.0
590	4.0
592	3.0
593	4.0
597	3.0
627	3.0
648	4.0
650	3.0
653	3.5
673	4.0
692	3.0
724	3.5
733	5.0
737	2.0
750	5.0
761	2.0
762	3.0
778	4.0
780	3.0
781	4.0
784	2.0
788	2.0
798	2.0
829	3.0
839	4.0
842	2.0
849	4.0
858	5.0
866	5.0
880	2.0
899	4.0
902	3.0
903	5.0
912	3.0
913	5.0
924	5.0
953	2.0
968	4.0
969	4.5
996	5.0
1004	3.0
1027	3.0
1035	2.0
1036	5.0
1047	5.0
1050	4.0
1054	4.0
1069	5.0
1079	4.0
1080	4.0
1083	4.0
1084	3.5
1089	5.0
1090	4.0
1092	3.0
1094	4.0
1097	2.0
1101	3.0
1120	3.0
1127	4.0
1129	4.0
1131	5.0
1132	4.0
1136	5.0
1183	3.0
1186	3.0
1193	5.0
1196	5.0
1198	4.0
1200	5.0
1201	5.0
1204	4.0
1206	5.0
1208	5.0
1210	3.0
1213	4.0
1214	5.0
1215	4.0
1217	5.0
1219	4.0
1220	4.0
1221	5.0
1222	5.0
1227	4.0
1228	3.0
1233	5.0
1240	5.0
1246	5.0
1249	5.0
1250	5.0
1255	4.0
1258	5.0
1261	4.0
1262	4.0
1265	4.5
1266	4.0
1270	4.0
1275	5.0
1283	3.0
1287	4.0
1291	4.0
1293	3.0
1301	3.5
1320	3.0
1321	3.0
1333	4.0
1334	3.0
1339	4.0
1343	3.0
1345	3.0
1347	4.0
1348	3.5
1350	4.0
1352	3.0
1356	4.0
1366	3.0
1370	4.0
1371	3.0
1372	4.0
1373	4.0
1374	4.0
1375	4.0
1376	3.0
1377	3.0
1378	3.0
1385	3.0
1387	3.0
1388	2.0
1391	4.0
1393	4.0
1405	4.0
1407	3.0
1408	4.0
1425	4.5
1431	1.0
1438	3.0
1459	4.0
1464	4.0
1465	4.0
1468	3.0
1475	2.5
1497	3.0
1498	3.0
1499	2.0
1515	3.0
1517	3.0
1527	5.0
1544	2.0
1556	3.0
1562	3.0
1573	3.0
1580	3.0
1586	4.0
1587	4.0
1590	5.0
1591	4.0
1597	3.0
1610	5.0
1616	3.0
1617	4.0
1623	3.0
1627	4.0
1641	4.0
1643	2.0
1644	3.0
1645	4.0
1646	3.0
1653	4.0
1672	4.0
1676	5.0
1681	2.0
1687	4.0
1689	3.0
1690	4.0
1693	4.0
1704	4.0
1707	1.0
1721	3.0
1722	4.0
1726	2.0
1729	4.0
1748	4.5
1772	3.0
1779	3.0
1801	3.0
1805	5.0
1831	3.0
1833	4.0
1835	3.5
1836	3.0
1862	3.0
1876	4.0
1882	4.0
1909	3.0
1917	4.0
1918	2.5
1924	3.0
1952	3.0
1954	4.0
1957	5.0
1961	4.0
1969	4.0
1970	3.0
1971	3.0
1972	3.0
1982	3.0
1997	4.0
2000	4.0
2001	3.0
2002	2.0
2003	4.0
2004	2.0
2006	3.0
2011	4.0
2012	4.0
2019	5.0
2021	4.0
2023	4.0
2025	3.0
2028	4.0
2034	3.0
2076	5.0
2082	1.5
2085	3.0
2094	3.0
2115	4.0
2116	3.0
2122	3.0
2124	3.0
2153	3.0
2160	5.0
2167	4.0
2174	3.0
2193	3.0
2194	4.0
2232	4.0
2273	4.0
2279	3.0
2294	3.0
2302	3.0
2311	4.0
2316	3.0
2320	3.0
2328	3.5
2329	4.0
2334	4.0
2340	3.0
2348	3.0
2373	3.0
2376	3.0
2378	4.0
2379	3.0
2380	2.0
2381	2.0
2383	1.0
2389	3.0
2393	3.0
2401	4.0
2402	3.0
2403	3.5
2404	4.0
2405	3.0
2407	2.0
2408	2.0
2409	4.0
2410	4.0
2411	4.0
2412	3.0
2420	3.0
2427	3.0
2436	3.0
2447	4.0
2454	3.0
2455	3.0
2458	3.0
2467	5.0
2470	3.0
2471	3.0
2476	4.0
2478	3.0
2490	3.0
2502	4.0
2513	4.0
2520	3.0
2529	3.0
2531	3.0
2533	3.0
2539	3.0
2542	4.0
2549	4.5
2571	5.0
2616	2.0
2617	4.5
2628	5.0
2640	3.0
2648	3.5
2657	4.0
2662	3.0
2664	3.0
2668	3.0
2671	4.0
2683	2.0
2686	4.0
2688	4.0
2693	3.0
2699	3.0
2700	4.0
2701	2.0
2706	3.0
2710	1.5
2712	5.0
2713	2.0
2716	4.0
2717	3.0
2719	5.0
2722	4.0
2729	4.0
2746	2.0
2747	3.0
2748	1.0
2762	4.0
2763	3.0
2789	4.0
2791	3.5
2802	4.0
2803	4.0
2807	3.0
2808	3.0
2822	4.5
2826	4.5
2827	3.0
2828	4.0
2840	4.0
2857	3.0
2858	4.0
2872	3.0
2881	3.0
2890	3.0
2906	4.0
2908	3.0
2916	5.0
2942	3.0
2944	4.0
2947	4.0
2948	4.0
2949	3.0
2951	4.0
2953	2.0
2959	5.0
2968	4.0
2985	4.5
2986	3.0
2987	3.0
2989	4.0
2990	4.0
2991	4.0
2997	4.0
3004	2.5
3005	3.0
3006	3.0
3020	3.5
3033	3.0
3052	4.0
3066	5.0
3070	3.0
3081	4.0
3082	3.0
3101	3.0
3107	3.0
3120	3.0
3147	4.0
3155	2.0
3163	3.0
3173	4.0
3175	5.0
3190	4.0
3204	4.0
3208	3.0
3247	3.0
3248	2.0
3252	4.5
3253	3.0
3254	3.0
3256	3.0
3257	3.0
3258	2.0
3263	4.0
3264	4.0
3267	4.0
3268	1.0
3285	2.0
3298	3.5
3300	4.0
3328	3.0
3354	3.0
3355	5.0
3388	2.0
3391	2.0
3418	4.0
3438	3.0
3440	2.0
3448	4.0
3452	3.0
3527	4.0
3550	3.0
3555	3.0
3556	4.0
3564	1.0
3569	2.0
3578	4.0
3593	2.0
3617	4.0
3623	3.0
3624	3.0
3633	3.0
3635	4.0
3638	3.0
3639	3.0
3654	4.0
3676	3.5
3681	4.0
3686	3.0
3693	3.0
3697	4.0
3698	3.0
3701	3.0
3703	4.0
3704	3.5
3740	4.0
3744	3.0
3745	3.0
3753	3.0
3754	3.0
3755	3.0
3763	3.0
3785	2.0
3786	3.5
3793	3.0
3802	4.0
3826	3.0
3827	4.5
3858	2.5
3861	4.0
3863	3.0
3869	3.0
3879	3.0
3889	3.5
3915	3.5
3917	4.0
3918	4.0
3919	4.0
3946	3.0
3950	3.0
3959	4.0
3967	4.0
3968	3.0
3969	3.0
3977	3.0
3980	3.0
3981	3.0
3985	5.0
3986	3.5
3990	2.0
3993	4.0
3996	4.0
3997	3.0
4005	3.0
4006	2.0
4007	4.0
4015	4.5
4022	3.5
4025	3.5
4030	4.0
4084	2.0
4085	3.0
4105	4.0
4128	5.0
4148	4.0
4155	3.0
4161	4.0
4167	3.0
4207	2.0
4214	3.0
4223	3.0
4224	3.0
4235	3.5
4239	3.5
4246	3.0
4248	3.0
4254	1.5
4265	3.0
4270	5.0
4299	4.0
4310	2.0
4327	4.0
4329	4.0
4343	3.5
4344	3.5
4357	4.0
4370	3.0
4396	4.0
4406	5.0
4447	4.0
4480	3.0
4487	3.0
4541	5.0
4571	4.0
4572	4.0
4643	2.5
4673	2.0
4681	3.0
4682	5.0
4718	3.0
4727	3.0
4776	4.5
4784	3.0
4816	3.5
4848	4.0
4855	4.0
4865	4.0
4874	3.5
4878	3.5
4889	4.0
4941	3.0
4954	3.5
4963	4.0
4973	4.0
4975	3.0
4980	3.0
4993	5.0
4994	2.5
5010	3.5
5025	3.0
5027	3.0
5040	4.0
5047	2.0
5049	4.0
5051	2.0
5060	3.0
5064	3.0
5093	3.0
5107	3.5
5127	3.0
5128	3.5
5135	3.5
5171	3.5
5247	3.0
5254	3.0
5292	5.0
5312	3.0
5313	3.0
5349	3.0
5364	3.0
5378	4.0
5400	3.5
5420	3.5
5445	4.0
5459	2.0
5463	3.5
5500	3.5
5530	3.0
5541	3.0
5617	4.0
5630	3.0
5649	4.0
5679	3.5
5693	3.0
5785	1.0
5816	3.0
5872	4.0
5890	3.0
5899	5.0
5900	2.0
5903	4.0
5944	3.0
5952	5.0
6059	3.5
6155	3.0
6157	3.0
6305	4.0
6323	3.5
6365	4.0
6373	2.5
6378	3.5
6440	4.5
6461	4.0
6502	3.0
6534	3.0
6537	4.0
6539	5.0
6550	3.0
6618	4.0
6659	3.5
6664	3.5
6796	4.0
6800	2.0
6807	3.5
6808	4.0
6874	4.0
6893	4.0
6934	3.5
6947	3.5
6996	2.5
7000	3.5
7004	3.0
7143	3.5
7153	4.0
7360	3.5
7438	3.5
7439	3.5
7454	3.0
8368	3.5
8622	3.0
8865	3.0
8874	4.0
