1	5.0
2	3.0
3	3.0
5	3.0
7	3.0
8	3.0
9	3.0
10	4.0
11	5.0
12	1.0
14	5.0
15	3.0
16	4.0
17	2.0
18	3.0
19	4.0
20	1.0
21	5.0
22	3.0
23	3.0
24	3.0
25	4.0
27	2.0
29	5.0
31	2.0
32	5.0
34	5.0
36	4.0
39	4.0
42	3.0
43	3.0
44	5.0
45	4.0
47	5.0
48	3.0
50	5.0
52	3.0
54	2.0
57	2.0
60	3.0
61	2.0
62	3.0
63	3.0
64	3.0
65	3.0
66	2.0
69	5.0
70	5.0
71	1.0
74	3.0
76	1.0
78	3.0
79	2.0
81	3.0
86	3.0
87	3.0
88	4.0
89	4.0
92	2.0
93	3.0
95	4.0
100	1.0
101	5.0
102	1.0
103	1.0
104	5.0
105	1.0
107	3.0
110	5.0
111	5.0
112	4.0
113	3.0
122	2.0
123	3.0
125	2.0
132	1.0
135	1.0
140	2.0
141	2.0
144	4.0
145	4.0
147	3.0
150	5.0
151	4.0
153	5.0
155	1.0
157	1.0
158	3.0
159	4.0
160	3.0
161	4.0
163	4.0
164	4.0
165	5.0
168	3.0
169	3.0
170	3.0
172	1.0
173	3.0
174	2.0
175	5.0
177	3.0
179	3.0
180	5.0
181	3.0
185	2.0
186	4.0
188	3.0
191	1.0
193	3.0
194	3.0
195	3.0
196	4.0
198	4.0
204	3.0
207	1.0
208	4.0
209	4.0
216	5.0
223	5.0
225	4.0
227	3.0
229	2.0
230	4.0
231	5.0
234	2.0
235	5.0
236	3.0
237	2.0
238	3.0
239	3.0
240	2.0
246	5.0
247	4.0
248	4.0
249	2.0
250	2.0
252	4.0
253	5.0
255	2.0
256	2.0
257	4.0
259	3.0
260	5.0
266	4.0
267	4.0
268	3.0
270	2.0
271	2.0
273	3.0
274	2.0
275	4.0
276	3.0
277	3.0
278	2.0
280	4.0
282	3.0
288	5.0
289	2.0
291	1.0
292	3.0
293	5.0
296	5.0
300	4.0
303	4.0
304	3.0
305	1.0
312	1.0
315	3.0
316	4.0
317	3.0
318	5.0
319	4.0
322	5.0
325	2.0
327	4.0
328	3.0
329	4.0
330	4.0
332	2.0
333	4.0
337	4.0
338	3.0
339	1.0
340	4.0
344	5.0
346	3.0
349	3.0
350	3.0
351	3.0
352	2.0
353	5.0
354	2.0
355	3.0
356	5.0
357	3.0
358	5.0
360	2.0
361	2.0
362	3.0
364	5.0
366	4.0
367	5.0
368	4.0
370	4.0
371	4.0
372	2.0
374	1.0
376	4.0
377	5.0
378	2.0
379	4.0
380	5.0
381	2.0
382	4.0
383	4.0
387	3.0
393	2.0
405	2.0
407	3.0
408	3.0
410	3.0
413	2.0
414	2.0
415	4.0
416	1.0
419	3.0
420	3.0
422	2.0
423	3.0
424	2.0
426	1.0
429	2.0
431	4.0
432	3.0
433	3.0
434	5.0
435	2.0
436	4.0
437	3.0
438	3.0
440	3.0
441	4.0
442	3.0
445	2.0
448	3.0
449	1.0
450	3.0
451	2.0
453	3.0
454	5.0
455	4.0
456	4.0
457	5.0
458	3.0
459	3.0
460	1.0
464	4.0
465	2.0
466	4.0
471	4.0
472	1.0
473	3.0
474	4.0
475	4.0
477	3.0
479	3.0
480	5.0
481	5.0
482	3.0
484	3.0
485	4.0
489	2.0
490	3.0
491	4.0
493	5.0
494	4.0
497	4.0
500	5.0
502	2.0
504	2.0
505	1.0
507	3.0
508	3.0
509	3.0
510	3.0
511	4.0
512	3.0
514	3.0
517	3.0
518	3.0
519	1.0
520	3.0
524	4.0
527	5.0
528	1.0
529	3.0
531	4.0
532	1.0
533	3.0
536	1.0
537	4.0
539	3.0
540	4.0
541	4.0
542	4.0
543	3.0
544	1.0
546	2.0
547	3.0
548	2.0
550	2.0
551	5.0
552	3.0
553	4.0
555	5.0
558	3.0
569	2.0
575	4.0
585	4.0
586	5.0
587	5.0
588	5.0
589	5.0
590	5.0
592	5.0
593	5.0
594	5.0
595	5.0
596	5.0
597	5.0
605	3.0
606	2.0
608	5.0
609	2.0
610	1.0
611	1.0
612	3.0
616	3.0
619	1.0
627	3.0
628	4.0
635	3.0
637	3.0
639	1.0
640	3.0
647	4.0
648	5.0
653	3.0
656	1.0
661	4.0
662	3.0
663	2.0
671	5.0
673	4.0
678	5.0
688	3.0
691	2.0
692	1.0
694	2.0
695	3.0
697	4.0
700	4.0
704	1.0
707	1.0
708	3.0
709	4.0
710	2.0
711	2.0
719	3.0
724	3.0
725	3.0
733	4.0
735	3.0
736	4.0
737	1.0
742	2.0
743	1.0
747	1.0
748	3.0
761	3.0
762	3.0
765	3.0
778	5.0
780	5.0
782	2.0
783	5.0
784	3.0
785	4.0
786	3.0
788	5.0
798	3.0
799	5.0
800	4.0
802	3.0
804	3.0
805	4.0
808	3.0
809	3.0
810	1.0
818	3.0
828	3.0
829	3.0
830	3.0
832	4.0
833	2.0
836	2.0
837	5.0
839	1.0
840	1.0
842	2.0
849	3.0
852	3.0
858	5.0
861	3.0
866	3.0
879	3.0
880	2.0
881	3.0
882	3.0
886	3.0
891	3.0
904	5.0
910	5.0
919	5.0
920	4.0
924	5.0
953	5.0
968	3.0
986	4.0
990	1.0
991	2.0
994	4.0
996	3.0
998	3.0
999	4.0
1003	3.0
1004	1.0
1005	2.0
1006	3.0
1007	5.0
1009	4.0
1011	3.0
1012	5.0
1015	3.0
1019	5.0
1020	4.0
1021	3.0
1027	4.0
1028	4.0
1030	3.0
1031	3.0
1033	5.0
1034	2.0
1036	5.0
1037	3.0
1042	4.0
1047	5.0
1049	3.0
1051	4.0
1059	4.0
1060	5.0
1061	4.0
1064	3.0
1073	5.0
1079	4.0
1088	3.0
1089	5.0
1090	5.0
1091	4.0
1092	4.0
1093	3.0
1094	4.0
1095	3.0
1097	5.0
1099	5.0
1100	4.0
1101	5.0
1113	2.0
1120	4.0
1124	3.0
1125	3.0
1126	3.0
1127	5.0
1128	3.0
1129	4.0
1130	3.0
1135	4.0
1136	4.0
1167	3.0
1171	2.0
1179	3.0
1183	4.0
1185	4.0
1186	3.0
1188	1.0
1196	5.0
1197	5.0
1198	5.0
1199	4.0
1200	5.0
1201	5.0
1206	5.0
1207	4.0
1208	4.0
1210	5.0
1213	5.0
1214	5.0
1215	3.0
1216	3.0
1218	5.0
1219	5.0
1220	1.0
1221	5.0
1222	5.0
1225	1.0
1231	5.0
1238	3.0
1240	5.0
1242	5.0
1245	2.0
1246	5.0
1249	3.0
1253	4.0
1258	5.0
1259	5.0
1261	5.0
1265	4.0
1266	5.0
1268	4.0
1270	5.0
1271	5.0
1275	5.0
1278	4.0
1282	4.0
1285	5.0
1290	2.0
1291	5.0
1293	5.0
1297	3.0
1298	4.0
1302	5.0
1304	4.0
1307	4.0
1320	3.0
1321	5.0
1333	4.0
1334	3.0
1339	4.0
1340	4.0
1342	4.0
1343	4.0
1345	4.0
1347	5.0
1350	3.0
1352	4.0
1353	1.0
1355	3.0
1356	2.0
1357	3.0
1358	5.0
1359	4.0
1363	3.0
1366	3.0
1367	3.0
1370	5.0
1371	1.0
1372	3.0
1373	1.0
1374	4.0
1375	1.0
1376	4.0
1377	3.0
1378	5.0
1379	4.0
1380	5.0
1381	3.0
1382	3.0
1385	4.0
1387	5.0
1388	4.0
1389	4.0
1390	2.0
1391	4.0
1393	5.0
1394	5.0
1396	3.0
1398	2.0
1399	3.0
1401	3.0
1404	2.0
1405	4.0
1407	5.0
1408	5.0
1409	2.0
1410	3.0
1411	4.0
1422	3.0
1425	3.0
1427	2.0
1429	3.0
1431	3.0
1432	3.0
1438	3.0
1440	3.0
1441	3.0
1442	4.0
1445	1.0
1454	4.0
1457	2.0
1459	3.0
1460	1.0
1461	4.0
1464	2.0
1465	4.0
1466	5.0
1468	5.0
1474	1.0
1476	4.0
1479	1.0
1483	2.0
1484	4.0
1485	5.0
1488	1.0
1497	1.0
1499	3.0
1500	5.0
1503	3.0
1513	3.0
1515	3.0
1517	5.0
1518	3.0
1526	3.0
1527	5.0
1541	3.0
1544	4.0
1550	3.0
1552	4.0
1556	1.0
1562	2.0
1566	3.0
1569	3.0
1573	5.0
1580	4.0
1584	5.0
1586	3.0
1587	5.0
1588	4.0
1589	5.0
1590	1.0
1591	3.0
1592	3.0
1593	3.0
1594	4.0
1597	3.0
1598	3.0
1600	2.0
1601	2.0
1603	3.0
1604	4.0
1605	3.0
1606	1.0
1608	3.0
1609	4.0
1610	2.0
1614	3.0
1615	3.0
1616	3.0
1617	5.0
1619	4.0
1620	4.0
1621	4.0
1623	2.0
1625	4.0
1627	4.0
1633	4.0
1639	3.0
1642	3.0
1644	4.0
1645	3.0
1646	3.0
1647	2.0
1653	5.0
1655	1.0
1658	4.0
1660	5.0
1663	4.0
1665	3.0
1667	3.0
1672	3.0
1673	5.0
1674	3.0
1676	4.0
1678	1.0
1680	4.0
1681	2.0
1682	5.0
1686	2.0
1687	3.0
1689	3.0
1690	3.0
1693	3.0
1694	4.0
1702	1.0
1703	1.0
1704	5.0
1707	3.0
1711	2.0
1713	3.0
1717	4.0
1721	5.0
1722	1.0
1729	4.0
1731	2.0
1732	4.0
1735	3.0
1747	5.0
1748	5.0
1752	3.0
1753	3.0
1754	4.0
1762	3.0
1769	2.0
1777	5.0
1779	2.0
1783	4.0
1784	5.0
1785	3.0
1792	3.0
1799	4.0
1801	4.0
1804	3.0
1805	3.0
1810	4.0
1831	1.0
1833	3.0
1834	4.0
1836	4.0
1840	4.0
1841	4.0
1845	3.0
1848	2.0
1855	1.0
1858	3.0
1862	1.0
1863	1.0
1866	3.0
1873	4.0
1876	4.0
1882	2.0
1883	4.0
1884	5.0
1885	2.0
1888	1.0
1892	4.0
1894	3.0
1895	4.0
1907	4.0
1909	4.0
1911	2.0
1912	4.0
1916	5.0
1917	4.0
1918	5.0
1920	3.0
1923	5.0
1924	5.0
1950	3.0
1954	5.0
1955	3.0
1957	4.0
1958	4.0
1959	2.0
1960	4.0
1961	5.0
1962	5.0
1965	3.0
1967	4.0
1968	5.0
1969	2.0
1970	4.0
1971	4.0
1972	2.0
1973	3.0
1974	5.0
1975	3.0
1976	2.0
1977	1.0
1978	2.0
1979	2.0
1980	2.0
1981	2.0
1982	5.0
1983	4.0
1984	1.0
1985	3.0
1986	3.0
1991	4.0
1992	3.0
1993	3.0
1994	5.0
1995	3.0
1996	3.0
1997	4.0
1999	1.0
2000	5.0
2001	5.0
2002	5.0
2003	5.0
2004	4.0
2005	5.0
2006	3.0
2010	3.0
2011	5.0
2012	4.0
2013	5.0
2014	3.0
2016	5.0
2020	3.0
2021	3.0
2023	4.0
2026	3.0
2027	2.0
2028	5.0
2036	4.0
2040	3.0
2042	3.0
2046	4.0
2048	3.0
2050	4.0
2051	3.0
2052	3.0
2053	3.0
2054	3.0
2058	4.0
2059	3.0
2060	4.0
2064	2.0
2067	1.0
2072	5.0
2081	5.0
2082	4.0
2083	3.0
2087	5.0
2088	5.0
2089	3.0
2090	5.0
2091	4.0
2092	3.0
2093	3.0
2094	3.0
2095	5.0
2097	4.0
2100	5.0
2102	3.0
2105	3.0
2107	3.0
2108	3.0
2109	4.0
2110	4.0
2111	4.0
2112	3.0
2114	4.0
2115	5.0
2119	3.0
2120	3.0
2121	4.0
2123	3.0
2124	4.0
2125	4.0
2126	2.0
2133	4.0
2134	4.0
2137	5.0
2139	5.0
2140	4.0
2141	4.0
2142	3.0
2143	4.0
2144	4.0
2145	3.0
2146	4.0
2147	3.0
2148	4.0
2149	2.0
2150	5.0
2151	4.0
2152	2.0
2153	1.0
2161	5.0
2162	3.0
2163	2.0
2165	3.0
2166	3.0
2167	4.0
2169	3.0
2170	1.0
2174	5.0
2188	3.0
2193	4.0
2194	4.0
2195	1.0
2231	4.0
2236	4.0
2240	3.0
2243	2.0
2245	3.0
2247	3.0
2248	3.0
2249	3.0
2252	3.0
2253	4.0
2261	3.0
2262	2.0
2263	2.0
2265	2.0
2266	2.0
2268	5.0
2269	3.0
2273	5.0
2278	3.0
2279	3.0
2280	4.0
2287	4.0
2288	3.0
2289	5.0
2291	5.0
2294	5.0
2296	3.0
2297	5.0
2302	5.0
2306	3.0
2310	3.0
2311	3.0
2312	3.0
2313	5.0
2314	4.0
2315	3.0
2316	2.0
2320	3.0
2321	4.0
2322	1.0
2325	4.0
2327	3.0
2328	2.0
2329	5.0
2334	3.0
2335	4.0
2336	4.0
2338	3.0
2340	3.0
2352	3.0
2353	4.0
2354	3.0
2355	3.0
2359	4.0
2364	3.0
2366	5.0
2367	5.0
2370	3.0
2371	5.0
2372	4.0
2373	3.0
2374	3.0
2375	4.0
2376	3.0
2378	5.0
2379	3.0
2380	3.0
2381	3.0
2382	3.0
2383	2.0
2384	5.0
2385	3.0
2387	1.0
2389	3.0
2390	4.0
2391	5.0
2392	2.0
2393	1.0
2394	5.0
2395	4.0
2396	4.0
2399	3.0
2401	3.0
2402	5.0
2403	5.0
2404	4.0
2405	3.0
2406	5.0
2407	4.0
2408	3.0
2409	5.0
2410	5.0
2411	5.0
2412	3.0
2413	4.0
2414	4.0
2416	3.0
2418	2.0
2420	5.0
2421	4.0
2422	3.0
2423	5.0
2424	4.0
2427	5.0
2428	3.0
2429	4.0
2431	4.0
2432	2.0
2433	4.0
2445	2.0
2447	4.0
2448	1.0
2450	3.0
2451	2.0
2453	4.0
2454	4.0
2455	4.0
2456	2.0
2458	3.0
2459	4.0
2460	2.0
2463	4.0
2467	2.0
2468	2.0
2469	2.0
2470	4.0
2471	2.0
2473	4.0
2474	3.0
2476	3.0
2478	3.0
2485	3.0
2490	3.0
2491	1.0
2496	3.0
2497	3.0
2498	2.0
2500	2.0
2501	4.0
2502	3.0
2504	3.0
2505	4.0
2513	5.0
2514	3.0
2518	3.0
2521	3.0
2524	4.0
2525	4.0
2527	5.0
2529	5.0
2530	3.0
2531	3.0
2532	3.0
2533	4.0
2535	5.0
2539	3.0
2540	3.0
2541	3.0
2548	3.0
2549	1.0
2553	3.0
2555	1.0
2558	1.0
2560	2.0
2563	4.0
2567	3.0
2571	4.0
2572	3.0
2574	3.0
2580	5.0
2581	2.0
2587	4.0
2598	3.0
2599	4.0
2605	3.0
2606	2.0
2613	2.0
2615	2.0
2616	3.0
2617	4.0
2628	5.0
2640	5.0
2641	5.0
2642	4.0
2643	1.0
2644	5.0
2648	5.0
2657	1.0
2662	3.0
2664	3.0
2668	5.0
2672	4.0
2676	3.0
2683	4.0
2688	4.0
2694	3.0
2699	4.0
2700	5.0
2701	3.0
2706	4.0
2707	4.0
2710	5.0
2712	5.0
2716	5.0
2717	4.0
2718	3.0
2719	3.0
2722	5.0
2723	2.0
2724	3.0
2728	4.0
2735	3.0
2736	3.0
2739	5.0
2746	4.0
2748	2.0
2750	3.0
2752	1.0
2762	5.0
2770	4.0
2772	2.0
2787	4.0
2791	5.0
2792	5.0
2793	3.0
2794	4.0
2795	5.0
2796	4.0
2797	5.0
2798	4.0
2799	2.0
2802	2.0
2803	3.0
2804	5.0
2806	3.0
2807	2.0
2808	3.0
2815	3.0
2816	2.0
2817	1.0
2822	3.0
2826	1.0
2841	4.0
2846	4.0
2858	5.0
2860	4.0
2866	4.0
2867	4.0
2871	4.0
2879	3.0
2890	5.0
2898	2.0
2900	1.0
2901	3.0
2902	3.0
2903	2.0
2908	1.0
2915	3.0
2916	4.0
2918	5.0
2921	4.0
2929	4.0
2942	3.0
2944	4.0
2950	4.0
2951	5.0
2953	5.0
2959	5.0
2968	3.0
2973	3.0
2976	4.0
2985	5.0
2986	3.0
2987	5.0
2989	4.0
2990	3.0
2995	3.0
3016	3.0
3017	2.0
3019	3.0
3020	3.0
3033	4.0
3036	4.0
3039	3.0
3040	5.0
3044	3.0
3052	5.0
3060	1.0
3063	2.0
3071	4.0
3072	2.0
3081	5.0
3082	4.0
3087	4.0
3088	4.0
3098	3.0
3100	4.0
3101	4.0
3104	4.0
3105	4.0
3107	4.0
3108	3.0
3111	3.0
3113	3.0
3120	4.0
3130	2.0
3147	5.0
3152	3.0
3168	5.0
4006	3.0
5060	4.0
5649	5.0
