1	4.0
2	2.0
3	1.0
6	2.0
9	3.0
10	4.0
12	3.0
19	1.0
20	2.0
22	3.0
34	4.0
44	2.0
45	2.0
47	2.0
50	3.0
60	2.0
65	1.0
87	3.0
89	4.0
95	3.0
110	2.0
122	2.0
141	3.0
153	2.0
157	2.0
158	2.0
160	3.0
164	3.0
165	3.0
170	3.0
172	3.0
173	2.0
174	2.0
198	2.0
204	3.0
205	3.0
208	3.0
216	1.0
218	3.0
223	4.0
234	2.0
248	3.0
260	5.0
267	1.0
275	2.0
292	3.0
296	2.0
303	2.0
315	2.0
316	3.0
317	2.0
329	4.0
344	3.0
349	4.0
351	2.0
356	2.0
357	3.0
360	3.0
367	3.0
368	3.0
371	4.0
374	3.0
379	3.0
380	2.0
387	1.0
393	1.0
410	3.0
414	3.0
419	2.0
421	3.0
423	3.0
429	1.0
432	3.0
433	3.0
434	3.0
435	3.0
437	2.0
438	3.0
442	3.0
444	2.0
457	4.0
459	2.0
464	3.0
468	2.0
471	2.0
472	3.0
473	2.0
474	4.0
479	3.0
480	4.0
485	3.0
494	4.0
500	3.0
504	3.0
507	3.0
516	2.0
517	4.0
518	3.0
520	2.0
533	2.0
544	3.0
546	3.0
548	3.0
551	3.0
555	3.0
558	3.0
575	2.0
587	3.0
589	3.0
590	4.0
592	2.0
594	3.0
608	5.0
616	3.0
647	3.0
648	5.0
656	2.0
661	3.0
673	3.0
688	2.0
692	1.0
694	3.0
720	4.0
733	3.0
736	3.0
737	1.0
748	3.0
761	3.0
765	2.0
780	3.0
784	3.0
785	2.0
786	4.0
788	2.0
798	3.0
801	3.0
809	2.0
829	3.0
830	3.0
836	3.0
837	2.0
849	2.0
858	2.0
892	3.0
901	1.0
902	2.0
905	4.0
909	4.0
910	4.0
919	3.0
921	2.0
932	3.0
954	4.0
969	4.0
986	4.0
990	3.0
1004	3.0
1007	2.0
1014	3.0
1016	2.0
1017	4.0
1018	2.0
1019	3.0
1020	3.0
1021	1.0
1022	3.0
1029	3.0
1031	2.0
1032	3.0
1036	4.0
1037	3.0
1061	3.0
1073	3.0
1077	2.0
1078	2.0
1079	3.0
1080	2.0
1081	5.0
1085	3.0
1089	3.0
1100	2.0
1101	4.0
1126	2.0
1127	4.0
1129	3.0
1135	3.0
1136	2.0
1148	4.0
1171	3.0
1179	3.0
1196	5.0
1198	5.0
1200	3.0
1201	1.0
1210	5.0
1214	3.0
1215	2.0
1216	3.0
1221	2.0
1222	3.0
1230	2.0
1234	5.0
1240	2.0
1242	4.0
1254	3.0
1256	2.0
1259	3.0
1265	3.0
1269	4.0
1270	3.0
1275	2.0
1278	3.0
1285	1.0
1287	3.0
1291	5.0
1292	3.0
1297	4.0
1304	3.0
1320	2.0
1333	3.0
1353	2.0
1356	4.0
1359	1.0
1367	3.0
1370	4.0
1371	4.0
1372	3.0
1373	4.0
1374	3.0
1375	4.0
1376	5.0
1377	3.0
1380	3.0
1385	3.0
1387	4.0
1388	3.0
1390	2.0
1391	3.0
1396	5.0
1405	2.0
1409	2.0
1429	2.0
1438	3.0
1445	1.0
1461	1.0
1474	1.0
1479	2.0
1480	3.0
1488	3.0
1499	2.0
1518	3.0
1527	3.0
1541	3.0
1544	3.0
1550	3.0
1552	3.0
1556	3.0
1562	2.0
1573	2.0
1580	5.0
1586	4.0
1587	1.0
1589	3.0
1590	2.0
1591	2.0
1592	3.0
1597	3.0
1598	3.0
1606	2.0
1608	4.0
1610	5.0
1614	3.0
1615	2.0
1616	3.0
1617	3.0
1626	2.0
1641	5.0
1645	3.0
1646	2.0
1663	3.0
1665	2.0
1667	2.0
1676	2.0
1686	3.0
1687	3.0
1689	2.0
1690	1.0
1703	3.0
1711	4.0
1713	3.0
1722	3.0
1729	3.0
1731	2.0
1747	3.0
1754	3.0
1762	1.0
1777	3.0
1779	3.0
1784	4.0
1792	3.0
1806	1.0
1831	3.0
1833	3.0
1840	2.0
1848	3.0
1855	3.0
1858	2.0
1875	3.0
1876	3.0
1882	2.0
1883	3.0
1894	3.0
1911	3.0
1912	1.0
1917	3.0
1918	1.0
1920	3.0
1945	3.0
1953	3.0
1954	2.0
1963	1.0
1965	2.0
1967	2.0
1968	4.0
2000	4.0
2001	3.0
2002	2.0
2003	2.0
2005	3.0
2011	3.0
2012	2.0
2013	3.0
2014	3.0
2019	2.0
2028	4.0
2040	3.0
2046	3.0
2052	3.0
2054	3.0
2058	3.0
2065	2.0
2072	4.0
2080	3.0
2082	2.0
2085	3.0
2087	4.0
2088	3.0
2094	3.0
2096	2.0
2100	2.0
2105	3.0
2108	3.0
2109	3.0
2110	2.0
2111	3.0
2115	5.0
2123	2.0
2124	3.0
2126	3.0
2136	2.0
2137	4.0
2139	3.0
2143	2.0
2150	3.0
2151	3.0
2152	2.0
2153	3.0
2161	2.0
2167	2.0
2174	4.0
2193	3.0
2194	4.0
2195	3.0
2231	4.0
2245	2.0
2252	3.0
2253	3.0
2265	3.0
2268	3.0
2273	3.0
2278	2.0
2294	2.0
2302	4.0
2306	2.0
2322	2.0
2331	2.0
2334	3.0
2335	2.0
2344	3.0
2353	4.0
2354	3.0
2366	3.0
2367	3.0
2371	2.0
2373	1.0
2374	3.0
2375	3.0
2376	3.0
2378	3.0
2379	3.0
2380	3.0
2381	3.0
2382	3.0
2384	4.0
2391	4.0
2393	3.0
2396	2.0
2402	4.0
2403	3.0
2404	2.0
2405	3.0
2406	3.0
2407	4.0
2408	3.0
2410	1.0
2411	2.0
2412	1.0
2413	3.0
2414	4.0
2416	3.0
2418	2.0
2424	3.0
2427	3.0
2431	2.0
2457	3.0
2458	2.0
2463	3.0
2468	3.0
2470	3.0
2471	3.0
2473	2.0
2474	2.0
2475	2.0
2476	3.0
2478	2.0
2496	2.0
2518	3.0
2524	4.0
2525	3.0
2527	3.0
2528	3.0
2529	2.0
2530	1.0
2532	2.0
2533	2.0
2535	3.0
2539	2.0
2561	3.0
2567	2.0
2571	3.0
2598	4.0
2605	2.0
2613	2.0
2616	4.0
2617	3.0
2622	3.0
2628	4.0
2640	4.0
2641	4.0
2642	3.0
2643	3.0
2662	2.0
2699	5.0
2716	4.0
2717	3.0
2722	3.0
2723	1.0
2735	4.0
2746	3.0
2748	2.0
2752	3.0
2762	4.0
2763	3.0
2779	3.0
2796	2.0
2798	1.0
2802	2.0
2804	3.0
2808	3.0
2815	3.0
2816	3.0
2822	2.0
2860	2.0
2863	2.0
2870	4.0
2871	3.0
2899	3.0
2916	3.0
2917	3.0
2918	3.0
2926	2.0
2944	4.0
2947	3.0
2948	3.0
2949	3.0
2950	2.0
2951	2.0
2956	3.0
2985	4.0
2986	3.0
2987	3.0
2989	3.0
2990	3.0
2991	3.0
2993	3.0
3005	3.0
3020	2.0
3029	3.0
3033	2.0
3039	4.0
3061	2.0
3070	3.0
3082	3.0
3087	2.0
3101	1.0
3104	3.0
3107	4.0
3108	2.0
3114	5.0
3120	3.0
3168	3.0
3175	4.0
3197	3.0
3200	5.0
3243	1.0
3247	3.0
3248	3.0
3255	3.0
3256	4.0
3257	3.0
3258	3.0
3263	2.0
3268	1.0
3269	2.0
3274	3.0
3296	3.0
3300	3.0
3307	2.0
3341	4.0
3347	4.0
3361	2.0
3362	4.0
3363	3.0
3385	3.0
3387	2.0
3388	2.0
3392	3.0
3396	3.0
3404	5.0
3418	2.0
3421	2.0
3422	2.0
3430	2.0
3441	2.0
3448	3.0
3450	1.0
3461	2.0
3462	3.0
3466	3.0
3479	2.0
3489	2.0
3494	3.0
3506	4.0
3516	3.0
3519	3.0
3524	3.0
3527	3.0
3529	3.0
3543	3.0
3548	4.0
3549	3.0
3552	2.0
3557	4.0
5060	3.0
