1	4.5
2	3.5
6	4.0
10	3.5
15	3.0
19	3.5
32	4.0
34	3.5
39	3.0
44	3.0
47	4.5
48	4.0
50	4.5
70	3.0
95	3.0
110	4.0
153	4.0
158	3.5
160	2.5
163	3.5
165	4.0
170	3.0
173	3.0
185	3.5
208	3.0
215	3.5
231	4.0
235	4.0
239	4.0
253	4.5
256	3.0
260	4.0
266	4.0
292	4.0
296	4.5
344	3.5
350	3.5
353	5.0
355	3.5
356	4.0
357	3.5
362	4.0
364	5.0
367	4.0
377	4.5
380	3.5
410	4.0
413	3.5
442	3.0
455	3.0
480	4.0
500	4.0
509	3.5
519	3.5
520	4.0
527	4.0
531	4.0
538	4.0
539	3.5
541	3.5
551	5.0
552	3.5
586	4.0
588	4.5
589	4.0
592	4.5
593	4.5
594	3.5
595	4.5
596	3.5
597	4.0
608	4.0
616	3.5
631	3.5
648	4.0
653	3.0
661	3.5
673	3.5
733	4.0
736	3.0
741	4.0
780	4.0
783	3.5
784	4.0
786	3.5
832	3.5
839	4.0
902	4.0
1022	4.0
1027	4.0
1028	3.5
1029	3.5
1031	3.5
1032	4.0
1033	3.5
1035	4.0
1036	4.5
1061	4.5
1064	4.0
1080	4.0
1088	3.5
1089	4.5
1092	4.0
1093	4.0
1097	4.0
1101	4.0
1127	4.0
1136	4.5
1183	3.0
1193	4.5
1196	4.0
1197	4.0
1198	4.0
1199	4.0
1200	4.0
1206	4.0
1210	3.5
1214	4.0
1246	4.5
1258	4.5
1265	4.0
1270	4.0
1274	4.0
1275	4.0
1282	3.5
1297	3.5
1307	3.5
1339	4.0
1367	3.5
1370	3.5
1377	4.0
1380	3.5
1391	4.0
1393	3.5
1438	3.0
1479	4.0
1485	3.5
1488	3.5
1515	3.0
1517	3.0
1527	4.5
1544	3.5
1552	3.5
1562	3.0
1566	4.0
1569	3.5
1573	3.5
1580	4.0
1588	3.5
1608	3.5
1610	4.0
1617	4.0
1619	3.0
1625	4.0
1645	4.0
1653	4.5
1676	3.0
1680	3.5
1682	3.5
1688	4.0
1704	4.0
1707	2.5
1721	3.5
1722	3.5
1748	4.0
1835	4.0
1876	3.0
1894	3.5
1907	4.0
1909	3.0
1917	3.5
1918	3.0
1923	4.5
1961	3.5
2003	4.0
2006	3.0
2011	4.0
2012	3.5
2018	3.5
2021	3.5
2028	3.5
2054	3.0
2058	3.5
2078	4.0
2080	4.0
2081	4.5
2083	4.0
2085	3.5
2087	4.0
2092	4.0
2096	3.5
2123	4.0
2124	3.5
2161	4.0
2167	3.5
2174	4.0
2278	4.0
2291	4.5
2294	3.5
2324	4.0
2329	4.0
2336	3.5
2337	4.0
2340	4.0
2355	3.5
2356	3.0
2384	3.0
2396	3.5
2420	3.5
2424	2.5
2431	4.0
2467	4.5
2502	4.0
2542	4.5
2568	3.0
2571	4.5
2572	4.0
2617	3.0
2628	3.5
2657	3.5
2671	3.5
2683	3.5
2687	4.0
2701	1.5
2706	4.0
2710	3.5
2712	3.0
2716	4.0
2717	4.0
2720	3.0
2722	2.5
2762	4.0
2763	3.5
2797	3.5
2807	2.0
2828	3.5
2843	4.5
2858	4.0
2916	3.5
2947	3.5
2950	2.5
2959	4.0
2985	3.0
2987	4.5
2997	4.5
3000	5.0
3034	4.5
3081	5.0
3082	3.5
3101	3.5
3173	3.0
3174	4.0
3176	4.0
3257	3.5
3261	4.0
3275	3.5
3355	2.0
3386	3.5
3392	2.5
3418	3.5
3438	3.5
3448	4.0
3462	4.0
3489	3.5
3556	4.5
3623	3.0
3717	3.0
3753	3.5
3910	4.0
3948	4.0
3967	4.0
3977	2.5
3994	3.5
3996	4.0
4011	4.5
4015	2.5
4016	4.5
4018	3.0
4022	3.5
4034	3.5
4104	3.0
4226	4.0
4246	3.5
4262	3.5
4270	3.5
4299	3.5
4306	4.5
4308	3.0
4310	3.0
4344	3.0
4366	4.0
4370	3.5
4446	4.0
4502	3.0
4815	3.5
4878	4.5
4886	4.5
4896	2.0
4963	4.0
4973	4.0
4993	4.5
4995	4.0
5128	3.5
5218	4.5
5299	2.5
5349	3.5
5377	4.0
5378	2.5
5418	4.0
5444	4.0
5452	3.0
5459	3.0
5463	1.5
5508	4.0
5618	5.0
5630	4.5
5690	3.5
5816	2.0
5902	4.0
5952	4.5
5954	4.0
5971	5.0
5989	4.0
5991	3.5
6003	4.0
6016	4.5
6281	4.0
6350	4.0
6373	4.0
6377	4.5
6378	4.0
6537	1.5
6539	4.0
6620	4.0
6711	4.0
6754	3.0
6807	4.5
6857	4.0
6874	4.5
6934	3.5
6942	4.0
6996	3.0
7036	3.0
7099	5.0
7143	4.0
7147	4.5
7153	4.0
7155	4.0
7162	3.5
7164	3.5
7373	4.0
7438	3.5
7439	3.0
7444	2.0
7451	4.0
7454	4.0
7458	3.5
7669	4.0
7701	3.0
8360	4.0
8368	2.0
8372	3.0
8530	4.0
8604	4.5
8636	3.5
8665	4.0
8781	4.0
8783	4.0
8865	3.0
8874	5.0
8907	3.5
8910	4.5
8950	4.5
8961	4.0
8970	4.5
8981	4.0
26662	4.5
27731	5.0
30707	3.5
30793	3.5
30810	4.0
30816	4.0
31658	5.0
31685	3.5
32017	3.0
32587	4.5
33004	4.5
33162	3.5
33493	4.0
33615	4.0
33794	4.0
34150	3.5
34319	2.5
34405	4.5
36519	3.0
36535	5.0
37729	4.0
37830	4.0
37857	4.5
38061	4.0
39183	3.5
39715	2.5
40339	3.5
40629	3.5
40815	3.0
42723	3.0
44022	4.5
44191	5.0
44199	4.5
45722	4.0
45730	4.0
45950	4.0
46578	4.5
46723	4.5
46967	3.5
47610	4.0
48043	4.0
48394	5.0
48774	4.5
48780	4.0
49274	3.0
49278	4.5
49649	3.0
49822	4.0
50872	4.5
51255	4.5
51540	4.5
51662	4.5
52458	3.0
52885	5.0
52973	4.0
52975	3.5
53121	4.0
53125	4.0
53519	4.0
53956	3.5
53972	3.5
54001	3.5
54259	4.0
54272	4.5
54286	4.0
54999	4.0
55442	4.5
55444	4.0
55820	3.5
56171	3.0
56251	4.0
56367	4.5
56715	4.5
56757	4.5
56941	3.5
57368	3.5
57504	4.5
58105	3.0
58162	3.5
58299	4.0
58559	4.5
59315	4.0
59387	5.0
59784	3.5
60037	4.0
60040	3.0
60069	4.5
60161	4.0
60760	3.5
61132	3.5
61240	3.0
61323	4.0
62336	4.5
62376	3.0
62434	3.5
62849	4.0
62956	3.5
63062	4.0
63859	4.0
63876	4.0
64034	4.0
64620	4.0
64716	4.0
64957	4.0
64969	3.5
65261	4.0
65642	3.0
66097	4.5
66297	4.0
66934	4.5
67087	4.0
67408	3.5
67997	3.5
68073	4.0
68159	3.5
68237	4.5
68358	4.0
68848	4.0
68954	4.5
69122	4.0
69481	4.0
69644	4.5
70183	3.5
70286	4.5
71254	4.0
71535	4.0
71579	4.0
71745	4.0
72731	4.0
72737	4.0
72998	4.0
73017	4.0
76093	4.5
76251	4.0
77561	4.0
78105	3.5
78772	1.0
79057	3.0
79091	4.0
79132	4.0
79702	4.0
81845	4.5
81847	4.0
84772	4.0
84944	4.0
85414	4.5
86332	3.5
86880	3.5
87232	4.0
87430	3.0
88140	3.5
88163	4.0
88810	4.5
89745	4.5
89753	4.0
91500	4.5
91529	4.0
91535	4.0
91542	3.5
94864	4.0
94959	4.5
95088	3.5
95167	4.5
95441	3.0
95510	4.0
96610	4.0
97304	4.0
97913	4.0
97921	4.0
98809	4.5
99114	4.0
102125	4.5
102445	3.5
103042	4.0
103141	4.0
103228	3.5
103335	3.5
103341	4.0
104841	4.0
106072	4.5
106487	4.5
106489	4.5
106696	4.5
108932	3.5
109487	4.0
110102	4.5
112175	4.0
112556	4.5
112852	4.0
