1	4.0
2	3.0
5	3.0
7	4.0
11	4.0
16	3.0
17	4.0
21	4.5
22	3.0
24	2.0
25	5.0
32	4.5
34	4.0
45	3.5
47	4.5
50	5.0
52	3.0
70	4.0
72	2.5
76	2.0
79	3.0
86	3.0
95	3.5
104	3.5
110	4.0
111	5.0
141	3.0
145	3.0
150	4.5
151	3.5
152	3.0
153	3.0
161	3.0
163	4.0
164	4.0
165	4.5
172	3.0
185	4.0
186	3.5
188	3.0
196	2.0
198	3.0
215	5.0
216	3.0
224	4.0
225	4.0
230	4.5
231	3.0
236	3.5
253	3.0
259	4.0
260	4.5
266	3.0
280	3.0
288	4.0
290	5.0
292	3.0
293	3.5
296	4.5
300	4.0
316	3.0
317	3.0
318	5.0
329	3.0
337	3.0
338	4.0
339	4.0
342	4.0
344	3.5
346	3.0
349	4.0
350	3.0
351	3.0
353	3.0
356	5.0
357	4.0
364	4.0
367	4.0
372	4.0
376	4.0
377	4.0
379	4.0
380	4.0
381	4.0
410	3.0
413	3.0
422	3.0
423	3.0
426	4.0
434	3.0
440	4.0
442	3.0
448	3.0
454	4.0
457	4.0
474	4.0
475	4.0
480	4.0
481	3.0
482	3.0
485	3.0
490	4.0
500	4.0
504	3.0
507	3.5
508	5.0
509	2.0
511	3.0
514	3.0
515	3.0
516	3.0
517	4.0
524	4.0
527	5.0
529	4.0
533	2.5
539	4.0
541	5.0
544	3.5
555	4.0
586	3.5
587	4.0
588	4.0
589	5.0
590	5.0
592	4.0
593	5.0
595	4.0
596	4.0
597	5.0
616	3.0
628	4.0
648	3.0
662	3.0
671	3.0
692	3.0
695	4.0
707	4.0
708	4.0
719	4.0
724	4.0
733	4.0
736	3.0
745	4.0
748	4.0
750	5.0
761	3.0
778	4.0
780	3.0
782	3.0
783	3.0
784	3.0
786	4.0
798	3.0
802	4.0
804	3.0
805	4.5
832	3.0
838	4.0
852	3.5
858	5.0
897	4.0
898	5.0
901	4.0
902	4.0
903	4.5
904	5.0
905	4.0
906	3.0
908	4.5
909	4.0
910	5.0
911	4.0
912	4.0
913	4.0
914	3.0
915	5.0
916	4.0
919	5.0
920	5.0
921	4.0
922	4.5
923	5.0
924	3.0
927	3.0
928	4.0
929	4.0
930	4.5
931	4.5
933	4.0
934	3.0
936	4.0
940	4.0
941	4.0
942	4.0
943	5.0
946	2.0
950	4.0
951	4.0
952	3.0
953	5.0
954	5.0
955	4.0
965	4.0
968	3.0
969	4.0
973	5.0
991	4.5
996	3.0
1003	4.0
1004	3.5
1006	3.0
1019	3.0
1028	3.0
1029	4.0
1035	5.0
1036	5.0
1043	4.5
1047	4.5
1049	3.0
1061	4.0
1069	4.0
1073	3.0
1077	4.0
1078	4.0
1079	4.0
1080	3.0
1081	4.0
1082	4.0
1084	4.0
1086	4.0
1088	4.0
1089	4.5
1090	5.0
1092	4.0
1093	3.5
1094	5.0
1095	3.0
1096	4.0
1097	4.0
1099	4.0
1101	3.0
1103	3.5
1104	5.0
1120	3.5
1124	4.0
1127	4.5
1129	2.0
1135	4.0
1136	3.0
1148	4.0
1171	4.5
1179	3.0
1183	3.0
1185	4.5
1186	4.0
1193	4.0
1194	2.0
1196	4.5
1197	3.0
1198	5.0
1200	5.0
1204	5.0
1206	4.0
1207	5.0
1208	5.0
1210	3.0
1212	3.0
1213	4.0
1214	5.0
1219	4.0
1220	2.0
1221	5.0
1222	4.0
1225	4.0
1227	3.0
1228	4.5
1230	5.0
1231	4.0
1233	4.5
1234	4.0
1235	3.0
1236	4.0
1237	4.5
1240	5.0
1244	3.0
1246	4.0
1247	4.5
1248	2.5
1249	4.0
1252	5.0
1253	3.0
1256	4.0
1257	3.5
1258	5.0
1259	4.5
1260	4.5
1262	4.0
1263	5.0
1265	5.0
1266	5.0
1267	5.0
1269	4.0
1270	4.0
1272	4.0
1276	4.0
1278	3.0
1281	4.0
1282	4.0
1284	4.0
1285	3.0
1286	3.0
1287	4.0
1288	3.0
1291	4.0
1292	3.0
1293	4.0
1295	5.0
1296	4.0
1297	4.0
1299	4.0
1301	2.0
1302	4.0
1304	4.5
1305	4.0
1307	5.0
1320	4.0
1321	3.5
1327	3.0
1333	4.0
1334	3.0
1339	4.0
1343	3.0
1344	3.0
1345	4.5
1347	3.0
1350	4.0
1354	4.0
1356	3.0
1357	4.0
1358	4.5
1370	4.5
1371	2.0
1372	4.0
1373	3.0
1374	4.0
1375	3.0
1376	3.0
1377	3.0
1380	3.0
1387	4.0
1388	3.0
1391	2.0
1393	4.0
1394	3.0
1395	3.0
1407	4.0
1408	4.0
1409	3.5
1438	3.0
1441	3.0
1449	4.5
1457	3.0
1459	4.0
1479	3.0
1485	4.0
1498	4.0
1500	3.0
1513	3.0
1517	3.0
1518	4.0
1527	4.5
1544	2.0
1552	4.5
1562	2.0
1569	3.0
1573	4.5
1580	4.0
1584	3.0
1586	3.5
1587	3.0
1588	2.5
1589	3.0
1590	2.0
1591	3.0
1593	4.0
1594	4.0
1597	3.0
1598	4.0
1603	3.0
1608	4.5
1610	3.0
1615	3.0
1616	3.0
1617	5.0
1619	3.5
1620	4.0
1625	4.0
1635	3.0
1639	4.0
1641	4.0
1644	3.0
1645	4.0
1647	4.0
1648	3.0
1653	4.0
1663	4.0
1667	3.0
1673	4.0
1674	5.0
1676	3.0
1680	4.0
1682	5.0
1683	4.0
1687	4.0
1689	3.0
1690	4.0
1702	4.0
1704	5.0
1711	3.0
1717	3.0
1721	4.0
1726	3.0
1729	4.0
1732	4.0
1747	3.0
1748	3.0
1752	2.0
1754	4.0
1762	2.0
1777	4.0
1779	3.0
1783	4.0
1784	4.5
1785	4.0
1792	3.0
1801	3.0
1805	4.0
1831	4.0
1833	3.5
1834	4.0
1835	3.0
1841	4.0
1845	4.0
1876	3.0
1882	3.0
1883	4.0
1884	2.5
1885	4.0
1892	3.0
1894	3.0
1895	3.0
1897	3.0
1909	5.0
1912	3.0
1917	3.0
1918	3.0
1920	4.0
1921	4.0
1923	4.0
1931	4.0
1934	4.0
1936	4.0
1938	4.0
1940	4.0
1942	4.0
1944	4.0
1945	4.5
1946	4.0
1947	4.0
1948	4.0
1949	4.0
1950	3.0
1952	5.0
1953	4.0
1954	4.0
1955	4.5
1956	5.0
1957	4.0
1958	5.0
1960	3.0
1961	4.0
1962	2.0
1963	4.0
1964	4.5
1965	3.0
1968	4.0
1969	4.0
1970	3.0
1971	3.0
1973	3.0
1974	2.0
1982	4.0
1994	4.0
1997	5.0
1998	2.5
1999	2.0
2000	4.0
2001	4.0
2002	3.0
2003	4.0
2005	3.0
2006	4.0
2009	3.0
2011	4.5
2012	3.0
2015	3.0
2020	3.0
2021	3.0
2022	4.0
2023	4.0
2024	3.0
2026	3.0
2028	4.0
2034	2.0
2053	2.5
2054	3.0
2058	4.0
2065	4.0
2067	4.5
2068	4.0
2070	4.0
2076	3.0
2080	3.0
2081	3.0
2087	4.0
2094	3.0
2097	3.0
2100	5.0
2105	2.0
2107	4.0
2108	4.0
2109	4.0
2110	3.0
2111	4.0
2112	4.0
2114	4.0
2115	4.0
2116	2.0
2117	4.0
2118	4.0
2125	4.0
2126	3.0
2130	4.0
2133	3.0
2134	2.0
2137	3.0
2141	2.0
2142	2.0
2143	4.0
2144	3.0
2145	3.0
2146	3.0
2147	3.0
2150	3.5
2160	3.5
2161	3.0
2167	3.0
2171	3.0
2174	4.0
2176	5.0
2178	3.0
2181	3.5
2184	3.0
2186	4.0
2188	3.0
2193	4.0
2194	3.0
2202	4.0
2203	4.0
2204	4.0
2205	4.0
2206	4.0
2208	3.0
2212	5.0
2231	4.5
2232	3.0
2239	4.0
2240	4.0
2241	2.0
2243	4.0
2245	4.0
2247	4.0
2248	5.0
2249	3.0
2252	3.0
2261	3.0
2262	5.0
2263	3.5
2268	4.0
2273	3.0
2278	3.0
2279	4.0
2280	3.0
2282	3.0
2288	4.0
2289	4.5
2291	4.0
2294	3.0
2297	3.0
2300	5.0
2302	4.5
2303	4.0
2310	4.5
2311	3.0
2312	4.0
2313	4.0
2315	2.0
2320	4.0
2321	4.0
2322	4.0
2324	4.0
2329	3.0
2331	4.0
2334	4.0
2335	4.0
2336	4.0
2337	2.0
2338	3.0
2340	4.0
2346	3.0
2348	4.0
2352	4.0
2353	4.0
2355	3.0
2361	2.0
2366	4.0
2369	4.0
2371	3.0
2375	4.0
2378	3.0
2380	2.0
2384	3.0
2387	3.0
2389	2.0
2391	4.0
2392	4.0
2393	3.0
2394	4.0
2395	3.0
2396	4.0
2398	4.0
2399	2.0
2401	4.0
2403	4.0
2405	4.0
2406	3.0
2407	4.0
2408	2.0
2409	4.0
2410	3.0
2413	2.0
2414	4.0
2416	3.0
2418	4.0
2420	3.0
2421	2.5
2422	2.5
2423	3.0
2424	4.0
2427	3.5
2428	4.0
2432	4.0
2433	4.0
2439	5.0
2443	4.0
2445	3.0
2447	3.5
2448	3.0
2453	4.0
2454	3.0
2455	3.0
2456	3.0
2457	4.0
2463	4.0
2467	4.0
2468	2.0
2469	4.0
2470	3.0
2471	3.0
2474	4.0
2476	3.0
2485	3.0
2490	3.0
2491	3.0
2492	4.0
2495	3.0
2496	4.0
2497	3.0
2501	3.5
2502	4.0
2505	3.0
2511	3.0
2517	3.0
2518	4.0
2527	2.0
2528	3.0
2529	4.0
2539	4.0
2541	4.0
2542	4.0
2546	3.0
2548	3.0
2549	4.0
2551	4.0
2555	3.0
2560	3.0
2567	4.0
2568	4.0
2570	3.5
2571	5.0
2572	4.0
2580	4.0
2581	4.0
2594	4.5
2598	4.5
2599	4.0
2600	4.0
2605	4.0
2606	3.0
2613	3.0
2615	2.0
2617	3.0
2628	3.0
2629	3.0
2633	4.0
2640	4.0
2641	4.0
2642	2.0
2643	2.5
2644	4.0
2648	3.0
2654	3.0
2657	3.0
2662	3.0
2664	3.0
2671	4.5
2672	4.0
2676	3.0
2683	3.0
2688	4.0
2692	4.0
2694	4.0
2699	2.0
2701	2.0
2702	4.0
2707	4.0
2709	2.0
2710	4.0
2712	2.0
2713	2.0
2716	3.0
2718	4.0
2719	4.0
2720	3.0
2722	3.0
2723	3.0
2724	3.0
2728	5.0
2729	3.0
2730	3.0
2734	2.0
2735	3.0
2739	3.0
2746	3.0
2747	3.0
2748	2.0
2750	4.0
2752	3.0
2757	4.0
2759	3.0
2761	4.0
2762	5.0
2763	4.0
2764	3.0
2770	3.0
2772	3.0
2779	3.0
2788	4.0
2789	4.0
2791	3.0
2792	2.0
2793	3.0
2795	3.0
2796	2.0
2797	5.0
2802	3.5
2803	3.0
2804	5.0
2805	3.0
2806	3.0
2808	4.0
2819	4.0
2826	3.0
2827	4.0
2828	3.0
2840	4.0
2841	4.0
2852	3.0
2858	4.0
2863	4.0
2866	4.0
2870	4.0
2871	4.0
2875	4.0
2877	3.0
2881	4.0
2883	4.0
2888	4.0
2889	3.0
2890	4.0
2899	4.0
2900	3.0
2902	3.0
2906	3.0
2908	4.0
2912	4.0
2915	4.0
2916	4.5
2917	4.5
2918	3.0
2919	3.0
2921	4.0
2929	3.0
2932	3.5
2936	4.0
2941	4.0
2942	4.0
2946	3.5
2947	4.0
2949	4.0
2956	4.0
2959	4.5
2961	4.5
2968	4.5
2971	4.0
2973	3.0
2976	3.0
2985	4.0
2986	3.0
2987	3.0
2988	4.0
2993	4.0
2995	3.0
2997	4.0
3004	3.0
3005	5.0
3006	5.0
3011	4.0
3016	3.0
3019	4.0
3020	3.0
3033	2.0
3035	4.5
3036	4.0
3037	4.5
3039	4.0
3040	3.0
3044	4.0
3052	2.0
3053	4.0
3060	3.0
3067	4.0
3068	5.0
3070	4.0
3072	5.0
3074	4.5
3081	4.0
3082	3.0
3088	4.0
3095	5.0
3096	3.0
3098	4.0
3099	3.0
3101	4.0
3102	4.0
3104	3.5
3108	4.0
3111	4.0
3113	4.0
3114	4.0
3130	2.0
3135	4.0
3147	4.0
3148	4.0
3152	4.0
3157	3.0
3160	4.0
3167	5.0
3168	4.0
3169	2.0
3173	3.5
3174	3.0
3175	3.0
3176	3.0
3178	4.0
3179	4.0
3186	4.0
3190	3.0
3196	5.0
3197	3.0
3198	4.5
3200	3.0
3201	4.0
3203	5.0
3204	4.0
3206	4.0
3210	4.0
3219	4.0
3225	4.0
3238	3.0
3244	4.0
3246	4.0
3247	4.0
3249	3.0
3251	3.0
3252	4.0
3253	3.0
3255	3.0
3256	3.0
3257	3.0
3259	3.0
3261	4.0
3262	1.0
3263	3.5
3271	4.5
3273	4.0
3274	4.0
3285	3.0
3296	3.0
3298	4.0
3300	2.0
3301	3.5
3307	4.0
3308	3.0
3316	4.0
3317	4.0
3328	4.0
3330	4.0
3334	4.0
3341	4.0
3342	3.0
3350	4.0
3354	3.0
3355	4.0
3358	3.0
3359	4.0
3360	4.0
3361	4.0
3362	4.0
3363	3.0
3384	4.0
3386	3.5
3394	3.0
3408	4.0
3409	3.0
3418	4.0
3420	3.0
3421	4.5
3424	4.0
3430	3.0
3435	4.0
3441	3.5
3448	4.0
3451	3.0
3452	4.0
3461	5.0
3462	4.0
3467	5.0
3468	4.0
3469	4.0
3471	4.0
3476	4.5
3478	3.0
3480	4.0
3481	3.0
3483	3.0
3484	3.0
3489	4.0
3498	4.0
3499	4.0
3501	4.0
3503	2.5
3504	4.5
3505	4.0
3506	3.0
3507	4.0
3508	4.0
3510	4.0
3512	4.0
3513	3.5
3515	4.0
3516	4.0
3524	4.0
3525	4.0
3526	4.0
3527	4.0
3529	4.0
3534	4.0
3535	4.0
3536	4.0
3543	4.0
3545	5.0
3551	4.5
3552	3.0
3554	3.0
3555	3.0
3556	3.0
3578	5.0
3591	3.0
3608	3.0
3614	4.0
3615	3.0
3616	4.0
3623	4.0
3624	3.0
3633	3.5
3634	5.0
3649	3.0
3654	4.0
3671	4.0
3682	4.0
3684	4.0
3685	3.0
3686	3.0
3697	3.0
3698	4.0
3699	5.0
3700	3.0
3701	2.0
3702	2.5
3703	2.5
3704	2.0
3706	3.0
3712	3.0
3717	3.0
3727	4.0
3730	4.0
3733	4.0
3735	4.0
3740	3.0
3741	4.0
3751	3.0
3752	4.0
3753	4.0
3755	4.0
3760	3.0
3763	4.0
3764	3.0
3769	3.0
3770	3.0
3784	4.0
3785	3.5
3788	4.5
3789	5.0
3793	4.5
3798	4.0
3799	3.0
3809	3.5
3811	5.0
3812	4.0
3826	3.0
3827	4.0
3831	3.0
3835	3.0
3841	2.0
3844	3.0
3857	3.0
3863	4.0
3873	3.0
3877	3.0
3879	3.0
3882	3.5
3893	3.5
3895	3.0
3897	5.0
3908	3.0
3915	3.5
3916	3.0
3927	3.0
3929	3.0
3932	4.0
3943	4.0
3948	4.0
3949	4.5
3952	4.0
3959	3.0
3968	4.0
3969	3.0
3973	3.0
3977	4.0
3979	4.0
3981	3.0
3983	4.0
3986	4.0
3987	4.0
3988	2.5
3990	4.0
3991	2.0
3994	5.0
3996	5.0
3998	3.0
3999	3.0
4002	4.0
4003	4.0
4007	4.5
4008	3.0
4009	4.0
4011	4.0
4014	4.0
4016	3.0
4017	3.0
4018	4.0
4019	3.5
4020	4.5
4022	4.0
4023	4.5
4024	4.0
4025	4.0
4027	3.0
4029	3.0
4030	4.0
4033	4.0
4034	5.0
4036	3.0
4037	3.0
4041	4.0
4052	3.0
4054	4.0
4055	4.0
4061	3.0
4062	4.0
4063	3.0
4068	3.0
4069	3.0
4079	3.0
4080	4.0
4082	4.0
4084	3.0
4085	4.0
4086	4.0
4103	3.0
4117	3.0
4121	3.0
4128	3.5
4143	3.0
4148	4.0
4153	3.5
4155	4.0
4161	3.0
4178	4.0
4187	4.0
4191	4.0
4210	3.0
4211	3.0
4214	3.0
4218	3.0
4220	4.0
4223	4.0
4226	5.0
4231	4.0
4232	4.0
4238	3.0
4239	4.0
4246	4.5
4262	3.0
4263	4.5
4270	3.0
4276	3.0
4280	4.0
4291	3.0
4292	4.0
4296	3.5
4299	2.0
4306	4.0
4310	3.0
4321	4.0
4322	3.0
4326	3.0
4333	4.0
4344	4.0
4349	4.0
4351	3.0
4359	3.0
4361	5.0
4366	3.0
4367	2.0
4369	2.5
4370	2.0
4372	4.0
4386	4.0
4388	2.0
4406	4.0
4410	4.0
4443	3.0
4446	3.0
4447	4.0
4464	2.0
4465	4.0
4467	3.5
4480	3.0
4487	2.0
4489	4.0
4498	4.0
4499	4.0
4506	3.0
4531	3.0
4533	3.0
4545	3.0
4557	4.0
4564	4.0
4571	2.0
4572	3.0
4587	3.0
4616	4.0
4621	3.0
4623	3.0
4639	4.0
4643	2.0
4654	2.0
4661	3.0
4673	3.0
4676	3.0
4677	3.0
4679	3.0
4681	3.0
4686	1.0
4699	3.0
4703	4.0
4705	4.0
4713	4.0
4720	4.5
4735	3.0
4744	3.0
4770	4.0
4776	4.0
4784	4.0
4803	4.0
4809	4.0
4814	3.5
4816	3.5
4823	4.0
4835	4.0
4844	4.0
4848	4.0
4855	4.0
4865	3.5
4866	4.5
4874	2.5
4876	3.5
4878	4.0
4880	4.5
4881	3.0
4886	3.0
4889	4.5
4890	3.5
4896	5.0
4901	4.0
4903	4.0
4932	4.0
4936	4.0
4956	4.0
4958	4.0
4963	4.0
4971	4.0
4973	4.0
4974	3.0
4975	5.0
4979	4.0
4992	4.0
4993	5.0
4994	3.0
4995	4.0
5015	4.5
5026	3.0
5047	2.5
5049	4.0
5060	4.0
5064	3.0
5065	4.0
5066	4.5
5072	4.5
5092	3.5
5093	3.0
5105	3.0
5107	4.0
5108	3.0
5120	4.0
5127	3.5
5151	4.0
5171	3.0
5218	4.0
5219	3.5
5225	4.5
5264	4.0
5265	3.5
5266	3.5
5291	4.0
5292	3.0
5293	4.0
5294	4.0
5299	4.0
5308	3.0
5312	3.0
5313	3.0
5316	3.5
5329	4.5
5339	3.0
5349	5.0
5364	4.0
5377	4.5
5378	4.0
5379	5.0
5387	3.0
5388	3.0
5400	4.0
5418	5.0
5419	3.0
5444	3.0
5445	4.0
5449	2.0
5459	3.0
5463	2.5
5464	5.0
5478	3.5
5479	3.0
5480	3.5
5481	3.0
5501	2.5
5502	3.5
5504	4.0
5505	3.0
5506	4.0
5507	3.5
5523	3.0
5528	4.0
5530	3.0
5540	3.0
5553	3.5
5564	3.0
5574	3.0
5577	4.0
5602	4.0
5611	4.0
5617	4.0
5618	4.5
5620	2.5
5621	3.5
5630	4.0
5666	4.0
5668	4.0
5669	4.0
5673	4.0
5679	5.0
5693	4.5
5712	4.0
5747	4.5
5784	4.0
5792	3.0
5803	3.0
5804	3.0
5809	4.5
5810	4.0
5812	3.0
5816	4.5
5843	4.0
5853	3.0
5872	4.0
5876	3.0
5878	3.5
5881	2.5
5902	5.0
5943	3.0
5944	3.0
5945	4.5
5952	4.5
5954	4.0
5955	4.5
5956	5.0
5957	3.0
5959	4.5
5989	4.5
5991	4.0
5992	4.0
5995	5.0
6001	3.5
6003	3.5
6058	3.5
6059	4.5
6155	4.0
6157	4.5
6184	3.0
6187	3.5
6188	2.5
6197	2.5
6212	3.5
6213	4.0
6218	4.5
6238	3.5
6242	5.0
6250	4.0
6263	3.5
6264	4.5
6281	4.5
6287	4.5
6294	4.0
6297	4.5
6301	4.5
6303	3.5
6305	4.5
6322	4.0
6323	4.0
6331	4.5
6333	4.5
6338	3.5
6365	4.0
6367	3.5
6373	4.5
6377	4.5
6378	4.5
6379	3.5
6380	5.0
6428	3.5
6502	4.5
6503	3.5
6534	4.5
6535	2.5
6537	3.5
6538	3.0
6539	4.0
6541	4.5
6550	3.0
6552	4.5
6564	3.5
6565	5.0
6566	2.5
6593	4.5
6615	3.0
6617	4.0
6620	4.5
6695	3.0
6707	2.5
6708	4.0
6709	3.5
6711	5.0
6731	2.5
6753	4.5
6754	2.5
6763	2.5
6764	3.0
6765	3.5
6773	2.5
6862	4.5
6863	4.0
6867	4.5
6870	5.0
6873	4.5
6874	4.0
6879	3.5
6881	4.0
6932	4.0
6934	4.5
6936	4.0
6942	4.5
6947	4.0
6950	4.0
6951	3.5
6952	4.0
6953	5.0
6957	3.5
6959	3.5
7004	4.0
7008	3.0
7090	4.5
7132	4.5
7137	4.0
7143	4.5
7147	3.0
7149	4.5
7150	3.0
7151	3.5
7153	5.0
7154	4.5
7156	3.5
7158	5.0
7160	4.0
7161	4.5
7162	4.0
7163	3.5
7173	4.5
7254	4.5
7255	3.5
7263	4.0
7285	5.0
7293	4.0
7317	3.0
7318	4.0
7324	3.0
7325	3.5
7346	4.0
7347	3.0
7348	4.0
7360	4.5
7361	5.0
7362	4.0
7366	4.0
7367	3.0
7373	4.5
7381	2.0
7419	3.5
7438	3.5
7439	3.0
7444	4.5
7445	3.5
7451	4.5
7454	4.5
7458	4.0
7560	4.5
7619	5.0
8360	4.0
8361	3.5
8366	4.0
8368	5.0
8370	2.5
8371	3.0
8372	2.5
8373	3.0
8376	4.0
8464	4.0
8501	4.0
8528	4.0
8529	4.5
8530	4.5
8533	4.5
8614	4.5
8622	3.5
8633	3.0
8636	5.0
8638	5.0
8640	3.5
8641	3.5
8643	3.5
8644	4.5
8645	4.5
8665	4.0
8666	3.0
8781	3.5
8783	3.0
8784	4.5
8798	4.0
8807	4.0
8810	3.0
8814	4.0
8860	2.5
8861	4.5
8865	4.0
8866	4.0
8870	4.0
8873	4.5
8874	4.0
8880	4.5
8908	4.5
8910	2.0
8914	2.0
8916	3.5
8917	4.5
8937	4.5
8947	3.5
8948	3.5
8949	5.0
8950	4.5
8951	5.0
8957	4.0
8958	4.5
8961	5.0
8966	4.5
8968	4.5
8969	3.5
8970	4.5
8972	4.5
8977	2.5
8981	4.5
8984	3.5
8985	4.0
9010	4.5
27706	4.0
27721	3.0
27772	3.5
27788	4.5
27803	4.5
27808	4.5
27821	4.5
27822	4.5
27831	3.0
27837	4.0
27838	3.5
27839	3.5
27873	4.0
27904	2.0
30707	5.0
30749	4.5
30793	3.5
30810	1.0
30812	4.5
30820	4.0
30822	4.0
30825	4.0
30894	4.0
30898	4.5
31221	2.0
31225	4.0
31420	4.0
31427	3.5
31685	4.0
31694	3.5
31696	4.5
31804	3.0
32017	3.0
32019	3.0
32029	4.5
32031	3.5
32296	3.0
32587	3.5
32596	3.0
32598	4.0
33004	2.5
33085	3.0
33158	1.5
33162	3.0
33166	5.0
33437	3.0
33493	3.5
33499	3.5
33615	3.5
33660	5.0
33669	3.5
33679	4.5
33794	4.5
33834	2.5
33836	4.0
33880	3.0
34048	4.5
34072	4.0
34150	4.5
34162	4.5
34271	4.0
34319	4.0
34332	4.0
34334	3.0
34336	2.5
34405	3.5
34437	4.0
34520	2.0
34532	3.5
34534	3.5
35836	2.5
35957	4.5
36276	3.5
36401	4.0
36517	4.5
36519	4.0
36525	4.5
36527	3.5
36529	2.5
36535	4.0
37380	2.5
37386	3.5
37720	3.0
37727	3.0
37729	3.5
37733	4.5
37741	4.0
38061	4.5
38798	4.0
38886	3.5
39183	5.0
39231	4.5
39292	4.0
39381	4.0
39414	4.0
39435	3.5
39444	4.0
39446	4.0
40278	3.5
40581	3.5
40583	4.0
40614	3.5
40629	4.5
40732	4.5
40815	5.0
40819	4.5
41285	4.0
41566	3.0
41569	5.0
41571	4.5
41573	4.0
41716	4.0
41997	4.5
42004	4.0
42011	3.0
42718	4.0
42738	2.5
43376	4.5
43679	3.5
43871	4.0
43928	4.0
43936	4.0
44191	4.0
44195	4.5
44199	3.5
44397	4.0
44555	4.0
44665	4.0
44694	4.0
44709	4.5
44761	3.0
44828	3.5
44972	2.5
44974	4.5
45028	2.5
45081	2.5
45186	4.0
45210	5.0
45442	3.0
45447	3.5
45499	4.5
45501	3.5
45517	3.5
45668	3.0
45672	4.0
45720	4.5
45726	3.0
45730	4.5
45732	2.5
45880	3.5
46322	3.0
46530	4.5
46578	3.5
46723	5.0
46948	3.5
46965	4.0
46970	2.5
46974	3.0
46976	4.0
47044	3.5
47099	4.0
47423	3.5
47610	5.0
47644	4.5
47997	3.0
48043	3.0
48082	3.0
48142	2.5
48304	4.5
48385	4.5
48394	5.0
48516	5.0
48696	4.0
48738	4.0
48774	4.0
48780	4.0
48783	3.5
48877	4.0
49272	5.0
49278	4.5
49286	4.0
49530	4.5
49649	2.5
49651	3.5
49822	4.0
49824	4.0
49961	4.5
50068	4.0
50442	4.0
50685	4.5
50794	3.0
50798	0.5
50804	3.5
50872	4.5
51077	4.0
51080	4.5
51084	3.5
51086	1.5
51091	4.5
51255	3.5
51412	4.0
51575	4.0
51662	3.5
51709	2.5
51931	4.5
51935	3.5
52241	4.5
52245	4.0
52281	4.5
52328	4.0
52458	4.0
52604	4.0
52722	3.5
52973	4.5
53000	3.5
53123	3.0
53125	3.5
53318	4.5
53322	3.0
53464	3.0
53519	3.0
53550	3.5
53953	4.5
53972	5.0
54001	4.0
54281	3.5
54286	4.5
54503	3.0
54736	4.5
54995	4.0
54997	4.0
54999	4.0
55052	4.5
55094	4.0
55118	4.5
55232	3.0
55267	4.5
55276	4.0
55280	4.5
55282	4.0
55290	4.5
55363	4.5
55577	4.0
55765	5.0
55805	3.5
55814	5.0
55820	4.0
55830	3.5
55872	4.5
56152	4.5
56171	3.5
56174	4.0
56333	4.0
56339	3.5
56367	4.0
56587	4.0
56775	3.0
56782	4.0
56788	4.0
56949	4.0
57368	4.5
57640	3.0
57669	3.5
58025	3.0
58047	4.5
58103	4.5
58162	3.5
58293	4.0
58295	4.5
58559	5.0
58803	3.5
59018	5.0
59022	2.0
59126	4.5
59315	4.5
59369	3.0
59784	3.5
59900	3.5
60040	3.0
60069	4.0
60072	4.0
60074	3.0
60684	5.0
60760	2.5
61132	3.5
61248	3.5
61729	4.0
62081	4.0
62155	4.5
62374	4.5
62434	4.0
63082	4.5
63113	3.5
63131	4.0
63853	3.0
63876	4.5
64575	4.0
64614	5.0
64622	4.0
64839	3.5
64957	4.5
65216	4.5
65230	3.5
66171	4.5
66203	4.0
66665	4.0
67087	4.5
67197	4.0
67734	4.5
68135	4.0
68157	4.5
68159	4.5
68237	4.0
68319	3.5
68358	4.5
68554	3.0
68791	4.0
68952	4.0
68954	5.0
69122	3.5
69306	3.5
69406	4.0
69640	3.0
69757	4.5
69844	5.0
70183	3.0
70286	4.5
70293	4.5
70599	5.0
71135	4.0
71379	3.5
71518	4.5
71520	3.5
71530	2.5
72011	4.0
72395	4.0
72641	3.0
72998	5.0
73017	4.0
73321	2.5
73344	3.5
74458	4.5
74545	3.5
76293	3.5
77561	4.0
78039	4.0
79132	3.5
79185	3.5
79293	5.0
80463	5.0
80489	4.5
80549	4.5
81562	4.0
81591	4.5
81782	3.5
81834	4.5
81932	4.0
84152	3.5
84392	4.5
84601	4.0
84954	3.5
85131	3.0
85414	4.5
86332	4.0
86833	3.5
87232	4.5
87306	3.5
87430	3.5
87869	3.5
88125	4.5
88129	3.5
88140	4.0
88163	4.0
88744	4.0
88810	5.0
89470	4.0
89492	4.5
89745	3.5
89774	4.5
89804	3.5
91077	4.5
91500	4.5
91529	4.0
91542	3.5
91630	4.0
91658	4.0
92420	4.5
94864	3.5
95167	3.0
95510	3.5
95875	4.0
96610	4.5
96821	4.5
97921	4.0
97923	4.0
98154	3.5
99114	4.0
101864	3.5
102445	4.0
102903	4.0
103042	4.0
103249	4.0
103253	4.0
111362	4.0
112183	4.0
112556	4.5
