16	4.5
18	4.0
19	1.0
32	4.0
34	1.0
39	2.0
45	2.5
47	4.5
48	2.5
50	5.0
70	3.5
111	4.5
123	5.0
153	3.5
156	3.5
180	3.5
194	4.0
199	4.5
215	4.0
223	4.5
235	4.0
247	4.0
253	3.5
288	3.5
293	4.0
296	5.0
318	4.0
327	3.5
337	4.0
344	1.5
345	4.0
347	3.5
353	4.0
356	4.0
357	3.0
364	3.0
410	2.5
441	3.5
506	3.0
509	4.0
527	3.0
535	3.5
551	4.0
555	5.0
562	3.5
586	1.5
588	3.0
592	3.5
593	4.0
594	2.0
595	2.5
596	2.5
597	2.0
608	3.5
616	2.5
661	2.0
674	3.5
709	1.5
714	4.0
724	4.0
750	4.0
766	4.0
778	4.5
783	4.0
788	0.5
835	3.0
837	1.5
851	4.0
858	4.5
866	4.0
899	3.5
901	3.5
902	4.0
903	4.0
909	3.0
910	4.0
912	5.0
914	4.0
915	3.0
922	3.5
924	2.5
936	3.0
949	4.0
971	3.5
1015	2.0
1022	2.0
1025	2.5
1033	2.5
1035	1.0
1036	4.0
1042	3.0
1059	4.0
1060	4.0
1073	2.5
1079	3.5
1080	3.5
1084	4.0
1089	5.0
1094	3.5
1097	3.0
1103	4.0
1127	2.0
1136	4.0
1161	2.0
1183	4.5
1193	4.0
1198	2.0
1199	3.5
1201	4.0
1202	4.5
1203	3.5
1206	4.0
1212	3.5
1213	4.0
1214	3.0
1215	1.5
1219	3.5
1220	4.0
1221	4.5
1222	4.0
1225	4.0
1228	3.0
1232	4.5
1235	4.0
1237	4.0
1244	3.0
1246	4.5
1247	4.5
1249	4.0
1252	4.0
1258	4.0
1259	4.0
1263	4.0
1265	4.0
1273	4.5
1279	4.0
1285	4.0
1288	3.5
1290	3.5
1298	4.0
1333	3.0
1339	4.0
1347	1.5
1348	2.5
1367	1.5
1377	3.0
1380	3.5
1387	2.5
1391	2.0
1441	4.0
1485	1.0
1513	1.5
1517	2.0
1527	4.0
1554	3.5
1562	3.5
1566	2.5
1580	2.0
1600	3.0
1611	4.5
1617	3.5
1639	4.5
1641	3.0
1645	3.0
1673	4.0
1680	3.0
1682	4.0
1688	2.0
1704	4.0
1721	3.0
1722	1.5
1729	5.0
1732	3.5
1784	3.5
1835	3.0
1884	4.5
1907	4.0
1921	4.0
1923	1.0
1947	3.5
1952	3.5
1960	3.5
1961	3.5
1967	3.5
1968	4.0
2014	1.5
2018	2.5
2019	2.0
2023	4.0
2025	4.0
2076	4.0
2078	3.0
2080	2.0
2081	2.5
2085	2.0
2087	2.0
2096	2.0
2124	3.5
2126	2.0
2134	3.0
2145	3.5
2153	3.0
2160	3.5
2167	3.0
2174	3.0
2194	4.0
2232	3.0
2291	3.5
2294	1.0
2313	4.0
2316	2.5
2318	4.0
2329	4.0
2336	3.0
2337	5.0
2340	2.5
2348	3.0
2355	1.0
2390	3.5
2394	3.0
2395	4.0
2396	4.0
2427	2.5
2431	2.0
2470	1.5
2491	1.0
2502	4.0
2541	2.5
2571	5.0
2572	3.5
2599	3.0
2628	1.5
2657	5.0
2671	4.0
2687	2.0
2692	3.5
2710	3.0
2712	3.5
2718	2.5
2719	1.0
2723	1.0
2729	3.0
2730	2.5
2732	3.5
2739	3.0
2747	2.0
2762	4.0
2797	1.5
2840	2.5
2858	5.0
2908	4.5
2918	4.0
2926	4.0
2951	3.0
2959	5.0
2997	4.0
3005	2.5
3034	3.0
3052	2.5
3063	3.5
3067	3.0
3081	3.5
3082	1.5
3083	4.0
3101	4.0
3108	3.0
3147	4.0
3157	2.0
3159	3.0
3160	5.0
3168	3.0
3174	3.5
3176	4.0
3186	4.0
3210	3.5
3262	3.5
3273	1.0
3275	4.0
3301	4.0
3317	3.5
3328	4.0
3355	3.5
3363	3.5
3408	3.0
3418	4.5
3421	3.0
3452	2.0
3477	3.0
3481	3.5
3483	3.0
3521	4.0
3535	3.5
3545	3.5
3546	3.5
3556	4.0
3578	4.0
3615	1.5
3624	0.5
3638	1.0
3676	3.0
3717	4.0
3786	4.0
3793	3.0
3825	2.0
3826	1.0
3882	3.0
3893	2.5
3897	4.5
3910	4.0
3948	2.0
3949	4.0
3967	3.5
3968	1.5
3977	2.5
3979	2.5
3994	2.0
3996	4.0
4011	4.0
4014	3.0
4015	1.0
4016	3.0
4052	2.0
4128	3.5
4144	4.0
4161	3.5
4218	2.5
4226	4.0
4228	2.5
4235	4.0
4239	4.0
4246	4.0
4262	4.0
4306	2.5
4308	5.0
4351	2.0
4357	3.5
4359	3.5
4366	4.0
4367	2.5
4370	1.5
4386	1.0
4437	4.0
4447	2.5
4529	3.5
4641	3.5
4642	4.0
4700	0.5
4720	4.0
4725	3.0
4727	3.0
4775	0.5
4816	1.5
4844	3.0
4848	4.0
4855	4.0
4873	4.5
4878	4.5
4886	3.0
4896	2.5
4914	4.0
4963	4.0
4970	3.0
4973	5.0
4974	1.0
4975	3.5
4993	3.5
4995	4.0
5065	2.0
5072	3.0
5106	1.0
5128	2.5
5147	3.5
5219	0.5
5222	3.0
5225	3.0
5266	3.0
5299	2.0
5349	3.0
5377	3.5
5378	1.5
5391	4.0
5415	3.5
5421	3.5
5444	3.0
5459	2.0
5464	4.0
5508	3.5
5528	3.5
5530	1.5
5577	4.0
5617	3.0
5618	4.0
5630	4.0
5668	4.0
5673	3.5
5679	2.5
5693	4.0
5791	5.0
5809	4.0
5812	4.0
5816	2.0
5878	3.0
5882	3.0
5902	5.0
5952	2.5
5954	3.0
5956	2.5
5971	4.0
5989	4.0
5991	4.5
5992	5.0
5995	3.5
6016	4.0
6155	0.5
6184	4.0
6187	4.0
6212	1.5
6223	3.5
6242	3.5
6281	2.5
6283	4.0
6291	3.0
6305	4.0
6333	2.0
6350	4.0
6365	3.5
6373	1.5
6377	4.0
6378	2.5
6385	3.0
6502	4.5
6503	1.5
6534	2.0
6535	1.0
6539	2.5
6541	2.0
6550	1.0
6552	3.5
6591	4.0
6593	0.5
6708	4.0
6709	4.0
6711	5.0
6754	1.5
6867	3.0
6870	4.5
6873	2.0
6874	5.0
6881	3.0
6889	3.0
6890	3.5
6934	3.5
6942	4.0
6952	0.5
6953	4.0
6985	4.0
7013	4.0
7022	4.0
7034	3.0
7044	4.5
7090	2.0
7147	4.5
7149	3.0
7151	4.0
7153	2.5
7154	2.5
7155	3.0
7160	4.0
7162	4.0
7163	1.5
7234	3.0
7254	3.0
7265	4.5
7285	3.5
7293	3.0
7325	1.5
7347	3.0
7361	5.0
7366	3.0
7367	1.5
7371	4.5
7373	3.0
7381	2.0
7438	5.0
7451	4.0
7454	1.0
7460	5.0
7618	3.5
7842	2.5
7981	4.5
8014	4.0
8042	4.0
8132	4.0
8154	3.5
8360	3.0
8361	1.5
8366	3.5
8368	3.0
8373	1.5
8376	3.5
8507	4.0
8529	3.0
8531	0.5
8533	3.5
8607	3.0
8636	2.5
8645	3.5
8783	2.5
8784	4.0
8798	4.0
8865	1.0
8873	4.0
8874	3.0
8907	2.0
8910	4.5
8914	4.0
8947	1.0
8948	2.5
8949	3.5
8950	4.0
8958	4.5
8969	1.0
8970	4.0
8973	4.5
8981	4.5
8983	3.5
8984	3.0
25771	3.0
26680	3.0
26776	3.0
27266	5.0
27660	4.0
27721	4.0
27803	4.0
27815	4.0
27904	4.0
30707	4.0
30793	3.0
30803	4.0
30810	3.5
30812	3.5
30816	3.0
30822	3.0
31658	4.0
31685	1.0
31694	3.0
31696	3.5
32019	2.0
32587	4.5
33004	3.0
33085	1.0
33166	4.0
33171	5.0
33615	3.5
33679	1.5
33794	4.0
33836	1.0
33880	3.0
34319	1.5
34437	3.5
34532	1.0
36276	2.0
36529	4.0
37382	3.5
37727	3.0
37729	3.5
37741	3.5
38061	4.0
38304	5.0
38798	2.5
39183	4.0
39231	2.5
39444	2.5
40629	4.0
40815	2.0
40819	4.0
40826	3.0
41285	3.0
41566	0.5
41571	2.0
42004	3.0
42632	3.5
43836	0.5
44191	5.0
44193	3.5
44195	3.0
44555	3.5
44665	3.5
44761	3.0
44974	4.0
45447	3.0
45672	1.0
45720	1.5
45722	1.5
45728	4.0
45880	4.0
46578	4.0
46723	4.0
46965	0.5
46976	3.5
47610	2.0
47629	2.5
48043	4.5
48082	4.0
48142	3.0
48394	4.5
48516	4.0
48696	3.0
48774	3.5
48780	4.5
48997	3.5
49272	3.0
49396	1.5
49530	3.5
49772	2.0
49932	4.0
49961	4.0
50804	2.0
50912	4.0
51077	2.0
51086	2.5
51091	4.0
51255	3.0
51540	4.0
51662	3.5
52281	4.5
52328	4.0
52604	3.5
52952	4.0
52975	3.0
53123	3.5
53125	1.5
53318	3.0
53519	5.0
54001	3.0
54190	4.5
54272	3.0
54281	4.0
54286	2.0
54995	3.0
55052	3.0
55069	3.5
55269	3.0
55363	5.0
55444	5.0
55805	3.0
55820	3.5
55830	4.0
56145	2.5
56171	1.5
56339	4.0
56367	5.0
56715	4.5
56757	4.0
56782	3.5
57274	3.0
58293	0.5
58559	4.5
58803	2.5
59315	3.0
59387	4.0
59615	1.5
60069	3.0
60397	2.0
60684	4.0
61132	2.5
61236	3.5
61240	3.0
61323	3.5
61729	2.5
62434	3.5
62511	4.0
62849	3.5
63082	4.0
63113	2.5
63853	2.5
63876	5.0
63992	0.5
64614	3.5
64622	4.0
64839	3.0
64957	3.0
64969	2.0
65130	4.0
65230	2.0
66203	2.0
67087	3.5
67255	4.0
67734	3.0
68073	3.5
68157	5.0
68848	3.5
68952	1.0
69122	3.0
69757	4.0
69951	3.5
71518	4.0
71535	4.0
72395	4.0
72720	4.5
73017	3.5
73266	4.0
74458	4.0
74510	3.5
74789	2.5
76175	1.5
76251	4.0
76293	2.5
79132	4.0
79702	4.5
80219	4.0
80549	4.5
81591	4.5
85510	2.5
