6	4.5
11	2.5
16	4.0
21	4.0
24	3.5
32	4.0
47	4.0
50	4.0
76	3.0
95	4.0
110	5.0
150	4.0
158	3.0
165	4.0
170	3.0
172	3.5
173	3.5
180	4.0
198	4.0
204	2.5
208	3.5
223	5.0
224	3.5
230	3.0
260	5.0
293	5.0
296	4.5
316	4.5
318	4.0
327	2.5
329	3.5
333	3.5
356	4.0
367	3.0
370	4.0
372	2.5
377	4.0
380	4.0
383	2.5
393	2.5
431	4.0
434	4.0
442	4.0
457	4.0
474	4.0
480	4.0
508	2.0
541	4.0
543	2.5
546	3.0
552	3.5
553	5.0
555	4.0
589	5.0
590	4.0
592	4.0
593	4.0
648	4.0
671	4.0
678	4.0
694	4.0
707	4.0
733	4.0
736	4.0
748	4.0
750	5.0
778	4.0
780	4.0
784	3.5
786	3.5
835	4.5
849	4.0
858	4.5
902	4.0
903	4.5
904	4.0
919	4.0
923	5.0
924	5.0
953	5.0
954	4.0
1019	4.0
1036	4.5
1077	4.0
1079	4.0
1080	4.5
1089	4.5
1090	5.0
1094	1.5
1095	4.0
1097	4.0
1099	4.0
1101	4.0
1127	4.0
1129	4.5
1136	5.0
1171	3.5
1196	5.0
1197	5.0
1198	5.0
1199	4.0
1200	4.5
1201	5.0
1206	5.0
1208	4.5
1210	5.0
1213	4.0
1214	4.5
1215	5.0
1219	4.5
1220	4.0
1221	5.0
1222	5.0
1225	3.5
1231	4.0
1233	5.0
1234	4.0
1240	5.0
1242	4.0
1247	4.5
1249	4.0
1250	4.0
1253	4.5
1257	4.0
1258	4.5
1261	5.0
1262	5.0
1263	4.5
1265	4.5
1266	4.0
1270	5.0
1275	5.0
1276	4.0
1278	5.0
1282	3.0
1285	3.5
1287	5.0
1288	5.0
1291	5.0
1292	4.0
1299	4.0
1300	3.5
1301	4.0
1304	4.0
1320	3.5
1321	4.0
1333	3.5
1345	4.0
1347	4.0
1356	4.0
1358	4.0
1370	4.0
1371	5.0
1372	4.0
1373	4.0
1374	5.0
1376	3.5
1377	3.5
1378	4.5
1387	4.0
1391	3.0
1393	4.0
1394	3.5
1396	3.5
1408	4.0
1466	4.0
1479	3.0
1500	4.0
1527	4.5
1552	4.0
1573	4.0
1580	4.0
1584	4.0
1587	5.0
1590	3.0
1608	4.0
1610	4.0
1616	4.0
1639	4.0
1645	4.0
1653	4.0
1663	4.5
1676	4.0
1682	4.0
1690	4.0
1704	4.0
1726	3.5
1729	4.0
1732	5.0
1748	4.0
1769	3.5
1779	3.0
1805	3.0
1876	3.5
1882	2.5
1884	3.0
1895	4.0
1909	4.0
1912	4.0
1917	3.5
1921	4.0
1954	4.0
1961	3.5
1968	4.0
1982	4.0
1984	2.5
1994	4.0
1997	4.0
2000	4.5
2003	4.0
2005	4.0
2009	4.5
2011	4.0
2012	4.0
2021	5.0
2028	4.0
2046	3.5
2052	2.5
2064	0.5
2105	4.5
2107	3.0
2109	4.0
2111	3.5
2115	4.0
2139	4.0
2143	3.5
2194	4.0
2231	4.5
2248	4.0
2268	4.0
2278	3.5
2288	5.0
2291	3.5
2311	4.0
2322	4.0
2329	4.5
2335	3.0
2353	4.0
2366	4.5
2371	4.0
2393	2.0
2395	4.0
2402	4.5
2403	5.0
2409	4.0
2411	3.5
2412	3.0
2414	3.5
2423	4.0
2428	3.0
2447	3.5
2450	3.5
2454	4.0
2455	4.0
2485	3.5
2490	4.0
2502	4.5
2527	3.5
2528	4.0
2529	5.0
2533	4.0
2539	3.5
2542	4.0
2549	3.0
2560	4.0
2571	4.5
2572	3.5
2599	3.5
2600	3.5
2613	3.5
2628	3.0
2640	4.5
2641	4.0
2642	3.5
2644	5.0
2672	3.5
2683	4.0
2688	4.0
2700	3.5
2716	4.5
2724	0.5
2728	4.0
2762	4.0
2763	4.0
2791	5.0
2795	4.5
2797	3.5
2804	5.0
2808	4.0
2826	4.0
2858	4.0
2871	4.0
2908	3.5
2915	4.0
2916	4.0
2918	3.5
2921	4.5
2922	4.0
2924	4.0
2947	4.0
2948	4.0
2949	4.0
2951	5.0
2959	5.0
2985	4.5
2986	3.0
2991	4.0
2993	4.0
2997	4.0
3033	4.0
3037	5.0
3039	4.0
3044	4.0
3052	4.0
3062	4.0
3066	5.0
3070	3.5
3074	4.0
3082	3.5
3107	3.5
3147	4.0
3168	4.0
3175	3.5
3190	2.5
3253	3.5
3256	4.0
3275	4.0
3300	4.5
3342	4.0
3355	3.0
3359	4.0
3362	4.0
3421	4.5
3424	3.5
3430	4.0
3441	4.0
3450	4.0
3471	4.0
3508	3.5
3510	4.0
3527	4.5
3535	4.5
3551	4.0
3552	4.5
3578	4.0
3593	2.0
3633	5.0
3634	3.5
3635	4.0
3639	4.0
3671	4.0
3681	5.0
3682	4.5
3686	3.5
3698	4.0
3702	5.0
3703	5.0
3704	4.5
3735	4.0
3785	3.0
3793	4.0
3836	4.0
3868	4.0
3949	4.0
3972	4.5
3981	3.0
3984	4.0
3986	4.0
3994	4.0
3996	4.0
4002	4.0
4006	5.0
4007	4.0
4011	5.0
4027	4.0
4034	4.0
4039	3.0
4085	4.0
4105	5.0
4239	4.0
4262	5.0
4308	0.5
4361	3.5
4367	3.0
4447	2.5
4499	4.0
4553	5.0
4571	4.0
4621	3.0
4643	3.0
4678	5.0
4720	4.0
4728	3.5
4735	2.5
4776	4.0
4821	3.0
4844	3.0
4855	4.5
4874	3.5
4878	4.0
4890	3.0
4958	3.5
4963	4.0
4974	3.0
4975	3.5
4979	4.0
4993	4.0
4995	3.5
5010	4.0
5049	4.0
5060	0.5
5064	4.5
5094	3.5
5219	3.5
5254	3.0
5283	3.0
5292	5.0
5349	4.5
5378	4.0
5418	4.5
5445	3.5
5459	2.5
5463	4.0
5464	4.0
5502	2.5
5507	3.0
5522	4.0
5541	4.0
5568	4.0
5574	4.0
5617	4.0
5872	4.0
5903	5.0
5944	4.0
5952	4.0
5989	4.0
6305	5.0
6333	4.0
6365	3.0
6367	0.5
6373	3.0
6502	5.0
6534	3.0
6537	3.5
6539	4.0
6662	4.0
6708	4.0
6754	4.0
6774	4.0
6796	4.0
6807	4.5
6874	4.0
6934	3.0
7076	5.0
7153	4.0
7163	4.0
7254	4.0
7263	4.0
7318	4.0
7361	3.5
7438	4.0
7445	4.0
7458	4.0
7481	4.0
7482	5.0
7569	4.0
7649	4.0
8169	3.0
8337	4.0
8340	4.0
8361	2.5
8371	3.5
8464	4.0
8507	4.5
8623	3.0
8636	4.0
8644	4.0
8665	4.0
8827	4.0
8861	3.5
8874	4.0
8917	3.5
8984	3.0
26242	4.0
26555	4.0
27611	5.0
27660	4.0
30812	4.0
31696	3.5
32587	3.5
33004	4.0
33493	4.0
33679	3.0
33794	4.0
34150	3.0
34319	4.0
34405	5.0
36529	4.0
37386	4.0
39183	0.5
40583	3.0
41997	4.0
42718	4.0
43928	4.0
44191	5.0
44195	3.5
44199	4.0
45499	3.5
46530	3.0
46970	2.0
47997	4.0
48516	4.0
49272	4.0
50794	4.0
51255	4.0
51540	4.0
51662	4.5
52281	3.5
53322	3.0
53996	2.5
54286	4.5
54503	4.0
54997	4.0
55232	4.0
55765	4.0
55820	4.0
56174	4.0
56921	4.0
57669	3.5
58559	4.5
58998	4.0
59315	4.0
59369	4.0
59615	2.5
60074	4.0
60397	2.5
60684	4.0
61024	3.5
61132	3.5
61350	3.0
62849	4.0
63072	4.0
64614	4.0
64839	4.0
65642	4.0
66171	3.5
67197	3.0
67255	5.0
68157	3.0
68237	4.0
68319	4.0
68358	4.0
68791	4.0
69526	2.0
69757	3.0
70286	4.0
70336	3.5
71135	3.5
71254	3.0
71520	3.5
71530	3.5
71535	4.0
72378	2.5
72998	1.5
73268	3.5
73321	4.0
73323	4.5
74510	4.5
76077	3.5
76251	4.0
77561	3.5
78469	4.0
79132	3.5
80549	3.5
80906	4.5
81591	3.0
81788	4.0
82461	3.0
84152	5.0
84601	4.0
85131	2.5
85414	4.0
86332	4.0
87520	2.5
88129	4.0
88744	3.5
89745	4.0
90405	4.0
91500	4.0
91529	4.0
91535	4.0
91542	3.5
91658	4.0
95510	4.0
95875	3.0
96610	3.0
96737	3.5
97306	3.5
