1	5.0
3	3.5
7	4.0
9	4.0
10	4.5
11	5.0
17	4.0
19	2.0
22	3.5
31	3.0
32	4.5
36	4.0
47	5.0
50	5.0
141	4.5
145	4.5
150	4.5
151	4.0
153	2.5
165	5.0
196	3.5
224	4.0
231	3.5
253	3.0
260	5.0
266	2.5
272	3.0
293	5.0
300	3.5
303	4.0
318	5.0
329	3.0
339	4.0
342	3.0
344	3.5
353	4.0
357	5.0
364	4.0
366	3.0
367	4.5
368	4.5
370	3.0
380	5.0
383	3.5
415	4.5
416	3.0
420	3.5
432	3.0
436	2.0
442	4.5
454	4.5
457	4.5
458	2.5
475	3.5
480	5.0
485	4.5
491	4.0
497	4.0
500	4.5
507	4.0
515	3.0
519	2.5
527	5.0
529	4.0
543	3.0
544	3.5
551	4.5
552	4.0
553	4.5
585	3.5
588	4.5
589	5.0
590	5.0
593	5.0
594	4.5
661	4.0
708	3.5
733	4.5
736	4.5
745	5.0
765	3.5
778	4.5
780	4.5
784	3.0
785	3.0
799	4.5
849	3.5
852	4.5
858	5.0
902	4.5
903	5.0
904	5.0
908	5.0
910	5.0
912	4.5
923	5.0
924	5.0
930	5.0
933	4.0
953	4.5
955	5.0
996	4.0
1021	3.0
1036	5.0
1080	4.5
1084	4.0
1089	5.0
1090	3.5
1094	4.5
1095	4.5
1097	4.0
1101	4.5
1120	4.5
1127	5.0
1129	4.5
1135	3.0
1136	4.5
1148	5.0
1183	3.0
1193	5.0
1196	5.0
1197	3.0
1198	5.0
1201	4.5
1203	5.0
1204	3.0
1207	5.0
1210	4.5
1212	5.0
1214	5.0
1215	4.0
1218	5.0
1221	5.0
1222	5.0
1223	5.0
1225	5.0
1231	4.0
1240	5.0
1242	4.5
1250	4.0
1252	5.0
1261	4.5
1262	5.0
1263	4.0
1265	5.0
1266	5.0
1267	5.0
1275	4.0
1276	4.5
1291	5.0
1304	4.0
1307	4.5
1321	4.0
1370	4.5
1371	3.5
1372	4.5
1373	3.0
1374	5.0
1375	3.0
1376	4.5
1377	5.0
1378	4.0
1379	4.0
1387	5.0
1388	4.0
1393	4.5
1429	3.5
1432	4.0
1488	3.0
1513	2.5
1527	4.5
1544	4.0
1552	4.5
1556	3.5
1584	4.5
1587	2.5
1597	4.0
1610	4.5
1625	5.0
1644	3.5
1653	3.0
1674	4.5
1682	5.0
1687	3.5
1711	2.5
1721	5.0
1747	3.0
1833	3.0
1909	4.0
1918	4.5
1921	3.5
1923	4.5
1953	5.0
1954	4.5
1957	4.0
2000	5.0
2001	5.0
2002	4.0
2011	4.0
2012	4.5
2013	4.0
2046	3.5
2058	4.0
2105	3.0
2108	4.5
2115	5.0
2167	4.0
2186	4.0
2194	5.0
2203	4.5
2232	4.5
2248	4.0
2268	4.5
2273	4.0
2278	5.0
2302	5.0
2324	4.5
2329	4.5
2338	3.0
2344	3.5
2353	4.5
2355	4.0
2373	3.0
2378	4.0
2379	3.0
2380	4.0
2381	3.5
2382	3.0
2383	3.0
2393	3.0
2398	4.5
2402	4.0
2403	4.5
2406	4.0
2407	3.5
2409	4.5
2414	3.0
2424	4.5
2470	4.5
2524	3.0
2527	4.5
2528	3.5
2535	1.5
2541	4.0
2542	4.5
2572	4.0
2580	4.0
2605	3.0
2617	4.0
2628	4.0
2640	4.5
2683	4.0
2686	4.0
2688	4.0
2701	3.0
2712	4.5
2746	3.0
2762	4.0
2770	3.5
2792	3.0
2805	4.0
2858	5.0
2872	2.5
2924	4.5
2944	4.0
2947	5.0
2953	3.5
2959	4.5
2961	3.0
2985	5.0
2986	3.5
2989	4.0
2991	4.5
2995	3.0
2997	2.5
3033	4.0
3060	4.0
3062	3.5
3072	3.5
3101	4.0
3108	4.0
3147	5.0
3148	5.0
3156	3.5
3173	3.5
3190	1.5
3252	4.5
3255	4.0
3258	3.0
3273	3.5
3275	2.0
3300	4.0
3301	3.5
3316	3.5
3328	2.5
3384	5.0
3387	4.0
3388	3.0
3394	3.0
3408	4.5
3418	4.0
3430	4.0
3435	4.5
3452	3.5
3471	5.0
3512	4.0
3527	4.0
3535	3.0
3536	3.5
3555	4.0
3578	5.0
3593	1.5
3623	3.0
3624	4.5
3635	4.5
3638	2.0
3682	4.0
3698	2.5
3703	5.0
3704	4.0
3717	4.0
3726	5.0
3744	4.0
3745	2.5
3753	4.0
3755	3.5
3763	4.0
3769	3.5
3784	3.0
3793	4.0
3826	3.0
3827	4.5
3841	4.0
3869	4.0
3879	3.0
3889	1.5
3946	2.0
3948	4.0
3969	3.0
3972	5.0
3973	1.0
3977	2.5
3978	3.5
3981	2.5
3994	4.5
3996	4.0
3999	3.0
4002	5.0
4005	4.5
4008	3.5
4023	3.0
4025	3.5
4027	3.0
4031	2.0
4034	3.0
4047	3.0
4084	4.5
4085	4.0
4086	3.0
4128	3.0
4148	3.5
4159	3.0
4161	3.0
4224	3.0
4226	4.5
4238	3.5
4246	4.5
4262	4.5
4265	2.5
4270	2.5
4299	4.5
4310	3.0
4321	4.0
4344	3.5
4367	2.5
4369	4.0
4370	3.5
4380	3.0
4387	4.0
4443	4.5
4446	2.0
4447	3.5
4448	4.0
4488	2.5
4499	4.5
4616	3.5
4638	4.0
4643	3.5
4700	3.5
4701	3.5
4718	4.0
4725	4.0
4735	2.0
4744	3.0
4756	3.0
4821	4.0
4844	3.0
4846	4.5
4855	5.0
4865	4.5
4866	4.5
4874	3.5
4878	4.5
4887	3.0
4896	4.0
4901	4.5
4956	2.0
4958	4.0
4963	5.0
4973	4.5
4975	3.5
4979	3.0
4992	3.0
4993	5.0
4994	4.5
4995	4.0
5010	3.0
5026	4.5
5049	4.0
5094	0.5
5107	3.0
5171	3.0
5218	3.5
5219	2.5
5220	3.0
5222	2.5
5254	4.0
5267	3.5
5299	3.5
5313	3.0
5316	4.0
5349	4.0
5378	4.5
5380	3.0
5388	4.0
5389	3.0
5400	4.5
5414	3.0
5418	5.0
5419	2.0
5420	3.0
5445	4.5
5459	3.0
5463	3.5
5478	3.0
5507	3.0
5522	2.0
5574	4.5
5602	4.5
5611	2.5
5621	2.5
5673	2.5
5679	4.0
5782	5.0
5803	3.5
5812	3.0
5816	4.0
5833	4.5
5872	2.5
5903	4.0
5942	4.0
5944	3.0
5952	5.0
5959	4.0
5989	4.5
5991	4.0
5992	3.0
5995	4.0
6003	4.0
6058	3.0
6156	4.0
6157	4.0
6213	3.0
6250	2.0
6264	4.0
6294	3.0
6333	4.5
6365	4.0
6367	4.0
6378	4.0
6383	4.0
6484	4.0
6503	2.0
6534	4.0
6537	4.0
6539	4.5
6541	2.5
6548	4.0
6550	4.0
6564	2.5
6595	3.5
6617	4.0
6709	3.0
6711	3.5
6754	3.0
6764	3.0
6787	4.5
6808	4.0
6873	4.0
6874	5.0
6880	2.5
6934	3.5
6947	4.5
6950	4.0
6952	4.0
6996	3.0
7000	4.0
7007	5.0
7013	4.0
7022	4.5
7027	5.0
7090	4.5
7137	4.0
7143	4.0
7149	4.0
7153	5.0
7154	3.0
7162	4.0
7163	4.0
7254	4.0
7256	4.5
7263	3.5
7293	4.0
7323	3.0
7324	4.0
7325	3.5
7347	3.0
7348	3.5
7362	3.5
7367	3.5
7373	3.5
7376	4.0
7381	3.5
7419	2.5
7438	5.0
7439	3.5
7445	4.0
7454	3.5
7482	4.0
7569	4.0
7570	3.5
7573	3.5
7700	4.5
7827	4.0
7980	4.0
8042	3.0
8340	4.0
8387	1.0
8501	4.0
8581	4.5
8636	4.0
8665	5.0
