1	3.5
7	3.0
10	4.0
11	4.5
17	4.0
22	3.0
34	4.5
36	4.0
43	2.5
46	3.5
47	2.5
50	4.0
52	3.0
58	4.5
94	2.5
105	2.5
110	2.5
111	3.0
125	3.0
141	3.0
144	2.0
150	3.0
151	4.0
153	3.0
165	3.5
185	2.5
186	1.5
203	3.5
224	3.0
232	5.0
235	3.0
236	2.0
246	5.0
260	4.0
265	5.0
266	2.5
288	1.5
293	3.5
296	2.5
300	3.0
318	4.5
322	3.0
329	3.5
337	4.0
339	2.5
342	4.0
344	2.0
345	4.0
348	2.5
349	4.0
350	3.0
357	4.0
361	2.5
364	4.0
368	3.0
377	5.0
380	3.0
381	3.0
420	3.0
428	4.0
432	3.0
438	2.5
454	3.0
457	4.0
468	2.5
477	4.5
489	2.0
497	3.0
500	3.0
508	4.0
527	4.5
529	4.0
539	3.5
549	3.5
574	3.5
587	5.0
588	4.0
589	4.5
590	4.5
593	4.5
594	3.0
595	4.5
608	3.0
647	3.5
708	4.0
733	3.5
736	3.0
778	2.5
780	3.0
781	2.5
783	2.5
788	3.0
805	4.0
852	3.5
858	4.5
899	4.0
902	4.0
904	3.0
908	4.0
910	3.0
911	3.5
912	4.0
913	3.0
914	4.5
915	3.0
916	4.0
919	4.5
933	3.5
953	4.5
954	3.5
969	3.5
971	5.0
1021	3.0
1027	3.0
1035	3.0
1036	4.0
1073	3.0
1079	5.0
1081	2.5
1084	3.0
1088	4.5
1089	3.0
1090	4.0
1092	3.0
1094	4.0
1096	3.0
1097	5.0
1101	3.0
1171	3.0
1172	5.0
1173	3.0
1176	3.0
1177	4.0
1183	3.5
1193	4.0
1196	4.5
1197	4.0
1198	4.0
1203	5.0
1207	5.0
1208	3.0
1210	4.5
1211	5.0
1213	4.0
1219	3.0
1221	4.0
1224	4.5
1225	4.5
1231	4.0
1234	3.5
1240	3.5
1242	4.0
1246	3.5
1247	3.0
1249	4.0
1250	4.0
1252	3.5
1259	4.5
1263	4.0
1266	4.0
1267	3.0
1270	4.0
1271	3.5
1276	4.0
1278	3.0
1280	4.5
1288	3.0
1290	4.5
1291	4.0
1292	3.5
1293	4.0
1297	3.0
1299	4.5
1302	3.5
1304	4.5
1307	3.5
1343	2.5
1356	3.5
1357	4.0
1358	4.0
1363	2.5
1371	2.0
1373	3.0
1374	4.0
1375	3.5
1376	4.0
1377	3.5
1385	2.5
1393	4.0
1394	4.5
1408	2.5
1411	4.0
1442	2.5
1466	4.5
1480	3.0
1485	2.0
1500	3.0
1537	5.0
1542	2.5
1552	3.5
1569	3.0
1573	4.5
1584	4.0
1608	3.0
1610	4.5
1611	2.5
1616	3.0
1617	4.5
1619	2.0
1633	3.0
1639	4.0
1641	4.5
1645	3.0
1647	2.0
1660	4.0
1673	4.0
1674	4.0
1678	4.0
1682	5.0
1694	4.5
1704	3.0
1711	4.0
1719	3.0
1721	4.0
1732	2.0
1747	3.5
1772	2.5
1784	3.5
1840	3.0
1876	2.5
1885	2.5
1888	2.5
1909	3.5
1918	0.5
1923	3.0
1931	4.0
1939	4.0
1940	4.0
1945	4.0
1947	4.0
1950	4.0
1952	4.5
1953	3.5
1954	4.0
1955	4.5
1956	4.0
1960	4.0
1961	5.0
1962	4.5
2000	4.5
2001	3.5
2002	2.0
2006	4.0
2011	3.0
2022	4.5
2023	2.5
2028	3.0
2048	3.0
2054	2.0
2058	3.5
2067	3.0
2069	3.5
2071	3.5
2083	3.5
2085	4.0
2125	4.0
2132	4.0
2144	3.5
2146	3.0
2150	3.5
2174	3.5
2194	3.5
2236	3.0
2248	4.0
2268	3.0
2289	3.0
2297	4.0
2302	4.0
2313	4.0
2316	3.0
2324	2.5
2329	4.0
2331	2.5
2336	3.0
2352	5.0
2353	3.0
2355	4.5
2359	3.5
2379	2.5
2393	4.0
2394	2.5
2396	3.0
2398	4.0
2402	2.5
2405	3.5
2406	5.0
2420	5.0
2421	2.5
2424	4.0
2433	3.0
2463	4.0
2470	3.5
2501	3.5
2518	2.5
2541	3.0
2542	2.5
2546	4.0
2565	5.0
2571	3.0
2572	2.0
2580	3.0
2598	2.5
2599	2.0
2622	3.0
2624	4.5
2628	2.5
2640	3.5
2641	3.5
2683	2.5
2686	3.0
2701	2.0
2712	2.5
2716	2.5
2728	3.5
2736	3.0
2739	4.5
2761	3.0
2762	4.5
2763	4.0
2770	2.5
2779	3.0
2797	4.0
2802	2.5
2803	3.0
2804	4.0
2819	3.0
2852	4.0
2858	3.5
2861	2.5
2870	3.0
2889	2.5
2890	4.0
2918	3.5
2919	3.0
2959	2.5
2985	3.5
2987	4.5
2997	4.0
3000	4.0
3006	4.0
3008	2.5
3011	3.5
3035	3.5
3037	2.5
3052	3.0
3060	3.5
3068	3.0
3071	3.0
3081	3.0
3088	3.0
3094	3.5
3098	4.0
3100	3.0
3101	4.0
3102	3.0
3105	2.5
3108	3.5
3114	4.0
3125	2.5
3135	3.5
3146	1.5
3147	4.0
3148	3.0
3160	4.5
3163	2.5
3174	2.5
3176	3.5
3178	4.0
3185	3.0
3246	4.0
3252	3.5
3255	4.0
3256	3.0
3260	3.0
3263	2.5
3271	4.5
3296	5.0
3298	2.5
3317	3.0
3350	4.5
3355	2.0
3359	4.5
3360	4.0
3361	4.5
3362	3.5
3363	3.0
3408	3.5
3418	4.5
3424	4.5
3436	2.5
3448	4.0
3450	3.0
3451	4.0
3468	3.5
3469	3.5
3471	3.5
3481	3.5
3483	2.5
3489	2.5
3498	4.0
3504	4.5
3505	2.5
3507	3.5
3515	2.0
3528	2.0
3545	3.0
3548	3.5
3556	2.5
3578	3.0
3591	3.5
3623	3.0
3634	3.0
3649	3.0
3675	3.5
3685	3.5
3699	3.0
3706	1.0
3723	4.0
3724	3.0
3733	4.0
3735	3.5
3751	3.0
3752	3.0
3753	3.0
3763	4.0
3793	4.0
3801	3.0
3809	3.0
3827	3.0
3841	2.0
3844	3.0
3865	3.5
3879	3.0
3882	3.0
3893	4.0
3897	5.0
3911	3.5
3948	3.0
3952	3.5
3967	4.0
3969	2.5
3977	2.5
3983	3.0
3994	4.5
3996	5.0
3998	3.5
4002	4.0
4007	4.5
4008	5.0
4018	3.5
4020	4.0
4022	5.0
4023	3.5
4027	3.0
4029	4.0
4034	5.0
4061	4.0
4069	3.0
4084	4.0
4103	4.0
4128	3.0
4174	3.5
4178	3.5
4187	4.5
4211	3.5
4225	3.5
4226	4.0
4235	4.0
4239	3.0
4246	4.0
4263	4.5
4276	2.5
4292	4.0
4299	2.5
4306	5.0
4308	4.0
4321	4.0
4326	3.5
4333	2.0
4344	3.0
4345	3.5
4351	3.0
4361	4.0
4370	3.0
4372	3.0
4410	4.5
4427	3.0
4447	3.0
4465	3.0
4508	2.5
4557	2.5
4571	3.0
4616	3.5
4639	2.5
4641	4.0
4661	2.0
4701	2.0
4720	4.5
4734	3.5
4784	3.0
4787	3.0
4816	3.0
4823	1.5
4855	2.5
4857	3.5
4865	4.0
4867	2.5
4873	2.0
4874	4.0
4878	2.5
4880	2.0
4886	4.5
4890	3.5
4896	4.0
4903	4.0
4936	3.5
4963	5.0
4969	3.0
4971	3.0
4973	4.5
4975	2.0
4979	2.5
4993	4.5
4995	4.0
5015	4.0
5027	2.5
5034	4.0
5049	3.0
5064	3.5
5135	4.0
5152	3.5
5218	2.5
5225	3.5
5267	2.5
5299	4.0
5308	3.5
5349	5.0
5377	5.0
5378	3.0
5391	3.0
5400	2.5
5418	4.0
5420	2.5
5421	2.5
5438	3.0
5444	3.0
5445	3.0
5446	3.5
5452	2.5
5459	2.0
5464	4.0
5502	3.0
5504	2.0
5508	3.0
5528	3.5
5548	2.5
5611	3.5
5617	3.5
5618	4.5
5669	4.0
5673	2.5
5685	4.0
5693	3.0
5707	3.0
5747	2.5
5772	5.0
5791	4.5
5812	3.0
5816	4.0
5872	3.5
5876	4.5
5945	2.5
5952	4.5
5954	4.5
5955	3.5
5971	4.0
5989	3.5
5991	4.0
5992	4.0
5995	3.0
6003	3.5
6016	4.0
6157	2.5
6183	3.0
6216	4.0
6218	5.0
6281	4.0
6331	4.0
6333	3.5
6365	2.5
6367	4.0
6373	2.5
6377	5.0
6378	3.0
6385	5.0
6440	3.0
6503	2.0
6535	2.5
6539	5.0
6548	1.5
6552	5.0
6565	4.5
6591	3.5
6617	4.0
6636	4.0
6708	4.5
6709	1.0
6711	4.0
6724	4.0
6765	3.5
6777	4.0
6785	4.0
6786	2.5
6787	4.0
6791	3.5
6796	4.0
6862	2.5
6863	3.5
6867	4.0
6870	3.0
6881	4.5
6932	3.5
6934	2.0
6942	4.5
6947	4.0
6993	4.0
7013	3.0
7023	3.5
7027	3.5
7060	3.0
7090	5.0
7121	4.0
7137	4.5
7139	5.0
7147	3.5
7149	4.0
7153	5.0
7154	2.5
7158	3.5
7160	4.5
7318	1.0
7323	4.0
7325	1.5
7361	5.0
7366	2.5
7373	2.5
7419	3.0
7445	1.5
7619	4.0
7698	3.0
8014	4.0
8128	2.5
8183	3.0
8360	2.5
8368	4.0
8492	4.0
8493	2.5
8528	2.5
8530	4.0
8622	3.5
8636	4.5
8638	3.0
8640	1.5
8645	4.0
8665	4.0
8784	2.5
8873	3.0
8949	3.0
8950	2.5
8958	4.5
8961	5.0
8965	4.0
8966	3.5
8970	4.0
8973	3.0
8983	5.0
26662	4.0
27706	2.0
27721	4.0
27790	4.5
27831	4.0
27878	4.0
30707	4.5
30749	4.0
30812	5.0
30820	3.5
30822	3.0
30898	4.0
31878	0.5
32587	3.5
33166	5.0
33660	2.5
33669	3.0
33679	3.5
33794	4.5
33880	3.5
34048	2.5
34271	3.0
34405	3.5
34437	2.5
34528	2.5
36517	3.5
37727	2.5
37733	3.5
37741	4.0
39183	4.5
39292	4.5
40278	2.5
40583	4.5
40629	5.0
40815	4.5
40819	4.0
41285	3.5
41566	4.0
41716	4.5
41863	4.0
41997	3.0
42004	3.5
42007	2.5
42418	4.0
44199	3.5
44709	5.0
45517	4.5
45668	3.5
45722	3.0
46530	3.5
46578	4.5
46948	4.0
47044	2.5
