1	4.0
2	4.0
10	3.0
16	4.0
19	2.5
32	4.0
34	3.0
36	3.5
47	5.0
50	5.0
52	4.0
58	4.0
70	4.0
97	4.5
110	3.0
111	4.5
145	3.0
150	3.5
153	2.5
158	2.5
163	3.5
165	3.5
186	2.0
198	3.5
208	3.0
223	4.5
235	4.5
260	4.5
277	3.0
288	4.0
293	4.5
296	5.0
316	3.5
318	4.0
322	3.5
344	3.5
348	4.0
349	3.5
356	3.5
357	4.0
377	3.5
380	3.0
407	3.5
412	3.0
457	4.5
475	4.0
480	4.0
492	3.5
497	3.5
506	4.0
515	4.5
519	2.5
535	4.0
538	3.0
541	4.5
551	4.0
586	3.5
587	3.0
588	4.0
589	4.5
590	3.5
592	4.0
593	5.0
597	3.5
599	4.5
608	4.5
616	3.5
628	3.5
648	3.5
653	3.0
673	3.5
741	4.5
750	5.0
778	5.0
780	3.5
783	2.5
799	3.5
858	5.0
900	3.5
902	4.5
903	4.5
904	5.0
908	4.5
909	4.5
910	5.0
912	5.0
915	4.5
916	4.0
919	5.0
920	4.0
922	5.0
923	5.0
924	5.0
928	4.5
930	5.0
931	4.0
933	5.0
953	4.0
954	4.5
965	4.5
968	4.5
971	5.0
1027	3.0
1028	4.0
1029	4.0
1032	4.5
1036	4.0
1057	3.5
1077	3.5
1078	4.0
1079	4.5
1080	4.5
1084	4.0
1086	4.0
1088	3.0
1089	5.0
1090	4.5
1101	3.0
1129	4.0
1172	4.0
1178	4.5
1184	4.0
1185	4.0
1186	3.5
1193	4.5
1196	5.0
1198	4.5
1199	4.0
1200	4.5
1201	5.0
1203	4.5
1204	4.0
1206	4.5
1207	4.5
1208	5.0
1209	4.5
1210	4.5
1213	5.0
1214	5.0
1219	5.0
1220	4.0
1221	4.5
1222	4.0
1225	4.5
1227	4.5
1228	4.0
1230	5.0
1232	5.0
1233	4.5
1234	4.5
1235	4.0
1237	5.0
1240	5.0
1244	5.0
1245	4.5
1246	4.0
1247	3.0
1249	3.5
1252	4.5
1253	4.0
1258	4.5
1259	4.0
1260	5.0
1262	4.5
1265	4.0
1269	4.5
1270	4.5
1274	4.5
1276	4.5
1278	4.5
1280	4.5
1281	4.5
1282	5.0
1283	4.0
1287	4.0
1291	5.0
1292	4.5
1293	4.0
1304	4.5
1307	4.0
1320	3.5
1333	4.0
1339	3.5
1345	4.0
1350	4.0
1357	4.0
1370	3.0
1377	3.5
1387	4.5
1388	2.5
1393	4.0
1394	3.5
1407	3.5
1408	4.0
1464	4.5
1466	4.0
1480	3.0
1497	2.0
1527	3.5
1541	2.5
1544	3.0
1562	2.5
1566	3.0
1573	3.0
1580	3.5
1593	2.5
1608	3.5
1610	3.5
1614	3.0
1617	4.5
1619	3.0
1639	3.0
1641	4.0
1653	4.0
1676	4.0
1682	4.5
1690	2.5
1693	3.5
1701	4.0
1704	4.0
1721	3.0
1722	3.5
1729	4.0
1732	5.0
1748	4.0
1809	4.5
1876	2.5
1907	4.0
1917	2.0
1920	3.5
1923	2.5
1945	4.5
1949	4.5
1954	3.5
1960	4.0
1961	4.5
1962	4.0
1963	4.5
1982	4.5
1997	4.5
1998	2.5
2000	3.5
2003	3.5
2011	3.5
2012	3.5
2019	5.0
2021	2.5
2022	4.0
2023	4.0
2028	4.5
2048	3.5
2054	3.0
2058	4.0
2076	4.0
2090	4.0
2105	4.0
2115	4.5
2117	3.5
2118	4.5
2159	3.5
2160	4.5
2161	3.0
2167	3.5
2183	4.0
2184	4.0
2194	4.0
2203	4.0
2205	3.0
2278	3.5
2288	4.5
2291	4.0
2294	3.5
2324	3.0
2329	4.5
2336	3.5
2353	3.5
2355	3.5
2376	3.5
2389	2.5
2396	4.0
2403	3.5
2409	2.5
2410	2.5
2411	2.0
2412	1.5
2427	3.5
2455	4.0
2459	4.0
2474	3.0
2529	5.0
2530	3.5
2542	4.5
2571	5.0
2572	2.0
2579	4.5
2594	4.0
2617	3.5
2628	3.5
2671	3.5
2701	2.0
2710	3.5
2716	4.0
2722	2.5
2729	4.5
2731	4.5
2732	4.0
2745	4.0
2750	4.5
2762	4.0
2789	3.5
2819	4.0
2858	5.0
2905	4.5
2908	4.0
2915	3.5
2916	4.0
2932	3.5
2947	4.5
2948	4.0
2949	4.0
2951	4.0
2959	5.0
2971	4.0
2973	4.0
2985	4.0
2986	3.0
2989	3.0
2990	3.0
2991	3.5
2993	4.0
2997	3.5
3000	5.0
3019	4.0
3020	3.5
3034	4.0
3039	4.0
3052	3.5
3072	3.5
3081	4.0
3082	3.0
3091	4.5
3108	3.5
3114	4.0
3129	3.5
3147	4.5
3160	4.5
3173	4.0
3186	3.5
3246	4.0
3262	4.0
3263	3.5
3267	4.0
3272	4.5
3275	3.5
3307	5.0
3310	4.5
3360	4.0
3365	4.0
3384	4.0
3408	3.5
3418	4.0
3435	4.5
3448	3.5
3462	5.0
3471	3.5
3475	4.5
3481	4.0
3489	3.0
3499	4.0
3503	4.5
3507	4.0
3513	3.5
3527	4.0
3551	3.5
3569	3.0
3578	3.5
3618	3.5
3623	2.0
3629	5.0
3633	3.5
3635	4.0
3638	3.5
3639	3.5
3682	3.5
3685	4.0
3697	2.5
3702	3.5
3703	3.5
3704	3.0
3730	4.0
3735	3.0
3755	3.0
3785	3.0
3791	3.0
3793	3.5
3812	3.5
3814	4.0
3831	3.5
3868	3.5
3897	4.5
3910	3.0
3916	4.0
3948	3.5
3949	4.5
3967	3.5
3977	2.0
3984	3.5
3988	3.5
3994	3.5
3996	4.0
4005	3.0
4007	3.5
4011	4.5
4014	4.0
4016	3.5
4022	3.5
4027	4.5
4033	2.5
4034	4.0
4085	4.0
4105	4.0
4148	3.5
4226	5.0
4235	4.0
4239	4.0
4246	3.0
4262	4.5
4270	3.0
4306	4.0
4343	3.0
4351	3.5
4367	2.5
4383	3.0
4388	3.0
4406	4.5
4424	3.5
4437	4.5
4446	3.0
4447	3.0
4489	4.0
4577	3.0
4638	2.5
4643	2.5
4720	4.0
4734	3.5
4735	2.0
4776	4.0
4816	4.0
4848	5.0
4855	4.5
4874	4.0
4878	3.0
4881	4.5
4886	4.0
4896	4.5
4902	4.0
4958	2.5
4963	4.0
4973	3.5
4975	3.0
4979	4.0
4993	5.0
4995	3.0
5004	4.0
5008	4.5
5010	3.5
5013	4.0
5017	4.0
5060	4.0
5065	4.0
5094	1.5
5147	5.0
5218	3.0
5219	2.5
5222	3.5
5254	2.5
5291	4.5
5299	3.5
5339	3.5
5349	3.0
5378	3.5
5388	3.5
5389	3.0
5391	3.5
5418	4.0
5444	3.5
5445	4.0
5459	2.5
5463	3.0
5464	4.0
5481	3.5
5489	4.0
5502	3.0
5507	3.0
5522	3.5
5528	3.0
5530	2.5
5572	2.5
5618	5.0
5630	3.5
5679	2.5
5690	3.5
5791	3.5
5810	3.5
5816	4.5
5853	3.5
5872	3.0
5903	2.5
5952	5.0
5954	4.0
5956	4.0
5971	4.5
5989	4.0
5992	4.0
5995	4.0
6016	4.5
6058	2.0
6157	2.0
6218	3.5
6281	3.5
6283	4.5
6299	3.5
6301	4.0
6333	3.0
6338	2.5
6350	4.5
6365	3.0
6370	3.5
6373	3.0
6377	3.5
6378	3.0
6440	4.5
6502	4.0
6503	1.5
6534	2.5
6535	2.0
6537	2.0
6539	4.0
6541	3.0
6550	2.5
6564	2.5
6593	2.0
6595	3.0
6662	4.0
6663	4.0
6708	3.5
6709	3.0
6711	4.5
6731	4.0
6754	3.0
6774	4.0
6787	4.0
6807	4.0
6863	4.0
6870	5.0
6873	3.5
6874	4.5
6888	3.0
6890	4.0
6934	3.0
6936	2.5
6942	4.0
6947	3.5
6952	3.5
6953	4.0
6975	4.5
6993	4.5
7008	3.5
7013	4.5
7072	4.0
7084	4.5
7099	4.5
7143	4.0
7147	3.5
7153	5.0
7154	3.0
7162	2.0
7163	3.0
7254	4.5
7293	3.0
7317	3.0
7318	2.0
7323	4.0
7324	3.0
7327	4.5
7347	3.5
7360	3.5
7361	4.5
7366	2.5
7367	3.5
7373	3.0
7387	4.0
7419	4.5
7438	4.5
7444	2.5
7451	2.5
7454	2.5
7458	1.0
7569	3.5
7570	3.5
7573	3.5
7766	4.5
7802	4.5
7925	4.5
7934	4.5
7983	4.0
8014	4.5
8154	4.5
8340	4.0
8360	3.0
8361	3.0
8368	4.5
8370	3.5
8376	3.5
8464	1.5
8477	4.5
8529	4.0
8533	3.0
8636	3.0
8640	2.0
8644	4.0
8665	3.5
8666	1.0
8781	3.5
8783	2.5
8784	4.0
8798	4.0
8810	2.5
8861	2.5
8866	2.5
8874	4.5
8949	4.0
8950	4.0
8951	3.5
8957	3.5
8958	4.0
8961	4.0
8965	3.5
8970	4.0
8972	2.5
8983	4.0
8984	3.0
8985	2.0
26662	4.0
26776	4.5
27592	4.5
27611	4.5
27728	4.0
27773	4.5
27803	3.5
27822	1.0
27904	4.0
30707	4.0
30749	4.0
30793	4.0
30803	4.0
30810	3.5
30812	3.0
30822	2.5
30825	1.0
30850	3.5
31410	4.5
31658	4.0
31696	3.0
32587	4.5
32598	2.5
33004	3.5
33162	3.5
33166	4.0
33493	3.5
33615	2.5
33679	2.0
33794	4.5
33834	2.5
34048	2.5
34072	4.0
34162	3.5
34319	3.5
34405	4.0
34437	4.0
36401	2.5
36517	4.0
36529	4.0
36535	4.0
37380	2.5
37729	3.5
37733	4.0
37830	3.5
39292	3.0
40629	3.0
40732	4.0
40815	4.5
41285	4.5
41566	3.0
41997	3.5
42418	3.5
42632	4.5
43919	0.5
44022	3.0
44191	4.5
44199	4.0
44555	4.5
44665	4.5
44972	2.0
45210	4.5
45447	3.0
45499	3.0
45517	2.5
45720	3.0
45722	3.5
45728	3.0
45730	3.0
45880	3.5
46335	2.0
46578	4.0
46723	4.0
46972	3.0
47044	3.0
47610	3.5
47629	4.0
48304	3.5
48394	4.5
48516	3.5
48774	4.0
48780	5.0
48997	3.5
49272	3.5
49530	3.5
50798	0.5
50872	3.5
51077	2.0
51086	3.5
51255	4.5
51540	3.5
51662	2.5
52042	4.0
52281	4.5
52458	2.5
52722	2.0
52952	4.0
52973	3.0
53000	3.5
53121	3.0
53125	3.5
53322	4.0
53519	4.5
53953	2.5
53956	4.0
53972	3.0
53993	2.5
53996	2.0
54001	4.5
54259	4.0
54272	3.5
54286	3.5
54503	3.5
54995	4.5
54999	4.0
55052	3.0
55069	3.5
55232	3.5
55247	3.5
55267	3.0
55269	3.5
55276	4.0
55363	4.0
55442	4.0
55444	4.0
55765	3.5
55768	2.5
55814	4.0
55820	4.5
55830	3.5
56152	3.0
56171	2.5
56174	2.5
56367	3.5
56587	4.0
56607	3.5
56782	4.0
56788	3.5
56801	2.0
56921	4.0
56941	2.0
56949	2.0
57274	4.0
57368	4.0
57669	4.5
58025	2.5
58559	5.0
58803	3.5
59018	3.5
59315	4.0
59387	4.0
59501	3.0
59615	3.5
59784	3.5
59900	3.0
60037	2.0
60069	4.0
60072	2.0
60074	3.0
60684	4.0
60766	4.0
60950	3.0
61132	4.0
61236	4.5
61240	4.0
61323	3.5
61350	2.0
62376	3.0
62394	2.0
62434	2.0
62849	3.5
62999	3.0
63062	4.0
63082	4.5
63113	3.0
63853	2.0
63859	3.5
63876	4.0
63992	2.0
64034	3.0
64497	2.5
64575	3.0
64614	3.5
64622	3.0
64716	3.0
64839	4.0
64957	4.0
64969	3.0
65130	3.5
65230	3.5
65261	4.0
65682	2.5
66097	4.0
66171	2.5
66203	2.0
67197	1.5
67255	3.5
67267	3.0
67408	3.0
68135	2.5
68157	4.5
68237	4.0
68319	2.0
68358	3.5
68554	3.0
68791	3.0
68793	1.5
68952	3.5
68954	4.0
69122	3.0
69306	3.0
69481	4.0
69526	2.0
69644	3.0
69757	3.5
69844	3.5
69951	3.5
70183	2.0
70286	4.0
70293	3.5
70336	2.0
71033	4.0
71135	3.5
71156	3.0
71264	3.5
71464	4.5
71530	2.0
71535	4.0
71579	3.5
71838	3.0
72011	3.5
72226	4.0
72378	2.0
72407	1.0
72641	3.5
72720	2.5
72731	2.0
72733	3.5
72998	3.5
73017	3.5
73023	3.5
73268	2.5
73321	3.0
73323	3.5
73344	4.0
74458	3.5
74510	3.0
74545	3.5
74789	2.5
74795	2.5
76093	4.0
76251	4.0
76293	2.5
77561	3.0
78105	3.0
78499	4.0
78574	3.5
78637	3.0
78772	1.0
79057	2.5
79242	3.5
79293	3.0
79695	2.0
80219	4.0
80463	4.0
80489	4.0
80549	3.0
80906	3.5
80969	3.0
81562	4.0
81564	3.0
81591	4.5
81834	3.5
81845	4.0
81847	3.5
81932	4.5
82202	2.0
82459	3.5
82461	3.5
83349	3.0
83613	2.5
84152	3.5
84944	3.5
85131	2.0
85414	3.5
86190	3.5
86320	3.5
86332	3.0
86880	3.0
86882	3.5
86898	3.5
87232	3.5
87306	4.0
87485	3.0
87520	2.0
87869	2.5
88125	3.5
88129	3.5
88140	3.0
88163	3.0
88405	3.0
88744	4.0
88810	4.0
89470	3.0
89492	4.0
89745	3.5
89774	3.5
89804	3.5
90405	3.0
90746	3.0
90866	3.5
91500	3.5
91529	4.5
91542	3.0
91630	3.0
91658	3.5
92420	3.5
93840	4.0
94864	3.5
94959	4.0
95167	3.0
95441	3.5
95510	2.5
95875	3.0
96079	3.5
96610	3.5
96821	3.5
97304	3.5
97306	3.5
97752	3.5
97913	4.0
97921	4.0
97923	3.5
97938	4.0
98809	3.5
99114	4.0
101864	3.5
102125	3.0
102445	3.5
103042	3.0
103141	4.0
103228	3.5
103249	3.5
103253	3.5
103772	3.0
104841	4.0
104913	4.0
105504	3.5
105844	4.0
106002	2.5
106072	3.0
106100	4.0
106487	3.0
106489	4.0
106696	3.5
106782	4.0
106918	3.0
109374	4.5
110102	3.5
112175	3.5
112556	4.0
112623	3.5
