1	5.0
2	4.0
3	3.0
5	5.0
7	5.0
10	5.0
11	4.0
13	3.0
20	2.0
32	4.0
34	5.0
39	3.0
48	2.0
54	2.0
60	3.0
62	4.0
66	1.0
95	3.0
110	4.0
111	1.0
112	4.0
135	3.0
141	3.0
153	3.0
161	3.0
165	4.0
173	2.0
181	1.0
185	2.0
193	1.0
196	1.0
204	2.0
208	3.0
235	2.0
239	5.0
252	3.0
253	1.0
260	5.0
273	1.0
276	1.0
277	3.0
292	2.0
316	2.0
317	3.0
318	4.0
327	2.0
329	4.0
332	1.0
344	3.0
354	3.0
355	2.0
356	5.0
357	3.0
364	4.0
366	1.0
367	3.0
368	4.0
371	2.0
374	2.0
377	4.0
380	5.0
382	1.0
383	3.0
410	3.0
415	3.0
420	2.0
423	3.0
426	2.0
429	1.0
432	2.0
434	2.0
435	2.0
437	2.0
438	2.0
440	4.0
454	3.0
457	3.0
471	4.0
480	4.0
485	3.0
494	3.0
500	4.0
504	4.0
508	4.0
512	1.0
514	3.0
516	2.0
520	2.0
524	4.0
527	5.0
533	2.0
536	3.0
539	3.0
541	4.0
542	3.0
543	2.0
546	2.0
551	3.0
552	4.0
553	5.0
558	3.0
585	3.0
586	4.0
587	2.0
588	5.0
589	4.0
592	4.0
594	3.0
595	5.0
596	2.0
597	2.0
609	2.0
616	3.0
631	2.0
639	2.0
648	4.0
653	3.0
661	3.0
673	3.0
674	4.0
688	2.0
719	1.0
724	1.0
733	5.0
736	3.0
737	2.0
742	1.0
750	4.0
761	3.0
762	1.0
780	5.0
782	2.0
783	3.0
785	2.0
786	4.0
798	3.0
801	3.0
818	2.0
830	3.0
832	3.0
837	4.0
842	1.0
849	3.0
852	3.0
858	4.0
880	1.0
891	1.0
899	4.0
902	5.0
904	4.0
912	5.0
913	4.0
914	4.0
915	4.0
919	5.0
920	2.0
921	4.0
923	4.0
924	4.0
934	4.0
948	3.0
953	5.0
954	5.0
973	4.0
986	3.0
1005	3.0
1007	2.0
1010	4.0
1013	4.0
1014	3.0
1015	3.0
1017	3.0
1019	4.0
1020	2.0
1021	4.0
1022	3.0
1023	4.0
1025	3.0
1028	5.0
1029	3.0
1032	3.0
1035	5.0
1036	5.0
1037	1.0
1042	3.0
1073	4.0
1077	3.0
1079	4.0
1080	4.0
1081	3.0
1083	4.0
1088	2.0
1090	3.0
1091	3.0
1092	2.0
1097	4.0
1099	4.0
1100	2.0
1101	3.0
1120	2.0
1124	3.0
1125	4.0
1127	3.0
1128	1.0
1129	4.0
1130	1.0
1135	2.0
1136	4.0
1196	5.0
1197	5.0
1198	5.0
1199	4.0
1200	5.0
1201	4.0
1203	4.0
1206	4.0
1208	4.0
1209	4.0
1210	5.0
1214	5.0
1219	3.0
1220	5.0
1221	4.0
1225	4.0
1230	3.0
1231	4.0
1233	4.0
1234	4.0
1238	5.0
1240	4.0
1246	3.0
1247	4.0
1250	4.0
1252	4.0
1254	4.0
1258	4.0
1259	4.0
1262	4.0
1263	2.0
1265	5.0
1266	3.0
1267	4.0
1270	5.0
1271	2.0
1272	3.0
1275	3.0
1276	4.0
1278	5.0
1282	3.0
1283	4.0
1284	5.0
1286	4.0
1287	4.0
1291	5.0
1292	5.0
1293	3.0
1297	4.0
1299	3.0
1300	1.0
1302	4.0
1303	4.0
1304	4.0
1307	4.0
1320	4.0
1321	1.0
1327	1.0
1333	3.0
1334	1.0
1339	1.0
1340	1.0
1345	1.0
1347	2.0
1350	1.0
1356	4.0
1359	4.0
1367	3.0
1370	4.0
1371	4.0
1372	3.0
1373	4.0
1374	5.0
1375	4.0
1376	5.0
1377	3.0
1378	3.0
1379	2.0
1380	3.0
1385	2.0
1387	5.0
1388	2.0
1391	1.0
1393	2.0
1394	3.0
1395	3.0
1409	3.0
1422	3.0
1429	4.0
1431	2.0
1438	2.0
1445	3.0
1459	3.0
1461	3.0
1474	3.0
1479	4.0
1485	5.0
1495	1.0
1499	1.0
1500	3.0
1515	2.0
1517	3.0
1527	4.0
1552	4.0
1562	3.0
1569	1.0
1580	5.0
1584	4.0
1587	3.0
1588	3.0
1591	4.0
1608	3.0
1610	4.0
1614	3.0
1616	3.0
1617	5.0
1625	4.0
1641	3.0
1645	3.0
1653	3.0
1663	5.0
1673	3.0
1674	4.0
1676	2.0
1682	3.0
1689	5.0
1690	4.0
1693	3.0
1702	3.0
1707	2.0
1711	3.0
1713	4.0
1717	1.0
1722	4.0
1732	3.0
1747	3.0
1779	2.0
1784	3.0
1792	2.0
1831	3.0
1848	4.0
1858	4.0
1862	1.0
1863	2.0
1873	3.0
1876	3.0
1883	1.0
1911	3.0
1918	4.0
1920	2.0
1927	5.0
1951	4.0
1953	4.0
1954	5.0
1955	3.0
1956	4.0
1957	4.0
1958	1.0
1959	2.0
1961	3.0
1962	3.0
1965	2.0
1968	4.0
1970	1.0
1971	1.0
1973	1.0
1974	2.0
1975	1.0
1976	1.0
1982	3.0
1985	1.0
1991	1.0
1992	1.0
1997	3.0
1999	1.0
2000	5.0
2001	4.0
2002	4.0
2003	1.0
2006	4.0
2009	4.0
2010	4.0
2011	3.0
2012	3.0
2013	3.0
2017	1.0
2018	3.0
2019	5.0
2021	3.0
2025	2.0
2028	4.0
2034	2.0
2040	3.0
2042	3.0
2046	3.0
2048	3.0
2053	3.0
2054	4.0
2059	3.0
2076	3.0
2078	4.0
2080	3.0
2081	4.0
2082	4.0
2083	5.0
2084	2.0
2085	3.0
2087	3.0
2088	1.0
2089	3.0
2090	3.0
2092	1.0
2095	3.0
2096	3.0
2097	3.0
2100	3.0
2105	2.0
2108	3.0
2109	5.0
2110	2.0
2111	2.0
2112	3.0
2115	4.0
2117	2.0
2118	1.0
2121	1.0
2122	2.0
2123	3.0
2124	3.0
2130	2.0
2133	3.0
2134	4.0
2135	4.0
2141	4.0
2142	4.0
2144	3.0
2145	3.0
2146	3.0
2148	1.0
2150	4.0
2151	3.0
2160	2.0
2161	2.0
2174	2.0
2193	3.0
2194	4.0
2247	2.0
2249	2.0
2253	2.0
2259	2.0
2268	3.0
2273	4.0
2278	3.0
2279	1.0
2288	1.0
2296	3.0
2297	3.0
2302	3.0
2311	4.0
2312	2.0
2315	1.0
2321	3.0
2322	4.0
2324	5.0
2325	2.0
2335	1.0
2338	1.0
2344	3.0
2346	3.0
2352	4.0
2353	3.0
2354	3.0
2355	4.0
2359	4.0
2365	1.0
2366	3.0
2367	1.0
2369	2.0
2371	4.0
2372	4.0
2374	3.0
2375	2.0
2376	3.0
2377	2.0
2378	3.0
2382	1.0
2383	1.0
2384	5.0
2393	4.0
2396	4.0
2398	5.0
2399	2.0
2401	3.0
2402	3.0
2404	2.0
2405	2.0
2406	4.0
2407	4.0
2408	2.0
2409	3.0
2413	2.0
2414	4.0
2416	4.0
2418	3.0
2420	4.0
2421	3.0
2422	2.0
2423	5.0
2424	3.0
2428	2.0
2431	2.0
2447	3.0
2450	1.0
2454	1.0
2455	2.0
2456	1.0
2457	3.0
2458	3.0
2459	4.0
2463	4.0
2468	2.0
2469	3.0
2470	4.0
2471	2.0
2473	3.0
2474	3.0
2475	3.0
2476	3.0
2478	3.0
2490	4.0
2505	2.0
2513	1.0
2517	1.0
2518	4.0
2519	1.0
2520	5.0
2524	3.0
2525	1.0
2528	3.0
2529	3.0
2535	2.0
2539	4.0
2548	1.0
2554	1.0
2565	4.0
2568	2.0
2571	3.0
2574	2.0
2616	2.0
2628	5.0
2634	1.0
2640	4.0
2641	3.0
2642	1.0
2643	1.0
2644	1.0
2657	3.0
2662	3.0
2664	2.0
2668	1.0
2693	3.0
2699	3.0
2700	2.0
2701	3.0
2706	4.0
2712	2.0
2713	1.0
2716	5.0
2717	4.0
2719	1.0
2720	1.0
2723	4.0
2724	1.0
2730	1.0
2735	2.0
2736	3.0
2746	1.0
2747	2.0
2748	2.0
2762	5.0
2763	3.0
2764	4.0
2770	3.0
2779	3.0
2787	1.0
2789	1.0
2791	4.0
2792	2.0
2793	1.0
2794	4.0
2795	4.0
2796	2.0
2797	4.0
2803	3.0
2804	4.0
2815	2.0
2816	2.0
2828	2.0
2857	3.0
2858	3.0
2871	3.0
2872	4.0
2877	2.0
2881	2.0
2889	5.0
2900	1.0
2915	5.0
2916	5.0
2917	4.0
2918	3.0
2919	3.0
2921	4.0
2922	4.0
2929	2.0
2942	2.0
2944	4.0
2948	4.0
2949	4.0
2950	1.0
2951	4.0
2953	3.0
2959	4.0
2968	3.0
2971	4.0
2985	4.0
2987	4.0
2989	3.0
2993	4.0
2997	1.0
3015	2.0
3016	1.0
3017	1.0
3018	1.0
3024	1.0
3029	3.0
3032	4.0
3034	3.0
3035	4.0
3037	4.0
3039	5.0
3053	2.0
3054	1.0
3061	4.0
3062	4.0
3066	3.0
3068	4.0
3070	4.0
3071	3.0
3072	2.0
3082	4.0
3087	3.0
3088	5.0
3098	4.0
3099	2.0
3101	3.0
3102	3.0
3104	3.0
3107	4.0
3114	4.0
3130	1.0
3135	2.0
3147	4.0
3152	2.0
3156	4.0
3157	4.0
3167	2.0
3173	2.0
3175	5.0
3194	2.0
3197	3.0
3198	4.0
3204	2.0
3206	2.0
3213	4.0
3244	4.0
3247	3.0
3249	2.0
3252	3.0
3253	3.0
3254	3.0
3255	3.0
3256	5.0
3263	2.0
3269	2.0
3271	4.0
3273	1.0
3296	5.0
3298	2.0
3301	2.0
3308	2.0
3358	4.0
3360	3.0
3361	4.0
3362	4.0
3363	4.0
3387	2.0
3388	2.0
3392	1.0
3394	2.0
3396	4.0
3397	3.0
3418	2.0
3420	4.0
3421	5.0
3435	3.0
3441	3.0
3448	3.0
3450	4.0
3451	4.0
3468	3.0
3469	4.0
3471	3.0
3476	1.0
3478	2.0
3489	3.0
3494	4.0
3498	4.0
3499	1.0
3501	4.0
3504	3.0
3507	4.0
3508	3.0
3519	2.0
3524	4.0
3525	3.0
3526	4.0
3527	3.0
3535	1.0
3543	4.0
3551	4.0
3552	5.0
3591	4.0
3608	3.0
3615	4.0
3624	4.0
3635	3.0
3638	4.0
3639	3.0
3649	2.0
3654	4.0
3660	1.0
3671	5.0
3675	5.0
3681	4.0
3682	4.0
3685	2.0
3686	2.0
3688	2.0
3690	1.0
3698	3.0
3699	3.0
3701	4.0
3702	4.0
3703	5.0
3704	3.0
3705	2.0
3717	3.0
3733	4.0
3740	4.0
3745	3.0
3751	4.0
3753	4.0
3755	2.0
3763	3.0
3764	2.0
3766	2.0
3791	2.0
3793	4.0
3799	1.0
3802	3.0
3809	3.0
3811	4.0
3812	4.0
3836	4.0
3841	2.0
3844	2.0
3868	4.0
3917	1.0
3919	1.0
3927	4.0
3959	4.0
3984	3.0
3988	4.0
4002	3.0
4006	2.0
4007	4.0
4010	4.0
4030	1.0
4041	2.0
4084	4.0
4085	5.0
4090	4.0
4124	1.0
4132	3.0
5060	4.0
