1	4.0
2	4.0
3	5.0
6	5.0
9	4.0
10	4.0
11	4.0
14	3.0
15	3.0
19	3.0
20	3.0
21	4.0
22	4.0
23	4.0
25	3.0
31	3.0
32	4.0
34	4.0
36	4.0
42	2.0
44	3.0
45	3.0
47	4.0
50	5.0
57	4.0
62	4.0
70	5.0
76	4.0
81	4.0
85	4.0
86	3.0
95	5.0
104	3.0
110	4.0
112	4.0
135	3.0
141	4.0
145	4.0
150	4.0
151	4.0
153	4.0
157	3.0
160	2.0
161	4.0
162	5.0
163	4.0
165	5.0
168	3.0
172	4.0
173	3.0
185	3.0
188	4.0
193	3.0
196	4.0
198	3.0
204	4.0
205	4.0
208	4.0
222	4.0
224	5.0
225	3.0
227	4.0
230	4.0
231	4.0
234	4.0
235	4.0
252	4.0
253	4.0
259	4.0
260	5.0
265	5.0
273	3.0
280	3.0
292	4.0
293	5.0
296	5.0
303	4.0
315	4.0
316	4.0
317	4.0
318	5.0
327	4.0
329	4.0
330	1.0
332	3.0
338	4.0
339	3.0
344	4.0
345	4.0
348	4.0
349	4.0
350	4.0
353	4.0
355	3.0
356	5.0
360	4.0
367	4.0
368	4.0
371	3.0
372	3.0
373	4.0
376	4.0
377	5.0
379	4.0
380	5.0
382	4.0
405	3.0
415	3.0
416	3.0
423	4.0
431	3.0
432	3.0
434	5.0
435	3.0
440	4.0
442	3.0
454	4.0
457	5.0
464	5.0
467	4.0
472	2.0
474	5.0
475	4.0
480	5.0
484	3.0
485	4.0
489	3.0
492	4.0
494	4.0
500	5.0
504	4.0
507	5.0
509	4.0
514	4.0
516	3.0
517	3.0
518	4.0
519	3.0
520	4.0
524	4.0
532	3.0
533	4.0
535	4.0
537	4.0
541	5.0
543	3.0
544	4.0
547	4.0
548	4.0
551	4.0
552	4.0
555	4.0
586	5.0
589	5.0
590	5.0
592	4.0
593	5.0
595	4.0
596	4.0
597	4.0
608	5.0
610	3.0
647	3.0
648	4.0
653	3.0
663	4.0
678	4.0
707	4.0
708	3.0
724	3.0
728	4.0
733	5.0
736	5.0
737	4.0
748	3.0
750	5.0
761	3.0
762	2.0
780	4.0
783	4.0
785	4.0
786	5.0
788	4.0
798	4.0
800	4.0
802	3.0
805	3.0
829	3.0
830	4.0
832	4.0
835	3.0
836	4.0
839	3.0
842	2.0
848	4.0
849	4.0
852	3.0
858	4.0
866	4.0
879	4.0
880	2.0
881	3.0
903	4.0
904	4.0
908	5.0
909	4.0
910	5.0
911	4.0
912	3.0
914	3.0
919	5.0
924	5.0
950	4.0
952	4.0
953	4.0
969	3.0
996	4.0
999	4.0
1003	4.0
1004	3.0
1006	2.0
1013	4.0
1020	3.0
1027	3.0
1036	5.0
1037	4.0
1041	4.0
1042	4.0
1047	5.0
1049	4.0
1061	4.0
1073	5.0
1077	4.0
1078	4.0
1079	4.0
1080	4.0
1082	4.0
1083	3.0
1084	3.0
1085	4.0
1089	4.0
1090	4.0
1094	4.0
1097	4.0
1101	3.0
1124	4.0
1127	5.0
1128	3.0
1129	4.0
1130	3.0
1135	4.0
1136	5.0
1173	3.0
1179	4.0
1183	4.0
1185	5.0
1186	3.0
1191	3.0
1193	4.0
1194	3.0
1196	5.0
1197	4.0
1198	5.0
1200	4.0
1201	5.0
1204	5.0
1207	4.0
1208	3.0
1210	5.0
1212	5.0
1213	4.0
1214	5.0
1215	4.0
1217	3.0
1220	4.0
1221	4.0
1222	4.0
1227	4.0
1233	5.0
1234	5.0
1235	4.0
1240	5.0
1242	4.0
1245	3.0
1246	3.0
1247	4.0
1249	5.0
1252	4.0
1253	5.0
1262	5.0
1263	3.0
1265	5.0
1266	5.0
1270	3.0
1271	5.0
1272	5.0
1275	4.0
1276	4.0
1278	2.0
1282	5.0
1286	3.0
1287	5.0
1289	4.0
1291	5.0
1293	4.0
1295	4.0
1296	3.0
1301	3.0
1302	4.0
1303	4.0
1304	3.0
1305	4.0
1320	3.0
1321	4.0
1333	5.0
1334	4.0
1339	4.0
1342	3.0
1346	4.0
1356	4.0
1357	4.0
1358	4.0
1359	3.0
1370	5.0
1371	4.0
1372	4.0
1373	3.0
1374	5.0
1375	4.0
1376	4.0
1377	4.0
1380	2.0
1382	3.0
1385	5.0
1387	5.0
1388	3.0
1389	3.0
1390	3.0
1391	4.0
1393	4.0
1395	4.0
1396	5.0
1405	4.0
1407	4.0
1408	4.0
1409	4.0
1422	4.0
1427	3.0
1429	4.0
1431	2.0
1438	4.0
1440	4.0
1441	4.0
1457	2.0
1466	4.0
1474	3.0
1476	4.0
1479	4.0
1480	4.0
1483	3.0
1485	4.0
1488	3.0
1499	4.0
1500	4.0
1513	4.0
1517	3.0
1518	4.0
1527	4.0
1544	4.0
1552	5.0
1556	3.0
1562	4.0
1569	3.0
1573	4.0
1580	4.0
1584	4.0
1586	4.0
1588	3.0
1589	4.0
1590	3.0
1591	4.0
1597	4.0
1598	4.0
1603	4.0
1608	4.0
1610	5.0
1611	2.0
1614	4.0
1615	4.0
1616	5.0
1617	4.0
1619	4.0
1620	4.0
1625	4.0
1626	4.0
1633	3.0
1641	4.0
1644	4.0
1645	4.0
1647	4.0
1653	3.0
1663	4.0
1667	3.0
1674	4.0
1676	3.0
1682	4.0
1686	3.0
1687	5.0
1689	4.0
1690	4.0
1693	4.0
1704	4.0
1707	4.0
1713	3.0
1717	4.0
1721	4.0
1722	4.0
1726	4.0
1729	4.0
1732	4.0
1747	4.0
1748	5.0
1752	4.0
1754	4.0
1762	3.0
1769	4.0
1777	2.0
1779	3.0
1783	4.0
1784	5.0
1785	3.0
1792	4.0
1799	4.0
1805	3.0
1810	4.0
1831	3.0
1833	4.0
1834	4.0
1835	4.0
1845	5.0
1862	4.0
1863	3.0
1876	3.0
1882	3.0
1892	4.0
1894	4.0
1907	4.0
1909	4.0
1912	4.0
1917	3.0
1918	4.0
1923	5.0
1924	1.0
1947	3.0
1948	3.0
1953	4.0
1954	4.0
1955	4.0
1960	3.0
1961	4.0
1962	4.0
1964	3.0
1965	4.0
1997	5.0
2000	4.0
2001	4.0
2002	4.0
2006	4.0
2011	3.0
2012	4.0
2013	3.0
2015	4.0
2019	4.0
2021	2.0
2023	4.0
2027	4.0
2028	5.0
2034	2.0
2046	4.0
2053	3.0
2054	3.0
2058	4.0
2065	4.0
2067	3.0
2081	3.0
2085	4.0
2094	4.0
2105	2.0
2107	3.0
2110	3.0
2115	4.0
2120	4.0
2121	4.0
2124	4.0
2125	3.0
2126	3.0
2132	4.0
2136	3.0
2140	3.0
2147	3.0
2150	5.0
2151	4.0
2153	3.0
2160	4.0
2167	4.0
2173	3.0
2174	3.0
2194	4.0
2195	4.0
2204	3.0
2232	3.0
2236	4.0
2243	3.0
2245	4.0
2247	3.0
2259	3.0
2262	3.0
2263	3.0
2268	4.0
2273	4.0
2278	5.0
2287	5.0
2288	4.0
2289	4.0
2291	2.0
2294	4.0
2296	3.0
2297	4.0
2300	3.0
2302	4.0
2311	3.0
2312	4.0
2316	3.0
2320	3.0
2321	4.0
2322	3.0
2328	5.0
2335	3.0
2344	3.0
2352	4.0
2353	3.0
2355	4.0
2359	4.0
2363	3.0
2364	3.0
2367	3.0
2369	4.0
2371	3.0
2374	4.0
2378	4.0
2379	4.0
2380	4.0
2381	4.0
2384	4.0
2387	3.0
2391	4.0
2393	4.0
2395	4.0
2396	3.0
2398	4.0
2402	4.0
2403	4.0
2404	4.0
2405	3.0
2406	4.0
2407	5.0
2408	3.0
2416	4.0
2420	4.0
2421	3.0
2423	3.0
2424	4.0
2427	3.0
2428	3.0
2429	3.0
2433	4.0
2454	4.0
2455	4.0
2456	3.0
2467	4.0
2468	3.0
2470	4.0
2471	3.0
2476	3.0
2478	4.0
2490	4.0
2502	4.0
2505	3.0
2513	4.0
2518	3.0
2520	4.0
2524	3.0
2527	4.0
2528	4.0
2529	3.0
2530	2.0
2532	2.0
2533	2.0
2535	3.0
2539	4.0
2542	4.0
2553	3.0
2561	4.0
2565	4.0
2571	5.0
2587	3.0
2605	3.0
2613	2.0
2616	3.0
2617	4.0
2625	3.0
2628	3.0
2640	4.0
2657	3.0
2660	4.0
2662	4.0
2664	3.0
2670	3.0
2672	4.0
2676	3.0
2686	4.0
2688	3.0
2699	4.0
2700	4.0
2701	3.0
2710	2.0
2713	4.0
2716	4.0
2717	4.0
2719	3.0
2720	3.0
2722	4.0
2723	3.0
2728	3.0
2729	3.0
2730	4.0
2746	1.0
2747	1.0
2762	5.0
2763	3.0
2770	4.0
2788	4.0
2793	4.0
2794	3.0
2797	5.0
2803	2.0
2805	4.0
2807	3.0
2808	3.0
2817	3.0
2819	3.0
2822	3.0
2826	4.0
2840	4.0
2841	4.0
2852	4.0
2857	3.0
2858	5.0
2862	3.0
2870	4.0
2871	3.0
2879	4.0
2881	3.0
2890	4.0
2912	3.0
2916	4.0
2917	4.0
2921	4.0
2922	4.0
2942	3.0
2944	5.0
2946	5.0
2947	5.0
2948	3.0
2949	3.0
2950	2.0
2951	4.0
2953	4.0
2959	5.0
2968	3.0
2969	4.0
2973	4.0
2976	3.0
2983	5.0
2985	5.0
2986	3.0
2987	4.0
2991	3.0
2993	4.0
2996	3.0
2997	5.0
3005	3.0
3006	4.0
3020	5.0
3032	4.0
3035	4.0
3037	4.0
3044	3.0
3053	4.0
3060	4.0
3062	5.0
3066	3.0
3067	4.0
3068	3.0
3071	3.0
3072	4.0
3081	3.0
3082	4.0
3088	3.0
3098	3.0
3104	4.0
3107	4.0
3108	4.0
3111	4.0
3113	3.0
3146	4.0
3147	4.0
3160	4.0
3168	2.0
3175	3.0
3176	3.0
3186	4.0
3190	3.0
3194	3.0
3196	4.0
3198	3.0
3247	3.0
3249	3.0
3252	4.0
3253	3.0
3254	3.0
3256	4.0
3258	2.0
3263	3.0
3264	4.0
3265	4.0
3267	4.0
3269	4.0
3272	2.0
3298	4.0
3300	4.0
3301	4.0
3308	3.0
3316	4.0
3328	2.0
3354	4.0
3355	4.0
3358	3.0
3361	4.0
3362	3.0
3363	5.0
3384	4.0
3386	5.0
3388	4.0
3408	4.0
3418	5.0
3421	5.0
3422	3.0
3430	5.0
3448	3.0
3450	5.0
3451	4.0
3452	3.0
3461	3.0
3467	3.0
3468	4.0
3476	4.0
3489	3.0
3500	4.0
3501	4.0
3504	5.0
3507	4.0
3508	4.0
3510	5.0
3516	4.0
3519	4.0
3524	4.0
3525	3.0
3527	5.0
3534	3.0
3535	4.0
3555	5.0
3566	3.0
3576	4.0
3578	4.0
3593	3.0
3614	3.0
3623	4.0
3624	3.0
3634	5.0
3635	3.0
3638	3.0
3654	5.0
3671	3.0
3682	4.0
3685	4.0
3686	3.0
3697	4.0
3698	3.0
3699	5.0
3700	3.0
3703	4.0
3704	4.0
3717	4.0
3726	3.0
3729	4.0
3733	3.0
3735	4.0
3740	3.0
3744	3.0
3753	4.0
3755	3.0
3769	4.0
3793	4.0
3802	3.0
3809	3.0
3811	3.0
3812	3.0
3826	3.0
3827	4.0
3836	4.0
3841	5.0
3844	4.0
3871	3.0
3873	4.0
3879	3.0
3893	4.0
3925	4.0
3927	4.0
3928	5.0
3932	4.0
3959	3.0
3969	5.0
3977	4.0
3981	4.0
3986	4.0
3994	5.0
5060	4.0
