1	4.5
2	3.5
3	3.5
6	5.0
9	3.0
10	3.0
16	4.5
18	3.5
19	4.0
20	2.5
29	4.5
32	4.5
34	3.5
47	4.5
50	5.0
69	4.0
70	4.0
95	3.0
97	4.5
110	4.5
111	5.0
141	3.5
145	3.5
147	3.5
150	3.5
151	3.0
153	3.0
158	3.0
163	4.0
165	3.5
175	4.0
193	3.0
196	3.0
208	3.5
231	4.5
236	4.0
253	4.5
256	3.0
260	5.0
288	4.0
292	3.5
293	4.0
296	5.0
315	3.0
316	3.0
318	4.0
319	4.0
344	4.0
355	3.0
356	4.0
364	5.0
367	3.0
368	3.5
370	3.0
376	3.5
377	3.5
379	2.5
380	3.5
382	3.5
393	2.5
420	3.0
428	4.0
431	4.5
434	3.5
437	3.0
441	3.5
457	4.0
466	3.0
475	4.0
480	4.5
485	3.5
491	3.5
493	4.0
507	4.0
527	4.5
538	4.0
540	3.0
541	4.5
551	4.0
553	4.0
555	4.5
586	4.0
587	3.0
588	4.0
589	4.5
590	4.0
592	4.5
593	4.0
597	3.5
599	5.0
608	4.5
628	4.0
648	3.5
665	4.5
673	3.0
678	3.5
704	3.5
714	4.0
733	3.5
736	3.5
737	1.5
743	3.0
750	4.0
762	3.0
778	5.0
780	3.0
782	3.5
784	3.0
786	3.0
832	3.0
858	5.0
880	3.0
903	5.0
904	4.5
908	5.0
920	4.0
924	4.5
990	3.5
1020	3.0
1036	4.5
1049	3.5
1060	4.0
1061	4.0
1079	4.0
1080	4.5
1089	4.5
1090	4.0
1091	3.5
1093	3.5
1097	4.0
1127	4.0
1131	4.5
1132	4.5
1136	5.0
1193	5.0
1196	5.0
1197	4.0
1198	4.5
1200	4.0
1201	5.0
1202	4.5
1204	5.0
1206	4.5
1208	5.0
1209	4.0
1210	5.0
1213	4.5
1214	4.5
1215	3.5
1221	5.0
1222	4.0
1227	4.5
1228	4.5
1233	5.0
1234	4.0
1240	4.0
1245	3.5
1247	4.5
1250	4.0
1252	4.5
1258	5.0
1259	5.0
1262	4.5
1263	4.5
1265	4.0
1266	4.5
1270	4.0
1276	4.0
1282	4.0
1291	4.5
1293	4.5
1298	4.0
1304	4.5
1320	3.0
1321	4.5
1333	4.0
1339	4.5
1343	4.0
1345	4.0
1350	4.5
1358	4.0
1370	4.0
1377	3.5
1378	4.0
1380	4.0
1387	4.5
1388	4.0
1389	2.0
1391	4.0
1394	3.5
1405	4.0
1407	4.0
1408	4.0
1419	5.0
1425	3.5
1438	3.5
1459	3.0
1461	2.5
1464	3.5
1466	4.0
1479	3.5
1485	3.0
1497	3.0
1499	3.0
1500	4.5
1515	2.0
1517	3.0
1527	4.5
1544	3.5
1552	3.5
1556	2.0
1562	2.5
1573	3.5
1580	3.5
1615	3.5
1617	4.5
1625	3.0
1627	4.0
1639	4.0
1641	3.5
1644	3.0
1676	3.0
1682	3.5
1704	4.5
1717	3.5
1721	3.5
1729	3.5
1731	2.5
1732	5.0
1748	4.5
1754	3.5
1784	3.5
1801	3.0
1805	3.5
1876	2.5
1882	3.0
1884	4.0
1894	3.5
1909	3.0
1913	4.5
1917	3.5
1918	3.5
1923	3.0
1952	4.5
1953	4.5
1961	4.5
1968	5.0
1982	4.0
2000	4.0
2001	4.0
2002	3.5
2003	4.5
2004	3.0
2005	4.0
2006	3.5
2011	4.0
2012	4.0
2023	4.0
2028	4.5
2054	3.5
2068	4.5
2076	4.5
2083	4.0
2107	2.5
2115	4.0
2118	4.0
2160	4.0
2161	4.0
2186	4.0
2193	4.0
2194	4.0
2265	3.0
2269	3.0
2273	4.0
2278	3.5
2288	4.0
2291	4.5
2296	3.0
2313	4.5
2329	3.0
2335	3.0
2340	3.0
2353	3.5
2360	5.0
2405	3.0
2406	3.0
2423	4.0
2427	3.5
2431	3.0
2470	4.0
2471	4.0
2478	3.5
2524	4.5
2529	4.5
2539	3.5
2542	4.0
2571	4.0
2617	3.0
2628	3.5
2683	3.5
2692	4.0
2694	4.0
2699	3.5
2706	4.0
2710	4.0
2712	4.0
2716	4.5
2717	4.0
2719	3.0
2720	2.0
2722	2.5
2729	3.5
2730	4.5
2745	4.0
2746	3.5
2762	4.0
2791	4.5
2794	4.0
2795	4.0
2796	3.5
2797	4.0
2808	3.5
2826	3.0
2858	5.0
2859	5.0
2871	4.0
2890	3.0
2918	4.5
2921	4.5
2951	4.5
2953	4.0
2959	4.5
2968	3.5
2970	4.5
2985	4.0
2987	4.0
2995	2.5
2997	4.0
3020	3.5
3039	4.0
3052	4.5
3081	3.5
3087	3.5
3104	4.0
3105	4.5
3108	4.0
3113	2.0
3147	4.0
3160	4.0
3168	4.0
3176	4.0
3198	4.0
3210	4.0
3253	4.0
3257	3.5
3262	4.0
3263	4.0
3267	4.0
3268	2.5
3269	3.5
3273	2.5
3275	3.5
3285	3.5
3355	4.0
3362	4.0
3363	4.5
3418	4.0
3421	4.5
3444	4.0
3448	4.0
3470	5.0
3476	4.5
3479	4.5
3481	3.5
3489	4.0
3498	4.5
3499	4.5
3527	3.5
3535	4.0
3543	4.5
3551	4.0
3552	4.0
3569	3.0
3578	4.0
3617	3.5
3623	3.0
3681	4.0
3686	3.5
3706	4.0
3717	3.0
3730	4.0
3735	3.5
3741	4.0
3744	2.5
3752	3.5
3753	3.0
3755	3.5
3785	3.5
3793	4.5
3798	4.0
3826	3.0
3836	4.0
3868	4.0
3897	4.0
3948	4.0
3949	4.0
3994	3.5
4011	4.5
4018	3.5
4022	3.5
4027	4.0
4034	4.0
4040	2.5
4085	4.0
4103	4.5
4124	2.0
4223	4.0
4226	5.0
4262	4.5
4280	4.5
4306	4.0
4343	3.0
4344	3.0
4369	2.0
4378	4.0
4448	3.0
4487	3.5
4489	4.5
4546	4.5
4638	3.0
4686	3.5
4701	3.5
4718	3.5
4720	4.0
4734	4.0
4757	3.5
4775	1.0
4776	3.5
4816	4.0
4848	5.0
4865	4.0
4878	5.0
4881	4.0
4886	4.0
4901	4.0
4963	4.0
4973	4.5
4979	3.5
4993	4.5
5010	3.5
5015	3.5
5026	3.5
5027	3.5
5051	3.5
5105	4.5
5120	4.0
5218	4.0
5329	3.0
5349	4.0
5388	3.5
5418	4.0
5421	3.5
5445	4.0
5459	3.5
5464	3.5
5481	3.5
5502	4.0
5528	3.0
5574	3.5
5617	3.5
5679	3.5
5747	4.0
5952	4.5
5956	4.0
5989	4.0
5995	4.5
6016	4.5
6104	4.5
6184	3.5
6188	4.0
6214	4.5
6250	2.0
6281	4.0
6301	4.0
6323	4.0
6333	4.5
6365	3.5
6373	3.0
6380	4.5
6502	4.0
6537	3.5
6539	4.0
6586	3.5
6587	1.0
6617	4.0
6662	4.0
6711	5.0
6773	4.0
6796	4.0
6807	4.0
6852	5.0
6863	4.0
6870	4.0
6874	4.0
6936	3.0
6942	4.5
6947	4.0
6953	4.0
6957	3.5
7034	4.0
7044	4.0
7045	4.0
7063	4.0
7090	3.0
7101	3.0
7143	4.0
7147	3.5
7153	4.0
7162	4.0
7235	3.5
7254	3.5
7325	3.0
7347	3.5
7361	3.5
7438	4.0
7458	3.5
7587	4.5
8042	4.0
8340	3.5
8361	4.0
8376	3.5
8528	3.5
8641	4.5
8665	4.0
8783	4.5
8798	3.5
8807	3.5
8873	4.5
8874	5.0
8949	4.0
8957	3.5
8977	3.5
8984	3.5
26729	4.5
27721	4.5
27838	4.0
30810	4.0
30820	3.0
30825	3.5
31410	4.5
32587	4.0
33162	3.5
33615	4.0
33794	4.5
34048	3.5
34162	4.0
34319	3.5
34437	4.0
34542	4.5
35836	4.5
36517	3.5
37731	3.5
37733	4.0
37741	3.5
39381	4.5
40614	3.5
40732	4.0
41569	3.5
41997	4.0
42011	3.0
42418	3.0
44191	4.0
44199	4.0
44665	3.0
45210	3.5
45442	3.0
45447	3.5
45499	4.0
45666	3.5
45722	3.5
45728	4.0
46578	4.5
46723	4.0
46972	3.5
46976	3.0
47610	3.5
48322	4.0
48385	4.0
48394	5.0
48516	3.5
48774	4.5
48780	4.0
48997	4.0
49272	4.0
49530	4.5
49932	3.0
50601	4.0
50798	0.5
51255	4.0
51540	4.5
51662	4.0
51709	3.5
52042	3.5
52245	3.5
52328	4.0
52458	3.5
52952	4.5
52973	4.0
53000	4.0
53125	3.5
53519	4.0
53550	4.0
53953	4.0
53993	3.0
53996	3.5
54272	4.0
54286	4.0
54503	5.0
54881	4.5
54997	4.0
55118	4.5
55247	3.0
55267	4.0
55363	4.5
55444	4.5
55765	3.5
55805	4.0
55820	3.5
55830	4.0
56145	3.0
56174	3.5
56339	4.5
56367	4.5
56757	3.5
56782	4.5
56805	3.5
57368	4.0
57669	4.0
58162	3.5
58295	3.5
58559	4.5
58998	4.0
59126	4.5
59315	3.5
59369	3.0
59387	4.5
59784	3.5
60040	3.5
60074	3.5
60126	3.5
60684	4.5
60756	3.5
60766	4.0
60950	3.5
61024	4.0
61132	4.5
61240	4.5
61323	4.0
61729	3.0
62434	4.0
62999	3.5
63062	3.5
63082	4.5
63113	3.5
63131	4.0
63992	2.5
64614	4.0
64839	4.5
64957	4.0
64969	3.5
64983	3.5
67087	3.5
67734	3.5
70286	5.0
