1	4.0
16	3.0
17	4.0
25	5.0
32	4.0
34	4.0
36	4.0
39	3.0
45	4.0
47	4.0
48	3.0
50	4.0
52	3.0
58	2.0
68	4.0
70	4.0
79	2.0
85	3.0
105	4.0
110	2.0
111	5.0
112	2.0
123	4.0
125	4.0
141	1.0
144	4.0
150	3.0
152	4.0
153	2.0
154	4.0
163	3.0
171	4.0
185	2.0
190	5.0
198	3.0
206	2.0
223	4.0
230	3.0
231	2.0
235	4.0
246	4.0
247	5.0
253	3.0
260	5.0
272	3.0
273	2.0
282	1.0
288	4.0
296	5.0
299	4.0
300	3.0
317	2.0
318	3.0
319	4.0
329	2.0
337	3.0
342	5.0
344	4.0
345	5.0
353	2.0
356	1.0
357	3.0
372	1.0
376	3.0
377	3.0
380	3.0
382	2.0
410	4.0
412	2.0
435	3.0
441	4.0
454	3.0
457	3.0
474	4.0
475	3.0
477	3.0
480	3.0
481	4.0
492	2.0
497	3.0
500	1.0
506	2.0
508	3.0
509	4.0
514	3.0
515	3.0
523	2.0
527	3.0
529	3.0
538	4.0
539	2.0
541	5.0
551	3.0
555	4.0
562	5.0
581	3.0
585	4.0
587	1.0
588	4.0
589	2.0
592	3.0
593	3.0
594	4.0
595	4.0
596	5.0
597	1.0
608	5.0
610	2.0
616	3.0
640	2.0
648	1.0
653	3.0
661	5.0
674	4.0
678	5.0
697	1.0
708	3.0
714	4.0
720	5.0
728	4.0
736	1.0
745	5.0
750	4.0
766	5.0
778	3.0
780	2.0
783	4.0
784	3.0
785	1.0
786	2.0
800	4.0
802	2.0
838	4.0
851	2.0
858	4.0
861	2.0
866	5.0
892	3.0
898	3.0
899	4.0
900	4.0
902	4.0
903	4.0
904	5.0
906	4.0
908	3.0
910	3.0
912	3.0
914	3.0
916	3.0
919	4.0
920	5.0
922	5.0
924	5.0
926	5.0
928	5.0
930	3.0
931	3.0
932	4.0
948	4.0
953	4.0
968	4.0
969	4.0
971	4.0
994	4.0
1009	4.0
1010	3.0
1022	3.0
1023	4.0
1028	3.0
1029	4.0
1031	4.0
1032	4.0
1035	4.0
1036	3.0
1041	4.0
1047	2.0
1051	1.0
1059	3.0
1060	4.0
1073	4.0
1077	4.0
1079	2.0
1080	5.0
1081	3.0
1084	3.0
1086	4.0
1088	2.0
1089	4.0
1093	3.0
1094	4.0
1095	3.0
1096	5.0
1097	4.0
1101	1.0
1104	4.0
1111	3.0
1124	4.0
1127	3.0
1135	3.0
1136	3.0
1148	5.0
1172	2.0
1175	4.0
1176	2.0
1183	5.0
1186	3.0
1187	3.0
1188	4.0
1191	4.0
1192	4.0
1193	4.0
1196	5.0
1197	3.0
1198	4.0
1199	4.0
1200	4.0
1203	4.0
1206	4.0
1207	5.0
1210	3.0
1213	3.0
1214	5.0
1219	4.0
1221	4.0
1223	4.0
1224	4.0
1225	4.0
1230	2.5
1231	3.0
1235	4.0
1237	4.0
1240	5.0
1246	3.0
1247	4.0
1248	4.0
1252	3.0
1258	3.0
1259	2.0
1264	4.0
1265	4.0
1266	4.0
1267	5.0
1270	3.0
1271	3.0
1272	2.0
1274	5.0
1277	2.0
1278	4.0
1280	4.0
1282	5.0
1283	3.0
1285	3.0
1288	4.0
1291	4.0
1292	4.0
1293	2.0
1295	1.0
1296	3.0
1298	4.0
1299	4.0
1302	2.0
1307	2.0
1320	3.0
1321	4.0
1327	4.0
1333	5.0
1339	2.0
1340	4.0
1343	4.0
1344	4.0
1345	4.0
1346	2.0
1347	4.0
1350	4.0
1356	4.0
1357	2.0
1358	4.0
1371	2.0
1372	4.0
1374	4.0
1375	2.0
1376	3.0
1377	2.0
1380	3.0
1381	1.0
1387	4.0
1388	2.0
1391	2.0
1392	4.0
1393	3.0
1394	4.0
1401	3.0
1407	5.0
1408	2.0
1409	2.0
1411	3.0
1416	3.0
1449	5.0
1464	1.0
1484	4.0
1499	3.0
1500	4.0
1517	3.0
1527	3.0
1535	1.0
1537	4.0
1544	2.0
1562	2.0
1573	3.0
1580	4.0
1584	2.0
1587	3.0
1590	3.0
1591	2.0
1594	4.0
1600	1.0
1603	2.0
1608	4.0
1610	2.0
1611	2.0
1614	3.0
1616	2.0
1617	4.0
1633	4.0
1635	5.0
1639	3.0
1641	4.0
1643	2.0
1648	4.0
1653	2.0
1663	3.0
1673	3.0
1674	4.0
1676	2.0
1678	2.0
1680	4.0
1682	4.0
1683	3.0
1690	3.0
1694	4.0
1699	3.0
1704	4.0
1711	2.0
1717	4.0
1719	4.0
1732	3.0
1734	5.0
1784	4.0
1810	3.0
1821	3.0
1834	4.0
1875	4.0
1876	2.0
1882	1.0
1885	3.0
1897	4.0
1909	3.0
1913	4.0
1914	3.0
1921	4.0
1924	4.0
1936	4.0
1945	3.5
1947	3.0
1952	4.0
1954	4.0
1956	4.0
1958	4.0
1959	4.0
1960	4.0
1961	4.0
1962	4.0
1964	4.0
1968	4.0
1974	3.0
1975	2.0
1976	2.0
1982	4.0
1983	2.0
1984	2.0
1994	4.0
1997	5.0
2000	2.0
2001	2.0
2009	3.0
2011	2.0
2013	4.0
2014	4.0
2018	5.0
2020	4.0
2021	2.0
2022	3.0
2024	3.0
2028	2.0
2034	3.0
2059	3.0
2064	4.0
2065	2.0
2070	3.0
2076	4.0
2078	3.0
2080	4.0
2081	4.0
2083	4.0
2085	4.0
2087	3.0
2091	4.0
2095	3.0
2100	4.0
2105	2.5
2108	2.0
2109	3.0
2115	2.0
2121	2.0
2122	2.0
2124	3.0
2132	5.0
2135	3.0
2137	4.0
2144	3.0
2145	4.0
2146	3.0
2147	1.0
2150	4.0
2160	4.0
2165	3.0
2167	3.0
2174	3.0
2176	5.0
2181	3.0
2186	4.0
2193	2.0
2194	2.0
2206	4.0
2232	2.0
2243	2.0
2245	2.0
2247	2.0
2263	1.0
2268	2.0
2287	3.0
2288	3.0
2289	3.0
2291	5.0
2311	3.0
2312	3.0
2313	4.0
2318	4.0
2320	3.0
2321	4.0
2324	1.0
2333	4.0
2336	4.0
2337	4.0
2344	4.0
2348	4.0
2349	2.0
2352	4.0
2359	4.0
2361	4.0
2363	4.0
2366	3.0
2367	3.0
2369	3.0
2375	2.0
2378	2.0
2389	2.0
2391	4.0
2393	3.0
2395	4.0
2396	4.0
2406	2.0
2407	3.0
2409	3.0
2410	2.0
2420	2.0
2424	1.0
2428	2.0
2431	1.0
2433	3.0
2437	4.0
2439	4.0
2450	2.0
2455	4.0
2463	3.0
2467	2.0
2468	1.0
2469	2.0
2517	2.0
2518	2.0
2520	4.0
2524	3.0
2527	4.0
2528	4.0
2529	5.0
2530	3.0
2535	3.0
2551	2.0
2553	4.0
2554	4.0
2565	3.0
2571	4.0
2580	4.0
2598	3.0
2599	5.0
2611	5.0
2613	1.0
2617	2.0
2628	2.0
2633	3.0
2639	5.0
2640	3.0
2641	2.0
2644	3.0
2657	3.0
2662	3.0
2671	2.0
2683	2.0
2692	5.0
2693	4.0
2699	3.0
2700	4.0
2710	5.0
2712	1.0
2716	3.0
2717	2.0
2720	2.0
2722	1.0
2723	4.0
2729	4.0
2736	3.0
2739	3.0
2745	3.0
2746	4.0
2752	3.0
2757	4.0
2761	4.0
2762	4.0
2789	2.0
2791	4.0
2793	4.0
2795	4.0
2797	3.0
2802	2.0
2803	2.0
2804	3.0
2840	2.0
2841	2.0
2857	1.0
2858	5.0
2859	4.0
2871	4.0
2881	1.0
2883	4.0
2906	1.0
2908	5.0
2912	2.0
2915	3.0
2916	3.0
2917	5.0
2918	3.0
2919	2.0
2926	3.0
2942	3.0
2943	3.0
2947	3.0
2948	3.0
2949	4.0
2959	4.0
2966	3.0
2971	3.0
2973	3.0
2985	4.0
2987	3.0
2993	2.0
2997	4.0
3000	3.0
3006	4.0
3007	3.5
3016	4.0
3024	3.0
3034	3.0
3044	2.0
3066	3.0
3067	4.0
3068	3.0
3072	3.0
3081	3.0
3083	4.0
3100	3.0
3101	4.0
3105	3.0
3111	3.0
3114	4.0
3125	4.0
3147	3.0
3148	3.0
3159	4.0
3160	4.0
3175	4.0
3176	5.0
3185	3.0
3190	1.0
3198	3.0
3203	4.0
3213	4.0
3244	3.0
3247	3.0
3249	3.0
3251	4.0
3252	2.0
3253	3.0
3255	2.0
3258	3.0
3260	3.0
3261	3.0
3262	2.0
3264	3.0
3266	4.0
3267	5.0
3271	2.0
3273	4.0
3274	3.0
3300	3.0
3317	4.0
3325	2.0
3327	3.0
3334	3.0
3354	2.0
3360	3.0
3361	3.0
3362	4.0
3363	3.0
3386	2.0
3392	1.0
3408	1.0
3418	4.0
3421	2.0
3424	2.0
3435	5.0
3441	3.0
3448	2.0
3451	3.0
3471	3.0
3476	3.0
3481	4.0
3499	4.0
3504	4.0
3507	4.0
3513	2.0
3521	4.0
3524	3.0
3526	2.0
3527	4.0
3543	3.0
3545	3.0
3546	5.0
3548	3.0
3551	4.0
3552	2.0
3555	4.0
3556	4.0
3578	4.0
3591	3.0
3608	5.0
3614	3.0
3623	3.0
3624	2.0
3646	1.0
3668	5.0
3672	3.0
3683	5.0
3685	4.0
3686	2.0
3688	3.0
3689	1.0
3690	1.0
3698	3.0
3702	2.0
3706	2.0
3708	2.0
3710	2.0
3712	3.0
3723	3.0
3729	4.0
3741	4.0
3751	4.0
3754	1.0
3755	2.0
3770	2.0
3783	3.5
3786	3.0
3788	3.0
3791	3.0
3793	2.0
3794	4.0
3798	2.0
3826	1.0
3844	1.0
3863	2.0
3893	4.0
3910	5.0
3911	4.0
3948	4.0
3949	4.0
3952	3.0
3967	3.0
3983	4.0
3994	2.0
3996	4.0
4002	3.0
4007	3.0
4017	1.0
4021	4.0
4022	3.0
4027	3.0
4034	3.0
4036	3.0
4037	5.0
4041	3.0
4084	3.0
4085	4.0
4128	3.0
4148	3.0
4211	4.0
4218	4.0
4226	5.0
4232	2.0
4246	3.0
4280	5.0
4291	3.0
4296	4.0
4306	4.0
4308	3.0
4333	3.0
4361	4.0
4367	2.0
4378	3.5
4396	3.0
4410	4.0
4427	4.0
4447	4.0
4450	4.0
4465	4.0
4477	2.0
4546	5.0
4558	2.0
4638	3.0
4641	4.0
4642	4.0
4643	2.0
4681	2.0
4705	5.0
4713	4.0
4720	3.0
4723	3.0
4770	2.0
4776	3.0
4809	3.0
4814	3.0
4848	3.0
4865	4.0
4873	2.0
4881	4.0
4886	5.0
4890	3.0
4896	4.0
4903	3.0
4932	3.0
4963	4.0
4971	2.0
4973	4.0
4976	3.0
4980	3.0
4993	5.0
4995	3.0
5013	4.0
5015	4.0
5060	2.0
5065	2.0
5135	3.0
5139	3.0
5171	3.0
5214	2.0
5218	2.0
5222	2.0
5225	3.0
5237	3.0
5247	3.0
5266	3.0
5267	3.0
5293	3.0
5294	3.5
5308	3.0
5339	4.0
5349	4.0
5364	3.0
5377	4.0
5378	3.0
5388	4.0
5417	2.0
5445	4.0
5464	2.0
5502	4.0
5508	3.0
5528	4.0
5548	2.0
5577	4.0
5617	3.5
5630	4.0
5666	3.0
5669	4.0
5679	3.0
5693	5.0
5712	4.0
5772	2.0
5792	3.5
5812	5.0
5816	4.0
5876	3.0
5878	3.5
5902	4.0
5945	4.0
5952	5.0
5956	4.0
5989	3.0
5991	5.0
5992	5.0
5995	3.0
6001	4.0
6059	2.0
6157	1.5
6218	3.5
6235	4.0
6296	4.0
6303	4.0
6333	4.0
6365	2.0
6377	4.5
6385	4.5
6440	3.0
6502	4.0
6534	3.0
6537	4.0
6552	3.5
6565	3.5
6620	3.5
6645	4.5
6659	3.5
6662	3.0
6663	2.0
6711	4.5
6774	4.0
6786	4.5
6807	3.0
6852	3.5
6867	4.5
6870	2.5
6942	3.5
6944	2.5
6947	3.0
6979	3.0
7001	5.0
7023	4.5
7044	4.0
7046	2.5
7060	1.5
7116	4.0
7123	2.5
7139	3.0
7147	3.5
7153	3.5
7158	3.0
7160	4.5
7162	4.0
7215	3.5
7285	4.5
7361	4.0
7373	3.5
7386	2.0
7444	3.5
7619	3.5
7698	2.5
8183	3.0
8368	3.5
8610	2.5
8622	4.5
8623	2.5
8636	4.5
8665	4.0
