1	4.5
2	1.5
17	3.0
19	1.5
21	3.5
32	4.5
34	2.5
39	4.0
45	3.5
47	4.5
48	4.0
50	4.0
110	3.0
111	4.0
123	3.0
132	2.5
150	2.0
151	3.5
153	3.0
158	2.0
165	3.0
169	0.5
185	1.0
186	1.0
196	1.5
198	2.5
199	3.5
208	2.5
215	4.0
231	1.5
235	4.0
253	5.0
256	2.0
260	4.0
261	3.0
293	4.5
296	5.0
300	3.0
305	3.5
306	2.0
307	2.0
308	2.0
316	2.0
318	4.0
337	3.0
342	3.5
344	1.5
345	4.5
353	3.5
355	3.0
356	2.0
357	4.5
364	5.0
367	4.0
368	3.0
370	3.5
378	2.5
382	2.0
410	2.5
434	1.5
440	2.0
454	3.5
455	2.0
457	3.0
480	3.0
481	3.5
485	3.0
500	2.0
509	1.5
520	3.5
527	4.5
539	2.5
541	3.5
550	3.0
551	4.5
552	4.0
555	4.5
586	2.0
588	4.0
590	2.5
592	3.5
593	4.0
594	3.5
595	4.0
597	3.5
608	2.0
648	4.0
733	2.0
778	4.5
780	2.0
783	3.0
784	3.0
788	1.0
832	2.5
838	4.0
858	2.0
899	2.0
901	3.5
902	3.5
903	3.5
904	3.5
908	3.0
910	4.0
912	4.0
913	4.0
914	4.5
918	3.0
919	3.0
920	5.0
922	3.0
923	4.5
924	2.5
933	3.5
940	4.0
945	3.0
953	2.5
955	2.0
1022	3.0
1027	4.0
1028	4.5
1029	4.0
1032	3.0
1035	3.0
1047	4.0
1059	3.5
1073	4.0
1079	3.5
1080	3.5
1088	3.0
1089	4.5
1092	2.5
1094	4.0
1097	2.0
1101	1.5
1125	3.0
1136	3.5
1172	3.5
1193	4.0
1196	5.0
1198	4.0
1200	2.5
1201	5.0
1204	3.5
1206	5.0
1208	2.0
1209	0.5
1210	4.5
1213	5.0
1214	3.5
1219	5.0
1220	4.5
1221	2.0
1222	4.5
1225	3.5
1234	3.5
1246	3.0
1249	4.0
1252	4.5
1258	4.0
1265	3.0
1266	4.5
1269	3.0
1270	4.0
1278	2.5
1282	3.0
1291	4.0
1293	3.0
1307	3.0
1320	4.0
1333	3.0
1339	2.5
1340	3.0
1347	3.0
1354	2.5
1367	3.0
1377	4.0
1380	4.0
1391	4.0
1393	3.5
1407	4.5
1416	3.5
1441	3.5
1466	3.5
1485	1.5
1499	0.5
1517	3.0
1527	4.0
1544	1.5
1562	1.5
1569	1.0
1573	2.5
1580	4.0
1584	4.0
1608	2.5
1617	3.0
1619	3.0
1625	4.0
1627	4.0
1641	4.0
1644	1.0
1653	3.5
1673	4.5
1676	1.5
1680	3.5
1682	5.0
1702	1.0
1704	3.5
1717	3.5
1721	3.0
1729	3.0
1747	3.5
1760	2.5
1772	2.5
1777	1.0
1784	5.0
1801	3.0
1805	3.5
1835	3.5
1882	0.5
1884	3.0
1892	3.5
1907	3.0
1909	3.5
1912	3.5
1917	0.5
1923	3.5
1947	5.0
1954	4.0
1959	3.0
1961	4.5
1982	2.5
2003	3.5
2004	3.0
2006	3.5
2018	3.0
2023	1.5
2025	3.5
2051	3.0
2052	3.0
2053	1.5
2054	3.0
2067	3.0
2076	2.0
2078	3.0
2080	3.0
2081	3.0
2083	4.0
2087	3.0
2093	3.5
2096	3.0
2100	2.5
2107	1.0
2115	4.5
2116	3.0
2124	3.5
2126	3.0
2143	3.0
2174	4.5
2193	3.5
2231	3.5
2232	4.0
2279	2.0
2291	5.0
2318	4.0
2321	3.5
2324	4.0
2329	4.0
2336	4.0
2338	0.5
2340	3.0
2356	3.5
2360	3.0
2378	2.5
2384	1.5
2389	2.5
2394	3.0
2396	3.0
2405	4.0
2424	1.0
2431	2.0
2437	3.5
2455	4.0
2459	4.0
2474	1.5
2490	3.0
2541	3.5
2542	3.5
2567	2.5
2571	4.5
2572	4.5
2594	4.0
2600	3.5
2616	3.0
2617	3.0
2628	1.5
2657	4.0
2671	4.5
2683	3.0
2700	4.0
2701	1.0
2706	3.0
2710	2.5
2712	3.5
2716	3.5
2717	3.0
2724	1.0
2728	3.0
2730	3.5
2746	4.5
2762	4.0
2791	3.5
2795	3.0
2797	2.0
2803	2.0
2805	2.5
2826	2.0
2858	5.0
2890	4.0
2908	3.5
2915	2.5
2952	3.5
2953	2.0
2959	5.0
2978	1.5
2985	3.0
2987	4.0
2997	4.5
3034	4.0
3052	3.0
3081	3.5
3083	3.5
3100	2.0
3147	3.5
3155	2.5
3160	4.5
3168	3.0
3176	3.5
3186	2.5
3198	4.0
3252	2.5
3255	3.0
3257	3.0
3258	2.0
3259	3.5
3264	2.0
3269	2.5
3273	3.0
3275	3.0
3285	2.0
3301	3.0
3317	3.0
3386	2.5
3408	3.0
3418	4.5
3462	3.5
3471	2.0
3481	3.5
3489	4.0
3512	1.5
3534	1.0
3535	4.0
3556	3.0
3569	2.5
3578	2.0
3581	3.5
3617	1.5
3623	0.5
3742	3.0
3785	3.0
3793	3.5
3798	3.5
3825	1.5
3868	3.5
3869	3.5
3882	3.5
3895	1.5
3897	3.5
3910	4.0
3949	5.0
3967	3.5
3977	3.5
3993	4.5
3994	3.0
3996	2.5
4007	2.5
4008	1.5
4011	4.0
4014	4.0
4025	2.0
4027	3.5
4034	2.0
4069	0.5
4091	2.5
4128	3.5
4144	3.5
4148	3.0
4161	2.0
4167	4.0
4223	1.0
4226	4.5
4235	4.5
4239	3.0
4246	4.0
4262	4.0
4299	1.5
4306	2.5
4308	4.5
4356	4.0
4357	4.5
4359	4.0
4361	3.5
4367	2.5
4370	2.0
4388	2.0
4446	1.0
4447	3.0
4487	3.5
4506	3.0
4558	3.5
4720	4.0
4816	4.0
4848	2.0
4857	3.0
4865	3.5
4874	3.5
4878	4.0
4886	3.5
4896	3.0
4963	4.0
4973	2.0
4975	3.0
4993	5.0
4995	3.0
5013	3.0
5015	3.5
5016	3.0
5064	2.0
5128	3.5
5218	3.5
5219	0.5
5225	3.5
5266	3.0
5299	2.0
5308	2.5
5309	3.0
5349	4.0
5377	4.0
5378	3.0
5379	4.5
5418	3.5
5445	3.0
5452	2.0
5459	3.0
5464	3.0
5481	2.0
5508	3.5
5528	3.0
5574	3.0
5617	4.0
5618	5.0
5630	3.5
5673	3.0
5679	4.0
5690	4.0
5693	3.5
5791	3.5
5810	3.0
5816	4.0
5881	3.5
5882	2.5
5902	3.5
5945	4.5
5952	4.0
5954	3.0
5956	1.5
5957	1.5
5970	3.5
5989	4.0
5991	2.0
5992	3.5
5995	4.0
6003	3.5
6006	3.0
6016	4.5
6059	2.5
6187	3.5
6218	3.5
6281	3.5
6286	3.5
6287	0.5
6291	3.5
6305	3.5
6323	2.0
6333	4.0
6365	2.0
6367	4.5
6370	3.0
6377	4.5
6385	2.5
6502	4.5
6503	3.5
6534	3.5
6535	2.0
6539	5.0
6541	2.5
6552	3.0
6564	2.5
6586	3.5
6593	3.0
6662	4.0
6663	3.5
6709	1.5
6711	4.0
6773	4.0
6807	3.0
6874	5.0
6890	3.0
6934	0.5
6942	3.0
6947	5.0
6952	3.0
6953	4.0
7008	3.0
7022	5.0
7034	3.5
7060	2.5
7064	4.0
7090	1.0
7139	4.0
7143	3.0
7147	4.0
7149	2.0
7151	2.5
7153	4.0
7154	2.5
7160	4.0
7162	3.5
7164	4.0
7173	2.0
7254	3.5
7323	4.0
7347	3.0
7360	1.5
7361	4.5
7371	3.5
7373	3.5
7380	4.0
7387	2.0
7438	5.0
7451	2.5
7458	3.0
7701	2.0
7981	4.0
8360	3.5
8368	4.0
8373	2.5
8622	2.0
8636	3.5
8644	3.5
8645	3.5
8783	2.5
8798	3.5
8865	2.0
8873	3.5
8874	3.5
8917	3.5
8949	2.0
8950	4.0
8969	3.0
8970	3.0
8973	4.5
8981	4.0
8984	3.5
26662	3.5
26680	4.0
27266	2.0
27317	0.5
27592	3.5
27706	4.0
27727	4.5
27731	3.0
27773	3.5
27808	3.5
30749	4.0
30793	4.0
30816	3.5
30822	1.5
31410	4.0
31658	4.5
31696	1.5
31878	3.5
32587	4.5
33004	4.0
33162	3.0
33166	3.5
33171	4.5
33493	3.0
33660	2.0
33679	2.5
33794	3.5
33836	2.5
34150	1.0
34405	3.5
35957	2.0
36517	3.0
37729	3.5
37733	3.0
37741	3.5
38061	4.0
38798	4.0
39183	4.0
40629	3.5
40815	4.0
40819	3.5
40826	4.0
41566	3.5
41569	3.0
41571	2.5
41716	3.5
42002	4.0
42004	4.5
42007	2.5
42418	0.5
42632	4.0
43376	4.5
44022	2.5
44191	3.5
44195	4.0
44665	3.5
44694	4.0
44972	3.0
45028	3.0
45186	3.0
45447	1.5
45499	4.0
45720	1.5
45722	4.0
46578	4.5
46723	4.5
46965	3.5
46976	3.5
47610	3.5
48142	3.0
48394	4.0
48516	4.0
48738	4.0
48780	4.0
48997	4.0
49272	4.0
49530	3.0
50872	4.5
51255	3.5
51662	2.0
52281	4.0
52328	3.5
52722	3.5
52973	3.0
52975	4.0
53000	3.0
53123	4.0
53125	4.0
53519	3.5
54001	3.5
54259	3.5
54272	3.5
54995	4.5
54999	4.0
55069	3.5
55247	3.5
55269	2.0
55363	3.0
55442	3.5
55765	4.0
55820	4.0
55830	3.0
55995	1.5
56152	3.5
56171	3.5
56339	4.0
56367	3.5
56757	4.5
56782	3.5
56788	3.0
58295	3.5
58303	3.5
58559	3.5
59315	3.5
59501	3.5
59615	2.5
59725	1.5
60069	3.5
60397	3.0
60760	3.0
61236	4.0
61323	3.5
62394	1.5
63082	5.0
63853	2.0
63876	3.5
63992	2.5
64622	4.5
64957	3.0
64983	2.0
65130	4.0
65682	2.0
67255	3.5
68073	3.5
68157	4.0
68554	2.0
68954	3.5
69122	3.0
69481	4.0
69640	3.5
69644	3.5
69757	4.0
69784	4.0
69844	3.5
69951	3.5
70286	4.5
71535	4.0
71579	4.0
71745	4.5
72011	3.5
72395	3.5
72731	3.0
72998	2.0
73017	3.5
73323	3.5
74458	4.0
74545	4.0
74789	3.5
76251	3.0
77561	3.0
77866	3.0
78105	3.5
78499	4.0
79132	4.5
79185	3.5
79357	4.0
80463	3.5
81591	4.5
81834	4.0
82202	4.0
86882	4.5
87485	3.0
88125	3.5
97938	4.0
98154	3.5
98809	3.5
99114	4.5
