1	3.5
2	2.0
6	2.0
10	2.0
19	2.0
21	3.0
22	3.0
25	3.0
32	4.5
34	2.0
36	4.0
47	4.5
50	4.5
70	3.0
95	2.0
104	3.5
110	3.5
111	4.5
150	3.0
161	3.5
175	3.5
180	3.5
185	3.0
196	1.0
208	1.0
231	3.0
256	1.0
260	4.0
293	4.0
296	4.0
318	5.0
337	4.0
344	2.0
346	3.5
356	5.0
357	3.5
364	3.0
367	3.0
377	3.0
380	2.0
420	1.5
434	2.5
435	0.5
455	2.5
457	3.5
468	2.5
480	3.0
481	3.0
500	2.0
522	3.5
527	4.0
539	3.5
540	2.0
553	3.0
555	3.0
588	2.5
589	3.0
590	3.0
592	3.0
593	4.5
597	3.0
608	3.5
648	3.0
665	4.0
733	2.5
736	1.0
750	4.0
765	2.5
778	4.0
780	2.5
784	2.5
785	2.0
799	3.0
802	2.0
805	3.0
858	5.0
902	3.5
903	3.5
904	4.0
908	4.0
924	3.5
968	3.5
1035	2.5
1036	3.0
1047	3.0
1059	1.5
1061	4.0
1079	3.5
1080	4.0
1089	4.5
1090	4.0
1092	2.5
1097	3.5
1100	2.5
1101	2.5
1136	4.0
1148	3.5
1193	4.0
1196	3.5
1198	3.0
1200	3.5
1204	3.5
1206	4.5
1208	4.0
1213	4.0
1214	3.5
1219	4.0
1221	3.0
1222	4.0
1227	4.0
1233	3.0
1235	3.0
1241	3.5
1246	4.0
1250	3.0
1255	4.0
1258	4.5
1263	4.5
1265	4.5
1270	3.0
1287	2.5
1288	4.0
1291	3.0
1299	3.0
1300	3.5
1307	3.5
1320	2.0
1333	4.0
1342	2.5
1350	3.0
1370	3.5
1380	3.0
1381	1.5
1385	1.5
1387	3.5
1388	2.5
1391	2.0
1407	4.0
1438	2.0
1464	4.0
1466	3.5
1483	2.5
1499	2.0
1515	2.5
1517	3.0
1527	2.0
1542	2.5
1544	1.5
1552	2.0
1573	2.5
1580	2.5
1603	2.0
1608	2.0
1610	3.5
1615	2.5
1617	2.5
1619	3.0
1625	3.0
1644	2.0
1658	2.5
1673	4.0
1676	2.5
1680	2.5
1682	5.0
1693	3.0
1704	4.0
1707	1.5
1717	2.5
1721	3.5
1722	2.0
1729	3.0
1732	4.0
1747	3.5
1760	1.0
1777	2.0
1784	3.5
1792	2.5
1801	2.5
1805	3.0
1876	1.5
1884	3.5
1892	3.0
1917	3.0
1923	3.5
1954	3.5
1982	3.5
1983	2.5
1984	2.0
1994	3.0
2000	3.0
2001	3.0
2002	2.5
2003	3.0
2005	3.0
2006	2.0
2019	4.0
2023	3.0
2028	2.0
2060	2.5
2068	3.5
2081	2.5
2082	1.5
2107	2.5
2117	3.5
2120	3.0
2126	2.5
2159	3.0
2166	3.5
2167	0.5
2232	3.0
2273	1.5
2279	2.0
2291	3.5
2294	3.5
2313	3.5
2321	3.5
2324	4.0
2325	3.5
2329	4.5
2335	2.5
2337	3.5
2353	2.5
2355	3.5
2366	2.5
2378	3.5
2389	3.0
2396	1.5
2402	2.0
2403	3.5
2404	2.0
2407	3.0
2409	3.0
2410	3.0
2411	3.0
2412	2.5
2420	3.0
2427	2.5
2455	3.0
2459	3.5
2460	1.0
2470	2.5
2485	2.5
2502	3.5
2505	3.0
2517	2.5
2529	4.5
2542	4.0
2567	3.0
2571	4.5
2605	2.5
2606	3.0
2617	1.5
2640	3.0
2657	3.5
2662	2.5
2671	4.0
2683	2.5
2706	3.0
2710	3.0
2712	2.5
2716	3.0
2719	1.5
2722	1.0
2728	3.5
2729	4.0
2730	4.0
2762	4.0
2797	3.0
2805	2.5
2808	2.0
2843	3.0
2858	4.0
2863	2.0
2950	2.0
2953	2.0
2959	5.0
2976	3.0
2995	2.5
2997	4.5
3006	3.5
3020	3.5
3114	3.0
3147	2.5
3148	2.5
3160	4.0
3168	3.5
3174	4.0
3176	3.0
3178	3.5
3249	3.0
3250	3.0
3253	3.5
3257	2.0
3273	2.5
3275	3.5
3285	3.0
3386	3.0
3408	3.0
3418	3.5
3448	3.5
3461	3.5
3481	3.5
3499	3.5
3535	4.0
3551	4.0
3556	2.5
3578	3.0
3623	2.5
3624	3.0
3654	3.5
3717	2.5
3735	3.5
3752	2.5
3785	2.5
3825	1.0
3882	2.5
3897	4.0
3910	3.5
3949	3.5
3967	4.0
3996	3.5
3999	1.5
4007	3.0
4011	3.5
4015	2.5
4022	3.5
4034	3.5
4084	2.5
4085	2.5
4105	3.5
4148	2.5
4161	2.5
4210	3.5
4223	2.5
4226	4.0
4246	3.5
4262	3.0
4306	3.5
4308	3.0
4388	2.0
4508	3.0
4638	1.5
4643	3.5
4701	2.5
4718	1.5
4720	3.0
4754	2.5
4776	2.5
4816	3.0
4848	4.0
4865	3.0
4878	3.5
4963	3.5
4973	4.0
4979	4.0
4993	4.0
4995	3.0
5010	1.5
5040	2.0
5049	2.5
5294	4.0
5349	2.0
5377	3.5
5385	4.0
5418	4.0
5445	2.0
5481	2.0
5502	2.0
5508	3.5
5669	4.5
5679	3.0
5785	3.0
5816	3.0
5833	3.0
5902	4.0
5952	4.0
6016	4.0
6242	3.0
6291	4.0
6350	3.0
6365	3.0
6373	3.0
6379	3.0
6539	2.5
6550	2.5
6707	2.5
6711	4.5
6807	4.0
6863	2.0
6867	3.5
6870	3.0
6880	3.0
6934	3.0
6942	3.5
6979	2.5
7004	3.0
7022	3.0
7147	4.0
7153	4.0
7254	3.5
7293	2.0
7317	2.0
7361	4.5
7502	4.5
7836	4.0
8340	3.5
8360	3.5
8376	3.5
8464	4.0
8528	1.0
8529	3.0
8622	3.5
8636	1.5
8641	3.5
8665	3.0
8783	2.5
8784	3.5
8873	3.0
8917	4.0
8949	4.0
8950	2.5
8957	3.5
8969	2.5
8972	2.5
8981	3.5
8984	3.0
27317	3.0
27773	4.0
27831	3.5
27838	3.0
27839	2.5
30793	3.0
30810	4.0
30812	2.5
31658	3.5
32587	3.5
32598	2.5
33004	3.0
33166	3.0
33679	1.0
33794	3.5
34150	1.5
34162	3.0
34319	1.5
34542	3.0
35836	3.0
36517	2.5
37741	3.5
39183	4.0
39446	3.0
40581	2.5
40819	3.5
41285	3.0
41569	3.5
41573	2.5
41997	2.5
42011	4.0
42723	3.0
44199	3.5
44974	3.5
45210	3.0
45447	2.5
45672	2.0
45726	2.5
46723	3.5
46970	3.0
46976	4.5
47200	3.0
47999	3.5
48304	3.5
48385	3.5
48516	3.5
48877	3.0
49286	2.5
49530	3.0
51540	4.0
51662	3.0
52245	3.0
52458	3.0
52952	4.5
52973	3.5
53129	4.0
53464	2.5
53519	3.5
53894	3.5
53993	2.5
53996	2.5
54190	2.0
54272	3.0
54286	3.0
54503	3.5
54881	4.0
54995	3.0
55247	2.5
55276	3.0
55290	3.5
55363	3.0
55577	2.5
55721	4.0
55765	3.5
55820	4.5
55830	3.0
56174	3.0
56339	4.0
56367	4.0
56782	4.0
57274	2.5
57368	2.5
57528	2.5
57669	3.5
58103	3.0
58293	1.0
58559	4.0
58998	3.5
60397	2.0
61132	3.0
61236	3.5
61240	4.0
61323	3.0
62434	2.5
62511	3.5
63082	3.0
63876	3.5
64839	3.5
64969	2.5
65130	3.5
67087	2.5
67255	3.5
68073	3.5
68157	4.5
68237	4.0
68954	3.5
69122	3.0
69481	3.0
69784	3.0
70286	3.5
71379	3.0
71520	3.0
71535	3.5
72998	3.5
73017	3.5
73023	4.0
73323	3.0
74458	3.0
74510	3.0
74545	3.5
76251	4.0
78499	4.0
78574	2.5
79132	4.5
79592	3.0
79702	2.5
80463	4.5
80549	2.5
81537	3.0
81591	3.0
81932	3.5
83134	4.0
83349	3.0
84392	3.5
84601	3.0
84772	3.0
84954	3.5
85131	2.5
85414	4.0
86190	2.5
86833	3.0
86882	3.0
87869	3.0
89864	3.5
90746	3.5
91077	3.5
91529	4.0
91535	2.5
91658	3.0
93840	3.0
95441	3.0
96079	3.5
103228	3.0
104374	3.5
104879	3.5
105844	4.0
106782	4.0
108932	3.5
112556	4.0
