1	2.5
2	2.5
3	1.0
4	3.0
5	1.5
6	3.0
10	2.5
11	1.0
12	1.5
15	1.0
16	1.5
18	2.0
19	2.0
20	1.5
21	2.0
22	3.0
24	2.0
25	2.5
26	3.0
27	3.0
29	4.0
31	3.0
32	4.5
34	2.5
36	3.0
39	2.5
41	3.0
42	2.0
44	1.5
45	3.0
46	2.0
47	4.0
48	2.0
50	4.0
52	1.5
57	2.5
58	1.5
60	3.0
62	3.0
63	1.5
64	1.0
65	1.0
70	3.0
74	3.0
78	3.5
79	2.5
81	2.5
82	3.5
86	2.0
89	2.5
92	3.0
94	3.0
95	2.0
100	3.0
104	2.5
105	0.5
107	1.5
110	4.0
111	3.5
112	2.0
117	2.5
123	4.0
126	2.5
135	1.0
140	2.5
141	3.0
144	2.5
145	1.5
147	3.0
149	4.0
150	2.0
151	2.5
153	2.5
156	3.5
158	2.0
159	3.0
160	1.0
161	2.5
162	3.5
163	3.5
164	1.5
165	3.0
168	2.0
170	3.0
171	3.0
172	2.0
173	1.5
175	3.5
176	3.5
180	4.0
182	2.5
185	1.5
186	1.0
188	2.0
193	0.5
194	3.5
195	2.0
196	2.0
198	4.5
203	1.5
206	2.0
208	0.5
215	4.0
216	2.0
218	2.5
222	3.5
223	4.5
224	3.0
225	2.5
229	3.5
231	0.5
232	3.0
235	4.0
236	2.0
242	3.5
246	2.0
247	3.5
248	1.5
249	3.0
252	1.5
253	2.5
256	2.0
260	4.0
261	2.0
262	3.0
265	3.0
266	1.5
271	2.5
272	3.5
273	2.5
275	1.5
277	2.5
280	3.0
282	2.5
288	3.0
289	2.5
290	3.5
292	3.0
293	3.0
296	3.5
299	4.0
300	3.0
302	4.0
303	4.0
305	1.5
306	4.0
307	4.0
308	3.5
313	2.0
314	3.5
316	3.5
317	2.0
318	3.5
319	3.5
322	2.5
327	1.5
328	3.0
329	2.5
332	3.0
337	4.0
338	1.5
339	2.0
342	2.0
343	1.5
344	2.5
345	2.5
346	2.0
347	3.5
348	1.5
349	3.0
350	2.5
351	2.5
353	2.5
355	2.0
356	1.0
357	4.0
358	3.0
360	1.5
361	3.0
362	2.0
363	4.0
364	2.0
366	3.0
367	2.0
368	2.5
369	4.0
370	1.0
372	3.0
373	2.5
374	2.0
377	2.0
378	2.0
379	2.0
380	3.0
381	3.0
382	3.0
383	3.0
387	2.5
393	1.0
405	0.5
407	4.5
408	1.0
410	2.0
412	2.5
413	2.5
415	1.0
416	3.0
419	1.0
420	1.5
422	1.5
423	3.0
427	0.5
431	3.5
432	1.5
434	1.0
435	2.0
436	1.0
440	3.0
441	3.0
442	1.0
444	2.5
446	3.0
448	3.5
450	3.0
452	2.5
454	2.5
455	1.0
456	3.0
457	2.5
461	3.5
466	1.5
467	2.0
468	3.0
471	4.0
474	2.5
475	4.0
477	1.5
480	3.0
481	2.5
482	2.5
485	3.0
492	1.0
497	3.0
500	3.0
501	4.5
502	1.0
505	2.5
506	3.0
507	3.5
508	2.5
509	3.5
514	3.0
515	3.5
518	2.0
520	3.0
521	3.0
522	3.5
527	3.0
529	3.0
531	2.0
533	1.0
534	3.5
535	2.5
537	3.5
538	3.5
539	1.5
540	1.5
541	4.0
542	0.5
543	4.5
548	1.5
550	2.0
551	4.0
552	3.0
553	3.0
555	3.0
562	4.0
565	3.5
575	1.0
581	3.5
585	2.0
586	2.0
587	3.0
588	2.5
589	2.5
590	1.5
592	3.0
593	3.5
594	2.5
595	3.0
596	2.5
597	3.0
605	2.0
608	4.5
612	1.5
613	2.5
616	3.0
619	1.0
628	2.5
637	1.0
640	2.0
647	2.0
648	2.0
653	2.0
661	2.5
671	1.0
673	2.0
674	3.0
678	4.0
688	0.5
691	1.5
707	3.5
708	2.5
711	2.0
714	4.5
720	3.5
724	1.5
725	2.0
728	3.5
733	2.0
736	2.0
737	0.5
741	3.0
742	1.5
745	3.0
762	1.0
765	1.5
778	3.5
780	1.0
781	3.5
782	2.0
783	2.0
784	1.5
785	3.0
786	1.0
788	1.5
798	1.5
799	3.0
800	4.0
801	1.0
802	3.0
804	2.0
805	2.5
818	2.0
829	1.0
830	2.5
832	3.0
833	1.0
837	3.0
842	2.5
849	3.0
851	3.5
852	2.0
858	3.0
866	2.5
879	1.5
880	2.0
886	3.0
892	3.5
897	3.0
899	3.0
902	3.5
903	3.5
904	4.0
908	4.5
910	3.5
912	4.5
914	2.5
919	2.5
920	3.0
921	3.5
923	4.5
924	1.5
943	3.5
948	3.5
952	3.5
953	2.5
968	2.5
986	1.5
991	3.0
994	3.0
996	3.0
1004	1.5
1006	3.0
1008	2.0
1010	1.5
1011	2.0
1013	3.0
1015	2.5
1016	2.0
1019	2.0
1020	3.0
1022	1.5
1025	3.0
1027	2.5
1028	3.0
1029	3.0
1030	1.5
1031	3.0
1032	2.5
1033	3.0
1035	3.5
1036	3.5
1037	2.0
1041	3.0
1042	1.5
1046	3.5
1047	2.0
1049	2.0
1056	2.5
1057	1.5
1059	3.0
1060	2.5
1061	3.5
1073	4.0
1077	0.5
1079	3.5
1080	3.5
1081	2.5
1082	3.0
1084	2.5
1088	3.0
1089	3.5
1090	3.5
1091	1.5
1092	2.5
1093	3.0
1094	3.5
1095	3.0
1096	2.0
1097	3.0
1100	2.0
1101	3.0
1103	2.5
1104	3.5
1105	1.0
1113	2.5
1120	3.0
1124	2.0
1125	3.0
1126	3.0
1127	2.5
1128	1.5
1129	3.0
1130	2.5
1131	3.0
1135	1.5
1136	4.0
1148	4.0
1150	3.0
1161	3.5
1171	4.0
1172	4.5
1173	4.5
1175	4.0
1176	4.0
1177	3.0
1179	3.5
1183	1.0
1184	3.0
1185	3.5
1186	3.5
1188	2.0
1190	3.5
1191	2.5
1193	4.0
1196	3.0
1197	3.5
1198	4.0
1199	4.5
1200	3.5
1201	3.5
1202	3.5
1203	3.5
1204	4.0
1206	4.5
1207	3.5
1208	4.0
1210	3.0
1211	4.5
1213	3.5
1214	3.5
1215	3.5
1217	4.0
1218	1.0
1219	3.5
1220	3.5
1221	3.5
1222	3.5
1223	3.5
1224	4.0
1225	3.5
1227	4.5
1228	2.5
1230	0.5
1231	3.0
1233	4.5
1234	3.5
1236	5.0
1237	4.5
1240	3.5
1241	2.5
1242	3.0
1243	4.5
1244	0.5
1245	4.5
1246	4.0
1247	3.5
1249	4.0
1250	2.0
1252	3.5
1253	3.0
1255	3.5
1256	0.5
1257	3.5
1258	4.5
1259	4.0
1261	4.0
1262	2.5
1263	3.5
1265	3.5
1266	4.0
1268	3.5
1269	3.0
1270	3.0
1271	3.0
1273	3.5
1274	4.0
1275	3.5
1276	0.5
1277	3.0
1278	3.0
1279	3.5
1280	3.0
1282	1.5
1283	2.5
1284	3.0
1285	3.5
1287	3.0
1288	4.0
1289	1.5
1290	3.0
1291	4.0
1293	3.0
1296	3.0
1297	2.0
1298	2.5
1300	4.0
1301	3.0
1302	2.0
1303	4.0
1304	3.0
1305	4.5
1306	4.5
1307	3.0
1320	3.0
1321	4.0
1327	2.5
1330	3.0
1332	3.5
1333	3.0
1334	2.0
1339	3.0
1340	3.5
1342	4.0
1343	3.5
1344	3.5
1345	3.5
1347	3.0
1348	3.5
1350	4.5
1353	1.5
1354	3.5
1356	3.0
1357	3.0
1358	3.5
1359	1.5
1366	1.5
1367	2.5
1370	3.0
1371	1.5
1372	1.5
1373	3.0
1374	1.5
1375	1.5
1376	2.0
1377	3.0
1378	3.5
1379	3.0
1380	3.5
1381	1.0
1382	1.5
1385	2.0
1387	3.5
1388	2.0
1390	2.0
1391	2.0
1393	1.5
1394	4.0
1395	2.5
1396	3.0
1405	2.5
1407	3.5
1408	2.5
1409	2.5
1411	4.0
1416	2.0
1417	2.5
1422	2.5
1425	2.5
1429	2.5
1438	3.0
1441	3.0
1449	3.0
1453	1.0
1454	3.0
1457	3.5
1459	2.0
1461	1.0
1464	4.5
1466	3.5
1476	1.5
1480	3.5
1483	3.0
1485	2.5
1488	2.5
1498	2.5
1499	1.5
1500	4.0
1513	3.0
1515	2.0
1517	3.5
1518	3.0
1526	1.5
1527	3.0
1541	2.0
1542	3.0
1544	1.5
1552	1.5
1554	3.5
1556	1.0
1562	2.5
1566	1.5
1569	2.5
1573	1.5
1580	3.5
1584	2.5
1586	0.5
1587	3.0
1588	1.5
1589	2.5
1590	1.0
1591	1.5
1592	1.0
1593	2.5
1594	3.5
1597	3.0
1600	3.5
1601	3.5
1603	2.5
1605	2.0
1608	0.5
1609	2.5
1610	3.0
1611	4.0
1614	2.5
1617	3.0
1620	3.5
1625	3.0
1627	4.0
1629	1.5
1633	3.0
1635	4.5
1639	4.0
1641	3.0
1643	3.5
1644	1.5
1645	3.0
1653	3.5
1655	1.0
1658	2.5
1663	3.5
1665	1.5
1672	3.0
1673	3.0
1674	3.5
1676	3.5
1678	2.5
1680	2.5
1682	4.5
1686	3.0
1687	1.5
1688	2.0
1690	2.0
1694	3.0
1699	4.5
1701	0.5
1702	2.0
1703	1.5
1704	3.5
1711	3.5
1713	1.0
1717	3.0
1719	2.5
1721	2.0
1722	2.0
1729	3.0
1730	1.5
1732	4.0
1734	4.0
1747	2.5
1748	4.0
1754	3.0
1760	1.0
1762	1.0
1772	1.5
1777	2.5
1779	1.5
1784	2.0
1785	2.5
1792	2.5
1794	3.5
1799	2.5
1801	2.0
1804	2.5
1805	1.5
1806	1.5
1810	2.0
1821	3.0
1831	2.0
1833	3.0
1835	1.0
1836	2.0
1848	3.0
1855	1.5
1862	1.0
1863	1.5
1866	3.0
1876	2.0
1882	0.5
1883	3.5
1884	3.5
1885	3.5
1888	1.5
1889	4.5
1892	2.0
1894	1.5
1895	1.5
1904	3.5
1907	2.0
1909	3.0
1911	1.5
1913	2.5
1916	3.5
1917	0.5
1919	3.0
1920	2.0
1923	3.0
1924	2.0
1927	1.5
1941	3.0
1944	3.5
1945	3.5
1947	2.0
1948	3.5
1951	4.0
1952	3.5
1953	3.0
1954	2.5
1955	3.0
1956	1.5
1957	2.5
1958	3.5
1959	1.5
1960	2.0
1961	3.5
1962	2.0
1964	3.0
1965	2.5
1967	3.5
1968	3.5
1969	2.0
1970	0.5
1971	0.5
1972	1.0
1973	2.5
1974	2.5
1976	2.0
1977	2.0
1978	0.5
1979	2.0
1981	0.5
1982	3.0
1983	1.5
1991	3.0
1992	2.0
1993	2.5
1994	3.0
1995	2.5
1996	3.0
1997	4.0
1998	2.5
1999	2.5
2000	1.5
2001	2.0
2002	1.0
2003	3.0
2004	0.5
2005	3.0
2006	2.0
2009	3.5
2010	4.5
2011	3.0
2012	2.5
2013	2.5
2014	2.5
2015	1.5
2018	3.5
2019	4.0
2020	4.5
2021	1.5
2022	3.0
2023	3.0
2025	1.5
2026	2.5
2028	3.0
2033	3.5
2042	1.0
2046	2.5
2050	0.5
2051	1.5
2052	1.5
2053	1.0
2054	2.0
2057	3.0
2059	1.5
2060	1.5
2064	4.0
2065	3.5
2067	3.0
2071	4.0
2072	1.5
2076	3.5
2078	3.0
2080	3.0
2081	1.0
2082	1.5
2083	3.0
2085	2.5
2087	3.0
2088	2.0
2089	1.0
2090	2.5
2094	2.5
2096	2.5
2097	3.0
2100	2.0
2102	2.5
2105	3.0
2107	1.5
2108	2.0
2109	2.5
2110	3.0
2111	1.0
2112	2.0
2114	4.0
2115	3.5
2116	3.0
2117	3.0
2118	4.0
2120	2.0
2121	3.0
2122	3.0
2123	1.5
2124	2.5
2125	3.0
2126	2.0
2134	2.5
2135	3.5
2136	1.0
2137	4.5
2138	3.5
2140	3.5
2141	1.5
2142	2.0
2143	3.0
2144	2.5
2145	3.0
2146	4.0
2148	2.5
2150	2.0
2151	1.0
2153	1.0
2154	2.5
2159	2.5
2160	2.5
2161	4.0
2162	2.5
2167	1.0
2169	1.5
2173	3.5
2174	3.5
2186	4.0
2188	3.5
2193	3.0
2194	3.0
2208	3.5
2231	3.0
2232	2.5
2236	2.5
2241	2.5
2243	2.5
2245	2.0
2247	2.5
2248	3.5
2249	2.5
2252	2.5
2253	2.5
2261	3.0
2262	2.5
2263	3.5
2266	3.0
2268	3.0
2269	2.0
2272	3.0
2278	3.0
2279	2.5
2280	3.5
2288	4.0
2289	3.0
2291	4.0
2294	2.5
2296	2.5
2297	1.0
2301	2.0
2302	2.5
2311	1.5
2312	2.0
2313	3.0
2315	2.5
2318	4.0
2320	3.0
2321	3.0
2324	3.0
2325	1.0
2327	3.0
2329	4.0
2333	3.5
2335	2.0
2336	3.5
2338	1.5
2340	2.5
2346	3.0
2348	3.5
2349	3.5
2352	2.5
2353	1.5
2354	3.0
2355	3.5
2356	1.0
2359	3.0
2366	3.0
2367	2.5
2369	1.0
2370	2.0
2371	1.5
2372	1.5
2373	2.5
2375	3.0
2376	2.5
2378	2.5
2379	2.5
2380	1.5
2381	1.5
2382	1.0
2383	0.5
2384	2.0
2387	3.0
2389	1.5
2390	2.5
2391	4.0
2393	2.0
2394	2.5
2395	3.0
2396	3.0
2398	3.0
2399	1.5
2402	1.5
2403	1.5
2404	1.5
2405	2.5
2406	2.5
2407	2.0
2408	2.0
2409	2.0
2410	1.0
2411	2.0
2412	1.0
2413	4.0
2414	3.5
2418	1.5
2420	3.0
2421	2.5
2422	2.0
2424	2.0
2427	2.0
2428	1.5
2429	1.0
2431	3.0
2432	2.5
2433	1.5
2435	3.5
2437	3.0
2442	3.0
2447	3.5
2448	1.0
2451	1.5
2453	2.5
2454	2.0
2455	1.5
2456	1.5
2457	2.0
2458	1.5
2459	1.5
2463	1.5
2467	3.5
2468	2.0
2469	1.5
2470	1.5
2471	1.5
2474	2.5
2478	2.5
2485	2.0
2490	3.0
2496	2.5
2500	0.5
2501	3.5
2502	3.5
2504	2.0
2505	3.0
2506	2.0
2513	3.5
2514	0.5
2519	3.5
2520	3.0
2521	3.0
2524	3.0
2529	2.5
2531	1.5
2533	1.0
2539	2.5
2540	3.0
2541	3.5
2542	4.0
2549	1.0
2551	2.0
2553	3.0
2554	3.0
2560	4.5
2565	2.5
2567	2.5
2571	2.5
2572	3.5
2580	3.0
2581	2.5
2598	3.5
2599	3.5
2600	2.0
2606	1.5
2611	3.5
2616	1.5
2617	2.5
2618	3.5
2622	3.0
2628	1.0
2640	2.0
2641	2.5
2642	2.0
2643	1.0
2644	3.0
2648	3.0
2657	4.0
2662	3.5
2671	3.0
2672	3.0
2677	2.0
2683	3.0
2688	2.5
2690	3.5
2692	3.5
2693	1.5
2694	2.5
2699	2.5
2700	3.0
2701	1.5
2702	3.0
2706	3.0
2707	3.0
2709	3.0
2710	1.5
2712	1.0
2713	2.5
2716	3.5
2717	3.0
2718	3.0
2719	2.5
2720	1.0
2722	0.5
2723	3.5
2724	1.5
2728	3.0
2729	3.0
2730	3.0
2734	3.0
2735	3.0
2739	3.0
2746	2.5
2747	4.0
2752	2.0
2759	2.5
2761	2.5
2762	3.5
2770	2.0
2771	2.0
2772	3.0
2779	2.5
2782	3.0
2787	2.0
2788	3.5
2789	3.5
2791	3.0
2792	2.5
2793	3.0
2794	1.5
2795	3.5
2796	1.5
2797	2.5
2802	1.5
2803	3.0
2804	3.5
2805	2.0
2806	1.5
2808	1.5
2810	3.5
2822	2.0
2827	2.5
2840	3.0
2841	3.5
2846	1.5
2857	3.0
2858	4.0
2862	2.5
2863	2.0
2867	3.0
2871	4.0
2872	3.5
2875	3.5
2881	3.0
2889	3.0
2890	4.0
2891	3.0
2899	3.0
2906	1.5
2912	3.0
2915	3.0
2916	3.5
2917	3.5
2918	4.0
2919	3.0
2922	3.5
2924	3.0
2926	2.0
2927	3.5
2940	3.0
2942	2.0
2943	2.5
2946	3.5
2947	2.5
2948	2.5
2949	3.0
2950	2.5
2951	2.5
2953	1.0
2959	4.0
2961	2.5
2968	3.0
2970	2.5
2973	0.5
2976	3.5
2978	2.0
2985	2.5
2986	1.5
2987	2.0
2989	2.5
2990	2.5
2991	2.5
2993	2.5
2995	2.5
2997	5.0
3005	3.5
3016	3.0
3017	2.5
3019	3.0
3020	3.0
3024	2.0
3033	3.5
3034	2.5
3039	2.0
3040	3.5
3044	3.5
3045	3.0
3051	3.0
3052	4.5
3053	1.5
3060	3.0
3063	2.0
3071	3.0
3072	2.5
3077	3.0
3081	4.0
3082	2.5
3083	3.0
3087	3.0
3088	3.5
3089	4.0
3098	2.5
3100	1.5
3101	3.0
3104	2.5
3105	3.0
3107	2.5
3108	2.5
3113	2.5
3114	1.5
3130	2.5
3142	3.5
3146	1.0
3147	3.0
3148	3.5
3152	3.5
3153	3.5
3155	3.0
3156	1.5
3157	3.5
3159	1.0
3168	4.0
3169	2.5
3173	3.0
3174	3.5
3175	3.0
3176	3.0
3178	2.5
3185	3.0
3186	3.0
3194	1.0
3197	3.0
3198	0.5
3201	3.0
3203	2.0
3206	3.0
3208	1.5
3210	4.0
3219	2.0
3238	3.5
3243	2.5
3244	3.5
3246	2.5
3247	1.5
3249	1.5
3250	1.5
3251	3.0
3252	3.0
3253	3.0
3254	2.5
3255	3.0
3256	2.0
3257	1.5
3258	2.0
3259	1.0
3260	3.0
3261	3.0
3262	3.5
3263	1.5
3264	3.0
3265	2.0
3266	2.5
3267	3.5
3268	1.0
3269	2.0
3271	2.0
3272	2.0
3273	2.5
3274	2.0
3275	3.0
3285	2.0
3296	3.5
3298	2.0
3300	1.5
3301	2.5
3316	1.5
3317	3.0
3324	2.0
3328	1.5
3342	3.0
3355	3.5
3361	2.0
3362	3.0
3363	3.0
3386	1.5
3387	1.0
3388	1.5
3391	0.5
3392	1.5
3394	1.5
3396	3.5
3397	2.5
3398	2.0
3408	2.5
3409	2.5
3418	2.0
3421	2.5
3424	2.0
3429	3.5
3435	3.5
3436	2.0
3438	1.5
3439	0.5
3441	3.0
3448	3.0
3450	1.5
3452	2.5
3461	4.0
3466	3.0
3468	3.0
3471	3.0
3476	4.0
3477	2.5
3478	2.5
3479	3.0
3481	4.0
3484	2.0
3489	2.5
3498	3.5
3499	3.5
3500	1.0
3504	3.0
3505	2.5
3508	2.0
3510	3.0
3512	2.5
3515	2.5
3521	3.5
3524	2.0
3525	2.0
3526	3.5
3527	3.0
3528	1.5
3534	3.0
3535	1.0
3536	2.5
3538	2.5
3546	3.5
3550	3.5
3551	2.0
3552	2.0
3556	4.5
3557	3.0
3564	1.0
3578	2.5
3581	3.0
3591	2.5
3593	0.5
3598	3.5
3608	2.5
3616	2.0
3617	2.5
3623	2.0
3624	2.5
3633	2.5
3635	2.5
3639	2.5
3646	1.0
3649	2.5
3653	1.5
3668	4.0
3671	2.5
3672	1.5
3676	4.0
3677	1.0
3681	2.5
3683	4.5
3684	3.0
3685	2.0
3686	3.5
3688	1.5
3689	1.5
3690	2.0
3693	1.0
3697	3.0
3698	3.0
3699	3.5
3701	2.0
3702	3.5
3703	3.0
3704	2.5
3705	1.5
3706	3.5
3707	2.5
3708	3.5
3709	1.5
3710	1.0
3712	2.5
3717	2.0
3723	4.0
3726	3.5
3728	2.5
3729	3.0
3735	3.5
3740	3.0
3744	3.0
3745	2.5
3751	3.0
3752	2.0
3753	2.5
3755	2.5
3763	2.5
3764	1.5
3766	2.0
3769	3.0
3773	0.5
3785	1.0
3786	2.5
3791	3.0
3793	3.5
3798	3.0
3802	1.5
3809	2.0
3811	2.0
3812	0.5
3819	3.0
3821	0.5
3825	1.5
3826	2.0
3827	2.5
3835	2.0
3841	2.0
3844	2.5
3861	2.5
3863	2.0
3864	0.5
3868	2.0
3869	2.0
3871	1.5
3882	3.0
3893	2.5
3896	3.0
3897	3.0
3910	4.0
3915	1.0
3916	1.5
3917	3.5
3927	2.5
3946	1.5
3947	0.5
3948	2.5
3967	2.5
3968	3.0
3969	2.0
3973	1.5
3977	2.0
3978	1.5
3979	1.5
3984	2.0
3987	1.5
3988	2.0
3991	1.5
3993	3.5
3994	3.0
3996	3.5
3997	1.5
3998	1.5
3999	2.0
4002	2.0
4003	2.5
4005	2.5
4006	1.5
4007	3.0
4008	1.5
4010	1.5
4011	3.5
4014	4.0
4015	1.5
4016	1.5
4018	2.5
4019	3.5
4020	3.0
4021	3.5
4022	1.0
4023	2.5
4025	2.0
4027	4.0
4029	2.5
4034	3.0
4036	3.5
4039	3.5
4040	1.5
4041	2.5
4052	3.5
4054	2.5
4056	3.0
4061	3.5
4062	3.0
4063	1.0
4067	2.5
4068	2.5
4069	2.5
4077	2.5
4082	3.5
4084	2.0
4085	2.0
4091	2.0
4103	3.5
4104	1.0
4105	4.0
4117	4.0
4121	2.0
4124	1.5
4128	4.0
4132	3.0
4133	1.0
4144	3.5
4148	3.0
4149	2.5
4174	3.5
4178	1.5
4191	3.0
4205	3.5
4207	2.0
4210	3.5
4211	2.5
4214	1.5
4215	1.5
4223	2.5
4226	3.5
4228	2.0
4231	2.5
4232	1.0
4234	2.5
4238	3.0
4239	3.5
4246	3.0
4247	2.0
4248	1.5
4251	3.0
4254	1.5
4262	2.5
4267	2.5
4270	2.0
4275	2.0
4280	3.5
4285	2.5
4291	2.0
4292	3.0
4296	3.0
4299	1.5
4304	3.0
4306	3.0
4308	1.5
4310	1.5
4318	2.5
4321	1.5
4322	3.0
4326	4.0
4333	2.5
4343	1.5
4344	2.5
4351	1.5
4359	2.0
4361	2.0
4367	1.5
4368	1.0
4369	2.0
4370	3.0
4372	2.5
4378	3.5
4380	2.0
4388	0.5
4396	3.5
4410	1.0
4447	2.5
4448	1.5
4452	3.0
4464	3.0
4465	2.5
4467	3.0
4474	3.0
4477	3.0
4478	2.5
4480	1.0
4487	3.0
4488	3.0
4489	2.0
4492	1.5
4498	3.0
4499	3.0
4506	3.0
4508	1.0
4509	1.5
4526	2.0
4529	3.5
4533	2.5
4535	2.5
4541	1.0
4544	1.0
4545	1.5
4546	3.5
4558	2.0
4563	2.0
4564	2.0
4571	3.5
4572	3.5
4587	2.0
4613	1.0
4616	3.5
4621	1.5
4623	2.0
4624	3.5
4639	3.0
4641	3.5
4642	4.0
4643	1.5
4654	2.0
4661	3.0
4662	1.5
4673	2.0
4677	2.5
4679	2.0
4681	3.0
4682	2.5
4686	1.0
4700	1.5
4705	3.0
4713	2.5
4718	2.0
4720	3.5
4727	2.0
4734	4.0
4744	1.5
4745	3.5
4775	0.5
4784	3.0
4787	3.0
4803	3.0
4809	3.0
4814	2.5
4816	3.0
4823	3.5
4835	3.0
4848	4.0
4855	1.5
4857	3.0
4865	4.0
4867	4.0
4873	1.5
4874	2.5
4876	2.5
4878	4.5
4881	1.0
4886	3.5
4887	2.0
4890	1.0
4896	3.0
4903	3.0
4911	2.0
4912	1.5
4914	3.0
4915	1.5
4929	1.0
4936	2.5
4941	2.5
4951	2.0
4954	3.5
4963	3.5
4973	4.0
4975	1.5
4978	3.5
4979	3.0
4980	2.5
4993	3.5
4995	4.0
5004	3.0
5010	1.5
5013	3.0
5014	2.5
5015	3.5
5016	3.5
5025	2.0
5027	2.0
5034	4.0
5040	3.0
5047	0.5
5049	2.0
5055	1.5
5060	4.0
5065	3.0
5081	2.5
5092	2.0
5094	1.0
5105	4.0
5111	2.5
5120	4.0
5128	1.0
5135	2.5
5139	2.5
5146	2.5
5214	1.5
5218	2.5
5219	1.5
5220	2.5
5247	2.5
5265	1.5
5266	3.0
5298	3.0
5303	0.5
5308	2.5
5309	2.0
5316	3.0
5329	3.0
5339	0.5
5349	3.0
5364	2.5
5367	3.0
5377	4.5
5378	1.5
5388	2.5
5389	1.5
5419	1.0
5420	2.0
5438	1.5
5444	1.5
5445	2.5
5446	3.0
5452	0.5
5459	3.0
5463	3.5
5470	3.0
5480	2.5
5481	3.5
5489	3.5
5500	3.0
5502	3.0
5507	2.0
5508	4.0
5522	3.5
5524	2.0
5528	3.0
5540	3.5
5541	2.5
5548	1.5
5553	1.5
5564	1.5
5577	3.0
5582	2.0
5617	4.0
5618	3.5
5620	3.0
5621	2.0
5630	2.0
5666	3.5
5667	2.0
5669	4.0
5673	4.0
5679	4.0
5693	2.0
5747	3.0
5782	3.0
5784	2.5
5785	3.0
5792	3.5
5796	2.5
5804	2.0
5810	3.0
5816	2.5
5833	4.0
5843	2.5
5853	1.5
5872	2.5
5878	3.5
5902	4.0
5944	2.5
5952	3.5
5954	2.5
5969	1.0
5970	2.5
5989	1.0
5992	2.0
6001	3.0
6006	2.0
6013	0.5
6016	4.0
6058	2.0
6093	2.5
6104	3.0
6156	3.0
6166	1.5
6170	2.5
6218	3.5
6235	2.5
6238	2.5
6242	4.5
6250	1.5
6287	2.5
6290	3.5
6294	2.5
6297	3.5
6305	4.0
6322	3.0
6331	4.0
6333	3.0
6365	1.5
6378	1.0
6383	1.0
6385	3.0
6428	3.0
6436	3.0
6440	4.0
6502	3.5
6535	3.0
6537	1.5
6539	4.0
6541	1.5
6565	1.5
6567	3.5
6586	2.0
6615	0.5
6618	2.0
6620	4.0
6624	1.5
6636	3.0
6645	3.5
6658	1.5
6662	3.5
6663	3.0
6707	3.5
6708	3.5
6709	3.5
6724	3.5
6731	3.5
6754	2.0
6755	3.5
6773	3.5
6774	2.5
6787	2.5
6791	4.0
6793	1.5
6794	1.5
6796	2.5
6807	4.0
6810	2.5
6820	1.5
6832	2.5
6863	3.0
6870	3.5
6873	3.5
6874	2.0
6880	0.5
6888	1.0
6890	3.5
6893	3.5
6936	3.0
6942	4.0
6944	2.5
6957	3.5
6966	3.0
6974	2.5
6979	2.5
6987	4.0
6993	2.0
6996	1.0
7000	1.0
7004	3.0
7007	1.5
7008	3.0
7018	3.0
7022	4.5
7036	2.5
7044	1.5
7045	3.0
7046	4.0
7063	3.5
7073	2.5
7076	1.5
7084	1.5
7090	3.5
7091	1.5
7101	2.5
7123	3.5
7132	0.5
7147	3.0
7153	3.5
7155	1.5
7158	2.5
7161	2.0
7164	2.0
7173	3.0
7228	4.5
7247	2.5
7254	3.5
7256	2.0
7285	3.5
7325	2.5
7347	3.5
7360	3.5
7361	4.5
7366	3.0
7367	2.5
7373	3.0
7386	2.5
7387	3.0
7438	1.5
7451	3.5
7454	2.5
7458	2.0
7460	3.0
7481	3.0
7482	1.5
7566	2.5
7569	2.5
7570	2.0
7573	2.5
7619	2.5
7698	3.0
7701	0.5
7706	1.5
7757	3.5
7766	3.5
7836	3.5
7842	2.0
7980	1.5
8132	2.5
8154	2.5
8183	2.0
8228	1.0
8337	1.5
8360	3.5
8361	3.0
8368	2.5
8370	4.0
8376	3.5
8387	1.0
8493	2.0
8542	0.5
8581	1.5
8596	3.0
8610	1.0
8614	2.0
8622	3.5
8623	2.5
8633	2.0
8638	3.0
8641	2.0
8690	4.0
8783	3.5
8784	3.5
8810	2.0
8827	1.5
8865	2.5
8874	4.0
8879	3.5
8880	3.0
8910	4.0
8917	1.5
8937	3.0
8947	2.0
8949	3.0
8957	2.5
8966	3.5
8968	3.5
8970	4.0
8974	2.5
8977	2.0
8983	4.0
9018	3.5
26152	3.0
26555	1.5
26680	4.0
26776	3.5
27266	4.0
27706	3.5
27721	4.0
27772	3.5
27838	2.5
30707	1.5
30793	3.0
30810	4.0
30820	3.0
31694	2.0
31878	4.0
32587	4.5
33004	2.5
34150	2.0
34405	3.5
34532	3.5
35957	2.5
36401	1.0
37729	3.5
37741	4.0
38061	4.0
40278	3.5
40815	4.5
41566	3.0
42734	2.5
44191	4.0
44761	4.0
45081	3.0
45722	3.5
47099	3.5
49649	1.0
