1	3.5
2	2.0
6	4.5
10	3.5
11	2.5
14	3.0
15	1.5
16	5.0
19	2.0
29	3.5
32	4.0
34	3.0
39	2.5
44	2.0
47	4.0
48	2.5
50	4.0
95	1.5
97	4.0
110	3.5
111	4.0
141	3.0
150	3.5
153	2.0
157	3.0
160	2.0
163	2.5
165	2.5
173	1.5
175	3.0
193	2.0
194	3.5
208	2.5
223	3.0
231	3.0
247	4.0
260	4.0
288	3.5
292	3.0
293	4.0
296	4.5
300	3.5
307	3.5
308	3.5
316	1.5
318	4.0
344	2.5
349	4.0
353	3.5
355	1.0
356	3.5
357	4.0
364	4.0
367	2.5
370	2.0
377	3.5
380	3.0
413	2.5
431	4.0
434	2.5
442	2.0
455	3.0
457	4.0
466	3.0
468	2.5
474	3.5
480	4.0
482	2.0
485	3.0
492	4.0
500	3.5
509	3.5
519	1.0
520	2.5
527	4.5
539	2.5
541	4.5
546	1.5
586	3.0
588	3.5
589	4.0
590	4.0
592	3.5
593	4.5
595	3.5
597	3.0
599	4.0
608	3.0
610	3.5
648	3.5
733	3.5
736	2.0
741	4.0
742	2.5
743	1.5
745	4.0
750	4.5
778	4.5
780	2.0
783	2.5
784	2.0
786	2.0
788	2.0
802	2.5
858	4.5
902	3.5
910	3.5
923	4.0
924	4.5
968	3.0
969	3.5
1027	3.0
1029	3.5
1036	3.5
1042	3.0
1047	3.0
1059	3.0
1079	4.0
1080	3.5
1090	3.5
1092	3.0
1094	2.5
1097	3.5
1101	3.0
1127	4.0
1136	4.0
1148	4.0
1183	4.0
1193	4.5
1196	4.0
1198	3.5
1199	4.5
1200	4.0
1201	4.0
1206	4.0
1208	4.0
1210	3.5
1213	4.5
1214	4.5
1219	3.5
1220	3.5
1221	4.5
1222	3.5
1223	3.5
1224	3.5
1225	4.5
1227	4.5
1228	4.5
1232	3.0
1233	5.0
1240	4.0
1245	4.0
1246	3.5
1250	4.0
1258	4.5
1259	3.5
1263	4.0
1265	3.0
1266	3.5
1270	3.5
1274	3.5
1278	2.5
1282	4.0
1288	3.5
1289	5.0
1291	3.5
1293	3.0
1297	2.5
1298	4.0
1304	3.5
1305	5.0
1320	3.5
1333	4.0
1339	4.5
1343	4.0
1350	2.5
1359	1.5
1370	2.5
1377	3.5
1387	4.0
1391	3.0
1393	3.5
1394	4.0
1396	3.5
1405	3.5
1408	3.5
1411	4.5
1438	2.0
1446	4.0
1464	3.5
1466	3.0
1485	2.0
1517	3.0
1527	3.0
1544	1.5
1552	2.0
1573	3.5
1580	2.5
1584	4.5
1587	3.5
1589	3.5
1597	2.0
1608	3.0
1610	3.5
1617	4.0
1625	3.5
1635	4.5
1641	2.5
1644	2.0
1645	2.5
1653	3.5
1676	3.5
1682	4.0
1690	1.5
1693	3.0
1704	3.5
1721	3.5
1722	1.0
1727	3.5
1729	4.0
1732	4.0
1747	4.5
1779	2.5
1784	4.5
1809	2.5
1831	1.0
1876	2.0
1882	1.5
1884	4.0
1892	2.5
1909	3.0
1917	2.5
1918	0.5
1920	1.0
1921	4.0
1923	3.0
1954	3.5
1961	4.0
1997	4.0
2000	2.0
2001	2.0
2003	2.5
2006	2.0
2011	3.5
2012	2.5
2018	3.5
2023	3.0
2028	3.5
2051	3.0
2054	2.5
2067	4.0
2076	3.0
2081	3.0
2115	3.0
2116	2.5
2124	3.5
2134	1.5
2139	3.5
2141	3.0
2142	2.5
2160	5.0
2162	2.0
2167	1.5
2174	3.5
2194	3.0
2232	3.5
2268	3.5
2278	3.5
2288	3.5
2291	4.5
2294	2.0
2313	3.5
2318	3.5
2329	4.0
2334	3.0
2355	2.0
2376	3.0
2378	3.0
2380	2.0
2381	1.5
2391	4.0
2394	2.0
2406	3.5
2427	3.5
2455	3.0
2467	4.0
2470	1.5
2502	4.0
2505	3.5
2542	3.5
2571	4.0
2580	3.5
2594	3.5
2600	2.0
2616	2.5
2617	1.5
2628	2.0
2657	2.5
2683	2.0
2699	3.5
2700	3.0
2701	2.0
2710	3.5
2712	3.5
2716	3.0
2722	2.0
2728	4.0
2730	4.5
2746	3.5
2747	2.5
2761	3.5
2762	3.5
2791	4.0
2810	3.5
2857	3.0
2858	5.0
2871	3.5
2890	3.5
2908	4.0
2916	2.5
2944	3.0
2947	3.5
2953	2.0
2959	5.0
2976	3.0
2985	3.5
2986	3.0
2987	3.5
2997	4.5
3000	3.0
3006	5.0
3020	4.0
3033	2.5
3052	2.5
3081	3.5
3082	1.0
3083	4.5
3105	4.0
3108	3.0
3113	2.0
3114	3.5
3148	3.5
3156	2.5
3157	2.0
3160	4.5
3173	1.5
3174	3.5
3186	3.0
3198	4.0
3208	2.0
3246	4.0
3250	3.0
3252	3.5
3253	2.5
3256	3.5
3258	3.0
3263	3.0
3285	2.5
3310	4.0
3317	4.5
3354	2.0
3362	4.0
3386	4.5
3408	2.0
3418	4.0
3438	1.5
3448	3.0
3471	3.0
3481	3.5
3499	4.0
3504	3.5
3527	3.5
3535	2.5
3555	1.0
3556	2.5
3578	4.0
3581	3.5
3617	2.5
3638	2.5
3682	3.0
3697	3.0
3698	2.0
3702	3.0
3703	4.0
3704	3.0
3717	2.0
3745	2.5
3751	3.5
3752	2.0
3753	2.0
3785	2.5
3793	3.0
3798	3.5
3826	2.0
3863	2.0
3868	3.5
3897	2.5
3910	4.0
3927	3.0
3949	4.0
3981	1.5
3994	3.5
3996	3.5
4011	3.0
4022	3.5
4027	4.0
4029	3.5
4034	4.0
4056	3.5
4061	3.5
4085	2.5
4105	3.0
4124	1.5
4148	2.0
4223	3.0
4226	4.0
4235	4.0
4239	3.0
4246	3.0
4254	0.5
4262	5.0
4270	2.0
4280	4.0
4306	3.0
4310	1.5
4349	4.0
4361	3.5
4370	3.0
4383	2.0
4407	4.0
4446	3.0
4467	3.5
4563	2.0
4571	2.0
4621	2.5
4638	1.5
4643	1.0
4673	2.0
4720	3.5
4754	2.5
4848	5.0
4855	3.0
4865	3.5
4874	4.5
4878	2.0
4881	4.0
4954	3.0
4958	1.0
4963	3.5
4973	3.5
4979	3.5
4993	4.5
4995	3.5
5010	3.0
5013	4.0
5015	3.5
5026	2.0
5107	2.0
5120	3.5
5146	3.5
5152	1.5
5349	3.0
5378	2.5
5388	3.5
5400	2.5
5410	3.0
5418	3.5
5445	2.5
5464	3.5
5500	3.5
5502	3.0
5507	1.5
5508	4.0
5541	3.5
5553	3.0
5577	3.5
5618	4.5
5669	4.0
5679	4.0
5690	4.5
5782	4.0
5809	4.0
5810	3.0
5872	1.5
5878	4.5
5902	4.0
5903	3.0
5945	4.0
5952	2.5
5959	3.5
5971	3.5
5992	4.0
6001	4.0
6003	3.5
6016	4.5
6062	4.0
6104	3.5
6166	1.0
6187	3.5
6197	3.5
6214	2.5
6216	4.0
6281	3.0
6283	3.5
6286	4.0
6291	4.0
6365	2.0
6440	4.0
6461	3.5
6502	3.0
6537	3.0
6539	2.0
6659	2.5
6664	3.5
6711	4.0
6773	3.5
6787	4.5
6807	3.5
6857	4.5
6870	2.5
6874	3.0
6953	4.0
6957	3.0
7007	2.0
7022	3.5
7034	3.5
7073	3.0
7076	4.0
7090	4.0
7099	3.5
7143	4.5
7151	4.0
7153	4.0
7160	2.5
7360	3.5
7361	3.0
7371	4.0
7373	2.5
7438	3.5
7502	4.0
7649	4.0
7701	1.5
7842	3.0
7980	4.0
7981	4.0
8207	4.0
8340	3.5
8370	2.0
8376	3.0
8387	0.5
8464	4.0
8604	1.5
8607	4.0
8622	3.5
8623	3.5
8665	3.5
8798	4.0
8874	3.0
8949	4.0
8950	3.5
8957	3.0
8973	4.0
8977	2.0
26242	3.5
26680	3.0
26776	4.0
27317	3.5
27660	3.0
27731	4.0
27773	3.5
30749	4.0
30793	3.5
30812	3.5
30822	2.5
30850	3.0
31410	4.0
31658	4.0
32587	3.5
33004	3.0
33162	3.5
33166	4.0
33493	2.0
33615	3.5
33794	3.0
34048	3.0
37240	4.0
37727	3.0
38061	4.0
39183	4.5
39292	3.5
40583	3.5
41571	4.0
41997	4.5
42723	2.0
44191	4.0
44195	3.5
44555	4.0
45210	3.5
45950	4.0
46723	3.5
48043	3.0
48385	3.0
48394	4.0
48516	3.5
48738	3.5
48774	4.0
49272	4.0
49932	4.5
51086	3.0
51255	3.5
51540	4.5
51935	2.0
52885	4.0
53972	2.5
53996	1.5
54997	3.5
55069	4.0
55269	3.5
55363	3.5
55442	4.0
55820	3.5
55908	4.0
56367	3.0
56782	4.5
58559	3.5
59315	3.5
60069	4.0
60684	4.0
61236	4.0
61240	4.0
63082	3.5
63113	3.5
64839	3.0
67255	3.5
68157	4.0
68237	4.0
68358	2.0
69134	4.0
70286	3.5
71211	4.0
72998	3.0
77455	4.0
79132	4.0
80906	4.5
81591	4.0
81845	4.0
85774	3.0
88129	4.0
94864	3.5
96079	3.0
96737	2.5
103228	2.5
109487	3.5
111759	3.0
112183	4.0
