1	5.0
7	3.0
11	4.0
17	5.0
21	5.0
25	5.0
28	5.0
34	5.0
36	5.0
39	5.0
43	5.0
45	5.0
47	4.0
50	5.0
52	4.0
57	4.0
58	5.0
72	3.0
105	3.0
110	5.0
111	5.0
112	4.0
118	4.0
125	3.0
141	4.0
144	4.0
149	4.5
150	4.0
161	4.0
164	4.0
165	4.0
187	4.0
194	4.0
213	5.0
218	3.0
222	4.0
223	4.0
224	5.0
235	4.0
239	2.0
242	5.0
246	5.0
247	4.0
260	4.0
261	4.0
265	5.0
272	4.0
277	4.0
281	5.0
296	5.0
307	4.0
318	4.0
339	4.0
342	5.0
345	5.0
348	4.0
349	3.0
356	3.0
357	4.0
361	4.0
362	4.0
365	4.0
367	5.0
368	4.0
372	3.0
377	4.0
417	5.0
420	3.0
434	2.0
440	4.0
446	4.0
454	4.0
464	3.0
471	4.0
475	5.0
477	4.0
480	4.0
497	4.0
500	3.0
508	4.0
509	5.0
514	4.0
524	4.0
527	5.0
529	5.0
532	4.0
537	4.0
539	5.0
552	3.0
574	3.0
581	4.0
587	3.0
588	4.0
589	5.0
590	4.0
593	5.0
595	5.0
597	3.0
605	3.0
608	5.0
616	3.0
647	4.0
648	3.0
694	3.0
708	4.0
709	4.0
711	3.5
720	5.0
728	4.0
736	3.0
745	5.0
750	5.0
762	3.0
765	3.0
778	5.0
780	4.0
788	3.0
800	5.0
802	3.0
832	5.0
838	4.0
852	3.0
858	5.0
866	5.0
888	3.0
898	5.0
899	5.0
900	5.0
901	4.0
902	5.0
903	3.0
904	4.0
905	5.0
906	3.0
908	4.0
909	3.0
910	5.0
911	3.0
912	5.0
913	5.0
914	5.0
915	5.0
916	5.0
917	4.0
918	5.0
919	5.0
920	5.0
921	5.0
922	5.0
923	5.0
924	5.0
926	5.0
928	5.0
932	3.0
933	3.0
934	3.0
936	4.0
940	4.0
943	5.0
945	4.0
947	4.0
948	4.0
949	4.0
950	3.0
951	4.0
953	3.5
954	5.0
955	5.0
965	5.0
969	5.0
971	4.0
986	3.0
994	4.5
999	5.0
1010	3.0
1013	4.0
1014	4.0
1015	5.0
1016	3.0
1019	4.0
1020	3.0
1021	2.0
1024	4.0
1027	4.0
1028	4.0
1033	4.0
1035	2.0
1036	4.0
1041	4.0
1042	4.0
1060	4.0
1064	4.0
1073	3.0
1077	5.0
1078	4.0
1079	4.0
1081	5.0
1084	5.0
1088	4.0
1089	4.0
1090	5.0
1091	3.0
1092	3.0
1093	3.0
1094	4.0
1096	5.0
1097	4.5
1101	3.0
1104	5.0
1124	3.5
1125	4.0
1127	3.0
1129	3.0
1131	5.0
1132	5.0
1136	4.0
1147	5.0
1148	5.0
1162	4.0
1172	5.0
1179	5.0
1183	5.0
1185	5.0
1186	5.0
1188	5.0
1189	5.0
1193	4.0
1196	4.0
1198	5.0
1200	5.0
1201	4.0
1203	5.0
1204	5.0
1206	5.0
1207	5.0
1208	5.0
1211	4.0
1212	4.0
1213	5.0
1214	5.0
1217	4.0
1219	4.0
1221	5.0
1223	4.0
1225	4.0
1226	4.0
1228	5.0
1230	5.0
1233	5.0
1234	5.0
1235	5.0
1237	5.0
1238	5.0
1242	5.0
1244	5.0
1245	4.0
1247	5.0
1249	5.0
1250	5.0
1252	5.0
1254	5.0
1256	5.0
1259	3.0
1260	5.0
1262	5.0
1263	5.0
1264	4.0
1265	5.0
1266	4.0
1267	3.5
1269	4.0
1270	4.0
1272	5.0
1276	5.0
1277	5.0
1278	4.0
1280	5.0
1283	3.0
1284	5.0
1285	4.0
1286	4.0
1288	3.0
1290	4.0
1292	5.0
1293	5.0
1295	5.0
1296	5.0
1299	5.0
1300	5.0
1303	4.5
1304	5.0
1305	4.0
1307	4.0
1340	4.0
1357	3.0
1380	3.0
1387	3.0
1392	5.0
1393	4.0
1394	5.0
1395	4.0
1407	3.0
1408	4.0
1414	4.0
1446	5.0
1449	4.0
1466	4.0
1484	5.0
1498	4.0
1500	3.0
1513	3.0
1537	5.0
1542	4.0
1569	3.0
1580	4.0
1587	3.0
1589	5.0
1594	4.0
1610	3.5
1617	5.0
1620	5.0
1639	5.0
1641	5.0
1648	4.0
1658	4.0
1673	5.0
1674	5.0
1678	5.0
1680	5.0
1682	5.0
1686	4.0
1693	4.0
1694	5.0
1711	3.0
1721	4.0
1727	3.0
1729	3.0
1732	5.0
1747	5.0
1777	4.0
1784	4.0
1801	3.0
1834	4.0
1836	3.0
1875	4.0
1885	5.0
1888	3.0
1894	3.0
1911	3.0
1912	4.0
1914	5.0
1918	3.0
1923	5.0
1927	5.0
1929	5.0
1931	5.0
1935	5.0
1936	4.0
1939	5.0
1942	5.0
1945	5.0
1946	5.0
1947	4.0
1948	5.0
1949	5.0
1950	5.0
1952	5.0
1953	5.0
1955	4.0
1957	5.0
1958	5.0
1959	4.0
1960	5.0
1961	3.0
1964	5.0
1965	4.0
1966	5.0
1968	4.0
1997	3.0
2000	4.0
2001	3.0
2002	3.0
2006	4.0
2014	3.0
2015	3.0
2019	5.0
2020	4.0
2023	3.0
2028	5.0
2054	3.0
2058	4.0
2064	4.0
2065	4.0
2067	5.0
2068	5.0
2070	4.0
2071	4.0
2076	4.0
2078	4.0
2087	4.0
2099	2.0
2100	5.0
2106	2.0
2112	3.0
2125	3.0
2130	5.0
2135	3.0
2136	4.0
2141	4.0
2142	4.0
2144	4.0
2145	4.0
2150	4.0
2154	3.0
2165	4.0
2171	4.0
2174	4.0
2212	5.0
2240	5.0
2243	5.0
2245	4.0
2247	5.0
2248	4.0
2262	4.0
2266	4.0
2268	3.0
2273	4.0
2288	3.0
2289	4.0
2291	4.0
2300	5.0
2302	3.0
2303	4.0
2310	5.0
2312	4.0
2321	4.0
2329	5.0
2331	3.0
2333	5.0
2334	4.0
2336	5.0
2344	4.0
2348	5.0
2349	5.0
2352	4.0
2353	4.0
2355	3.0
2359	4.0
2361	4.0
2366	5.0
2367	3.0
2369	5.0
2378	3.0
2384	4.0
2390	4.0
2391	5.0
2392	3.0
2395	5.0
2396	5.0
2406	3.0
2407	4.0
2416	3.0
2424	3.0
2433	4.0
2463	4.0
2478	1.0
2485	3.0
2496	5.0
2504	3.0
2517	4.0
2529	5.0
2539	4.0
2541	3.0
2542	3.0
2567	4.0
2570	5.0
2572	4.0
2580	5.0
2581	4.0
2587	4.0
2599	5.0
2605	3.0
2616	3.0
2628	3.0
2648	5.0
2657	4.0
2670	4.0
2671	3.0
2676	3.0
2686	4.0
2688	4.0
2690	3.0
2692	3.0
2706	3.0
2707	4.0
2710	5.0
2716	3.0
2718	5.0
2720	1.0
2724	3.0
2729	5.0
2732	5.0
2734	4.0
2736	4.0
2745	5.0
2746	4.0
2750	4.0
2759	4.0
2761	5.0
2762	5.0
2763	3.0
2791	4.0
2797	5.0
2804	5.0
2806	4.0
2828	1.0
2841	4.0
2858	5.0
2863	5.0
2866	4.0
2871	3.0
2875	4.0
2881	4.0
2888	3.0
2889	3.0
2906	4.0
2907	2.0
2908	5.0
2912	5.0
2915	5.0
2916	3.0
2918	4.0
2919	5.0
2924	3.0
2926	4.0
2929	5.0
2935	4.0
2936	4.0
2940	4.0
2941	3.0
2942	2.0
2943	5.0
2946	5.0
2956	4.0
2968	5.0
2969	5.0
2970	4.0
2971	5.0
2973	4.0
2986	3.0
2987	4.0
2989	3.0
2991	4.0
2997	4.0
3004	3.0
3005	4.0
3006	5.0
3019	5.0
3022	5.0
3030	5.0
3035	4.0
3037	4.0
3039	3.0
3044	4.0
3060	4.0
3061	4.0
3067	4.0
3070	4.0
3071	5.0
3072	5.0
3078	4.0
3087	4.0
3088	4.0
3089	5.0
3090	5.0
3093	4.0
3095	5.0
3096	3.0
3097	5.0
3107	4.0
3108	3.0
3111	4.0
3114	5.0
3125	4.0
3129	4.0
3130	3.0
3134	5.0
3135	5.0
3148	4.0
3155	4.0
3156	2.0
3157	4.0
3160	4.0
3163	4.0
3168	5.0
3173	4.0
3175	4.0
3176	5.0
3186	5.0
3194	5.0
3196	5.0
3198	5.0
3200	5.0
3203	4.0
3210	4.0
3246	5.0
3247	4.0
3250	5.0
3252	3.0
3253	4.0
3255	4.0
3256	4.0
3259	4.0
3263	3.0
3264	4.0
3267	4.5
3301	4.0
3307	5.0
3308	4.0
3316	4.0
3317	4.0
3328	4.0
3341	5.0
3347	4.0
3358	3.0
3359	5.0
3361	4.0
3363	5.0
3364	4.0
3365	4.0
3387	3.0
3396	4.0
3408	4.0
3418	4.0
3420	3.0
3421	4.0
3422	5.0
3424	4.0
3426	5.0
3448	3.0
3450	3.0
3452	3.0
3462	5.0
3468	5.0
3469	4.0
3471	4.0
3481	4.0
3483	4.0
3501	4.0
3504	5.0
3506	4.0
3507	5.0
3510	4.0
3512	4.0
3513	4.0
3515	3.0
3516	3.0
3524	3.0
3525	3.0
3527	4.0
3534	4.0
3536	4.0
3543	4.0
3548	5.0
3552	4.0
3555	5.0
3556	5.0
3564	3.0
3578	5.0
3606	5.0
3614	4.0
3618	4.0
3623	3.0
3624	4.0
3629	5.0
3635	4.0
3653	5.0
3654	5.0
3660	4.0
3671	5.0
3675	4.0
3683	5.0
3684	4.0
3685	4.0
3686	3.0
3688	3.0
3700	4.0
3729	3.0
3735	4.0
3744	3.0
3745	4.0
3751	5.0
3752	2.0
3753	3.0
3754	3.0
3763	4.0
3773	4.0
3783	5.0
3785	2.0
3791	5.0
3793	4.0
3801	4.0
3811	5.0
3812	4.0
3814	4.0
3819	5.0
3821	2.0
3827	4.0
3831	4.0
3852	5.0
3861	3.0
3865	3.0
3871	5.0
3873	3.0
3882	5.0
3893	4.0
3897	5.0
3911	5.0
3916	5.0
3928	4.0
3929	4.0
3930	3.0
3932	5.0
3947	5.0
3948	4.0
3952	4.0
3959	4.0
3967	5.0
3968	4.0
3972	2.0
3977	4.0
3978	4.0
3983	5.0
3984	3.0
3985	4.0
3987	4.0
3988	5.0
3990	3.0
3996	5.0
3999	5.0
4002	4.0
4007	4.0
4008	5.0
4011	4.0
4014	5.0
4016	4.0
4019	5.0
4022	5.0
4023	4.0
4027	5.0
4029	5.0
4033	5.0
4034	5.0
4037	5.0
4039	3.0
4041	4.0
4054	4.0
4055	5.0
4062	3.0
4069	1.0
4080	3.0
4084	3.0
4085	4.0
4086	3.0
4090	3.0
4091	3.0
4117	5.0
4121	4.0
4128	4.0
4144	5.0
4153	3.0
4187	5.0
4205	4.0
4215	3.0
4220	5.0
4226	5.0
4231	4.0
4232	4.0
4234	4.0
4246	4.0
4254	3.0
4270	2.0
4291	4.0
4299	4.0
4306	5.0
4308	1.0
4310	3.0
4318	4.0
4321	5.0
4322	5.0
4326	4.0
4327	4.5
4345	4.0
4356	5.0
4357	3.0
4359	4.0
4361	5.0
4367	4.0
4368	3.0
4370	4.0
4386	3.0
4396	3.0
4410	5.0
4432	4.0
4447	4.0
4464	3.0
4474	3.0
4499	4.0
4529	4.0
4564	3.0
4623	4.0
4638	4.0
4639	3.0
4641	5.0
4642	5.0
4643	4.0
4661	4.0
4679	4.0
4700	4.0
4701	3.0
4703	5.0
4705	4.0
4713	4.0
4723	5.0
4756	3.0
4776	5.0
4784	5.0
4787	4.0
4799	3.0
4802	3.0
4803	4.0
4835	5.0
4857	5.0
4867	3.0
4886	5.0
4890	4.0
4896	4.0
4901	4.0
4903	5.0
4912	4.0
4963	4.0
4973	4.0
4979	4.0
4990	4.0
4992	4.0
4993	4.0
4994	3.5
4995	5.0
5008	5.0
5009	3.0
5013	5.0
5015	5.0
5017	4.0
5025	5.0
5026	4.0
5034	5.0
5049	4.0
5060	5.0
5064	4.0
5066	4.0
5092	3.0
5135	5.0
5147	5.0
5151	4.5
5177	5.0
5214	4.0
5266	5.0
5267	4.0
5291	5.0
5292	3.0
5296	2.0
5303	3.0
5308	4.0
5325	4.0
5339	4.0
5349	5.0
5367	5.0
5377	5.0
5410	4.0
5418	4.0
5446	4.5
5459	3.0
5479	4.0
5480	4.0
5504	4.0
5548	4.0
5553	3.0
5602	4.0
5611	4.0
5693	5.0
5772	5.0
5791	5.0
5796	4.0
5804	3.0
5812	5.0
5816	4.0
5872	4.0
5902	4.0
5941	4.0
5943	3.0
5945	4.0
5952	4.0
5957	3.5
5971	5.0
5989	4.0
5991	5.0
5995	5.0
6016	4.5
6156	3.5
6170	4.5
6183	3.5
6184	4.0
6212	4.0
6218	5.0
6238	3.0
6296	4.5
6297	5.0
6331	5.0
6333	3.0
6370	3.5
6373	3.0
6377	5.0
6378	4.0
6385	5.0
6428	4.0
6436	5.0
6440	4.0
6535	2.5
6537	3.0
6539	3.5
6564	4.0
6565	4.0
6593	4.0
6618	4.0
6650	5.0
6709	3.5
6711	5.0
6765	4.0
6773	4.5
6787	5.0
6796	4.5
6863	3.0
6867	5.0
6870	5.0
6873	3.5
6893	5.0
6936	4.0
6942	5.0
6947	4.0
6993	4.0
7018	4.0
7023	5.0
7027	3.5
7046	3.5
7072	5.0
7073	5.0
7075	4.5
7076	4.0
7090	5.0
7091	4.0
7101	3.5
7116	4.0
7121	4.0
7132	4.0
7137	4.5
7139	5.0
7147	4.0
7149	4.0
7153	4.5
7161	4.0
7234	5.0
7256	5.0
7263	4.0
7265	5.0
7293	3.5
7373	4.0
7386	5.0
7451	5.0
8154	5.0
8228	5.0
8360	4.0
8361	5.0
8368	4.5
8372	2.0
8491	5.0
8596	4.5
8610	4.5
8623	4.5
8636	5.0
8638	5.0
8781	4.0
8784	5.0
8880	4.0
8916	4.0
8937	3.5
8949	5.0
8958	4.0
8961	4.0
8965	3.0
8968	3.5
8972	4.5
8984	3.0
26084	5.0
27821	4.0
30707	5.0
30812	4.5
30898	5.0
31225	3.5
31694	5.0
31878	4.0
32019	2.0
32598	3.5
33166	5.0
33493	3.0
33679	2.0
33794	5.0
34072	5.0
34162	3.5
34332	3.0
34336	3.0
34405	3.5
35836	5.0
35957	5.0
36517	5.0
37727	3.5
37733	5.0
37741	5.0
38038	4.0
39183	5.0
39292	5.0
40629	4.5
40815	4.0
40819	3.5
41569	4.5
41716	4.5
44193	4.0
44199	3.0
44555	5.0
44694	4.0
45028	3.0
45210	4.5
45722	4.5
45880	4.0
46578	5.0
46850	4.5
46970	2.5
47610	5.0
48385	3.0
48394	5.0
48738	5.0
48783	4.0
49530	5.0
49824	4.5
50872	5.0
51084	3.5
51255	5.0
52241	4.5
52973	4.0
52975	4.0
53125	3.5
53322	3.0
53894	4.0
53993	3.0
54001	3.5
54286	4.0
54503	4.5
54997	4.0
55052	5.0
55276	5.0
55820	5.0
56367	5.0
56775	3.5
56782	5.0
59615	3.5
60069	5.0
