1	3.5
6	2.5
7	2.0
11	3.0
14	3.5
16	4.0
17	5.0
21	4.0
25	4.5
32	4.0
34	4.0
36	4.0
39	3.0
45	4.0
47	4.0
50	4.0
57	4.0
85	3.0
94	3.5
111	5.0
116	4.5
123	4.0
125	5.0
141	1.0
144	2.0
150	4.0
153	2.0
155	2.0
156	2.5
161	1.0
162	3.0
164	3.0
165	4.5
176	5.0
180	0.5
186	3.0
193	3.5
194	5.0
203	1.5
206	1.0
222	2.5
223	0.5
232	4.0
233	4.0
235	4.0
237	1.0
246	5.0
247	4.0
253	0.5
261	4.0
265	4.0
266	4.0
272	4.0
279	0.5
281	3.5
288	4.0
289	1.5
296	5.0
300	4.5
307	3.0
308	3.0
318	5.0
334	1.0
337	4.5
342	4.0
344	0.5
345	3.0
346	3.0
349	3.5
350	3.0
356	2.0
357	4.5
361	1.0
365	2.5
369	3.0
370	4.5
371	2.0
372	2.0
373	3.0
377	2.0
380	3.0
381	3.0
390	3.5
412	3.0
428	3.5
434	1.5
440	3.5
441	4.5
448	5.0
451	3.0
454	2.5
457	4.0
461	1.0
474	4.0
475	4.0
477	4.5
480	3.0
490	2.0
492	2.0
495	4.0
500	4.0
508	3.0
509	1.0
515	4.5
518	0.5
523	3.0
524	1.0
527	5.0
529	3.5
535	3.0
536	1.0
537	3.5
538	4.0
539	3.0
541	3.5
549	2.5
555	4.5
556	3.0
562	0.5
574	2.0
581	5.0
586	3.0
587	3.0
590	3.0
592	1.0
593	5.0
594	5.0
595	3.5
596	4.0
597	3.5
608	5.0
628	4.0
671	4.0
674	3.0
708	2.5
720	2.0
728	3.0
736	3.0
745	2.0
750	5.0
766	3.0
778	4.0
780	3.5
781	4.0
800	3.0
804	2.0
805	2.5
838	3.0
848	2.0
851	3.0
858	4.0
866	4.5
898	5.0
899	5.0
900	3.0
902	5.0
903	5.0
904	5.0
905	4.0
906	4.0
908	5.0
909	5.0
910	5.0
911	2.0
912	5.0
913	5.0
915	3.0
917	4.0
918	4.0
919	5.0
920	5.0
921	4.0
922	5.0
923	5.0
924	5.0
926	5.0
927	5.0
928	5.0
929	3.0
930	4.0
931	4.0
932	2.0
933	3.0
938	4.5
942	4.5
945	4.0
947	3.0
948	3.5
949	4.0
950	4.5
951	3.0
952	4.0
953	5.0
954	4.5
955	5.0
968	4.0
969	5.0
971	5.0
994	5.0
999	2.0
1012	3.5
1013	3.5
1014	3.5
1015	1.5
1017	3.5
1018	2.5
1022	3.0
1023	3.0
1028	5.0
1029	5.0
1030	0.5
1032	3.5
1035	5.0
1036	5.0
1041	3.5
1042	2.0
1043	1.5
1050	2.5
1051	4.0
1059	4.0
1060	4.0
1069	4.0
1077	4.5
1078	4.0
1079	2.0
1080	5.0
1081	3.0
1082	4.0
1084	4.5
1086	3.0
1088	5.0
1089	4.5
1090	4.0
1092	4.0
1093	3.5
1094	4.5
1095	3.5
1096	4.0
1097	4.0
1099	4.0
1103	5.0
1104	5.0
1120	3.0
1124	3.0
1129	3.5
1135	3.0
1147	5.0
1148	2.0
1150	2.0
1161	4.0
1162	4.0
1171	3.0
1172	5.0
1173	0.5
1177	3.0
1179	4.5
1183	4.5
1185	3.0
1186	4.5
1187	3.0
1188	1.5
1189	5.0
1190	0.5
1191	3.5
1192	2.5
1193	4.0
1194	2.0
1196	2.5
1198	2.0
1199	4.0
1200	3.5
1203	4.0
1204	5.0
1206	3.0
1207	5.0
1208	5.0
1210	2.5
1212	5.0
1213	5.0
1214	3.5
1217	5.0
1219	5.0
1220	2.0
1221	4.0
1222	4.5
1223	2.0
1225	3.0
1226	2.5
1227	1.0
1228	4.0
1230	5.0
1231	4.5
1233	0.5
1234	4.5
1235	4.0
1236	3.0
1238	4.0
1244	5.0
1246	1.0
1247	5.0
1248	5.0
1249	3.0
1250	3.5
1251	5.0
1252	5.0
1253	4.0
1254	5.0
1256	5.0
1258	5.0
1259	2.0
1261	2.0
1263	5.0
1264	5.0
1265	5.0
1266	3.0
1267	5.0
1268	3.0
1269	5.0
1270	3.5
1271	4.0
1276	4.5
1278	5.0
1279	3.5
1280	4.5
1282	5.0
1284	4.0
1285	3.5
1286	2.5
1288	4.5
1289	3.5
1290	3.0
1292	4.0
1293	5.0
1295	5.0
1296	5.0
1299	5.0
1300	3.0
1302	4.0
1303	5.0
1304	5.0
1305	4.5
1307	5.0
1321	4.0
1332	1.5
1333	5.0
1334	2.0
1337	3.5
1340	4.5
1343	4.0
1344	2.0
1345	3.0
1346	2.0
1347	3.0
1348	5.0
1357	4.0
1358	4.0
1361	5.0
1370	4.0
1371	1.0
1374	2.0
1377	2.5
1380	3.0
1387	4.0
1391	0.5
1392	3.0
1393	3.5
1394	2.0
1395	4.5
1396	2.5
1399	3.5
1405	4.0
1407	4.0
1411	5.0
1416	2.5
1419	4.5
1441	4.0
1449	4.0
1464	4.0
1466	4.5
1475	4.5
1476	3.0
1484	3.5
1487	2.5
1498	2.0
1500	3.5
1517	1.5
1569	3.5
1573	1.0
1580	2.0
1584	4.0
1587	1.0
1589	3.5
1594	4.0
1600	2.0
1610	2.5
1611	4.0
1614	4.0
1617	4.5
1625	3.5
1633	3.0
1635	4.5
1639	0.5
1641	4.0
1649	3.0
1660	3.0
1673	2.5
1674	3.0
1678	3.5
1680	4.0
1682	4.5
1683	3.0
1693	4.0
1694	4.0
1702	3.5
1704	3.0
1711	1.0
1719	4.0
1721	4.5
1729	5.0
1732	5.0
1734	3.5
1747	4.0
1777	3.0
1784	4.0
1805	3.5
1810	4.0
1834	4.5
1836	1.0
1883	3.0
1885	4.5
1897	3.0
1909	3.0
1912	0.5
1913	4.5
1914	2.0
1916	4.0
1921	2.0
1923	4.0
1924	4.0
1934	3.5
1936	4.0
1938	4.0
1939	5.0
1940	2.5
1944	3.0
1945	5.0
1946	5.0
1947	5.0
1948	5.0
1950	5.0
1951	3.0
1952	5.0
1953	5.0
1954	1.5
1955	4.0
1956	5.0
1958	3.0
1960	4.0
1961	3.0
1962	3.5
1963	4.0
1964	4.0
1965	4.0
1966	1.0
1968	2.5
1994	4.5
1997	3.0
2011	1.0
2012	0.5
2013	2.0
2014	1.0
2015	3.5
2017	3.0
2018	5.0
2019	5.0
2020	4.5
2021	2.0
2023	2.0
2025	4.0
2043	3.5
2057	3.5
2064	5.0
2065	3.0
2066	4.5
2067	5.0
2070	4.0
2072	2.0
2076	5.0
2078	4.0
2080	3.5
2085	3.0
2087	3.5
2088	2.0
2096	3.5
2108	3.5
2110	2.0
2111	2.0
2112	2.0
2125	3.5
2130	4.0
2132	5.0
2135	1.0
2144	2.5
2145	3.5
2146	2.0
2150	4.5
2155	2.0
2160	4.0
2165	3.5
2166	2.5
2171	3.5
2174	0.5
2176	4.0
2181	4.0
2183	4.0
2184	4.0
2186	5.0
2188	2.0
2194	2.0
2203	5.0
2204	4.0
2206	4.0
2208	4.0
2239	2.0
2243	4.5
2245	4.5
2247	4.0
2248	5.0
2259	0.5
2262	1.0
2268	3.0
2272	3.5
2289	5.0
2290	4.0
2291	4.0
2300	5.0
2302	3.5
2303	5.0
2313	4.0
2318	1.0
2321	4.5
2324	5.0
2329	4.0
2333	4.0
2336	4.0
2348	2.0
2349	4.5
2352	4.5
2353	3.5
2356	0.5
2357	5.0
2360	3.0
2363	4.0
2364	3.0
2366	4.0
2369	4.5
2384	4.0
2391	4.5
2395	2.0
2396	3.0
2398	5.0
2406	3.0
2416	2.0
2424	1.0
2454	3.5
2455	4.0
2463	2.0
2474	5.0
2485	2.0
2501	3.5
2502	2.5
2511	4.0
2520	2.0
2535	1.0
2539	3.0
2542	1.0
2546	2.0
2550	3.0
2551	3.0
2565	3.0
2570	0.5
2571	3.5
2572	2.0
2580	4.5
2583	1.0
2598	3.0
2599	3.5
2600	2.0
2612	5.0
2616	0.5
2617	2.0
2633	4.0
2634	3.0
2639	4.0
2640	2.0
2644	5.0
2648	5.0
2654	4.0
2657	4.0
2664	4.0
2671	2.0
2683	1.0
2688	1.0
2690	4.0
2692	4.0
2696	4.0
2699	1.5
2700	3.0
2702	2.0
2707	3.0
2710	2.0
2712	3.5
2716	4.0
2717	2.0
2724	2.0
2726	5.0
2728	4.5
2729	3.5
2731	5.0
2732	5.0
2739	4.0
2745	4.0
2750	3.0
2757	3.0
2759	3.5
2762	4.0
2763	4.0
2764	4.0
2770	4.0
2779	3.0
2782	3.5
2788	4.0
2791	5.0
2792	4.0
2797	5.0
2802	2.5
2804	3.0
2819	3.0
2840	1.5
2852	3.0
2858	5.0
2859	4.0
2863	5.0
2866	3.0
2870	2.0
2871	4.5
2875	2.0
2877	0.5
2883	3.0
2890	5.0
2908	4.0
2915	2.0
2916	3.5
2917	4.5
2918	3.5
2919	4.0
2925	5.0
2926	4.0
2929	4.0
2932	3.0
2935	4.0
2937	3.5
2940	3.0
2941	5.0
2942	4.0
2946	5.0
2947	2.5
2956	3.0
2959	3.5
2966	3.0
2967	3.0
2970	2.0
2971	5.0
2973	3.0
2976	3.5
2987	3.5
2988	4.0
2993	3.5
2997	5.0
3005	3.5
3006	4.0
3007	4.5
3011	4.0
3019	4.5
3020	2.5
3022	4.5
3028	3.0
3037	4.5
3039	3.0
3044	2.0
3045	2.0
3051	3.0
3052	2.0
3060	5.0
3061	2.0
3068	3.0
3072	3.5
3075	4.0
3077	4.5
3088	5.0
3090	2.0
3093	2.0
3094	2.0
3095	3.5
3096	3.0
3097	3.0
3098	2.0
3099	3.0
3100	4.5
3101	5.0
3102	3.5
3104	5.0
3105	4.0
3108	5.0
3115	2.0
3125	3.0
3130	2.0
3135	3.5
3142	4.0
3147	4.0
3148	3.0
3152	5.0
3160	4.0
3167	5.0
3168	5.0
3169	3.0
3174	3.0
3175	4.0
3176	4.5
3182	3.5
3186	2.0
3194	3.5
3200	4.0
3201	3.0
3203	4.0
3206	3.0
3210	2.0
3219	3.0
3244	3.5
3247	1.0
3253	5.0
3254	4.0
3255	3.0
3260	5.0
3261	3.0
3262	0.5
3263	4.0
3269	0.5
3271	3.5
3274	3.0
3285	2.0
3296	4.0
3301	2.0
3307	5.0
3310	5.0
3317	4.0
3328	4.0
3330	3.5
3334	3.0
3341	3.0
3347	3.5
3350	3.5
3358	1.0
3359	4.0
3360	2.5
3361	5.0
3362	5.0
3363	3.0
3364	4.0
3365	3.0
3385	2.0
3386	5.0
3405	3.0
3408	3.0
3418	5.0
3420	1.0
3422	3.5
3424	5.0
3426	3.0
3430	0.5
3435	4.0
3448	2.0
3450	0.5
3451	2.5
3461	4.0
3462	5.0
3467	4.5
3468	5.0
3469	4.0
3471	4.0
3475	4.5
3476	3.5
3478	4.0
3481	4.5
3489	1.5
3494	3.0
3499	3.0
3504	5.0
3505	4.0
3507	5.0
3508	3.0
3512	1.0
3516	2.5
3521	3.0
3524	4.0
3526	2.0
3528	3.0
3536	4.5
3543	3.0
3545	4.5
3546	5.0
3551	2.5
3565	2.0
3578	3.0
3606	3.0
3614	0.5
3649	2.0
3653	4.0
3668	4.0
3675	1.0
3676	1.0
3682	1.0
3683	4.0
3684	5.0
3685	1.0
3699	4.0
3700	4.0
3706	2.0
3707	2.5
3712	3.5
3724	5.0
3728	3.0
3730	5.0
3735	3.5
3741	5.0
3751	2.5
3752	1.5
3763	4.0
3788	2.0
3798	2.0
3801	4.0
3809	4.5
3812	4.5
3814	4.0
3825	1.0
3826	0.5
3844	3.5
3852	2.5
3868	5.0
3869	4.5
3871	3.5
3873	4.0
3893	2.0
3897	4.5
3911	3.5
3916	3.0
3925	4.0
3927	3.0
3928	2.5
3929	4.0
3930	3.0
3932	4.0
3948	4.0
3949	3.5
3952	4.0
3967	2.5
3969	2.5
3977	2.0
3983	4.0
3994	2.0
3996	4.0
3998	3.0
4002	2.5
4008	2.0
4009	4.0
4011	0.5
4014	4.0
4020	3.0
4021	4.0
4022	4.0
4023	1.0
4024	3.0
4027	5.0
4029	3.5
4034	4.5
4036	2.5
4037	5.0
4041	3.0
4054	3.0
4055	3.5
4056	3.5
4061	2.0
4062	3.5
4063	3.0
4066	4.0
4067	1.0
4080	2.0
4085	4.0
4086	4.0
4121	3.0
4144	4.0
4161	2.0
4174	3.0
4187	3.5
4191	4.0
4205	2.0
4210	3.0
4211	4.0
4218	4.5
4226	4.5
4228	2.0
4231	1.0
4235	4.5
4239	3.0
4246	2.0
4263	4.5
4270	2.5
4276	2.0
4280	4.0
4291	1.0
4292	4.0
4296	2.0
4306	3.0
4308	4.0
4310	0.5
4318	1.0
4321	2.5
4322	3.0
4333	2.0
4343	3.0
4344	3.5
4345	4.5
4349	4.5
4356	4.0
4357	2.0
4359	3.0
4361	4.5
4367	1.5
4370	3.0
4410	5.0
4422	5.0
4424	3.5
4432	5.0
4447	2.0
4448	4.0
4464	3.0
4465	4.0
4474	2.0
4487	1.0
4489	3.0
4499	1.0
4508	3.0
4529	3.0
4546	4.0
4557	1.0
4564	2.0
4571	1.0
4587	1.0
4621	1.5
4623	3.5
4639	1.0
4641	3.5
4654	1.0
4661	5.0
4679	3.0
4699	3.0
4703	3.5
4705	2.0
4720	3.0
4757	2.0
4776	4.5
4784	3.0
4787	3.0
4799	4.0
4803	3.0
4809	5.0
4814	2.5
4816	4.0
4821	4.5
4823	2.0
4835	4.0
4844	4.0
4848	4.0
4855	1.0
4873	3.0
4874	2.5
4878	2.5
4880	3.5
4881	3.5
4889	3.0
4890	0.5
4901	3.0
4903	4.0
4912	4.5
4914	2.0
4936	4.0
4954	2.5
4963	4.5
4969	5.0
4970	3.0
4973	4.5
4975	4.0
4976	3.0
4978	2.5
4979	3.5
4992	0.5
4993	2.5
4995	4.0
5004	3.0
5008	4.0
5009	2.5
5013	3.5
5015	3.0
5017	5.0
5034	3.0
5049	3.0
5060	4.5
5105	4.0
5120	3.0
5135	4.0
5177	3.0
5225	4.0
5265	3.0
5291	4.0
5293	4.0
5299	2.5
5303	1.0
5308	2.0
5339	3.5
5349	3.0
5364	3.5
5367	4.0
5377	4.0
5380	4.0
5385	5.0
5388	2.5
5391	3.5
5418	4.0
5445	3.0
5450	2.5
5502	4.0
5505	2.0
5528	3.5
5544	2.0
5617	0.5
5650	4.0
5666	2.5
5668	3.5
5669	4.0
5673	2.5
5679	4.0
5693	4.5
5707	2.5
5772	4.5
5792	0.5
5810	3.0
5812	4.0
5876	4.0
5893	4.0
5902	5.0
5943	1.5
5945	4.0
5954	2.5
5957	2.0
5989	4.0
5991	3.0
5992	4.5
5995	4.0
6001	5.0
6003	3.5
6062	3.5
6170	4.0
6188	3.5
6218	4.0
6238	2.0
6281	3.5
6296	4.0
6323	3.0
6331	4.0
6367	2.5
6373	2.0
6378	3.5
6380	4.0
6385	4.0
6436	3.0
6440	2.0
6538	4.5
6539	3.0
6552	4.5
6620	2.5
6639	4.5
6650	4.0
6658	1.5
6662	5.0
6663	4.0
6666	4.0
6708	4.0
6711	4.0
6724	4.5
6731	2.0
6773	4.5
6777	4.5
6786	4.0
6787	4.5
6796	4.0
6810	1.0
6852	4.5
6867	4.0
6870	4.0
6873	3.0
6881	3.5
6890	4.0
6932	3.0
6942	4.0
6953	3.0
6954	3.5
6957	3.5
6974	3.5
6979	3.0
6993	1.5
7001	4.0
7008	4.5
7013	4.5
7018	3.0
7023	3.0
7027	3.5
7044	3.0
7045	3.5
7046	0.5
7060	3.5
7063	2.0
7073	4.5
7075	4.5
7084	4.5
7089	4.5
7091	4.5
7102	1.5
7116	5.0
7132	5.0
7139	4.5
7147	4.0
7149	3.0
7150	3.0
7154	1.5
7156	4.0
7158	3.0
7160	4.0
7162	4.5
7215	4.5
7247	1.5
7255	2.5
7265	4.0
7285	3.5
7325	0.5
7327	4.0
7348	2.5
7360	4.5
7361	4.5
7386	3.5
7387	3.0
7419	5.0
7451	2.5
7566	4.5
7619	4.0
7669	5.0
7698	4.5
7701	1.0
7706	3.5
7766	4.0
7836	5.0
7934	3.5
7981	4.0
7983	2.0
8042	4.5
8183	4.0
8337	4.0
8360	3.5
8366	3.0
8373	2.5
8464	4.5
8477	4.0
8491	4.5
8492	4.5
8507	3.0
8528	3.0
8529	3.0
8530	2.0
8533	3.5
8542	4.5
8610	2.5
8622	3.5
8623	2.5
8636	3.5
8665	3.5
8781	4.0
8784	4.0
8798	3.0
8874	2.5
8907	2.5
8917	3.5
8948	3.5
8949	5.0
8958	4.5
8966	4.0
8970	3.5
8981	4.0
8984	2.5
25788	3.0
26084	4.5
26242	4.0
26680	3.0
26729	4.5
27821	3.5
27878	4.0
27904	4.0
30707	5.0
30749	4.5
30810	1.5
30812	3.5
30820	2.5
30898	3.5
31696	0.5
32598	4.0
33154	4.0
33166	4.0
33171	3.5
33615	3.5
33660	3.5
33679	0.5
33836	0.5
33880	2.5
34048	3.5
34162	3.0
34338	4.5
34437	3.0
34542	3.0
35836	3.5
36517	4.0
37240	2.5
37733	4.0
37741	4.5
38061	2.5
38304	4.5
38798	3.5
38886	2.5
39183	5.0
39292	4.0
39381	3.5
39414	4.0
40583	4.0
40614	2.5
40629	4.5
40819	4.5
40826	3.5
41566	4.0
41863	4.0
44195	3.5
44199	4.0
44204	4.0
44555	5.0
44665	3.0
44694	1.5
44709	3.5
44761	1.5
44788	3.5
45028	4.0
45186	1.5
45210	4.5
45501	1.0
45720	3.0
45722	3.5
45880	2.5
45950	3.5
46578	4.5
46723	4.0
46850	3.5
46965	3.0
46976	3.0
47099	4.0
47423	4.0
47610	3.0
47629	4.5
48385	3.5
48516	5.0
48696	4.5
48738	4.0
48774	4.5
48780	3.0
49286	2.0
49530	3.5
49772	3.5
49822	3.0
49824	4.5
49961	3.5
50685	3.0
51080	3.5
51540	4.0
51662	3.0
52241	4.0
52435	4.0
52722	2.5
52973	3.0
52975	3.5
53000	4.0
53123	4.0
53322	3.0
53972	3.5
54272	4.5
54372	4.0
54881	4.0
55052	4.5
55118	4.0
55247	5.0
55267	3.0
55269	4.0
55276	5.0
55290	3.5
55765	3.0
55805	3.5
55820	4.5
56152	4.0
56333	3.5
56367	4.5
56607	4.5
56782	5.0
56788	4.0
56805	4.5
56949	1.5
57368	4.0
57669	5.0
58559	2.5
58998	3.5
59018	4.0
59315	3.5
59369	1.0
59725	3.5
60069	5.0
60072	2.0
60756	4.0
60766	4.0
61024	4.0
61132	3.5
61323	3.5
61729	3.0
62511	2.5
63082	4.5
63113	3.0
63876	4.0
63992	3.5
64575	3.0
64614	4.0
64620	3.5
64622	4.0
64839	4.5
65130	3.5
65230	1.5
66509	2.5
66665	4.0
66934	3.0
67087	4.0
67197	2.5
67255	4.0
67734	4.0
68157	4.0
68848	3.5
69122	3.5
69481	4.5
69757	3.5
70286	4.5
70293	4.0
71156	2.5
71211	3.0
71464	3.5
71579	3.5
72011	4.0
72395	4.0
72641	4.0
72720	4.5
72998	4.0
73023	4.0
73323	3.5
74458	4.0
74510	3.5
74545	4.0
74795	3.5
76293	3.5
77561	3.0
78039	4.5
78499	4.5
78574	4.0
79132	4.0
79242	4.5
79702	2.5
80463	4.0
80489	4.5
80969	3.5
81562	4.0
81591	4.0
81845	4.0
81932	5.0
82459	4.5
84392	3.0
85414	3.5
86320	4.5
86833	4.0
86911	2.0
87306	4.0
88129	4.0
88163	3.0
88405	3.5
88810	4.0
89470	4.0
89492	4.0
89804	4.5
89864	3.5
89904	3.5
90866	4.5
91077	4.5
91500	3.5
91658	4.5
93510	4.0
94959	3.5
95441	3.0
96079	4.0
97304	4.0
97306	2.5
97752	4.0
97921	4.0
97923	4.5
97938	4.5
98154	4.5
98961	4.5
99114	4.0
99149	4.0
102123	4.5
102903	3.5
104374	3.5
104841	3.5
104879	2.0
105504	5.0
106100	3.5
106696	4.0
106782	3.5
106916	5.0
106920	5.0
109374	4.5
111759	2.0
112183	5.0
112290	4.5
112556	4.0
112852	4.0
116797	3.5
