1	5.0
2	4.0
4	0.5
5	3.0
6	3.0
7	3.5
10	2.0
13	0.5
16	4.0
17	4.0
19	0.5
20	1.0
21	3.5
22	1.5
25	5.0
31	2.5
32	3.0
34	3.0
36	3.5
39	3.5
47	4.5
48	3.0
50	4.5
57	2.0
58	4.0
65	0.5
72	1.5
79	2.0
88	1.5
94	3.0
95	2.0
101	3.5
104	3.0
105	3.0
110	3.5
111	2.5
122	3.0
141	3.0
145	3.5
150	4.5
153	2.0
158	2.5
160	1.0
163	3.5
165	3.5
169	0.5
181	0.5
185	2.5
193	1.0
198	1.0
204	0.5
215	3.5
216	2.0
223	2.5
231	2.0
239	2.0
249	2.0
260	5.0
265	4.5
292	4.0
293	3.0
296	5.0
312	0.5
317	3.0
318	4.5
333	2.0
339	2.0
344	3.5
345	1.0
349	3.5
353	3.5
355	0.5
356	5.0
357	4.5
364	4.0
367	3.0
370	0.5
372	2.0
374	0.5
377	4.0
380	2.5
407	0.5
410	3.0
415	1.0
420	2.0
432	2.5
434	3.0
435	0.5
440	3.5
441	2.0
454	3.0
457	5.0
466	0.5
474	3.0
480	4.5
481	2.5
482	1.5
485	0.5
494	2.0
497	2.5
500	3.0
508	3.5
515	4.0
519	0.5
520	0.5
524	3.0
527	4.0
529	3.0
538	2.0
539	4.0
541	4.0
542	0.5
546	0.5
551	3.0
552	2.0
555	2.5
585	3.0
586	3.5
587	4.0
588	4.0
589	5.0
590	3.5
592	4.0
593	5.0
594	2.5
595	4.0
597	4.0
608	4.0
609	0.5
619	1.0
627	3.5
631	0.5
647	2.0
648	4.5
661	3.0
673	2.0
708	3.5
719	2.0
720	0.5
728	1.0
733	5.0
736	4.0
743	2.0
745	0.5
747	0.5
750	1.0
762	0.5
765	2.0
780	3.5
783	2.5
788	2.0
801	0.5
802	3.0
810	0.5
818	2.5
830	2.0
832	3.0
849	0.5
858	5.0
904	2.0
912	5.0
920	3.0
931	1.5
933	2.5
953	3.0
986	3.0
998	2.5
1009	1.0
1013	1.0
1018	0.5
1020	3.0
1021	1.5
1024	0.5
1036	4.0
1042	3.5
1047	2.0
1059	4.0
1060	4.5
1080	0.5
1086	2.5
1088	3.0
1089	4.5
1090	2.5
1091	1.0
1092	1.5
1095	3.5
1096	4.0
1097	3.5
1100	1.5
1101	4.0
1104	2.5
1105	0.5
1126	0.5
1127	3.0
1136	0.5
1148	0.5
1183	3.5
1186	1.5
1193	4.5
1196	5.0
1197	5.0
1198	4.5
1200	4.0
1201	1.0
1207	2.0
1208	3.5
1210	4.0
1213	4.5
1214	4.0
1215	1.5
1220	5.0
1221	4.0
1222	3.5
1223	0.5
1225	3.0
1228	3.5
1230	4.0
1231	1.0
1240	4.0
1242	2.5
1245	4.5
1246	3.0
1257	4.5
1259	4.0
1263	3.0
1265	4.0
1266	3.5
1270	4.0
1275	1.0
1276	1.5
1282	3.5
1290	3.5
1291	4.0
1295	2.0
1296	2.0
1299	2.0
1307	5.0
1320	1.0
1327	3.0
1333	2.5
1339	4.5
1343	3.5
1344	1.0
1345	3.0
1347	3.5
1350	3.0
1358	4.0
1359	0.5
1370	3.0
1371	2.0
1374	2.0
1375	3.0
1376	2.0
1377	1.5
1380	0.5
1381	0.5
1387	3.5
1388	2.5
1389	1.0
1393	2.5
1394	3.0
1405	0.5
1407	4.0
1431	0.5
1438	3.0
1453	0.5
1460	0.5
1461	2.0
1466	4.0
1485	1.0
1495	0.5
1500	4.5
1503	1.0
1513	1.5
1517	4.0
1527	4.0
1544	3.5
1552	2.0
1556	0.5
1562	2.5
1569	4.0
1573	4.0
1580	3.0
1584	4.0
1586	1.5
1589	1.5
1592	0.5
1595	0.5
1597	3.0
1608	5.0
1609	3.0
1610	3.5
1617	3.5
1619	2.0
1620	3.5
1625	4.0
1639	2.5
1641	2.5
1653	3.5
1673	4.0
1674	4.0
1676	3.0
1682	4.0
1690	1.0
1704	5.0
1721	4.5
1722	2.5
1729	2.5
1735	4.0
1747	3.5
1777	4.0
1784	4.0
1785	2.0
1792	1.5
1816	2.5
1831	3.5
1835	1.0
1876	4.0
1883	1.0
1884	2.5
1894	2.0
1895	1.5
1907	3.0
1909	2.5
1911	1.5
1917	4.0
1923	4.0
1953	1.5
1955	3.0
1961	4.0
1968	4.0
1969	0.5
1970	3.0
1971	1.0
1972	0.5
1973	0.5
1974	0.5
1975	0.5
1976	0.5
1977	0.5
1978	0.5
1980	0.5
1981	0.5
1982	3.0
1983	1.5
1984	0.5
1985	0.5
1986	0.5
1991	1.5
1993	0.5
1994	3.5
1997	4.5
2000	4.5
2001	4.0
2003	3.0
2004	0.5
2005	3.5
2006	2.5
2011	3.0
2012	3.5
2023	4.0
2025	3.0
2028	5.0
2036	0.5
2048	0.5
2052	0.5
2053	0.5
2054	1.0
2059	1.0
2067	3.0
2078	3.0
2081	3.0
2082	2.5
2088	1.0
2090	0.5
2091	0.5
2096	1.5
2100	4.0
2107	3.0
2115	3.0
2123	0.5
2124	4.0
2126	1.0
2134	2.0
2141	0.5
2142	0.5
2144	3.5
2145	3.0
2152	0.5
2160	3.0
2163	0.5
2167	2.5
2174	4.0
2194	4.5
2248	3.5
2268	3.0
2269	1.0
2273	2.0
2288	3.5
2291	3.0
2294	4.0
2296	0.5
2302	3.0
2306	2.0
2310	3.0
2315	0.5
2321	3.0
2324	4.0
2329	4.0
2331	1.5
2335	3.0
2336	3.5
2338	1.5
2340	2.5
2352	2.5
2355	4.0
2366	0.5
2369	2.5
2378	1.0
2380	0.5
2381	0.5
2382	0.5
2384	2.5
2389	2.5
2391	3.0
2394	0.5
2395	4.0
2396	4.5
2402	2.0
2403	3.5
2404	1.0
2406	3.5
2410	3.0
2411	3.5
2412	1.5
2416	1.0
2421	1.5
2423	2.0
2429	2.0
2470	1.0
2471	0.5
2485	2.0
2490	3.5
2496	3.0
2501	3.0
2502	4.5
2517	1.5
2539	3.5
2541	1.5
2542	4.5
2548	0.5
2555	2.0
2567	1.5
2571	5.0
2572	2.5
2580	3.5
2594	3.0
2599	3.0
2605	3.0
2616	1.5
2617	4.0
2628	3.5
2629	3.0
2640	3.0
2643	1.5
2668	1.0
2671	5.0
2683	2.5
2687	2.0
2688	2.5
2692	4.0
2694	2.0
2699	3.0
2700	0.5
2706	4.0
2709	2.5
2710	4.0
2712	1.5
2713	1.0
2716	4.0
2717	1.0
2718	4.0
2720	0.5
2724	1.0
2761	3.5
2762	5.0
2770	2.0
2771	1.5
2791	2.0
2792	1.5
2794	0.5
2795	3.0
2797	5.0
2798	0.5
2799	0.5
2804	5.0
2826	1.0
2828	0.5
2840	3.0
2841	2.5
2858	4.0
2871	3.5
2881	2.5
2906	2.0
2918	4.5
2953	2.5
2959	5.0
2973	4.0
2985	1.5
2986	0.5
2987	4.0
2997	3.5
3004	1.5
3005	2.0
3017	0.5
3019	2.5
3033	3.5
3039	3.5
3052	4.0
3054	0.5
3071	3.0
3072	3.5
3082	2.5
3083	2.5
3087	3.0
3100	3.0
3101	3.5
3107	4.0
3108	2.5
3114	4.5
3125	4.0
3146	0.5
3147	3.0
3157	1.0
3160	2.5
3173	3.0
3175	4.5
3177	2.0
3204	3.0
3213	0.5
3219	2.5
3247	2.0
3248	1.0
3253	3.5
3255	2.5
3256	3.5
3257	2.0
3258	1.0
3261	3.0
3263	3.0
3264	1.0
3267	3.5
3273	3.0
3274	1.0
3275	3.5
3287	0.5
3300	1.5
3301	3.0
3316	3.0
3317	2.0
3360	4.0
3361	1.5
3362	2.0
3363	3.0
3385	3.0
3386	3.0
3388	0.5
3392	0.5
3408	3.0
3409	3.0
3418	4.0
3421	4.0
3424	3.0
3439	0.5
3440	0.5
3452	1.5
3471	3.0
3478	3.0
3481	4.5
3489	4.0
3508	0.5
3510	4.0
3512	3.0
3526	3.0
3527	3.0
3535	3.0
3543	1.5
3552	4.0
3556	2.5
3578	4.5
3591	3.0
3617	3.5
3623	4.5
3686	3.0
3689	2.0
3717	1.0
3735	2.5
3740	2.5
3747	2.5
3751	1.0
3752	4.0
3753	3.5
3754	1.0
3755	3.0
3763	3.0
3764	2.5
3773	2.0
3793	5.0
3798	4.0
3799	0.5
3809	2.5
3821	2.5
3825	1.5
3826	3.5
3841	2.0
3852	3.0
3861	3.5
3868	2.5
3869	0.5
3877	1.0
3897	3.0
3911	4.0
3916	4.0
3948	4.0
3949	3.5
3950	2.5
3973	0.5
3977	4.0
3978	2.0
3979	2.0
3991	0.5
3992	2.0
3994	3.5
3996	4.0
3999	4.0
4002	4.0
4003	3.5
4005	1.5
4006	0.5
4008	2.0
4010	2.5
4011	4.0
4014	2.5
4015	1.0
4018	2.5
4019	3.0
4020	2.0
4022	4.0
4025	2.0
4027	2.0
4029	1.5
4031	2.5
4034	4.0
4041	4.0
4052	3.0
4055	2.5
4061	2.0
4062	3.0
4066	0.5
4069	2.5
4084	0.5
4085	4.0
4091	2.0
4102	0.5
4104	0.5
4124	0.5
4128	3.0
4143	1.0
4148	4.0
4149	1.5
4159	1.5
4161	2.5
4167	2.0
4210	1.5
4215	0.5
4223	3.0
4226	4.0
4228	1.0
4232	3.0
4235	4.5
4238	2.0
4246	3.0
4247	2.0
4254	0.5
4262	3.5
4265	1.0
4270	4.0
4299	1.5
4306	5.0
4308	3.5
4310	1.5
4321	4.0
4326	3.0
4327	2.5
4340	2.5
4343	2.5
4345	1.0
4351	3.5
4361	3.0
4367	1.0
4368	2.5
4369	1.0
4370	3.0
4386	0.5
4388	1.5
4422	2.0
4446	2.0
4447	1.0
4448	2.5
4477	0.5
4488	2.0
4489	1.0
4502	0.5
4519	0.5
4541	3.5
4544	0.5
4571	3.5
4616	2.0
4621	1.5
4623	3.5
4638	3.5
4639	1.5
4643	2.0
4649	0.5
4673	0.5
4676	0.5
4677	3.5
4686	1.0
4701	4.0
4718	2.5
4720	4.0
4725	1.5
4728	0.5
4734	1.0
4744	0.5
4748	0.5
4770	2.0
4776	4.0
4814	3.0
4815	3.0
4816	3.0
4845	0.5
4865	2.0
4866	3.0
4876	1.0
4878	4.0
4880	4.5
4886	4.0
4890	2.5
4896	2.5
4901	3.0
4902	2.5
4903	3.0
4958	4.5
4963	4.0
4973	2.5
4975	4.0
4979	4.0
4990	0.5
4992	3.0
4993	3.0
4995	4.5
5010	3.0
5014	2.0
5015	1.5
5025	3.5
5026	2.0
5049	4.0
5064	4.0
5065	1.0
5102	0.5
5108	4.0
5110	3.5
5127	1.5
5151	0.5
5152	2.0
5218	2.5
5219	3.5
5220	1.5
5222	3.5
5225	4.0
5254	1.5
5266	3.0
5267	4.5
5283	2.0
5293	2.0
5294	3.5
5299	4.0
5308	2.5
5309	0.5
5312	2.0
5313	2.0
5319	2.5
5323	0.5
5349	5.0
5377	3.5
5378	5.0
5379	1.0
5380	1.5
5387	3.5
5388	2.0
5391	2.0
5415	0.5
5418	4.0
5421	1.5
5444	2.0
5445	4.0
5449	3.5
5450	0.5
5452	0.5
5459	1.5
5464	2.5
5477	3.0
5478	2.0
5480	0.5
5481	2.0
5501	0.5
5502	4.0
5504	0.5
5507	1.0
5528	3.0
5548	2.0
5553	3.5
5572	2.0
5574	2.0
5609	1.0
5618	0.5
5630	4.0
5669	3.0
5679	4.0
5685	2.5
5693	2.5
5784	0.5
5785	0.5
5791	3.5
5792	3.0
5803	2.5
5804	2.0
5816	2.0
5872	3.0
5878	2.5
5881	4.5
5882	0.5
5900	1.0
5902	4.5
5941	2.0
5942	1.5
5943	1.0
5945	3.0
5952	3.0
5954	2.0
5955	3.0
5956	2.5
5957	2.0
5959	2.5
5989	3.5
5991	3.0
5992	2.0
5995	3.0
6003	2.5
6006	1.0
6013	0.5
6016	3.5
6058	3.5
6155	2.5
6157	1.5
6166	0.5
6187	4.0
6188	4.0
6218	4.0
6264	4.0
6281	2.5
6283	0.5
6287	3.5
6297	2.0
6322	4.0
6323	3.5
6333	5.0
6338	0.5
6350	0.5
6365	4.0
6370	2.0
6373	2.0
6377	4.0
6378	4.0
6379	0.5
6383	0.5
6385	2.0
6436	3.0
6484	1.5
6502	2.5
6503	1.5
6534	0.5
6535	1.0
6537	2.5
6539	4.0
6541	1.0
6548	2.0
6552	3.0
6564	2.0
6566	0.5
6567	1.0
6586	2.0
6587	1.5
6615	1.0
6617	3.0
6624	0.5
6636	3.5
6645	1.0
6659	3.5
6664	0.5
6707	1.0
6708	3.5
6709	3.5
6711	2.0
6743	2.5
6754	3.0
6755	1.5
6763	1.0
6787	3.5
6796	3.0
6800	0.5
6807	0.5
6808	2.0
6810	2.5
6857	0.5
6862	3.5
6863	3.5
6870	3.5
6873	1.0
6874	4.0
6879	3.5
6888	0.5
6934	4.0
6936	3.5
6942	4.0
6947	2.5
6950	2.5
6952	2.5
6953	3.5
6957	2.0
6959	1.5
6979	3.0
6993	4.0
7004	0.5
7007	2.5
7017	1.0
7090	2.5
7137	3.0
7143	4.0
7147	2.0
7149	5.0
7151	2.0
7153	3.5
7154	3.0
7158	3.0
7160	3.0
7161	1.0
7162	4.0
7163	1.0
7164	2.5
7173	3.0
7234	0.5
7254	3.5
7255	3.0
7256	2.0
7263	3.5
7293	4.0
7303	0.5
7317	3.0
7318	2.5
7323	2.5
7324	2.0
7325	3.5
7346	2.0
7347	2.0
7348	2.5
7360	0.5
7361	4.5
7362	1.5
7366	1.5
7367	1.0
7373	1.0
7376	2.5
7380	2.0
7381	1.0
7438	3.0
7439	1.0
7444	4.0
7445	3.0
7451	3.0
7454	1.0
7458	4.0
7460	0.5
7619	3.0
7649	0.5
7700	0.5
7842	0.5
7983	2.0
8340	2.0
8360	4.5
8361	4.0
8368	3.0
8372	0.5
8376	1.0
8387	0.5
8493	2.0
8528	3.5
8529	4.0
8530	3.0
8531	0.5
8533	4.5
8622	3.0
8636	5.0
8638	3.0
8640	3.0
8641	3.0
8644	4.0
8645	2.5
8665	4.0
8781	1.5
8784	2.0
8798	4.0
8810	2.5
8814	2.0
8827	0.5
8860	3.5
8861	2.5
8870	1.5
8873	3.0
8874	2.0
8908	4.0
8910	1.5
8914	5.0
8937	2.5
8947	0.5
8949	2.5
8950	2.5
8957	3.5
8958	3.5
8961	4.0
8969	2.5
8970	3.5
8972	3.5
8974	0.5
8981	4.0
8984	3.5
8985	1.0
9010	2.0
9018	0.5
25788	0.5
26131	0.5
26614	0.5
26776	0.5
27721	3.5
27788	1.5
27790	2.0
27803	2.5
27808	2.5
27831	3.0
27838	1.5
27839	1.0
30707	3.5
30749	3.0
30810	3.5
30812	3.5
30816	2.5
30820	1.0
30822	2.5
30894	1.5
30898	1.5
31221	2.0
31225	2.5
31420	2.0
31427	1.0
31685	1.5
31696	1.5
31804	2.0
32017	0.5
32019	1.0
32029	2.0
32587	4.0
32596	2.0
32598	3.0
33004	1.0
33085	1.0
33158	1.0
33162	1.5
33166	2.5
33493	4.0
33615	1.0
33646	1.5
33660	3.5
33679	2.0
33794	5.0
34048	2.0
34072	2.5
34150	1.0
34162	4.5
34319	2.5
34336	1.0
34520	1.5
34528	1.5
34532	2.5
35836	4.0
35957	3.0
36401	1.0
36517	3.0
36525	2.0
36527	2.0
36529	2.5
36535	2.0
37720	2.5
37727	2.0
37729	2.5
37731	2.5
37733	2.5
37741	2.0
38038	0.5
38061	3.5
38304	0.5
38886	2.0
39183	3.0
39231	1.0
39292	1.5
39414	2.0
39435	0.5
39444	1.0
39446	2.0
40278	1.5
40339	0.5
40583	2.0
40614	2.0
40629	3.5
40732	2.0
40815	2.0
40819	2.0
41285	3.0
41566	2.0
41569	4.0
41573	3.0
41716	2.5
41863	2.0
41997	3.0
42418	1.0
42632	0.5
42723	3.5
42734	1.0
42738	3.5
43679	1.0
43871	2.0
43936	2.5
44191	3.5
44195	2.5
44199	2.5
44555	3.0
44694	2.0
44709	3.5
45081	0.5
45186	4.0
45442	1.0
45447	3.0
45499	3.5
45501	1.5
45517	4.0
45672	2.0
45720	3.0
45722	2.5
45726	2.0
45730	2.0
45732	2.5
46530	3.5
46578	1.5
46723	3.0
46967	1.5
46970	2.5
46972	3.0
46974	3.5
47044	1.5
47200	2.0
47610	3.5
47629	3.0
47644	3.5
47997	2.0
48043	0.5
48304	3.5
48385	4.0
48394	4.0
48516	4.0
48696	2.0
48738	3.5
48774	4.0
48780	3.0
48783	2.5
48877	2.5
49272	4.5
49286	2.0
49396	2.0
49530	4.0
49651	3.0
49822	1.0
50068	2.0
50804	4.0
50872	2.0
51077	0.5
51080	3.0
51084	2.0
51086	1.5
51091	3.5
51255	2.5
51412	2.0
51540	3.0
51662	3.0
51931	3.0
52241	2.5
52458	3.0
52604	2.5
52722	0.5
52952	2.5
52973	3.0
53125	2.5
53464	0.5
53550	3.0
53953	2.5
53956	2.0
53972	4.5
53993	2.0
53996	2.0
54001	2.0
54004	1.0
54286	4.5
54503	3.5
54648	0.5
54736	3.0
54995	1.0
54997	4.0
54999	2.5
55052	3.5
55094	3.5
55118	3.0
55232	2.0
55267	2.0
55276	3.0
55282	2.0
55290	3.0
55363	3.5
55577	2.0
55765	4.0
55768	0.5
55820	2.5
55830	2.5
56145	1.5
56152	3.5
56174	2.0
56333	3.0
56339	3.5
56587	2.0
56775	1.0
56782	2.5
56788	3.0
56801	1.0
56921	0.5
56941	2.5
56949	0.5
57368	3.5
57504	0.5
57528	2.5
57669	4.0
58025	1.0
58047	2.0
58154	3.0
58162	2.5
58293	1.0
58295	2.0
58559	4.0
58803	2.0
58998	4.0
59315	4.5
59369	3.0
59501	2.5
59615	3.5
59725	0.5
60040	3.0
60126	3.0
60760	1.5
60766	0.5
61024	2.5
61240	3.5
61323	2.0
61729	3.5
62081	2.0
62374	4.0
62849	3.0
63113	3.5
63131	3.0
63859	0.5
63992	0.5
64497	1.0
64614	4.5
65216	3.0
65682	3.0
66203	0.5
66665	3.0
67197	1.0
67255	3.0
68135	0.5
68157	3.5
68159	3.0
68205	1.5
68237	3.5
68319	5.0
68358	5.0
68554	3.0
69122	4.0
69481	4.0
69526	0.5
69640	2.0
69757	3.0
70286	2.5
70336	2.0
71135	2.5
71156	2.0
71264	0.5
71379	3.5
71838	2.0
72226	0.5
72378	1.0
72641	3.5
73321	2.5
74458	3.0
74545	2.0
76251	5.0
76293	2.5
77561	2.5
77658	0.5
78039	3.5
78209	2.0
78499	4.0
78574	4.0
78772	0.5
79057	2.0
79132	5.0
80463	4.0
80489	4.0
80549	2.5
81229	2.5
81537	1.5
81591	4.5
81782	3.0
81788	2.5
81845	3.5
81847	3.5
81932	4.0
84152	3.0
84392	4.0
84601	2.5
84954	2.5
85414	3.0
85510	1.5
86190	3.5
86332	3.0
86345	0.5
86347	0.5
86377	0.5
86882	3.5
87232	5.0
87306	4.0
87520	2.5
88129	4.0
88140	3.5
88163	2.5
88405	2.5
88744	3.5
88810	3.0
89492	3.0
89745	3.0
89804	3.0
91077	3.5
91500	3.5
91529	5.0
91542	4.0
91630	4.0
91658	4.0
95510	3.5
96079	4.5
96610	4.0
97304	4.0
97306	2.0
97921	4.5
97923	2.5
97938	4.5
98154	2.5
98961	2.5
99114	4.0
102125	3.5
102445	4.5
103042	4.0
104841	4.0
105844	4.0
106100	4.0
106487	2.5
106782	4.0
