1	4.0
2	4.0
3	4.0
7	3.5
17	5.0
19	3.0
21	4.0
22	3.5
27	4.5
32	4.0
34	3.0
39	4.0
50	4.5
62	4.5
95	3.5
104	4.5
110	3.5
112	5.0
141	4.5
145	3.5
150	4.0
165	4.0
173	3.5
180	3.5
185	3.5
208	3.0
231	2.5
260	4.5
290	4.0
292	4.0
296	3.5
316	3.5
317	3.0
318	4.0
337	2.5
339	4.0
342	3.0
344	2.5
353	4.5
356	4.0
364	3.5
367	3.0
368	3.5
377	3.5
380	4.0
410	4.0
419	3.5
420	4.5
432	3.0
466	5.0
480	3.5
485	3.0
497	4.5
500	4.5
509	4.5
520	5.0
527	4.0
531	3.5
539	3.0
541	4.5
552	4.5
585	3.5
586	3.0
587	3.5
588	4.0
589	4.5
593	4.0
594	4.0
595	4.0
596	3.5
597	4.0
637	4.0
647	3.0
648	3.5
653	4.5
708	4.5
719	3.5
724	3.5
736	3.5
780	3.0
786	4.0
788	2.5
802	3.0
805	3.0
830	4.0
832	3.0
849	4.0
914	3.0
919	4.0
924	2.5
955	2.5
1025	4.5
1028	3.5
1029	4.0
1035	3.5
1036	4.0
1042	2.5
1073	3.5
1079	4.0
1088	4.0
1101	3.0
1104	3.0
1127	4.0
1136	4.0
1188	4.0
1196	5.0
1197	4.5
1198	5.0
1206	4.0
1210	4.5
1214	3.5
1220	4.5
1222	4.0
1240	4.0
1246	3.5
1265	3.5
1275	3.5
1291	5.0
1370	4.5
1380	4.0
1385	3.5
1387	3.5
1391	4.5
1393	3.0
1405	3.5
1407	3.5
1479	4.0
1485	3.5
1517	3.5
1527	5.0
1544	4.0
1552	4.0
1573	3.5
1580	3.5
1584	3.0
1587	3.5
1608	3.5
1625	4.0
1641	4.0
1653	4.0
1676	4.0
1682	4.0
1704	3.5
1721	1.5
1732	4.5
1735	3.5
1748	4.0
1760	3.0
1784	4.0
1805	2.0
1848	4.5
1907	5.0
1918	4.5
1923	3.0
1967	5.0
2000	4.0
2001	4.5
2002	4.0
2005	4.0
2006	3.5
2028	3.5
2054	4.0
2078	4.5
2081	4.5
2093	3.5
2094	3.5
2100	3.0
2105	5.0
2115	5.0
2125	5.0
2134	3.0
2140	2.0
2142	4.5
2150	4.0
2161	5.0
2167	3.0
2193	5.0
2273	3.5
2291	4.0
2294	4.0
2316	4.5
2321	3.0
2329	4.0
2355	4.5
2393	4.0
2396	3.5
2406	5.0
2413	4.5
2421	3.5
2422	4.0
2424	4.0
2428	3.0
2431	4.0
2467	5.0
2470	4.0
2505	3.0
2528	3.5
2539	2.5
2563	4.5
2571	4.0
2572	4.5
2580	4.0
2581	3.5
2617	4.5
2618	4.0
2628	2.5
2657	4.0
2671	3.0
2683	3.5
2687	5.0
2688	3.0
2699	2.0
2701	3.5
2706	3.0
2710	1.0
2712	3.0
2716	5.0
2717	4.5
2724	2.5
2761	3.5
2762	4.0
2770	3.0
2797	3.0
2826	4.5
2827	3.5
2846	3.5
2858	4.0
2872	4.5
2908	3.5
2916	4.5
2918	2.0
2926	2.5
2985	3.5
2987	4.0
2997	3.5
3033	5.0
3034	4.5
3052	4.0
3081	4.5
3113	4.0
3114	4.0
3147	5.0
3175	5.0
3176	2.5
3186	4.5
3253	3.5
3255	5.0
3258	4.0
3263	3.5
3268	3.0
3300	4.0
3316	3.5
3408	3.5
3418	3.5
3484	3.0
3527	4.5
3536	3.5
3578	4.0
3593	4.5
3617	3.0
3623	4.0
3624	4.0
3697	3.0
3717	3.5
3740	4.5
3751	4.5
3752	2.0
3785	4.5
3793	4.0
3798	4.0
3825	4.5
3826	4.0
3863	3.0
3882	3.5
3897	2.5
3911	4.0
3916	4.5
3948	1.5
3967	3.5
3969	4.5
3977	4.5
3979	3.0
3993	4.5
3994	4.0
3996	4.5
3997	3.5
3999	3.5
4006	4.5
4014	5.0
4016	5.0
4017	3.5
4018	3.5
4022	4.0
4025	4.0
4034	3.5
4084	4.5
4085	4.5
4133	4.5
4161	3.5
4225	4.0
4226	4.0
4239	3.5
4246	5.0
4270	2.5
4299	4.0
4306	4.0
4308	4.5
4321	4.0
4344	4.0
4370	4.0
4447	3.5
4571	5.0
4638	4.0
4642	4.0
4703	5.0
4816	3.5
4874	4.5
4878	4.5
4880	4.0
4886	4.5
4896	4.5
4963	3.5
4973	4.5
4975	4.0
4979	3.5
4980	2.5
4992	3.0
4993	4.5
4995	4.5
5014	4.0
5015	3.5
5016	5.0
5110	4.0
5159	4.5
5218	4.0
5291	1.5
5299	3.5
5349	2.0
5377	4.0
5378	2.0
5380	4.0
5438	4.5
5444	3.5
5445	4.0
5459	2.5
5502	4.0
5617	4.5
5618	4.0
5620	3.0
5679	3.0
5690	4.0
5816	4.0
5903	4.5
5952	4.5
5971	4.0
5989	4.0
5991	4.0
5992	3.0
6016	4.0
6155	3.0
6157	2.5
6187	4.5
6218	4.0
6283	4.5
6287	3.5
6303	3.0
6333	4.0
6365	4.5
6373	3.5
6377	4.0
6378	3.0
6541	4.5
6564	4.0
6708	4.0
6754	3.0
6863	2.0
6870	4.0
6874	4.0
6893	2.5
6934	4.5
6942	4.5
7045	3.5
7075	5.0
7090	4.5
7099	4.0
7143	4.0
7147	4.0
7153	4.5
7154	3.0
7155	4.5
7160	3.0
7285	3.5
7293	3.5
7361	4.5
7362	4.0
7367	3.5
7373	4.5
7438	4.5
7669	5.0
7842	3.0
8014	4.0
8132	4.0
8169	4.0
8360	3.5
8361	3.5
8366	4.0
8368	4.0
8371	3.5
8529	4.0
8531	3.0
8533	4.0
8641	4.0
8783	5.0
8917	4.0
8950	4.5
8961	4.0
8969	4.5
8970	4.5
8972	4.0
27706	4.0
27731	3.5
27831	4.0
30793	4.0
30825	0.5
31696	4.5
32587	5.0
33004	3.5
33493	3.0
34150	3.0
34162	3.5
34319	4.0
34405	4.5
35836	4.5
36401	4.5
37729	3.5
37733	4.5
37741	4.0
38038	4.5
38798	4.5
39183	3.0
39381	4.0
40629	4.0
40815	4.5
41571	4.0
41573	4.5
42004	3.5
42007	3.5
44191	5.0
44195	4.0
44555	4.5
44974	4.0
45499	4.5
45720	3.5
45880	2.5
46578	4.5
46972	4.0
46976	4.0
47610	3.0
48043	4.5
48082	4.0
48394	5.0
48696	4.5
48774	4.5
48780	4.5
48997	4.5
49274	4.5
49286	4.0
50601	4.5
51091	3.5
51255	5.0
51662	4.0
52973	3.0
53956	4.0
54001	4.0
54259	4.5
55052	4.5
55267	4.0
55269	4.5
55280	4.0
55814	4.5
55820	4.0
55995	4.5
56367	4.5
56587	4.0
56941	4.5
57640	4.0
57669	4.0
58047	3.5
59369	3.5
59387	5.0
59725	4.0
60069	4.0
60684	4.5
60756	1.5
60950	3.0
61132	4.5
61323	4.0
61729	4.0
62434	3.0
62511	3.5
63082	4.5
64034	4.5
64614	4.5
64622	4.5
64957	4.0
64969	3.5
66097	3.5
66203	3.5
67255	5.0
67267	4.0
67408	4.0
68157	4.5
68159	4.0
68237	4.5
68319	4.0
68358	4.5
68954	4.0
69844	4.0
70183	3.0
70286	4.5
70293	4.0
71264	3.5
71518	4.5
71535	4.0
72011	3.5
72395	4.0
72641	4.5
72737	4.5
72998	4.5
73017	4.5
74458	4.5
74789	3.5
76251	5.0
78499	4.5
79091	3.5
79132	4.5
79242	3.5
79702	3.5
80549	4.0
80969	4.5
81229	4.5
81591	4.0
81834	4.5
81845	4.5
81847	4.5
83613	4.0
84772	4.0
84944	3.5
84954	4.5
85414	4.0
85510	4.5
86320	4.5
86332	3.5
86833	4.5
87232	4.0
87520	3.5
87869	4.0
88125	4.5
88129	4.5
88140	4.0
88163	4.0
88810	4.5
89804	4.5
89864	3.5
90746	4.5
90866	3.5
91077	4.0
91500	4.0
91542	4.0
93510	4.0
94864	4.0
95167	4.5
