2	4.0
3	3.0
4	3.0
5	3.0
6	4.0
7	3.0
10	3.0
11	5.0
17	5.0
19	1.0
24	2.0
25	4.0
27	3.0
28	5.0
31	3.0
34	5.0
39	5.0
41	4.0
43	2.0
45	3.0
46	3.0
47	3.0
50	5.0
52	4.0
57	5.0
62	4.0
64	2.0
68	3.0
72	3.0
74	2.0
86	3.0
94	4.0
105	5.0
110	4.0
111	4.0
118	5.0
123	4.0
125	3.0
144	2.0
150	4.0
155	4.0
171	2.0
172	3.0
179	2.0
182	3.0
186	3.0
193	2.0
194	5.0
195	3.0
203	3.0
207	2.0
208	3.0
215	4.0
218	4.0
222	5.0
224	4.0
225	4.0
232	4.0
236	5.0
237	4.0
242	2.0
249	5.0
252	5.0
253	3.0
256	4.0
260	5.0
261	3.0
262	2.0
265	4.0
266	2.0
270	2.0
271	2.0
276	3.0
281	3.0
282	4.0
288	3.0
289	3.0
292	3.0
293	4.0
296	4.5
306	5.0
307	5.0
308	3.0
314	4.0
318	5.0
319	3.0
337	3.0
339	5.0
342	5.0
343	2.0
344	2.0
345	4.0
348	5.0
349	3.0
351	4.0
353	2.0
356	5.0
357	5.0
361	4.0
364	4.0
371	3.0
372	3.0
377	5.0
378	4.0
380	5.0
381	3.0
410	3.0
412	3.0
417	3.0
421	3.0
435	2.0
437	1.0
440	5.0
441	3.0
448	4.0
450	2.0
451	3.0
454	5.0
457	5.0
469	5.0
471	5.0
474	4.0
475	4.0
477	4.0
480	4.0
489	3.0
494	3.0
495	2.0
497	5.0
506	5.0
508	5.0
509	5.0
515	4.0
517	2.0
527	5.0
529	4.0
534	5.0
535	4.0
538	3.0
539	4.0
542	2.0
543	4.0
550	2.0
562	3.0
585	2.0
586	3.0
587	4.0
588	4.0
589	5.0
590	5.0
592	5.0
593	5.0
594	3.0
595	5.0
597	5.0
605	3.0
606	1.0
608	3.0
610	3.0
613	4.0
635	4.0
647	4.0
648	4.0
650	3.0
663	3.0
674	3.0
691	2.0
700	4.0
708	4.0
720	5.0
736	4.0
745	5.0
747	1.0
765	4.0
778	3.0
780	5.0
784	2.0
785	3.0
786	3.0
802	5.0
804	1.0
805	4.0
829	1.0
832	3.0
838	5.0
848	4.0
858	5.0
892	5.0
898	5.0
899	5.0
900	4.0
901	3.0
902	3.0
903	4.0
904	5.0
905	4.0
908	4.0
910	5.0
914	4.0
916	4.0
917	4.0
919	4.0
920	5.0
921	5.0
926	4.0
928	4.0
932	4.0
933	5.0
938	4.0
948	3.0
951	4.0
953	4.0
965	5.0
968	2.0
971	5.0
994	5.0
1013	4.0
1022	5.0
1027	3.0
1028	5.0
1030	4.0
1031	4.0
1032	3.0
1035	5.0
1036	5.0
1037	1.0
1041	5.0
1042	3.0
1043	2.0
1060	5.0
1073	5.0
1079	5.0
1081	5.0
1086	4.0
1088	5.0
1090	5.0
1092	4.0
1094	4.0
1095	5.0
1096	5.0
1097	4.0
1100	3.0
1101	5.0
1103	4.0
1113	4.0
1120	3.0
1124	4.0
1126	3.0
1127	4.0
1128	1.0
1135	3.0
1148	5.0
1171	4.0
1177	5.0
1179	3.0
1183	5.0
1185	4.0
1186	5.0
1187	4.0
1188	3.0
1193	5.0
1196	5.0
1197	5.0
1198	5.0
1200	4.0
1203	5.0
1204	5.0
1207	5.0
1210	3.0
1211	5.0
1215	3.0
1216	3.0
1219	5.0
1220	4.0
1223	5.0
1225	5.0
1226	3.0
1231	5.0
1246	4.0
1249	5.0
1250	4.0
1257	5.0
1259	5.0
1260	5.0
1265	5.0
1268	3.0
1269	5.0
1270	5.0
1271	5.0
1278	5.0
1281	5.0
1282	4.0
1285	2.0
1286	4.0
1289	4.0
1290	4.0
1291	3.0
1296	5.0
1297	5.0
1300	3.0
1302	5.0
1304	4.0
1307	5.0
1320	3.0
1321	4.0
1333	5.0
1339	2.0
1345	4.0
1353	3.0
1357	4.0
1358	4.0
1363	3.0
1371	1.0
1372	3.0
1374	4.0
1375	2.0
1376	4.0
1377	3.0
1380	5.0
1381	2.0
1385	4.0
1391	2.0
1393	4.0
1394	3.0
1396	3.0
1407	3.0
1408	4.0
1410	3.0
1416	4.0
1438	3.0
1441	3.0
1442	2.0
1446	5.0
1449	5.0
1457	2.0
1466	4.0
1474	2.0
1476	4.0
1479	5.0
1484	5.0
1485	4.0
1487	3.0
1498	4.0
1500	4.0
1513	4.0
1517	3.0
1537	4.0
1541	4.0
1542	3.0
1544	5.0
1552	4.0
1569	3.0
1573	3.0
1580	3.0
1584	5.0
1587	4.0
1593	2.0
1597	3.0
1600	3.0
1608	4.0
1610	5.0
1614	4.0
1615	5.0
1616	3.0
1617	5.0
1619	3.0
1620	4.0
1621	4.0
1629	4.0
1635	4.0
1639	4.0
1641	5.0
1642	4.0
1643	2.0
1648	3.0
1653	3.0
1663	5.0
1673	3.0
1674	5.0
1678	4.0
1680	5.0
1683	5.0
1688	3.0
1704	4.0
1711	4.0
1721	4.0
1722	4.0
1732	3.0
1747	3.0
1748	3.0
1777	4.0
1784	4.0
1801	1.0
1810	4.0
1821	3.0
1834	4.0
1835	5.0
1836	3.0
1875	2.0
1883	3.0
1885	2.0
1888	3.0
1904	3.0
1907	4.0
1921	3.0
1923	4.0
1940	4.0
1947	3.0
1954	5.0
1955	5.0
1956	5.0
1958	5.0
1959	5.0
1960	4.0
1961	5.0
1962	5.0
1967	2.0
1968	5.0
1974	3.0
1975	1.0
1976	1.0
1982	4.0
1983	2.0
1986	1.0
1994	5.0
2000	5.0
2003	3.0
2005	4.0
2006	3.0
2010	5.0
2011	2.0
2014	3.0
2015	4.0
2020	4.0
2022	5.0
2028	4.0
2034	2.0
2043	3.0
2054	2.0
2058	4.0
2064	4.0
2065	5.0
2067	4.0
2069	4.0
2072	2.0
2076	2.0
2077	4.0
2080	4.0
2081	4.0
2082	3.0
2088	2.0
2096	4.0
2097	4.0
2100	5.0
2105	2.0
2106	2.0
2108	5.0
2109	4.0
2111	2.0
2112	4.0
2114	5.0
2115	2.0
2124	4.0
2125	5.0
2126	3.0
2132	4.0
2133	5.0
2134	3.0
2137	3.0
2140	3.0
2144	5.0
2145	4.0
2146	3.0
2147	2.0
2154	3.0
2161	4.0
2165	1.0
2171	4.0
2174	4.0
2181	3.0
2193	4.0
2194	4.0
2204	3.0
2240	2.0
2241	4.0
2243	4.0
2245	5.0
2247	4.0
2248	4.0
2249	2.0
2253	2.0
2259	1.0
2261	3.0
2262	3.0
2266	3.0
2268	5.0
2269	3.0
2272	3.0
2273	3.0
2278	3.0
2291	4.0
2302	5.0
2310	5.0
2311	3.0
2312	5.0
2313	5.0
2314	1.0
2316	3.0
2324	5.0
2329	5.0
2331	3.0
2333	3.0
2334	4.0
2336	5.0
2346	2.0
2352	5.0
2353	4.0
2354	1.0
2357	5.0
2359	4.0
2369	4.0
2370	2.0
2371	5.0
2373	1.0
2375	2.0
2377	2.0
2379	2.0
2385	1.0
2387	1.0
2390	5.0
2394	3.0
2395	4.0
2396	5.0
2405	2.0
2406	5.0
2407	5.0
2408	3.0
2409	3.0
2416	4.0
2418	3.0
2420	4.0
2421	3.0
2422	2.0
2424	4.0
2427	4.0
2432	3.0
2433	5.0
2436	5.0
2443	3.0
2445	2.0
2447	4.0
2450	2.0
2453	4.0
2455	3.0
2457	4.0
2459	1.0
2463	4.0
2468	4.0
2469	3.0
2470	4.0
2473	2.0
2478	3.0
2485	3.0
2497	4.0
2501	5.0
2502	3.0
2504	4.0
2506	4.0
2520	4.0
2524	4.0
2528	4.0
2529	4.0
2546	3.0
2558	4.0
2563	3.0
2565	4.0
2570	2.0
2571	5.0
2572	4.0
2575	3.0
2581	4.0
2598	2.0
2599	3.0
2611	5.0
2616	2.0
2622	3.0
2628	3.0
2629	3.0
2639	4.0
2640	3.0
2657	3.0
2662	5.0
2668	2.0
2671	5.0
2683	2.0
2686	4.0
2687	5.0
2690	5.0
2692	4.0
2699	2.0
2700	5.0
2701	1.0
2706	5.0
2710	4.0
2712	4.0
2716	4.0
2717	3.0
2723	1.0
2724	3.0
2735	2.0
2739	5.0
2748	1.0
2750	5.0
2762	5.0
2779	4.0
2791	5.0
2792	1.0
2794	1.0
2795	4.0
2797	5.0
2801	4.0
2802	4.0
2803	4.0
2804	5.0
2822	3.0
2836	3.0
2858	5.0
2866	3.0
2872	4.0
2875	3.0
2877	3.0
2883	4.0
2889	4.0
2899	4.0
2902	1.0
2906	2.0
2908	2.0
2915	3.0
2916	4.0
2918	5.0
2919	4.0
2926	4.0
2941	3.0
2942	2.0
2943	2.0
2950	1.0
2959	5.0
2961	2.0
2967	4.0
2968	4.0
2969	4.0
2971	3.0
2973	5.0
2987	4.0
2989	4.0
2997	3.0
3000	3.0
3004	2.0
3006	5.0
3016	3.0
3033	3.0
3037	4.0
3040	4.0
3044	5.0
3051	3.0
3052	4.0
3060	5.0
3063	1.0
3067	5.0
3071	4.0
3072	5.0
3079	4.0
3083	4.0
3087	4.0
3089	5.0
3098	5.0
3100	4.0
3101	4.0
3104	3.0
3105	5.0
3107	5.0
3108	4.0
3111	5.0
3115	4.0
3125	4.0
3135	4.0
3145	3.0
3148	4.0
3155	4.0
3160	5.0
3163	3.0
3174	2.0
3175	3.0
3176	3.0
3185	3.0
3186	3.0
3189	4.0
3194	4.0
3196	5.0
3197	3.0
3203	5.0
3210	4.0
3225	3.0
3243	3.0
3244	5.0
3249	3.0
3250	3.0
3251	4.0
3252	4.0
3253	4.0
3256	5.0
3257	2.0
3258	3.0
3259	3.0
3260	4.0
3261	4.0
3263	3.0
3268	1.0
3269	2.0
3270	2.0
3274	3.0
3296	4.0
3298	3.0
3307	5.0
3308	4.0
3317	3.0
3326	2.0
3342	3.0
3358	4.0
3360	4.0
3361	4.0
3385	2.0
3388	2.0
3394	2.0
3396	5.0
3397	3.0
3408	4.0
3418	4.0
3421	4.0
3422	4.0
3424	3.0
3429	5.0
3436	2.0
3448	3.0
3450	4.0
3451	4.0
3462	4.0
3466	3.0
3469	5.0
3471	5.0
3478	4.0
3479	4.0
3480	3.0
3481	4.0
3489	3.0
3499	3.0
3500	1.0
3501	5.0
3505	5.0
3506	2.0
3510	5.0
3512	5.0
3515	3.0
3521	4.0
3524	4.0
3525	5.0
3526	5.0
3528	4.0
3534	3.0
3536	4.0
3538	3.0
3545	3.0
3548	5.0
3552	5.0
3557	3.0
3565	2.0
3566	5.0
3578	5.0
3591	4.0
3606	4.0
3608	5.0
3623	4.0
3629	5.0
3639	3.0
3671	5.0
3684	4.0
3685	3.0
3686	3.0
3688	2.0
3689	2.0
3690	3.0
3698	3.0
3699	4.0
3701	3.0
3702	4.0
3708	3.0
3709	1.0
3712	2.0
3730	3.0
3751	4.0
3753	3.0
3763	4.0
3791	2.0
3819	4.0
3827	3.0
3831	4.0
3844	5.0
3852	2.0
3863	3.0
3877	2.0
3882	4.0
3897	5.0
3901	2.0
3911	3.0
3916	5.0
3948	3.0
3952	4.0
3959	4.0
3967	4.0
3977	3.0
3978	3.0
3987	2.0
3996	5.0
3998	2.0
4002	4.0
4003	4.0
4014	4.0
4017	4.0
4018	3.0
4019	4.0
4020	3.0
4022	4.0
4024	4.0
4025	3.0
4027	4.0
4029	4.0
4033	2.0
4034	5.0
4037	3.0
4039	3.0
4040	2.0
4061	4.0
4062	4.0
4063	3.0
4067	3.0
4069	3.0
4080	4.0
4085	5.0
4086	4.0
4090	4.0
4102	4.0
4103	4.0
4117	4.0
4128	3.0
4132	2.0
4174	4.0
4205	3.0
4211	4.0
4215	1.0
4226	4.0
4231	1.0
4239	5.0
4246	4.0
4275	2.0
4280	5.0
4285	3.0
4291	5.0
4306	4.0
4310	2.0
4318	3.0
4321	4.0
4343	3.0
4361	5.0
4370	3.5
4447	4.0
4464	5.0
4535	5.0
4564	2.0
4880	3.0
4896	4.0
4901	4.0
4912	5.0
4963	3.0
4992	3.0
4993	3.0
4994	3.0
5010	4.0
5034	5.0
5064	3.0
5066	2.0
5299	5.0
5303	4.0
5349	4.0
5477	3.0
5502	4.0
5577	3.0
5620	4.0
5673	3.0
5679	2.0
5816	4.0
5878	3.0
5945	3.5
5995	5.0
6006	1.0
6377	4.0
7303	3.0
7573	2.0
7618	3.5
7619	4.0
8368	4.0
8530	4.5
8531	1.5
30825	3.0
34072	3.0
37727	3.0
39231	4.0
44709	4.5
45730	4.0
46972	3.0
47099	4.0
48774	4.0
49272	5.0
