1	4.0
2	4.0
7	3.0
11	4.0
16	3.0
17	4.0
21	4.0
25	4.0
28	4.0
32	3.0
34	5.0
36	4.0
39	4.0
45	4.0
46	2.0
47	3.0
50	5.0
52	4.0
55	4.0
58	5.0
60	3.0
74	1.0
99	3.0
105	2.0
110	2.0
111	4.0
118	3.0
125	5.0
150	3.0
153	1.0
154	4.0
162	4.0
168	1.0
195	2.0
198	3.0
205	3.0
215	4.0
222	3.0
223	3.0
224	3.0
235	4.0
236	2.0
246	5.0
247	3.0
249	4.0
252	3.0
260	3.0
265	4.0
270	3.0
272	4.0
288	4.0
293	3.0
296	5.0
300	4.0
306	4.0
317	3.0
318	5.0
322	3.0
337	3.0
338	2.0
339	3.0
342	2.0
344	2.0
345	3.0
346	4.0
348	4.0
350	3.0
352	3.0
356	5.0
357	4.0
361	3.0
362	3.0
363	4.0
364	5.0
367	3.0
371	2.0
372	3.0
377	3.0
380	2.0
381	4.0
410	2.0
412	3.0
415	2.0
417	2.0
428	3.0
440	3.0
441	4.0
454	4.0
457	4.0
468	3.0
471	3.0
477	3.0
481	3.0
490	4.0
492	3.0
497	3.0
509	4.0
515	4.0
516	2.0
521	3.0
527	5.0
529	4.0
532	3.0
535	4.0
539	4.0
543	2.0
555	3.0
562	3.0
581	4.0
585	4.0
587	3.0
588	5.0
589	3.0
592	4.0
593	5.0
594	3.0
595	4.0
596	4.0
597	3.0
608	4.0
613	4.0
628	3.0
635	3.0
647	3.0
648	3.0
708	3.0
733	3.0
736	3.0
745	4.0
750	4.0
766	3.0
778	4.0
780	3.0
785	4.0
802	3.0
838	2.0
852	3.0
858	5.0
898	5.0
899	4.0
902	4.0
903	4.0
904	5.0
906	4.0
908	4.0
909	4.0
910	5.0
912	5.0
913	4.0
914	5.0
915	5.0
919	5.0
920	4.0
922	5.0
923	4.0
924	3.0
926	5.0
928	4.0
932	4.0
933	4.0
938	3.0
944	4.0
948	3.0
949	4.0
951	5.0
953	4.0
971	4.0
991	4.0
994	5.0
1009	3.0
1013	5.0
1022	3.0
1023	4.0
1025	3.0
1028	5.0
1029	4.0
1031	4.0
1032	3.0
1035	3.0
1036	3.0
1043	2.0
1057	3.0
1060	3.0
1061	3.0
1073	5.0
1077	4.0
1078	3.0
1081	3.0
1084	4.0
1088	4.0
1089	4.0
1090	4.0
1092	3.0
1094	4.0
1095	4.0
1096	4.0
1097	4.0
1103	4.0
1104	4.0
1120	4.0
1131	5.0
1132	5.0
1148	4.0
1161	4.0
1171	4.0
1172	4.0
1175	4.0
1179	4.0
1183	4.0
1186	4.0
1189	5.0
1192	3.0
1193	5.0
1196	3.0
1197	4.0
1206	5.0
1207	5.0
1210	3.0
1213	5.0
1219	4.0
1220	4.0
1221	5.0
1222	4.0
1225	5.0
1228	4.0
1230	5.0
1231	4.0
1234	4.0
1242	4.0
1243	3.0
1244	4.0
1245	3.0
1246	4.0
1247	5.0
1252	4.0
1254	4.0
1256	5.0
1259	4.0
1264	4.0
1265	4.0
1267	5.0
1268	3.0
1270	3.0
1276	4.0
1277	4.0
1279	3.0
1281	5.0
1282	4.0
1285	4.0
1288	3.0
1293	4.0
1296	4.0
1299	4.0
1302	3.0
1307	4.0
1321	3.0
1339	2.0
1343	3.0
1352	3.0
1357	4.0
1358	3.0
1367	3.0
1370	3.0
1377	3.0
1380	4.0
1393	2.0
1396	4.0
1409	3.0
1411	4.0
1414	3.0
1425	3.0
1441	2.0
1449	5.0
1466	4.0
1476	3.0
1485	3.0
1487	3.0
1500	4.0
1517	4.0
1527	2.0
1535	3.0
1562	1.0
1569	2.0
1573	2.0
1580	4.0
1584	3.0
1597	3.0
1610	4.0
1614	4.0
1617	5.0
1629	2.0
1633	4.0
1635	4.0
1641	4.0
1643	4.0
1645	4.0
1647	2.0
1663	3.0
1673	5.0
1674	4.0
1678	4.0
1680	2.0
1683	4.0
1694	3.0
1704	4.0
1721	4.0
1722	3.0
1729	3.0
1732	3.0
1747	4.0
1772	1.0
1777	4.0
1831	1.0
1834	4.0
1835	3.0
1883	4.0
1885	4.0
1888	2.0
1892	2.0
1897	3.0
1909	4.0
1911	3.0
1912	4.0
1916	1.0
1938	4.0
1939	4.0
1941	4.0
1944	5.0
1945	4.0
1946	4.0
1947	4.0
1949	4.0
1951	5.0
1952	4.0
1953	4.0
1954	4.0
1955	4.0
1956	5.0
1957	4.0
1958	5.0
1960	4.0
1961	4.0
1962	4.0
1964	3.0
1965	4.0
1968	3.0
1994	3.0
1997	4.0
2000	3.0
2001	2.0
2012	3.0
2014	3.0
2018	4.0
2020	4.0
2023	3.0
2024	2.0
2025	3.0
2028	4.0
2054	3.0
2059	3.0
2064	3.0
2065	3.0
2067	4.0
2069	3.0
2076	4.0
2078	4.0
2080	4.0
2085	3.0
2087	3.0
2088	2.0
2096	4.0
2100	3.0
2102	4.0
2108	3.0
2112	2.0
2117	3.0
2125	3.0
2132	4.0
2135	3.0
2141	3.0
2145	3.0
2146	2.0
2160	4.0
2166	3.0
2174	4.0
2176	3.0
2183	4.0
2186	4.0
2188	2.0
2194	4.0
2212	4.0
2243	3.0
2248	3.0
2259	1.0
2266	2.0
2268	4.0
2280	3.0
2289	4.0
2291	3.0
2294	4.0
2297	2.0
2300	5.0
2312	4.0
2313	4.0
2316	3.0
2318	3.0
2321	4.0
2324	4.0
2329	3.0
2333	4.0
2336	4.0
2340	3.0
2346	3.0
2348	4.0
2349	3.0
2352	4.0
2355	4.0
2357	5.0
2369	3.0
2389	3.0
2390	3.0
2395	4.0
2396	4.0
2398	4.0
2413	1.0
2424	3.0
2433	3.0
2435	3.0
2455	3.0
2468	2.0
2469	3.0
2490	3.0
2496	4.0
2501	3.0
2528	3.0
2551	3.0
2571	1.0
2572	4.0
2580	4.0
2581	3.0
2583	3.0
2599	5.0
2600	4.0
2605	3.0
2612	5.0
2613	2.0
2616	2.0
2640	4.0
2641	4.0
2657	4.0
2671	3.0
2676	3.0
2683	2.0
2690	3.0
2699	3.0
2700	4.0
2706	3.0
2707	3.0
2724	1.0
2729	4.0
2746	4.0
2757	4.0
2762	4.0
2770	3.0
2791	4.0
2797	3.0
2804	3.0
2857	3.0
2858	5.0
2863	5.0
2866	4.0
2872	3.0
2875	2.0
2877	2.0
2890	3.0
2902	2.0
2908	5.0
2912	4.0
2916	2.0
2926	4.0
2929	5.0
2942	1.0
2944	5.0
2946	4.0
2950	3.0
2959	4.0
2968	3.0
2971	3.0
2987	3.0
2988	4.0
2997	4.0
3006	4.0
3019	4.0
3034	3.0
3037	4.0
3044	4.0
3052	4.0
3060	2.0
3063	2.0
3067	4.0
3072	5.0
3079	3.0
3081	3.0
3088	4.0
3094	3.0
3097	4.0
3098	3.0
3099	2.0
3100	3.0
3104	3.0
3105	4.0
3108	4.0
3114	5.0
3135	4.0
3145	3.0
3147	4.0
3148	4.0
3155	4.0
3159	4.0
3160	4.0
3163	4.0
3167	4.0
3168	4.0
3169	4.0
3174	4.0
3176	3.0
3196	5.0
3198	4.0
3200	3.0
3201	4.0
3244	4.0
3246	4.0
3247	2.0
3251	3.0
3252	3.0
3253	4.0
3260	5.0
3261	3.0
3298	4.0
3307	5.0
3317	3.0
3342	3.0
3358	4.0
3359	4.0
3360	4.0
3362	4.0
3363	5.0
3386	4.0
3396	4.0
3408	3.0
3418	4.0
3420	3.0
3422	3.0
3435	4.0
3438	1.0
3439	1.0
3448	3.0
3471	3.0
3475	4.0
3481	4.0
3489	2.0
3498	3.0
3504	4.0
3505	3.0
3507	4.0
3510	3.0
3512	4.0
3521	4.0
3524	3.0
3528	2.0
3535	2.0
3536	4.0
3543	4.0
3545	5.0
3546	4.0
3548	4.0
3549	5.0
3614	4.0
3618	4.0
3629	5.0
3668	4.0
3684	3.0
3685	4.0
3686	2.0
3698	3.0
3700	3.0
3706	3.0
3712	3.0
3723	3.0
3733	4.0
3735	4.0
3751	5.0
3753	2.0
3755	4.0
3763	3.0
3801	4.0
3831	4.0
3844	3.0
3865	3.0
3893	4.0
3897	4.0
3911	4.0
3948	4.0
3949	4.0
3967	4.0
3969	1.0
3983	3.0
3993	4.0
3994	2.0
3996	5.0
4007	2.0
4008	4.0
4009	3.0
4014	4.0
4017	4.0
4018	2.0
4019	4.0
4022	4.0
4024	2.0
4027	3.0
4029	4.0
4034	4.0
4037	4.0
4041	4.0
4148	2.0
4226	3.0
4239	3.0
4246	3.0
4306	5.0
4308	3.0
4447	3.0
4639	3.0
4734	3.0
4787	4.0
4855	4.0
4857	4.0
4865	3.0
4867	2.0
4874	3.0
4881	3.0
4886	4.0
4889	4.0
4896	4.0
4912	5.0
4958	2.0
4963	4.0
4979	5.0
4993	2.0
4995	4.0
5009	3.0
5013	5.0
5016	4.0
5060	5.0
5349	4.0
5377	4.0
5481	4.0
5505	3.0
5577	4.0
5630	3.0
5673	4.0
5804	3.0
5816	4.0
6184	3.0
6296	4.0
