2	3.0
6	5.0
10	3.0
16	4.0
19	2.5
39	3.5
47	4.5
50	4.0
95	3.0
104	2.5
110	5.0
111	4.0
153	2.5
161	3.5
165	3.5
213	4.0
215	4.5
231	3.0
232	4.0
260	4.5
292	3.5
293	4.5
296	4.5
299	4.0
316	3.5
318	5.0
319	3.5
344	3.0
356	4.0
367	3.0
370	3.0
377	4.0
380	2.5
434	3.0
442	2.5
457	4.0
466	3.0
474	3.0
480	3.5
485	3.0
500	3.0
508	4.0
509	4.0
527	5.0
586	3.5
589	5.0
590	5.0
592	3.5
593	4.5
595	4.0
597	3.5
648	3.5
662	2.0
733	4.0
736	2.5
743	3.0
750	5.0
778	4.5
780	3.0
784	3.0
786	2.5
788	3.0
832	3.0
858	5.0
903	4.5
904	4.5
908	4.5
912	4.5
913	4.5
916	4.5
922	4.5
926	3.5
931	3.5
936	3.5
953	5.0
965	3.5
968	4.0
996	2.0
1036	4.0
1069	4.0
1089	4.0
1090	3.5
1094	4.0
1103	4.0
1104	5.0
1111	4.0
1175	3.5
1178	4.0
1185	4.0
1193	4.5
1196	4.5
1198	4.0
1199	4.0
1200	4.0
1206	4.5
1210	4.5
1212	4.0
1213	4.5
1214	4.5
1217	4.5
1220	3.0
1221	5.0
1222	3.5
1225	4.0
1228	4.0
1233	4.5
1234	3.5
1237	4.0
1240	4.0
1242	3.5
1246	4.0
1248	4.0
1252	4.0
1254	5.0
1258	4.0
1259	4.5
1260	5.0
1265	4.5
1267	3.5
1270	4.0
1276	4.0
1284	5.0
1291	4.0
1295	3.5
1296	3.5
1299	4.0
1304	3.5
1343	3.0
1385	3.0
1387	4.0
1391	3.0
1393	4.0
1407	4.0
1408	3.5
1446	4.0
1457	3.0
1476	3.5
1485	3.0
1488	2.5
1499	2.0
1527	4.0
1544	3.0
1552	3.5
1573	3.0
1580	3.5
1584	3.5
1589	3.0
1593	3.0
1608	3.0
1610	3.5
1617	4.5
1625	3.5
1635	4.5
1653	4.0
1674	4.0
1682	4.5
1704	4.5
1729	4.0
1732	4.0
1747	3.5
1748	3.5
1784	4.0
1873	4.0
1882	2.0
1917	3.0
1921	3.5
1923	3.5
1945	3.5
1994	3.0
1997	4.0
1998	1.5
2000	3.5
2006	3.0
2010	5.0
2011	3.5
2012	3.0
2019	5.0
2023	3.5
2028	4.5
2054	3.0
2076	4.0
2115	2.5
2118	3.5
2132	4.0
2174	3.5
2268	4.0
2279	2.5
2291	4.0
2302	3.0
2313	5.0
2318	3.5
2320	2.5
2324	3.0
2329	5.0
2353	3.5
2396	4.0
2403	3.5
2410	2.0
2411	1.5
2420	3.5
2428	1.5
2467	4.0
2502	4.0
2571	4.5
2598	3.0
2617	3.0
2628	3.0
2682	3.0
2683	3.0
2692	3.5
2699	2.5
2710	3.0
2712	3.0
2716	4.0
2719	2.0
2722	2.0
2725	4.0
2726	4.0
2762	4.5
2764	3.0
2791	4.0
2797	3.5
2819	3.5
2852	3.5
2858	4.5
2908	4.0
2916	3.0
2932	3.5
2943	2.5
2948	3.5
2959	4.5
2966	4.0
2978	3.0
2987	3.5
2997	4.0
3006	4.5
3030	4.5
3052	3.5
3075	4.0
3089	5.0
3093	4.5
3095	4.0
3100	3.5
3105	4.5
3108	4.0
3147	4.0
3160	4.0
3176	3.0
3181	4.0
3246	4.5
3252	3.5
3256	3.0
3261	3.0
3300	3.0
3310	4.5
3317	3.5
3360	3.5
3362	5.0
3408	3.5
3424	4.0
3435	4.5
3467	4.0
3481	4.0
3499	4.0
3527	3.5
3543	3.5
3546	4.0
3556	3.5
3578	5.0
3623	3.0
3629	5.0
3681	4.5
3730	4.0
3741	4.5
3751	4.0
3793	3.5
3895	2.5
3897	4.0
3917	3.5
3918	1.5
3948	3.0
3949	4.5
3950	3.0
3967	4.0
3978	3.0
3980	3.0
3986	2.5
3996	3.0
3997	2.0
3999	1.5
4006	3.5
4011	3.5
4014	3.0
4017	3.0
4019	4.0
4020	3.0
4022	3.5
4027	4.0
4030	2.0
4034	4.0
4056	3.0
4143	1.5
4144	4.0
4161	2.5
4226	3.5
4232	2.5
4234	2.5
4235	4.5
4239	3.0
4265	2.0
4299	3.5
4305	3.0
4306	4.0
4322	4.0
4326	3.5
4327	4.5
4340	1.0
4343	2.5
4344	2.0
4369	3.5
4370	3.0
4387	2.0
4388	2.0
4437	4.0
4447	3.0
4448	3.5
4638	3.0
4639	2.5
4701	3.5
4720	4.0
4744	3.0
4754	2.0
4756	2.5
4776	4.0
4814	3.5
4816	3.0
4821	3.0
4848	4.0
4865	3.5
4866	2.5
4867	3.5
4878	4.0
4890	3.0
4899	1.0
4901	3.5
4902	3.5
4903	3.0
4958	2.0
4963	4.0
4967	4.0
4973	4.0
4975	3.0
4992	2.5
4993	4.5
4994	3.5
4995	4.0
5010	3.0
5015	4.0
5017	4.0
5026	2.0
5065	3.0
5093	1.5
5094	1.5
5127	2.5
5152	3.0
5177	3.5
5220	3.0
5254	3.0
5266	3.5
5282	2.5
5291	4.5
5294	3.5
5296	1.5
5312	2.5
5313	2.5
5349	3.5
5364	3.0
5378	2.5
5388	3.0
5400	3.0
5401	2.0
5414	1.5
5418	4.0
5420	3.5
5445	4.0
5459	2.5
5463	2.0
5464	4.0
5479	3.0
5481	2.5
5502	3.5
5507	3.0
5528	3.5
5608	2.5
5620	2.5
5679	3.0
5785	3.0
5803	1.5
5810	3.5
5812	3.5
5872	3.0
5881	3.0
5902	3.5
5945	4.5
5952	4.0
5954	3.5
5956	3.5
5957	2.5
5959	3.5
5989	4.0
5995	4.5
6003	3.5
6016	4.0
6059	3.0
6156	2.5
6157	2.0
6187	2.5
6197	3.5
6214	2.0
6216	3.0
6263	3.0
6286	4.5
6287	2.0
6322	3.5
6323	3.0
6333	3.0
6365	3.5
6373	3.0
6377	4.0
6378	3.5
6379	2.0
6383	1.5
6385	4.0
6440	3.5
6484	2.5
6502	3.5
6537	3.0
6538	3.0
6539	3.5
6541	2.5
6550	2.5
6564	1.5
6567	3.0
6595	2.5
6666	4.5
6669	4.5
6707	3.0
6708	3.0
6709	2.5
6711	3.5
6754	2.0
6764	2.0
6773	4.0
6787	4.0
6796	4.0
6862	3.0
6863	3.0
6867	3.5
6870	4.0
6874	3.5
6879	3.5
6880	3.0
6890	3.0
6934	3.0
6947	4.0
6950	3.0
6953	3.5
6954	4.0
6975	4.0
6985	5.0
6987	4.0
6993	4.0
7063	4.5
7076	4.0
7116	4.0
7137	3.0
7139	4.0
7143	3.5
7147	4.0
7153	4.0
7154	3.0
7158	4.0
7254	2.5
7318	3.0
7324	3.0
7346	3.0
7347	3.0
7360	2.5
7361	5.0
7362	2.5
7373	3.5
7376	3.0
7381	2.0
7438	4.0
7439	2.0
7454	1.5
7458	2.0
8014	4.0
8361	3.0
8371	2.5
8604	3.0
8638	4.0
8644	2.0
8645	4.0
8665	3.0
8781	3.5
8783	3.0
8784	4.0
8798	4.0
8860	2.5
8873	3.5
8874	3.0
8908	3.0
8947	2.0
8957	3.5
8958	3.5
8966	3.5
8970	4.0
8972	3.0
8984	2.0
25771	4.5
27721	4.0
27773	5.0
27815	3.5
27831	3.0
27838	3.0
27904	3.0
30707	4.0
30749	4.5
30810	3.0
31410	4.0
31658	3.0
32587	4.0
33158	2.0
33166	4.0
33493	3.0
33660	3.0
33794	4.0
36517	4.0
37386	2.5
37729	3.0
38038	4.5
38061	3.5
39292	4.5
40819	3.5
41863	4.0
41997	4.0
42418	3.5
43376	4.0
43936	3.0
44022	3.0
44191	3.5
44195	4.0
44199	3.0
44555	3.5
44694	3.5
45210	4.5
45431	2.5
45666	3.0
45672	2.0
45720	3.0
45722	2.0
45732	2.0
46578	4.0
46723	4.0
46965	3.0
46976	4.0
47044	2.5
47423	4.0
47610	3.0
47629	4.0
48043	4.5
48142	2.0
48304	3.0
48394	5.0
48516	4.0
48738	4.0
48774	4.0
48783	3.0
48877	1.5
48997	3.0
49272	4.0
49278	3.5
49651	2.5
50068	3.5
50794	2.0
50872	4.0
51091	3.5
51255	4.0
51540	4.0
51931	4.0
52458	3.0
52722	2.0
52952	4.0
53123	4.0
53125	2.0
53129	3.0
53322	3.0
53550	3.5
53953	2.5
53972	3.0
53993	3.0
53996	3.5
54736	3.5
54997	3.5
54999	2.0
55069	4.0
55094	4.0
55118	3.5
55247	4.0
55267	2.5
55276	4.0
55280	4.0
55282	2.5
55363	4.0
55442	4.5
55444	4.0
55721	3.5
55765	3.0
55805	4.0
55814	3.5
55820	4.5
55830	3.0
56156	2.0
56174	3.0
56339	4.0
56367	3.5
56757	3.5
56782	4.5
56788	3.5
56941	3.5
57528	3.0
57640	3.0
57669	4.0
58103	2.0
58295	3.5
58303	3.5
58559	3.5
59018	4.0
59103	2.5
59387	3.5
59615	3.0
60760	2.5
60766	4.0
61132	4.0
61236	5.0
61240	4.0
61323	3.0
62374	3.0
62394	2.0
62434	2.5
62511	3.0
63072	4.5
63082	4.0
63113	3.0
64614	4.0
64620	3.5
64622	3.0
64839	4.5
64957	3.5
64983	3.0
65130	4.0
65216	2.5
66203	2.5
67197	2.5
67267	3.0
68159	2.5
68237	4.0
68358	4.0
69481	4.0
69526	3.0
69640	3.0
69757	4.0
70286	3.5
71033	3.5
71156	2.5
71464	4.5
72011	4.0
72395	4.0
72733	2.5
72737	3.0
73023	3.5
73321	3.5
73344	4.0
74458	4.0
76251	4.0
76293	3.0
77455	4.0
78039	4.0
78469	3.0
79132	4.0
79592	2.5
79695	2.5
80219	2.5
80463	4.0
80489	3.0
81591	4.0
81845	4.0
81932	3.5
82202	2.0
83613	1.5
84392	3.0
85414	4.0
86190	3.0
86882	4.0
88129	4.5
89492	3.5
89753	4.5
89864	3.5
91630	3.5
93840	4.0
94777	3.0
95441	3.0
96079	3.0
97304	4.0
97921	4.0
97923	3.5
