2	3.0
3	3.5
5	3.5
6	5.0
10	4.0
11	3.5
19	3.0
21	4.0
24	4.0
32	4.0
39	3.5
47	4.0
50	4.5
62	4.0
66	2.5
76	3.5
95	4.0
103	3.5
104	3.5
110	4.5
112	3.5
145	3.5
150	4.0
151	3.5
153	3.5
160	3.5
161	4.0
163	3.0
165	3.5
168	3.5
172	2.5
173	3.0
185	3.0
186	3.0
196	3.0
198	4.0
208	3.0
225	3.5
231	3.5
236	3.5
253	3.0
260	4.5
266	3.0
273	3.0
292	3.0
293	5.0
296	4.5
316	4.0
317	3.5
318	4.5
327	2.5
329	3.5
332	3.0
338	3.5
339	3.5
344	3.0
349	4.0
350	3.5
353	4.5
356	4.5
357	4.0
367	4.0
368	4.0
370	3.0
376	3.0
377	4.0
379	3.5
380	4.0
410	4.0
420	2.5
426	3.5
434	3.5
435	2.5
440	3.5
442	3.5
454	3.5
457	4.0
466	3.0
474	4.0
480	4.0
485	3.5
494	3.5
497	3.5
500	3.5
504	3.5
508	4.0
519	3.0
520	3.0
539	3.0
541	4.5
546	2.5
552	3.5
553	4.0
555	3.5
586	3.5
587	3.5
589	4.5
590	3.0
592	4.0
593	3.0
597	3.5
608	4.0
610	3.0
628	4.0
648	3.5
653	3.5
674	3.5
692	2.5
733	4.0
736	3.5
737	2.5
741	4.0
748	3.5
780	3.5
784	3.0
786	3.5
802	4.0
832	3.5
849	3.0
852	3.5
919	3.5
924	4.5
953	3.5
968	3.5
1035	3.0
1036	4.0
1037	3.5
1079	4.0
1089	4.5
1090	4.0
1094	3.5
1097	4.0
1101	3.5
1127	4.5
1129	4.0
1136	4.0
1193	4.5
1196	5.0
1197	4.5
1198	5.0
1199	4.5
1200	5.0
1210	4.0
1214	4.5
1215	4.0
1218	3.5
1220	4.5
1222	4.5
1234	4.0
1240	4.5
1242	4.0
1245	4.0
1246	3.5
1250	4.5
1252	4.0
1258	4.0
1259	4.0
1265	4.5
1266	5.0
1270	4.0
1274	4.0
1275	4.0
1276	4.0
1278	4.0
1282	4.0
1285	4.0
1288	3.5
1291	4.0
1301	3.5
1302	4.0
1307	3.5
1320	3.5
1356	4.5
1358	4.0
1370	4.0
1371	3.5
1372	4.0
1373	3.0
1374	5.0
1375	3.5
1376	4.0
1377	4.0
1380	3.0
1387	4.5
1391	3.5
1393	4.0
1394	4.0
1396	3.5
1407	3.5
1408	4.0
1479	3.5
1485	4.0
1500	4.0
1517	3.5
1527	4.0
1544	3.5
1552	4.0
1569	3.5
1573	4.0
1580	4.0
1584	3.5
1590	3.0
1591	3.0
1597	3.5
1603	3.0
1608	4.0
1610	4.0
1617	4.5
1625	4.0
1639	3.0
1653	4.0
1673	3.5
1674	4.0
1676	4.0
1682	3.5
1690	3.5
1704	4.5
1721	4.0
1722	4.0
1748	4.5
1777	4.0
1779	3.0
1831	3.0
1862	3.0
1876	3.5
1882	3.0
1909	4.0
1917	4.0
1918	3.5
1923	4.0
1954	4.0
1961	4.0
1965	3.5
1968	3.5
2000	4.5
2001	4.5
2002	3.5
2003	4.0
2005	4.0
2006	3.5
2011	4.0
2012	3.5
2021	3.5
2028	4.5
2034	3.5
2038	3.5
2046	3.5
2053	2.5
2054	3.5
2058	3.5
2091	3.5
2094	3.5
2100	4.0
2105	4.0
2115	4.0
2117	3.5
2134	3.5
2161	3.0
2167	4.0
2173	4.0
2174	4.0
2193	4.0
2194	4.0
2232	4.0
2248	4.0
2268	4.0
2278	4.0
2288	5.0
2291	3.5
2302	4.5
2311	3.5
2321	4.5
2322	3.5
2353	3.5
2377	3.5
2393	3.5
2396	4.0
2406	4.0
2407	4.0
2408	3.0
2414	4.0
2424	3.5
2428	3.5
2448	3.0
2455	4.0
2456	3.0
2470	3.5
2502	4.0
2527	4.0
2528	4.0
2529	4.0
2530	3.5
2531	3.5
2532	3.5
2533	3.5
2542	4.0
2549	3.0
2571	5.0
2572	3.5
2599	3.5
2600	3.5
2613	3.5
2615	3.5
2617	4.0
2625	3.5
2628	3.0
2640	4.0
2641	4.0
2642	2.5
2643	2.5
2668	3.0
2671	3.5
2672	3.5
2699	3.0
2701	3.0
2706	4.0
2710	3.0
2716	4.5
2717	3.0
2722	3.5
2761	4.0
2762	4.0
2770	4.0
2791	4.0
2797	4.0
2807	2.5
2808	3.5
2827	3.0
2858	4.0
2890	3.5
2900	3.0
2916	3.5
2918	4.0
2947	4.0
2951	4.0
2959	4.0
2968	4.0
2985	4.0
2986	3.0
2987	4.0
3018	4.0
3032	3.5
3033	4.0
3039	4.0
3052	3.5
3068	4.0
3070	3.5
3081	4.0
3101	3.5
3147	4.0
3175	4.0
3190	3.0
3198	4.0
3210	3.5
3253	3.5
3255	3.5
3265	3.5
3269	3.5
3300	4.5
3354	3.0
3418	3.5
3421	3.5
3438	3.0
3448	3.5
3471	4.0
3489	3.5
3499	4.0
3508	4.0
3510	4.0
3527	4.5
3552	4.0
3576	4.0
3578	4.5
3593	2.0
3623	3.5
3638	3.0
3671	4.0
3681	4.0
3686	3.0
3697	3.0
3698	3.5
3699	4.0
3700	4.0
3701	4.0
3702	3.5
3703	4.0
3704	4.0
3717	4.0
3745	3.5
3753	4.0
3770	3.5
3793	4.0
3802	3.0
3826	3.0
3827	4.0
3863	3.5
3868	3.5
3930	3.5
3948	4.0
3977	3.5
3981	3.0
3986	3.0
3994	5.0
3996	4.0
4002	4.0
4011	4.0
4015	3.0
4018	3.0
4025	3.5
4027	4.0
4085	4.0
4121	3.5
4133	3.0
4223	3.5
4226	4.5
4262	4.0
4270	3.5
4306	4.0
4321	4.0
4327	4.0
4361	3.5
4367	3.5
4369	4.0
4443	4.0
4446	3.5
4447	3.5
4480	3.5
4492	3.0
4526	3.0
4533	3.5
4545	3.0
4553	4.0
4571	4.0
4587	2.5
4638	3.5
4643	3.5
4713	3.5
4720	3.5
4735	3.0
4776	4.0
4812	3.5
4816	3.5
4874	3.5
4878	4.5
4886	3.5
4887	3.5
4896	3.5
4941	3.5
4963	4.0
4975	3.5
4979	4.0
4980	3.0
4993	4.0
4995	4.0
5010	4.0
5013	3.5
5060	3.5
5094	2.5
5171	3.0
5218	4.0
5219	3.5
5264	3.0
5266	3.5
5323	3.0
5349	4.0
5377	4.0
5378	3.5
5388	3.5
5410	3.5
5418	5.0
5445	4.0
5459	3.5
5463	3.5
5478	3.0
5502	4.0
5544	3.5
5679	3.5
5782	5.0
5816	3.5
5853	3.5
5881	3.5
5902	4.0
5903	4.5
5944	3.5
5952	4.5
5956	4.0
5989	4.0
6184	4.0
6188	3.5
6218	3.5
6250	3.0
6264	3.0
6294	3.5
6303	4.0
6333	5.0
6365	4.0
6373	3.5
6378	4.0
6502	4.0
6534	3.5
6537	4.0
6539	4.0
6541	3.0
6659	4.0
6711	4.0
6774	3.5
6863	3.5
6870	4.0
6874	4.5
6934	4.0
6947	3.5
6959	3.0
6966	4.0
6979	3.5
6996	3.0
7001	4.0
7090	4.0
7143	3.5
7147	4.0
7153	4.5
7163	3.0
7254	3.5
7373	4.0
7438	4.0
7458	3.0
7481	4.0
7569	4.0
7649	4.0
7841	4.0
7842	3.5
7981	4.0
8169	3.5
8340	4.0
8360	4.0
8361	3.5
8368	3.5
8371	4.0
8528	3.5
8633	3.5
8636	4.5
8644	4.0
8665	4.5
8784	4.5
8798	4.0
8810	3.5
8861	3.5
8865	3.5
8870	3.0
8874	4.0
8914	4.5
8949	3.5
8957	3.5
8961	4.5
8984	3.5
27611	4.0
27660	4.0
30707	4.5
31184	4.0
31804	4.0
32587	4.0
33004	3.5
33493	3.5
33660	4.0
33679	3.5
33794	4.5
34048	3.5
34150	3.5
34162	3.5
34319	3.5
34334	3.0
34405	4.5
37380	3.0
37386	3.5
37830	4.0
38061	4.0
40815	3.5
41569	3.5
42718	4.0
43928	3.0
44191	4.0
44195	3.5
44199	4.0
44665	3.5
44828	3.5
45447	3.5
45499	3.5
45722	4.0
46530	4.0
46976	4.0
47610	4.0
47997	3.5
48516	4.5
48774	4.5
48780	4.0
49272	4.5
49278	3.5
51255	4.0
51412	3.0
51662	4.0
51709	4.0
52328	4.0
52722	3.5
53000	3.5
53125	3.5
53322	3.5
53464	3.5
53972	4.0
53996	4.0
54001	4.0
54259	4.0
54272	4.0
54286	4.5
55232	3.5
55820	4.0
56145	3.5
56174	4.0
56801	3.0
56921	4.0
57368	3.5
57669	4.0
58025	3.5
58559	5.0
58998	3.5
59315	4.5
59369	4.0
59615	3.5
60040	4.0
60684	4.0
60760	3.0
61132	4.0
61160	3.0
61248	3.5
61350	3.0
63113	4.5
65514	4.0
66171	3.5
67197	3.5
68319	3.5
68358	5.0
68791	4.0
68954	4.5
69122	4.5
69526	3.5
69844	3.5
70286	4.5
70336	3.5
71135	3.5
71254	3.5
71530	3.5
72011	4.0
72378	3.5
72998	4.0
73017	4.0
74458	4.0
74789	4.0
76077	3.0
76251	4.0
77561	4.0
79132	5.0
79695	3.5
