1	3.5
2	3.5
3	0.5
5	2.0
6	4.5
7	0.5
10	1.0
11	2.0
14	2.0
16	3.5
19	0.5
21	4.0
22	1.0
23	1.5
25	3.0
32	4.0
36	3.5
39	1.5
44	1.0
45	2.0
46	0.5
47	3.0
48	3.0
50	4.0
52	2.0
58	2.0
62	1.0
65	0.5
70	2.0
79	1.0
86	3.5
92	1.0
94	3.0
95	0.5
104	0.5
105	3.0
110	4.0
111	5.0
122	3.5
123	4.0
132	0.5
141	4.0
145	0.5
150	2.5
151	4.0
153	1.0
154	5.0
159	1.5
161	3.0
163	1.0
165	2.0
168	1.0
172	0.5
173	1.5
185	1.0
193	2.0
196	1.0
204	1.0
208	2.0
224	1.0
225	2.5
230	1.0
231	1.0
235	2.0
236	3.0
237	1.0
246	3.5
248	3.0
253	2.0
256	2.5
260	4.0
261	1.0
265	2.5
266	2.0
273	1.0
277	4.0
280	2.0
282	2.0
288	0.5
292	3.0
293	4.0
296	4.0
300	5.0
303	1.5
316	1.5
317	3.0
318	4.0
327	0.5
329	1.0
333	0.5
337	1.5
344	1.0
350	1.5
353	1.0
356	4.0
357	3.5
364	4.0
367	1.0
368	3.5
370	0.5
372	2.0
377	3.0
380	3.5
393	0.5
410	0.5
412	3.5
420	0.5
432	0.5
434	1.0
436	1.0
440	3.0
442	0.5
446	3.5
448	2.5
454	1.5
457	3.5
466	0.5
471	2.5
474	4.0
480	3.0
481	1.0
485	0.5
494	2.0
500	3.5
508	3.0
509	2.0
514	3.0
515	2.0
516	4.0
518	3.0
520	0.5
521	1.5
527	3.0
529	4.0
539	0.5
541	4.0
543	1.5
552	1.0
553	3.5
555	2.0
585	0.5
586	3.0
588	2.5
589	4.0
590	3.5
592	2.0
593	4.5
594	4.0
595	4.5
596	4.0
597	2.5
608	5.0
610	3.0
612	2.5
616	2.5
628	2.0
648	1.0
674	1.0
688	3.0
719	1.0
733	2.0
736	3.0
750	5.0
762	0.5
778	3.5
780	1.0
784	1.0
785	1.0
786	0.5
798	2.0
802	1.0
809	1.5
818	0.5
830	3.0
832	1.5
839	1.0
852	1.5
858	5.0
903	4.0
904	4.0
908	3.0
910	3.0
911	4.0
919	4.0
920	3.0
923	5.0
924	5.0
928	4.0
940	2.0
953	4.0
954	3.0
986	3.5
991	2.0
994	2.5
1022	4.0
1027	1.0
1028	5.0
1029	3.5
1032	3.0
1035	5.0
1036	3.5
1037	0.5
1060	3.5
1061	1.5
1073	3.5
1077	4.0
1078	3.5
1079	4.0
1080	4.5
1084	3.0
1086	3.5
1088	1.0
1089	4.0
1090	3.5
1091	0.5
1092	3.5
1093	2.5
1094	2.0
1095	3.0
1096	2.5
1097	3.5
1100	2.0
1101	1.0
1103	2.5
1124	3.0
1127	3.5
1128	1.0
1131	4.0
1132	4.0
1136	4.5
1147	4.0
1178	4.0
1179	4.0
1183	2.0
1185	3.0
1186	3.5
1189	4.0
1193	3.5
1196	4.0
1197	4.0
1198	5.0
1199	3.5
1200	4.0
1201	4.5
1204	3.5
1206	4.5
1207	4.0
1208	5.0
1209	4.0
1210	1.5
1213	4.0
1214	5.0
1217	4.5
1219	4.0
1220	4.0
1221	5.0
1222	4.0
1225	5.0
1227	4.0
1228	5.0
1230	4.0
1231	3.0
1234	4.0
1240	4.5
1242	4.0
1244	4.0
1245	1.5
1246	3.5
1247	4.0
1248	4.0
1249	2.0
1250	4.0
1252	5.0
1253	3.5
1258	4.5
1259	4.0
1260	3.5
1262	4.0
1263	4.5
1265	4.0
1266	4.0
1267	4.0
1270	3.5
1272	3.0
1273	4.0
1274	2.0
1275	3.5
1276	4.0
1278	4.0
1280	3.5
1282	4.0
1283	3.5
1285	3.5
1287	3.5
1288	5.0
1289	5.0
1291	2.0
1292	4.0
1297	3.0
1298	4.0
1299	4.0
1302	4.0
1307	2.5
1320	3.0
1321	3.5
1327	1.0
1333	2.0
1334	1.0
1339	4.0
1343	3.5
1344	4.0
1347	3.0
1350	4.0
1356	1.0
1357	3.5
1358	3.0
1367	2.0
1370	3.0
1371	1.5
1372	1.0
1374	4.0
1375	2.0
1376	2.5
1377	3.0
1378	1.0
1380	4.0
1387	5.0
1388	2.5
1393	4.0
1394	3.0
1396	3.0
1408	4.0
1409	0.5
1438	2.5
1457	1.0
1459	3.0
1464	1.0
1466	3.5
1479	4.0
1485	1.0
1499	0.5
1500	2.5
1517	2.0
1527	2.0
1544	4.0
1552	1.0
1562	0.5
1566	3.0
1573	1.0
1580	2.0
1584	4.0
1586	1.5
1587	1.5
1589	3.0
1597	2.0
1608	3.0
1610	2.0
1617	3.5
1620	0.5
1625	0.5
1635	3.0
1644	1.0
1645	2.0
1653	4.0
1663	4.0
1673	3.5
1674	3.5
1676	1.0
1682	1.5
1687	2.0
1690	0.5
1704	3.0
1711	1.0
1721	3.5
1722	3.5
1729	3.0
1732	1.0
1747	3.5
1748	1.5
1777	3.0
1784	0.5
1805	3.0
1810	4.0
1831	1.5
1855	3.5
1863	1.0
1894	1.0
1907	4.0
1909	0.5
1911	1.0
1917	2.0
1921	3.0
1923	2.0
1947	5.0
1952	3.5
1953	4.0
1954	3.0
1955	3.0
1956	3.0
1957	3.5
1958	2.0
1960	3.0
1961	3.0
1963	4.0
1965	4.0
1968	4.0
1974	1.5
1975	1.0
1982	4.5
1994	3.0
1997	3.5
1998	0.5
2000	2.5
2001	2.0
2003	3.5
2005	3.0
2009	4.0
2011	2.5
2012	0.5
2013	3.0
2019	5.0
2020	4.0
2021	1.5
2023	2.0
2028	3.0
2054	3.5
2058	1.0
2064	2.0
2076	5.0
2085	5.0
2087	3.0
2096	3.0
2100	3.0
2108	3.5
2109	3.0
2114	2.0
2115	3.0
2116	1.0
2118	4.0
2121	0.5
2126	1.0
2132	2.5
2134	3.0
2137	3.0
2144	1.0
2145	1.0
2146	1.0
2150	3.0
2160	5.0
2163	0.5
2167	1.0
2174	4.0
2186	5.0
2194	2.5
2231	3.5
2243	3.0
2245	3.5
2248	2.0
2253	0.5
2262	3.0
2268	3.0
2269	4.0
2278	3.5
2288	4.0
2289	3.0
2291	3.0
2300	4.0
2301	3.0
2302	4.5
2313	4.0
2315	0.5
2320	3.5
2321	2.0
2329	4.0
2336	4.0
2348	3.0
2352	4.0
2353	0.5
2355	2.0
2366	4.0
2373	0.5
2377	1.0
2378	1.0
2391	2.0
2395	3.5
2396	3.5
2398	4.0
2402	1.0
2403	2.0
2404	0.5
2405	1.5
2406	2.5
2409	1.0
2410	3.5
2412	0.5
2413	1.0
2414	2.0
2416	3.0
2420	3.5
2424	1.0
2428	0.5
2431	0.5
2433	2.0
2454	3.5
2455	4.0
2456	0.5
2463	3.0
2467	1.5
2469	3.0
2470	3.5
2473	3.0
2474	4.0
2478	3.0
2490	3.0
2501	3.0
2505	0.5
2527	3.0
2528	2.5
2529	4.5
2539	3.0
2551	4.0
2568	0.5
2571	5.0
2579	3.5
2581	1.0
2599	3.0
2617	1.0
2628	0.5
2640	2.0
2642	1.0
2657	2.0
2662	3.5
2664	3.5
2671	1.0
2676	1.0
2677	3.5
2683	2.0
2686	3.0
2688	1.0
2692	4.0
2699	2.0
2701	0.5
2702	2.0
2706	2.0
2710	0.5
2712	3.5
2716	4.0
2717	3.5
2723	3.5
2726	4.0
2728	4.0
2729	4.0
2730	5.0
2734	2.0
2735	3.0
2739	3.5
2745	3.0
2746	2.0
2761	3.0
2762	4.0
2763	1.0
2770	3.5
2788	4.0
2789	2.0
2791	4.0
2792	1.0
2794	0.5
2797	3.5
2802	2.5
2826	3.5
2827	0.5
2840	1.0
2841	2.0
2858	3.5
2859	4.0
2871	5.0
2872	4.0
2875	2.0
2877	3.5
2881	1.0
2902	0.5
2912	3.0
2915	4.0
2916	3.0
2917	2.5
2918	3.0
2921	3.0
2926	3.0
2944	4.0
2947	1.5
2949	2.0
2951	3.5
2953	1.5
2959	3.5
2970	3.5
2971	3.0
2973	5.0
2985	3.5
2986	0.5
2987	1.0
2991	0.5
2993	3.0
2997	3.5
3005	1.0
3006	4.0
3015	3.0
3016	2.0
3018	2.0
3020	2.0
3029	3.5
3030	4.0
3032	2.0
3033	3.5
3034	4.0
3035	4.0
3036	2.5
3039	5.0
3040	4.0
3052	0.5
3053	3.0
3066	3.5
3068	5.0
3070	3.0
3075	3.5
3081	2.0
3098	4.0
3100	3.0
3101	2.0
3102	3.5
3105	2.5
3107	2.0
3113	1.0
3147	2.0
3148	3.0
3155	1.5
3157	2.0
3160	3.0
3168	4.0
3176	2.0
3178	4.0
3179	1.5
3186	0.5
3198	5.0
3201	4.0
3203	4.0
3204	4.5
3210	3.0
3219	1.0
3243	0.5
3246	3.5
3248	1.5
3250	2.0
3253	2.5
3254	1.0
3255	1.5
3257	2.0
3258	3.5
3259	2.0
3262	3.0
3274	0.5
3285	1.0
3298	2.0
3328	4.0
3347	4.0
3354	1.0
3355	1.5
3359	4.0
3360	4.0
3361	2.0
3362	4.0
3384	4.0
3385	4.0
3386	3.0
3392	2.5
3394	3.0
3396	3.0
3408	3.5
3418	2.0
3421	4.0
3422	2.0
3424	3.0
3430	3.0
3444	1.5
3448	3.0
3450	0.5
3451	4.0
3468	4.5
3471	4.0
3476	4.0
3479	3.5
3481	2.0
3484	1.0
3498	3.0
3499	1.0
3504	3.0
3505	3.0
3507	3.0
3508	3.0
3510	2.0
3521	3.5
3525	3.0
3527	3.0
3534	0.5
3535	0.5
3543	4.0
3551	4.0
3552	4.0
3555	1.0
3578	2.5
3623	0.5
3624	0.5
3629	5.0
3635	3.0
3638	0.5
3646	3.0
3649	2.0
3654	4.0
3671	3.5
3676	3.5
3682	3.0
3683	4.0
3686	2.0
3702	4.0
3703	4.0
3704	2.0
3706	3.5
3708	1.0
3710	1.0
3712	3.0
3730	5.0
3735	4.0
3742	4.0
3753	3.0
3788	4.0
3789	3.0
3791	1.0
3793	1.5
3798	4.0
3802	0.5
3809	3.0
3812	4.0
3814	3.0
3825	1.0
3826	1.0
3827	1.5
3844	1.0
3863	0.5
3871	4.0
3879	3.0
3893	0.5
3897	3.0
3911	4.0
3916	2.5
3917	2.5
3928	3.0
3948	3.5
3952	3.0
3968	2.0
3977	0.5
3979	1.5
3980	2.0
3981	1.0
3983	4.0
3990	3.0
3991	3.0
3994	3.5
3996	4.0
3999	2.5
4002	2.5
4007	3.5
4008	2.0
4010	0.5
4014	2.5
4015	0.5
4017	4.0
4018	0.5
4019	1.5
4020	1.5
4022	4.0
4023	3.0
4025	1.0
4027	3.0
4033	2.5
4034	3.0
4036	3.5
4037	3.0
4040	0.5
4056	3.0
4066	3.5
4085	2.0
4103	1.0
4105	3.5
4121	2.0
4124	0.5
4128	1.0
4132	0.5
4148	1.0
4210	4.0
4211	4.0
4220	4.0
4223	4.0
4226	5.0
4234	3.0
4239	2.0
4246	4.0
4247	0.5
4255	0.5
4262	4.0
4280	3.5
4292	3.5
4306	3.0
4310	0.5
4321	3.5
4326	3.0
4327	4.0
4333	3.5
4340	0.5
4343	0.5
4344	0.5
4351	3.5
4367	1.0
4370	0.5
4378	2.5
4396	2.0
4407	3.0
4443	3.0
4447	3.0
4448	3.5
4450	3.5
4465	4.0
4478	3.0
4487	0.5
4489	3.5
4499	2.5
4558	3.5
4563	0.5
4572	2.0
4621	3.0
4623	1.0
4639	3.0
4673	0.5
4676	1.0
4699	0.5
4700	1.0
4713	3.5
4718	1.0
4732	1.0
4756	0.5
4776	3.0
4799	4.0
4809	3.0
4816	4.0
4835	3.0
4848	4.0
4855	3.5
4874	1.0
4876	1.0
4878	3.0
4880	3.0
4886	3.0
4889	3.0
4890	3.5
4896	3.0
4901	3.0
4903	4.0
4914	4.5
4929	0.5
4936	1.0
4941	2.0
4963	3.5
4975	0.5
4978	3.0
4979	3.5
4992	0.5
4993	4.0
4995	4.0
5013	4.0
5015	3.0
5027	1.0
5040	3.0
5049	2.0
5060	4.0
5064	2.5
5065	0.5
5093	1.0
5094	0.5
5103	3.0
5105	5.0
5120	4.0
5135	4.0
5139	4.0
5151	1.0
5171	1.5
5220	3.0
5247	1.0
5254	0.5
5266	1.0
5267	3.0
5291	5.0
5294	1.0
5313	1.0
5349	3.0
5363	1.0
5364	3.5
5377	4.0
5378	2.0
5388	3.5
5418	2.0
5445	1.5
5459	1.0
5464	2.0
5478	1.0
5500	3.5
5502	3.0
5505	2.0
5524	3.0
5528	3.0
5541	1.0
5617	2.5
5630	1.5
5673	3.0
5679	3.0
5804	3.5
5812	3.5
5853	3.0
5876	3.5
5881	1.5
5900	3.0
5902	4.0
5943	2.0
5945	3.0
5952	4.0
5954	4.0
5956	3.5
5989	3.0
5992	1.5
5995	4.0
6059	2.0
6157	1.5
6188	0.5
6212	2.0
6235	4.5
6238	4.0
6296	4.0
6301	4.0
6303	4.0
6305	5.0
6333	4.0
6373	0.5
6377	4.0
6380	3.0
6440	2.5
6502	1.5
6503	2.0
6534	1.5
6535	1.5
6537	1.5
6539	3.5
6548	0.5
6565	4.0
6617	1.5
6620	2.5
6658	0.5
6659	3.5
6662	3.5
6663	4.0
6664	0.5
6666	5.0
6711	3.0
6724	4.0
6776	2.0
6787	4.0
6796	4.0
6800	0.5
6832	3.5
6863	4.0
6870	3.5
6874	3.0
6890	3.5
6932	3.5
6934	2.0
6942	2.5
6944	3.0
6947	4.0
6957	0.5
6966	2.5
6974	3.5
6979	2.0
6986	3.0
7001	1.5
7004	3.0
7007	1.5
7017	1.0
7018	4.0
7028	3.0
7036	1.0
7044	1.0
7045	4.0
7046	3.0
7063	5.0
7064	4.0
7076	3.5
7084	4.0
7101	2.0
7137	2.0
7153	4.0
7156	3.5
7160	2.0
7228	0.5
7247	3.0
7254	2.0
7325	0.5
7361	4.0
7419	3.5
7438	3.0
7618	1.0
7700	4.5
7802	2.0
8207	4.0
8529	2.0
8533	3.5
8636	4.0
8783	1.0
8784	2.5
8798	2.5
8910	3.5
8949	3.0
8958	2.5
8961	4.0
30812	3.5
33794	3.0
39292	3.0
44191	3.5
48774	2.0
54997	4.5
