1	3.0
2	3.0
6	3.5
10	3.0
15	3.0
16	3.5
19	3.0
32	4.0
34	3.0
44	1.0
47	5.0
48	3.0
50	5.0
70	1.0
78	3.0
95	3.0
101	3.5
111	4.5
141	3.0
145	3.0
150	3.0
153	3.0
160	2.5
165	3.0
173	2.0
175	3.0
180	2.0
196	3.0
208	3.0
223	4.0
224	2.0
230	4.0
231	3.5
235	4.0
253	2.0
256	2.0
260	5.0
273	3.0
288	5.0
292	3.0
293	4.5
296	5.0
316	1.0
318	4.5
337	5.0
344	3.0
353	1.5
355	2.0
356	5.0
364	3.0
367	3.0
370	3.0
374	1.0
377	3.0
393	1.0
410	1.0
434	3.0
442	3.0
454	3.0
457	3.0
466	3.0
480	4.0
481	3.0
482	3.0
485	3.0
500	3.0
502	1.0
527	5.0
541	4.5
555	5.0
586	3.0
588	3.0
589	4.0
590	4.5
592	4.0
593	5.0
595	3.0
597	3.0
606	0.5
608	5.0
648	3.0
673	2.0
714	4.0
720	4.0
735	3.5
736	3.0
745	4.0
750	5.0
762	2.5
765	3.0
778	5.0
780	3.0
784	3.0
785	3.0
786	3.0
788	3.0
805	3.0
832	3.0
858	4.0
903	5.0
904	5.0
923	4.0
924	2.0
968	5.0
1036	3.0
1047	4.0
1080	5.0
1089	5.0
1090	4.0
1092	2.0
1093	3.5
1097	3.0
1101	3.0
1127	3.0
1136	5.0
1148	4.0
1193	5.0
1196	5.0
1198	3.0
1199	4.0
1200	4.0
1201	5.0
1206	5.0
1208	4.5
1210	5.0
1213	4.0
1214	4.5
1215	3.0
1218	4.0
1219	3.0
1222	4.0
1223	3.0
1228	3.5
1232	4.0
1237	4.0
1240	4.0
1241	1.0
1245	4.0
1246	4.0
1249	3.0
1250	4.5
1255	4.0
1258	5.0
1259	3.0
1261	3.5
1262	5.0
1263	3.0
1265	3.5
1272	3.5
1276	4.5
1279	5.0
1287	3.5
1288	3.0
1291	3.0
1298	5.0
1320	3.0
1339	3.0
1342	1.0
1345	3.0
1347	3.0
1350	5.0
1370	3.0
1377	5.0
1393	3.0
1407	3.0
1438	3.0
1464	4.0
1466	4.0
1476	3.0
1485	3.0
1515	3.0
1517	4.5
1527	5.0
1544	3.0
1552	3.0
1556	2.0
1562	3.0
1573	3.0
1580	3.0
1584	3.0
1589	3.0
1590	3.0
1591	2.0
1597	3.0
1608	3.0
1609	3.0
1617	4.0
1625	3.0
1627	4.0
1641	3.0
1644	1.0
1645	3.0
1673	4.5
1676	4.0
1680	4.0
1682	4.5
1687	3.0
1690	3.0
1704	5.0
1713	3.0
1717	3.0
1721	3.0
1722	3.0
1729	4.0
1732	4.0
1752	3.0
1760	0.5
1772	3.0
1779	3.0
1801	1.0
1862	3.0
1876	3.0
1882	3.0
1884	5.0
1907	3.0
1909	3.0
1917	3.0
1921	4.5
1923	4.0
1924	1.5
1954	4.5
1961	3.0
1974	3.0
1975	3.0
1976	1.0
1977	3.0
1978	3.0
1979	3.0
1980	3.0
1981	1.0
1982	3.0
1994	2.0
1997	4.0
2003	4.0
2004	3.0
2006	3.0
2012	2.0
2025	4.0
2028	4.0
2054	2.5
2058	3.0
2081	3.0
2110	3.5
2115	3.0
2167	3.0
2174	4.0
2194	3.0
2231	4.0
2232	3.0
2273	3.0
2279	1.0
2288	4.0
2291	5.0
2294	3.0
2313	5.0
2329	5.0
2338	1.0
2340	3.0
2353	3.0
2355	3.0
2366	3.0
2367	1.0
2378	3.0
2379	3.0
2382	1.0
2389	3.0
2395	4.0
2396	4.0
2402	3.0
2403	4.0
2404	3.0
2409	4.5
2410	3.0
2420	1.0
2421	1.0
2422	1.0
2427	3.0
2455	4.0
2459	3.0
2467	2.5
2502	4.5
2505	3.0
2517	2.0
2529	3.5
2530	2.5
2532	2.5
2542	4.5
2571	5.0
2594	3.0
2616	3.0
2617	3.0
2628	4.0
2640	2.0
2641	1.0
2671	3.0
2676	3.0
2683	4.5
2694	4.0
2699	3.0
2700	4.0
2701	2.5
2706	3.0
2710	5.0
2712	3.0
2716	4.0
2719	1.0
2722	3.0
2762	5.0
2789	3.0
2791	3.0
2795	1.0
2797	3.0
2803	3.0
2840	3.0
2858	5.0
2862	3.0
2882	4.0
2890	3.0
2950	3.0
2951	3.0
2953	3.0
2959	5.0
2985	3.5
2986	3.0
2987	3.5
2997	3.0
3020	3.0
3033	4.0
3052	3.0
3081	5.0
3082	3.0
3113	3.0
3147	4.0
3148	4.0
3160	5.0
3168	4.0
3174	4.0
3178	4.0
3186	3.5
3198	3.0
3246	5.0
3250	4.0
3253	3.0
3254	3.0
3262	4.0
3263	3.0
3267	3.0
3273	3.0
3285	3.0
3317	4.0
3386	5.0
3424	5.0
3438	2.5
3439	2.0
3452	3.0
3461	3.0
3462	4.0
3481	4.0
3489	2.0
3499	4.0
3527	3.0
3535	4.0
3556	3.0
3578	4.5
3581	3.0
3617	3.0
3623	3.0
3638	3.0
3688	3.0
3698	1.0
3701	3.5
3702	3.5
3703	5.0
3717	3.0
3744	4.0
3752	3.0
3755	3.0
3785	3.0
3793	3.0
3798	3.0
3825	1.0
3826	3.0
3863	3.0
3897	4.0
3917	1.0
3925	4.0
3948	3.0
3949	5.0
3950	3.0
3967	3.0
3968	3.0
3977	3.0
3979	2.5
3981	3.0
3986	3.0
3988	2.0
3993	3.0
3994	4.0
3996	4.5
3999	3.0
4011	4.0
4014	3.0
4015	3.0
4018	3.0
4020	3.5
4022	4.0
4023	3.0
4027	4.5
4034	4.0
4105	3.5
4128	2.0
4143	1.0
4148	3.0
4167	3.0
4210	3.0
4226	5.0
4235	4.5
4239	4.0
4246	3.0
4251	3.0
4255	2.5
4262	4.0
4265	3.0
4267	3.0
4270	3.0
4306	3.0
4308	4.0
4310	1.5
4344	2.0
4367	1.0
4370	4.0
4388	3.0
4446	3.5
4447	1.0
4448	4.0
4450	3.0
4624	3.5
4638	3.0
4639	2.0
4641	4.5
4701	3.0
4718	3.0
4720	4.5
4741	5.0
4776	3.0
4816	1.0
4844	3.0
4848	5.0
4865	4.0
4874	3.0
4878	3.0
4881	4.5
4886	4.5
4889	3.0
4890	2.0
4896	3.0
4902	4.0
4973	5.0
4974	3.0
4975	4.0
4979	4.0
4993	5.0
4994	4.0
4995	4.0
5015	3.0
5025	3.0
5049	2.0
5065	3.0
5074	3.5
5171	3.0
5218	4.0
5219	3.0
5225	4.0
5254	3.0
5266	3.0
5292	3.0
5298	3.0
5323	3.0
5349	4.0
5378	4.0
5388	3.0
5418	3.0
5445	3.0
5449	2.0
5464	4.0
5481	4.5
5502	4.0
5507	3.0
5528	4.0
5608	2.0
5610	3.0
5618	4.5
5630	4.0
5669	5.0
5673	2.0
5679	4.0
5785	3.0
5791	3.0
5809	3.0
5810	3.0
5816	3.0
5853	3.0
5872	3.0
5876	2.0
5878	4.5
5890	3.0
5902	1.0
5903	2.0
5942	3.0
5952	5.0
5954	4.5
5956	4.5
5959	3.0
5971	4.0
5989	3.5
5991	3.0
5992	1.0
5995	5.0
6003	4.0
6016	5.0
6197	4.5
6214	4.5
6223	3.0
6238	3.5
6242	3.0
6263	2.0
6281	4.0
6286	5.0
6291	3.0
6323	4.5
6333	3.0
6365	3.0
6373	3.0
6377	3.0
6502	1.0
6503	3.0
6534	3.0
6537	4.0
6539	4.0
6541	2.0
6552	3.0
6565	3.0
6586	3.0
6587	1.5
6645	3.0
6664	3.5
6707	4.0
6711	4.5
6731	4.0
6755	3.5
6796	5.0
6807	4.0
6863	4.0
6870	3.0
6874	5.0
6880	3.5
6890	3.0
6934	4.0
6947	4.0
6952	2.5
6953	5.0
6975	5.0
7013	5.0
7022	1.0
7034	4.0
7044	4.0
7090	3.5
7123	3.0
7143	4.5
7147	5.0
7151	3.0
7153	5.0
7160	4.0
7162	3.0
7235	3.0
7254	4.0
7285	3.0
7318	4.0
7347	2.0
7360	4.0
7361	4.0
7371	4.0
7373	3.0
7387	4.0
7438	5.0
7439	2.0
7454	1.5
7458	2.0
7460	5.0
7482	3.0
7502	4.5
7981	4.0
8014	5.0
8361	3.0
8368	3.0
8376	3.5
8464	4.5
8581	3.5
8622	4.0
8636	4.0
8665	4.0
8783	4.5
8784	4.0
8798	4.0
8873	3.5
8874	3.0
8910	5.0
8917	4.5
8947	1.0
8949	4.0
8950	4.0
8957	4.5
8958	4.0
8961	5.0
8966	4.0
8970	4.0
8973	3.5
8981	4.0
26242	4.0
27592	4.0
27721	4.5
27741	4.0
27773	5.0
27822	4.5
27873	4.0
27904	4.0
30707	4.0
30793	4.5
30810	4.5
30812	4.0
30820	4.5
30822	3.0
30825	3.0
31410	3.5
32587	4.5
33004	4.0
33166	4.0
33171	4.0
33437	4.0
33493	4.5
33660	4.5
33794	4.5
33834	4.0
34048	4.0
34405	4.5
34437	4.5
35836	4.0
36276	4.0
36529	4.0
36535	4.5
37380	2.0
37382	3.0
37384	3.5
37720	4.0
37729	4.0
37733	4.5
37741	3.0
37830	3.5
38038	4.5
38061	4.0
38886	3.5
39292	4.0
39444	4.0
39446	4.0
40278	4.0
40732	4.5
40815	3.5
40819	4.5
41569	5.0
42011	3.5
42723	2.0
43928	1.5
44195	4.5
44397	3.5
44665	4.5
44761	4.0
44974	3.5
45186	2.5
45210	4.5
45501	3.5
45666	3.0
45672	3.0
45728	4.0
45730	4.0
46578	4.0
46723	4.5
46976	4.0
47044	4.0
47610	3.0
47999	4.0
48043	4.5
48385	5.0
48394	4.5
48516	4.0
48738	3.5
48774	4.5
48780	4.5
48877	1.0
49272	4.0
49396	4.0
50068	5.0
50442	3.0
50912	5.0
51540	3.5
51662	4.0
52281	4.0
52319	3.0
52328	2.5
52722	1.5
53129	3.5
53550	4.5
53894	4.0
53972	3.0
54001	4.0
54272	4.0
54997	3.5
55118	2.5
55247	5.0
55269	4.5
55444	4.0
55820	4.0
56367	4.0
56782	4.0
57274	4.0
57368	3.5
57528	4.0
58559	5.0
60069	4.5
61024	4.0
68157	5.0
71282	5.0
72226	4.0
74458	4.0
77658	4.5
78499	5.0
79057	2.5
79132	4.5
79695	2.5
80906	4.5
81591	4.0
