1	4.0
2	3.0
6	4.0
10	3.5
12	2.5
16	4.0
18	3.5
32	4.5
47	4.0
50	5.0
70	4.5
93	2.5
104	2.0
110	3.0
111	4.5
145	2.5
150	2.5
153	2.5
157	2.5
163	3.5
165	2.5
172	1.0
180	4.0
198	3.0
208	2.0
223	4.5
232	3.5
253	3.5
260	4.0
282	2.5
288	4.0
293	4.0
296	5.0
306	4.5
307	4.5
308	4.0
316	3.0
318	5.0
329	3.0
353	3.5
355	2.5
356	3.5
367	3.0
370	3.0
377	2.0
380	3.5
431	2.5
442	3.0
480	2.5
482	3.0
485	3.5
509	3.5
520	1.5
527	3.0
541	4.5
546	0.5
551	4.0
555	3.5
586	2.5
588	2.5
589	4.0
590	3.5
592	4.0
593	3.5
599	2.5
608	4.0
610	2.5
648	3.0
653	3.0
720	4.0
733	2.5
741	2.0
745	4.0
750	4.5
760	2.5
778	4.0
780	2.5
784	1.5
785	2.0
788	2.0
858	5.0
902	3.5
903	4.0
904	4.5
908	4.0
912	5.0
919	3.0
923	2.5
924	4.0
931	3.5
933	3.0
968	3.5
969	2.5
971	4.0
996	3.0
1010	3.0
1020	2.0
1027	2.5
1036	4.0
1037	2.5
1049	3.5
1079	4.0
1080	4.0
1089	4.0
1090	3.0
1091	2.0
1092	4.0
1101	2.0
1103	3.5
1127	3.5
1129	3.5
1136	4.0
1148	4.0
1161	3.0
1173	3.0
1178	3.5
1193	4.5
1196	4.5
1198	4.5
1199	4.5
1200	4.0
1201	2.0
1203	4.5
1204	4.5
1206	5.0
1207	4.0
1208	4.5
1209	4.0
1210	4.5
1211	4.0
1212	4.0
1213	4.0
1214	4.5
1215	3.0
1217	4.0
1219	4.5
1220	4.0
1221	5.0
1222	4.0
1223	4.0
1225	4.5
1227	4.0
1228	3.5
1233	4.5
1234	4.0
1235	5.0
1237	4.0
1238	3.0
1240	4.5
1245	4.0
1246	3.5
1247	4.0
1250	4.5
1252	4.0
1253	4.0
1258	4.0
1259	3.5
1262	4.0
1265	4.5
1266	2.5
1269	4.0
1270	4.0
1274	1.5
1275	4.0
1279	4.5
1281	3.5
1283	3.5
1287	3.5
1291	4.5
1298	4.5
1303	3.5
1304	3.5
1307	3.0
1320	3.5
1333	4.0
1334	2.5
1339	3.0
1343	4.0
1348	4.0
1356	4.0
1370	3.0
1371	3.0
1372	3.5
1373	3.0
1374	4.0
1375	3.5
1376	3.5
1377	3.0
1378	2.5
1379	2.5
1387	3.5
1393	2.5
1396	3.0
1407	3.0
1408	3.5
1425	3.0
1438	2.0
1464	4.5
1466	3.5
1476	3.0
1480	3.5
1500	4.0
1515	2.5
1517	3.5
1527	3.5
1544	2.5
1552	1.5
1562	1.5
1573	2.0
1580	3.0
1587	3.5
1590	2.5
1591	1.0
1609	2.0
1610	3.0
1617	4.0
1619	3.5
1625	3.5
1639	4.0
1645	3.5
1653	4.0
1665	2.0
1672	2.5
1676	3.5
1682	2.0
1687	2.5
1690	3.0
1704	3.5
1722	3.5
1729	4.0
1732	4.5
1735	3.0
1748	4.5
1753	2.5
1772	2.0
1779	2.5
1784	4.0
1805	3.0
1831	3.0
1833	2.5
1835	3.5
1858	2.5
1884	4.5
1889	3.0
1907	3.0
1909	3.0
1912	2.0
1917	2.5
1918	3.5
1921	4.0
1923	1.0
1927	4.0
1953	3.5
1954	2.5
1961	3.5
1962	3.0
1967	3.5
1968	3.5
1994	3.0
1997	3.5
2000	4.0
2001	3.5
2002	3.5
2003	3.5
2004	2.0
2005	3.5
2009	3.5
2010	4.0
2011	3.0
2012	3.0
2019	4.5
2021	3.0
2023	4.0
2028	3.0
2034	2.5
2076	4.0
2082	1.5
2105	4.0
2115	3.0
2116	3.0
2117	3.0
2150	3.0
2161	3.0
2167	4.0
2174	3.0
2176	4.0
2181	3.0
2183	4.0
2184	3.5
2186	3.5
2193	3.0
2194	3.5
2202	3.5
2204	3.0
2232	4.0
2263	4.0
2273	3.0
2278	3.5
2291	3.5
2294	3.0
2296	2.5
2297	3.5
2311	2.0
2321	3.0
2328	1.5
2329	3.5
2340	3.0
2353	2.0
2355	3.5
2360	4.0
2366	4.0
2373	2.5
2376	3.0
2378	2.0
2387	4.0
2393	3.0
2396	3.0
2402	1.5
2403	2.0
2404	1.5
2406	2.0
2410	2.0
2411	2.0
2420	3.0
2427	1.5
2428	2.0
2450	2.0
2455	3.5
2467	4.0
2470	2.0
2474	3.0
2490	3.5
2502	3.5
2505	2.5
2513	2.5
2527	3.0
2528	3.0
2529	3.0
2539	2.5
2541	2.5
2542	4.0
2571	4.0
2572	2.0
2605	2.5
2617	2.5
2628	3.0
2648	4.0
2657	5.0
2662	2.5
2671	1.5
2672	3.5
2677	4.0
2683	4.0
2692	3.5
2699	2.0
2700	4.0
2701	2.0
2706	2.5
2707	4.0
2712	3.5
2716	4.0
2717	3.0
2722	2.0
2735	2.5
2788	4.0
2797	2.5
2819	4.0
2840	2.0
2858	4.5
2863	3.0
2877	3.5
2890	2.5
2916	3.5
2918	4.0
2946	4.0
2947	4.0
2948	3.5
2949	4.0
2959	4.5
2966	3.5
2968	2.0
2976	3.0
2987	3.5
2989	3.5
2990	3.0
2991	3.0
2993	4.0
2997	4.5
3000	3.0
3020	2.5
3033	3.5
3039	3.5
3052	4.0
3081	4.0
3082	3.5
3108	4.0
3113	2.0
3114	4.0
3130	2.5
3147	3.5
3148	2.5
3160	4.0
3168	3.0
3173	2.5
3175	4.0
3176	3.5
3198	3.5
3252	3.5
3253	3.5
3254	2.5
3258	2.5
3262	4.0
3263	2.0
3267	3.5
3272	1.5
3275	2.0
3300	3.5
3328	4.0
3334	4.0
3355	3.5
3409	2.5
3418	2.5
3444	2.0
3448	3.5
3452	2.5
3468	4.0
3481	4.0
3499	3.5
3527	3.5
3552	3.5
3578	3.0
3581	4.0
3617	3.5
3623	2.5
3633	3.5
3635	3.5
3638	3.0
3639	2.0
3654	3.5
3684	2.5
3685	3.5
3697	3.0
3698	3.5
3702	4.0
3703	4.0
3705	2.0
3706	4.0
3710	2.0
3741	3.5
3744	3.0
3751	3.5
3753	2.0
3754	3.0
3760	2.5
3785	2.5
3793	4.0
3812	3.5
3827	2.5
3863	3.0
3868	3.5
3869	3.5
3879	1.5
3882	2.0
3949	4.5
3959	3.5
3968	2.0
3977	1.5
3978	2.5
3979	1.5
3984	3.0
3986	1.5
3994	2.5
3996	4.0
3997	2.0
4005	3.0
4007	3.0
4010	2.5
4011	4.5
4014	3.5
4016	3.5
4018	1.5
4022	2.0
4025	2.0
4027	3.5
4041	2.0
4079	2.5
4085	3.0
4128	3.0
4132	2.5
4159	3.5
4223	4.0
4226	4.5
4228	2.5
4235	4.5
4239	3.5
4246	1.5
4262	3.5
4306	4.0
4308	4.0
4321	2.5
4343	2.0
4349	3.5
4367	2.0
4370	1.5
4380	4.0
4387	2.5
4396	2.5
4446	2.0
4448	3.5
4480	2.0
4483	2.0
4571	3.0
4623	3.0
4643	1.5
4661	2.5
4681	3.5
4701	3.5
4720	3.5
4727	2.0
4728	2.0
4734	3.5
4776	3.0
4844	3.0
4846	3.5
4848	4.5
4855	3.0
4865	2.5
4873	4.0
4874	4.0
4878	5.0
4886	4.5
4887	3.0
4896	3.5
4954	2.5
4958	2.0
4963	3.5
4973	5.0
4975	4.0
4993	4.5
5009	3.5
5010	1.5
5015	3.0
5040	3.0
5047	3.0
5049	3.5
5055	2.5
5093	1.0
5147	3.5
5151	2.0
5218	4.0
5219	2.0
5247	2.0
5254	1.5
5266	2.5
5291	5.0
5293	2.5
5299	2.0
5313	1.0
5349	3.5
5378	3.0
5388	3.0
5410	2.5
5418	1.5
5419	2.0
5420	2.0
5444	3.5
5445	2.0
5459	2.5
5463	2.5
5464	3.0
5481	3.5
5500	3.5
5502	3.0
5528	3.5
5541	3.0
5574	2.5
5611	3.0
5618	3.5
5621	1.5
5630	2.5
5669	4.0
5679	4.0
5690	2.5
5791	4.0
5816	3.5
5872	2.0
5902	4.5
5903	4.0
5944	3.0
5945	3.0
5952	4.5
5955	3.0
5956	4.0
5989	2.0
5991	4.0
5992	4.0
5995	3.5
6016	4.0
6093	4.0
6104	4.0
6155	1.5
6157	1.5
6184	2.5
6188	1.5
6239	2.5
6242	3.5
6250	1.5
6281	3.5
6286	3.5
6287	2.5
6294	2.0
6305	2.5
6323	3.5
6333	4.0
6365	1.5
6373	3.0
6377	4.0
6378	2.0
6440	4.0
6502	2.0
6503	2.0
6537	3.5
6539	4.5
6541	2.0
6565	3.5
6618	1.5
6659	3.0
6709	2.0
6711	4.5
6721	3.5
6754	2.5
6773	1.5
6807	4.0
6863	3.5
6870	3.5
6874	4.5
6879	2.0
6947	2.5
6953	4.5
6957	2.5
6979	3.5
6986	3.5
7000	2.5
7004	1.5
7017	1.5
7022	2.5
7044	4.0
7046	3.5
7090	4.5
7099	3.0
7137	3.0
7143	2.5
7147	4.0
7149	4.0
7153	4.5
7158	4.0
7160	2.5
7161	2.5
7162	3.0
7163	2.0
7254	3.5
7323	3.0
7325	2.5
7347	3.5
7361	5.0
7366	2.5
7373	3.0
7438	4.5
7439	2.5
7454	2.5
7458	3.0
7460	4.0
7481	3.5
7482	3.0
7502	4.0
7569	3.5
7570	3.0
7649	4.0
7700	4.5
8207	4.0
8360	3.0
8368	4.0
8370	2.5
8371	3.0
8464	3.0
8528	1.5
8531	1.0
8581	3.0
8622	4.0
8623	3.5
8636	3.5
8641	2.0
8644	3.0
8781	3.0
8783	2.0
8784	3.5
8798	3.5
8807	2.0
8810	2.0
8861	2.0
8865	3.0
8870	2.0
8874	3.5
8907	2.5
8917	3.0
8947	3.5
8950	4.5
8957	4.0
8958	3.5
8961	4.0
8970	4.0
8972	2.5
8977	2.0
8983	4.5
8985	2.5
26242	3.5
27611	4.5
27660	3.0
27706	3.5
27721	4.5
27773	4.0
27801	3.0
27821	3.0
27839	2.5
27873	3.5
27904	4.0
30707	4.5
30793	4.0
30812	3.5
30816	2.5
30825	3.0
31410	3.5
31658	3.5
31685	2.0
31696	2.0
31804	4.0
31878	2.5
32019	2.5
32031	2.5
32587	5.0
33004	3.5
33158	1.5
33162	2.0
33166	4.0
33493	3.5
33615	3.5
33679	2.5
33794	4.0
33903	3.5
34048	2.5
34150	2.0
34319	2.5
34405	4.0
34437	4.0
34520	2.5
36401	3.5
36517	3.0
36529	3.5
37380	2.0
37382	3.5
37386	2.5
37729	4.0
37733	3.5
37741	3.0
37830	2.5
38038	4.0
38061	3.5
39292	4.0
39446	2.5
40278	2.5
40339	3.0
40583	4.0
40815	3.5
40819	4.5
41566	3.0
41569	3.5
41997	2.5
42002	3.5
42723	2.5
42734	3.0
42738	3.0
43836	2.0
43928	2.0
43936	2.0
44022	3.5
44191	4.0
44195	3.5
44199	3.0
44555	3.0
44665	2.5
44694	3.5
45186	2.5
45431	3.5
45447	3.5
45499	4.0
45517	3.0
45722	3.5
45728	4.0
45950	3.0
46322	3.0
46530	2.5
46578	4.0
46723	3.0
46970	2.5
46976	3.0
47044	2.5
47099	2.0
47200	2.5
47640	3.5
48043	4.5
48142	3.0
48385	2.0
48394	4.0
48516	3.5
48738	3.5
48774	3.5
48780	4.5
49272	4.0
49396	3.0
49822	3.0
50068	4.0
50794	2.0
50872	4.0
51084	3.0
51086	2.0
51255	3.5
51575	2.5
51662	3.0
51931	3.5
51935	3.0
52245	2.0
52281	4.0
52328	4.0
52722	3.0
52952	2.5
53000	2.5
53121	3.5
53125	3.0
53322	3.0
53464	3.0
53519	4.5
53972	2.5
53996	2.0
54001	4.0
54259	4.0
54272	4.0
54286	3.5
54736	2.0
54995	4.0
54997	3.5
55094	3.5
55247	3.0
55269	3.0
55276	3.5
55765	3.5
55768	2.5
55820	4.0
55995	2.5
56171	3.0
56174	2.5
56587	3.5
56757	4.5
56782	3.5
56788	3.0
57368	3.5
57640	3.0
57669	4.0
58299	3.0
58559	4.5
59315	3.5
59369	4.0
59615	3.5
59900	2.0
60069	4.0
60074	2.0
60684	4.5
61024	2.5
61248	2.0
61323	3.0
62999	3.0
63082	3.5
63113	4.0
64614	4.5
64620	4.0
64839	4.0
66097	4.0
66934	4.5
68157	4.0
68237	3.5
68358	3.5
69122	4.5
69844	3.5
69951	4.5
70286	4.5
71057	4.0
71535	4.0
72378	2.5
72998	3.5
73017	3.0
74458	3.5
76093	3.0
76251	4.0
78499	3.5
79132	4.5
79702	4.5
81591	4.0
81834	4.0
82459	4.5
82461	3.0
88125	4.5
89745	4.5
91529	4.0
96079	4.5
97752	5.0
98809	5.0
99114	5.0
