1	5.0
2	3.0
5	2.5
7	3.5
11	3.0
19	4.0
34	4.5
36	4.0
39	4.0
48	3.5
50	4.0
52	2.5
58	3.0
60	3.5
62	4.0
70	2.5
105	4.0
110	3.5
141	4.5
150	4.0
153	4.0
165	4.0
173	3.0
185	4.0
186	2.5
208	4.0
224	3.0
231	4.0
235	3.0
272	2.5
273	3.5
288	2.0
300	4.0
316	4.5
317	3.0
318	4.0
337	3.5
342	3.5
344	4.0
345	4.0
349	4.0
355	3.0
356	3.5
357	4.0
364	3.5
367	3.5
370	2.0
376	3.5
377	3.5
410	4.0
425	4.0
440	3.5
457	3.5
474	3.5
480	4.0
500	3.5
508	4.0
509	2.0
515	4.0
532	3.5
538	3.5
539	3.0
546	2.5
551	3.5
553	3.0
585	3.0
586	3.5
587	4.0
588	3.5
592	4.5
593	4.0
594	4.5
595	3.5
596	3.5
597	3.5
608	3.5
616	4.0
724	2.5
733	3.5
736	4.0
750	4.5
778	2.5
783	3.0
784	3.5
837	3.5
838	3.0
849	3.0
880	2.5
899	5.0
900	3.5
904	4.5
910	5.0
912	5.0
914	3.5
919	5.0
920	5.0
923	3.0
924	3.5
933	4.0
952	4.5
953	3.0
968	4.0
1020	4.0
1022	4.5
1028	4.0
1031	4.0
1035	5.0
1036	4.0
1042	3.5
1059	2.5
1073	3.0
1079	3.5
1080	3.5
1082	4.5
1088	4.0
1090	3.5
1092	3.5
1094	3.5
1095	3.0
1097	4.5
1101	4.0
1124	3.5
1127	4.0
1129	3.0
1136	3.5
1179	2.5
1183	3.0
1185	3.5
1186	2.5
1196	4.0
1200	4.5
1203	5.0
1204	2.0
1208	4.0
1213	3.0
1214	4.5
1225	4.5
1228	3.0
1230	3.5
1231	4.5
1233	4.5
1234	4.0
1240	3.0
1242	4.0
1246	3.0
1250	3.5
1252	2.5
1258	3.0
1259	4.0
1266	4.0
1269	4.5
1270	4.5
1271	3.0
1275	2.0
1278	4.0
1282	4.5
1288	4.5
1291	4.0
1296	3.5
1299	4.0
1302	3.5
1304	4.5
1320	3.5
1327	3.5
1333	5.0
1334	4.0
1343	4.0
1345	4.0
1358	2.5
1367	3.5
1370	4.0
1371	5.0
1372	4.0
1373	4.0
1374	4.0
1375	4.0
1376	4.0
1377	4.0
1380	3.0
1387	3.0
1395	3.5
1405	4.0
1408	3.5
1485	3.5
1513	3.5
1517	3.0
1527	4.0
1544	4.0
1552	3.0
1562	3.0
1580	4.0
1584	4.0
1590	3.0
1608	3.5
1641	3.0
1645	2.5
1673	2.0
1674	4.0
1678	3.5
1680	3.0
1682	3.5
1690	3.0
1711	2.5
1722	3.0
1729	2.0
1747	3.5
1777	2.5
1784	3.5
1801	3.0
1810	3.0
1831	3.5
1848	3.0
1876	3.0
1894	3.5
1917	3.5
1923	2.0
1947	4.5
1954	3.0
1955	3.0
1956	3.5
1957	4.0
1958	3.0
1959	3.0
1960	3.5
1961	4.0
1962	4.0
1968	4.0
1982	3.0
1994	4.0
1997	4.0
2001	3.5
2003	4.0
2005	3.0
2006	3.5
2011	4.5
2012	3.5
2013	3.5
2018	4.0
2020	3.0
2054	3.5
2064	3.5
2067	5.0
2076	2.5
2081	3.5
2087	4.0
2100	3.5
2109	3.0
2115	4.5
2124	4.5
2134	3.5
2150	3.5
2167	2.5
2174	3.5
2194	3.5
2245	3.5
2268	4.0
2273	3.0
2291	4.0
2294	3.5
2300	4.0
2302	4.0
2321	3.0
2336	4.5
2352	3.0
2353	4.0
2355	4.0
2375	3.0
2390	3.5
2393	4.0
2395	2.5
2396	3.0
2407	4.0
2423	4.0
2455	3.5
2469	3.0
2474	2.5
2502	4.0
2513	3.0
2524	4.0
2535	4.0
2539	4.0
2542	2.5
2565	4.0
2598	3.0
2616	2.5
2617	3.5
2628	3.0
2640	4.0
2641	4.0
2657	3.0
2671	3.0
2677	2.5
2683	3.0
2699	3.5
2710	4.0
2712	2.5
2716	4.0
2724	3.0
2730	4.0
2736	4.0
2746	3.0
2761	3.5
2791	3.5
2794	2.5
2795	4.0
2797	4.5
2804	3.5
2827	3.5
2840	2.5
2846	4.5
2858	2.5
2866	3.5
2871	4.0
2916	3.0
2917	2.5
2919	3.0
2947	3.5
2949	3.0
2950	3.0
2953	2.5
2985	3.0
2987	3.5
2997	2.5
3037	3.0
3039	4.0
3060	4.5
3072	4.0
3098	4.0
3100	3.0
3101	4.0
3107	4.0
3108	3.0
3114	4.5
3147	4.0
3148	3.5
3157	3.0
3186	3.0
3196	4.0
3203	4.0
3206	3.5
3243	2.5
3247	3.0
3251	4.0
3253	4.0
3255	4.0
3256	3.5
3257	2.5
3260	4.0
3354	3.5
3359	4.0
3361	3.0
3363	4.0
3386	4.0
3396	3.5
3397	4.0
3408	3.5
3418	3.5
3424	3.5
3448	3.0
3471	4.0
3478	4.0
3489	3.5
3499	3.5
3510	2.5
3524	4.0
3526	3.0
3527	3.0
3543	3.5
3545	3.5
3548	4.5
3552	4.0
3578	4.0
3608	2.0
3623	3.5
3624	2.5
3638	3.0
3649	3.0
3668	4.0
3671	4.0
3686	3.5
3699	3.5
3702	3.0
3704	3.0
3740	3.0
3744	2.0
3751	4.5
3752	4.0
3753	3.0
3755	4.0
3811	5.0
3841	3.5
3844	3.0
3911	4.0
3948	3.5
3977	2.5
3978	4.0
3996	2.5
4002	3.0
4007	4.0
4008	3.0
4022	5.0
4027	4.0
4039	3.0
4041	3.5
4062	4.0
4085	3.0
4232	3.5
4246	4.0
4262	2.5
4310	3.0
4322	4.0
4326	3.5
4333	3.5
4361	4.0
4370	4.5
4464	3.5
4489	3.5
4529	3.5
4558	3.0
4564	3.5
4571	4.0
4621	2.5
4720	4.0
4799	4.0
4816	4.0
4835	4.0
4848	2.5
4855	2.5
4958	4.0
4979	2.5
4995	4.0
5010	2.5
5013	4.0
5060	3.5
5064	3.0
5139	4.0
5218	4.0
5254	2.5
5266	3.0
5299	4.0
5349	4.0
5388	3.0
5418	3.0
5419	2.5
5445	4.0
5452	2.5
5464	4.0
5481	3.0
5502	4.0
5582	3.0
5679	3.0
5693	3.0
5816	4.0
5944	4.0
5956	3.5
5991	3.0
5992	3.0
5995	4.0
6218	4.0
6264	2.5
6296	3.5
6297	3.5
6333	2.5
6338	2.5
6365	3.5
6373	3.0
6377	3.5
6502	3.0
6541	2.0
6565	3.5
6658	4.0
6659	3.0
6662	3.0
6724	4.0
6787	4.0
6810	3.5
6863	3.5
6874	1.5
6934	3.5
6942	3.0
6944	3.0
6947	3.5
6979	3.5
7004	3.0
7143	3.5
7151	3.5
7155	4.0
7156	3.5
7158	4.0
7161	2.5
7162	4.0
7254	3.0
7325	3.5
7373	3.0
7445	3.0
7698	4.0
8360	4.0
8361	4.0
8368	4.0
8373	2.5
8376	4.5
8464	3.0
8528	3.5
8529	3.5
8610	3.5
8622	4.5
8665	3.0
8781	3.5
8783	4.0
8798	3.0
8810	2.5
8865	4.0
8947	3.0
8949	3.0
8958	4.0
8970	3.5
8972	3.0
26133	3.0
26614	3.0
26680	2.5
27706	3.0
27808	3.5
30812	4.0
30816	4.0
30825	3.5
31696	2.5
33004	2.5
33166	4.0
33794	3.5
33836	3.5
34048	3.5
34072	4.5
34150	2.5
34162	2.5
36401	3.0
36517	2.5
37727	3.5
37729	3.5
38038	4.0
39183	3.0
39292	4.0
40583	4.0
40815	4.0
41566	4.0
41571	3.5
42011	3.5
44022	3.0
44191	4.5
45081	3.5
45210	1.5
45447	3.0
45499	3.0
45720	4.0
45722	2.5
46972	3.5
47610	4.0
47629	4.5
48516	2.5
48780	3.0
49272	2.5
49824	3.5
50872	4.0
51077	2.5
51575	3.0
51935	2.5
52245	3.5
52722	4.0
53125	2.0
53464	3.0
53894	5.0
53972	3.5
53993	3.0
54001	4.0
54286	3.0
55768	4.0
55872	4.0
55995	3.5
56174	4.0
57640	3.0
58559	3.5
59369	3.0
59501	3.0
59900	4.0
60037	3.5
60069	4.5
60126	2.5
61729	3.5
63113	3.0
64497	2.5
68319	2.5
68554	3.5
68793	3.0
69526	3.5
69844	4.0
70286	5.0
71379	4.0
72998	5.0
