1	3.0
2	3.0
6	3.0
7	2.0
9	2.0
10	3.0
11	4.0
15	1.0
16	3.0
18	3.0
20	1.0
21	3.0
24	2.0
25	3.0
31	2.0
32	4.0
36	3.0
39	3.0
44	2.0
45	3.0
50	4.0
57	3.0
62	3.0
70	2.0
71	1.0
74	3.0
79	2.0
81	4.0
95	3.0
110	4.0
112	2.0
122	2.0
132	2.0
135	2.0
141	3.0
150	4.0
153	2.0
163	3.0
165	2.0
170	1.0
172	3.0
176	3.0
185	2.0
193	1.0
196	1.0
198	3.0
204	1.0
208	1.0
218	3.0
224	3.0
225	2.0
227	1.0
234	3.0
237	3.0
252	3.0
253	2.0
257	2.0
260	5.0
273	3.0
276	2.0
281	3.0
282	3.0
288	4.0
292	3.0
293	2.0
296	4.0
303	3.0
315	2.0
316	2.0
317	3.0
318	4.0
329	3.0
338	3.0
344	3.0
345	3.0
349	3.0
350	3.0
351	2.0
353	2.0
356	3.0
361	3.0
364	3.0
367	2.0
368	4.0
371	2.0
372	2.0
376	2.0
377	4.0
379	3.0
380	4.0
383	3.0
405	1.0
408	2.0
410	2.0
416	2.0
419	2.0
423	3.0
426	2.0
427	1.0
432	1.0
434	1.0
435	2.0
436	1.0
438	2.0
440	3.0
442	4.0
450	2.0
454	3.0
457	4.0
464	2.0
466	2.0
471	4.0
474	3.0
480	3.0
481	3.0
485	3.0
490	3.0
494	2.0
500	4.0
508	3.0
514	2.0
516	2.0
517	2.0
521	3.0
524	3.0
532	3.0
539	3.0
540	2.0
541	4.0
543	2.0
544	2.0
548	1.0
550	2.0
552	3.0
553	3.0
555	4.0
556	2.0
586	2.0
587	2.0
588	3.0
589	4.0
590	4.0
592	2.0
593	4.0
597	3.0
605	3.0
608	5.0
610	3.0
648	3.0
653	3.0
673	3.0
694	2.0
697	2.0
708	3.0
733	3.0
736	2.0
737	1.0
750	5.0
762	1.0
765	2.0
780	4.0
785	2.0
786	2.0
798	1.0
800	4.0
802	2.0
805	3.0
809	2.0
832	3.0
836	2.0
848	3.0
849	2.0
852	3.0
866	4.0
903	5.0
904	5.0
905	4.0
908	5.0
910	5.0
912	5.0
913	5.0
921	4.0
923	4.0
926	4.0
928	4.0
942	4.0
969	4.0
986	3.0
996	2.0
999	4.0
1004	1.0
1015	2.0
1020	3.0
1027	3.0
1036	3.0
1042	3.0
1047	4.0
1060	4.0
1079	3.0
1088	2.0
1090	4.0
1091	1.0
1092	3.0
1093	3.0
1094	3.0
1095	3.0
1096	4.0
1097	3.0
1100	2.0
1101	3.0
1120	3.0
1124	3.0
1127	2.0
1129	3.0
1135	3.0
1167	1.0
1173	1.0
1179	2.0
1185	2.0
1186	4.0
1191	3.0
1193	5.0
1196	5.0
1197	4.0
1198	5.0
1199	4.0
1200	3.0
1203	4.0
1208	4.0
1210	4.0
1213	4.0
1214	4.0
1217	3.0
1219	4.0
1220	5.0
1222	4.0
1225	4.0
1230	3.0
1231	5.0
1233	3.0
1240	4.0
1242	3.0
1246	3.0
1250	3.0
1252	4.0
1256	4.0
1258	4.0
1259	3.0
1263	4.0
1265	3.0
1266	4.0
1267	4.0
1268	2.0
1270	3.0
1273	3.0
1275	4.0
1276	4.0
1279	3.0
1282	5.0
1283	4.0
1285	4.0
1288	4.0
1291	4.0
1293	4.0
1295	2.0
1298	4.0
1299	3.0
1302	3.0
1304	3.0
1307	3.0
1320	3.0
1339	2.0
1346	1.0
1358	4.0
1359	1.0
1370	3.0
1372	3.0
1373	1.0
1374	3.0
1375	2.0
1376	3.0
1377	1.0
1378	2.0
1385	2.0
1389	1.0
1390	2.0
1391	4.0
1393	4.0
1394	4.0
1395	3.0
1396	2.0
1405	4.0
1407	3.0
1408	3.0
1422	2.0
1438	1.0
1441	4.0
1459	3.0
1475	1.0
1476	1.0
1485	2.0
1488	2.0
1499	1.0
1500	4.0
1503	2.0
1513	3.0
1515	2.0
1517	4.0
1550	2.0
1552	2.0
1562	2.0
1569	3.0
1573	2.0
1580	5.0
1584	3.0
1586	3.0
1587	1.0
1588	2.0
1603	1.0
1608	4.0
1610	3.0
1614	3.0
1616	2.0
1617	4.0
1625	4.0
1626	1.0
1645	3.0
1647	2.0
1663	4.0
1673	4.0
1674	3.0
1676	3.0
1680	3.0
1682	5.0
1687	2.0
1690	2.0
1693	3.0
1704	3.0
1717	1.0
1721	4.0
1722	3.0
1727	2.0
1729	3.0
1732	4.0
1747	3.0
1752	1.0
1753	2.0
1762	1.0
1777	4.0
1779	2.0
1784	4.0
1792	2.0
1801	2.0
1805	3.0
1827	4.0
1833	2.0
1835	4.0
1876	4.0
1882	1.0
1883	3.0
1884	1.0
1885	4.0
1912	3.0
1917	2.0
1918	2.0
1958	4.0
1960	3.0
1961	4.0
1962	3.0
1965	2.0
1968	2.0
1994	2.0
2000	3.0
2001	3.0
2002	3.0
2003	3.0
2004	1.0
2005	2.0
2011	2.0
2020	3.0
2023	3.0
2028	5.0
2058	3.0
2064	4.0
2065	3.0
2069	3.0
2076	2.0
2100	3.0
2108	3.0
2110	3.0
2112	3.0
2115	2.0
2118	3.0
2124	3.0
2126	3.0
2133	3.0
2150	2.0
2167	2.0
2174	2.0
2194	4.0
2195	1.0
2231	3.0
2241	2.0
2243	3.0
2245	2.0
2247	2.0
2253	3.0
2259	2.0
2262	2.0
2266	3.0
2268	3.0
2269	2.0
2278	2.0
2279	1.0
2288	2.0
2289	4.0
2291	2.0
2297	4.0
2301	3.0
2302	4.0
2312	4.0
2316	3.0
2328	2.0
2334	3.0
2335	2.0
2348	2.0
2352	3.0
2353	4.0
2366	4.0
2369	3.0
2371	3.0
2372	2.0
2374	3.0
2375	3.0
2376	2.0
2378	2.0
2379	1.0
2387	3.0
2396	4.0
2401	3.0
2402	2.0
2403	2.0
2404	1.0
2405	2.0
2406	3.0
2407	4.0
2410	2.0
2411	1.0
2412	1.0
2416	4.0
2420	3.0
2423	1.0
2429	2.0
2431	2.0
2439	3.0
2448	3.0
2455	3.0
2457	2.0
2463	3.0
2468	1.0
2469	3.0
2470	3.0
2471	2.0
2474	3.0
2476	4.0
2478	1.0
2490	3.0
2496	3.0
2502	3.0
2505	3.0
2506	3.0
2518	3.0
2539	3.0
2541	2.0
2542	3.0
2567	4.0
2568	1.0
2571	4.0
2581	3.0
2598	2.0
2599	4.0
2605	2.0
2613	4.0
2617	2.0
2628	4.0
2639	2.0
2641	4.0
2642	2.0
2643	2.0
2648	3.0
2677	4.0
2683	4.0
2688	2.0
2699	3.0
2700	5.0
2701	2.0
2706	4.0
2716	4.0
2717	3.0
2718	3.0
2722	1.0
2723	3.0
2735	2.0
2739	2.0
2746	4.0
2752	2.0
2759	3.0
2763	3.0
2774	2.0
2791	4.0
2793	2.0
2795	2.0
2797	4.0
2802	2.0
2803	3.0
2808	1.0
2815	1.0
2827	1.0
2852	3.0
2858	5.0
2859	4.0
2861	3.0
2875	2.0
2881	2.0
2889	3.0
2890	4.0
2915	3.0
2916	4.0
2917	3.0
2918	4.0
2919	3.0
2953	1.0
2956	2.0
2961	1.0
2976	2.0
2985	4.0
2986	1.0
2987	3.0
2989	2.0
2990	2.0
2997	5.0
3018	3.0
3019	2.0
3020	3.0
3033	2.0
3044	4.0
3052	3.0
3068	3.0
3070	3.0
3071	3.0
3072	2.0
3082	3.0
3087	3.0
3098	3.0
3100	2.0
3101	3.0
3102	3.0
3107	3.0
3108	5.0
3113	3.0
3120	2.0
3146	2.0
3160	3.0
3169	2.0
3175	3.0
3186	3.0
3196	4.0
3197	2.0
3206	1.0
3210	3.0
3247	2.0
3249	2.0
3251	2.0
3252	2.0
3253	3.0
3254	2.0
3255	4.0
3256	3.0
3257	2.0
3263	3.0
3264	4.0
3269	2.0
3272	2.0
3274	2.0
3316	3.0
3350	4.0
3354	2.0
3358	3.0
3360	3.0
3361	5.0
3365	3.0
3385	1.0
3386	3.0
3408	3.0
3418	3.0
3422	2.0
3435	4.0
3441	1.0
3448	3.0
3450	3.0
3452	3.0
3478	3.0
3489	3.0
3499	3.0
3501	3.0
3505	3.0
3524	3.0
3525	2.0
3526	3.0
3527	2.0
3528	2.0
3529	2.0
3552	3.0
3591	3.0
3614	3.0
3623	2.0
3683	4.0
3684	3.0
3685	2.0
3686	1.0
3688	3.0
3689	1.0
3698	3.0
3699	3.0
3701	2.0
3705	2.0
3706	2.0
3707	3.0
3708	1.0
3710	1.0
3712	3.0
3717	3.0
3723	3.0
3735	3.0
3740	2.0
3744	3.0
3751	4.0
3766	1.0
3791	2.0
3793	3.0
3802	1.0
3809	2.0
3825	2.0
3827	3.0
3841	2.0
3868	2.0
