1	3.5
2	4.0
8	3.5
10	4.5
19	4.0
21	4.0
34	2.0
39	4.0
48	3.0
50	3.0
62	3.5
88	3.5
110	3.5
147	5.0
150	3.0
153	4.0
158	2.5
165	4.0
168	2.0
185	3.5
193	3.5
208	3.5
216	3.5
231	5.0
239	3.5
258	2.5
260	4.0
292	3.5
300	3.5
316	3.0
318	2.5
329	3.5
344	4.5
349	4.0
353	2.5
356	4.0
362	4.5
364	4.0
367	4.0
370	3.0
377	3.5
383	3.5
419	2.5
421	2.0
434	3.5
457	3.5
466	4.5
468	3.5
471	4.5
480	3.5
485	3.5
500	3.0
502	2.5
515	2.5
520	4.0
527	3.5
531	3.0
533	3.0
539	2.5
541	4.0
543	3.5
551	3.5
552	3.0
575	3.5
586	3.5
588	4.0
589	3.5
590	4.0
592	4.5
593	3.5
594	3.0
595	3.0
596	2.5
631	2.5
648	5.0
671	3.5
673	3.5
709	3.5
733	3.5
736	2.5
741	3.0
745	3.5
747	5.0
765	4.0
780	3.5
783	3.5
784	4.0
786	2.5
801	3.5
802	3.0
858	4.0
912	3.0
917	3.0
919	4.0
924	3.0
928	4.0
938	3.5
949	4.0
1007	3.5
1009	3.0
1013	2.5
1019	3.5
1021	3.0
1022	3.5
1025	2.5
1027	3.5
1029	3.5
1031	3.5
1032	3.0
1035	3.5
1036	3.5
1064	4.0
1073	4.0
1094	2.5
1097	4.5
1101	3.5
1103	4.5
1127	3.5
1136	4.0
1148	4.5
1193	3.5
1196	5.0
1197	5.0
1198	4.5
1200	3.5
1201	3.0
1203	4.0
1207	3.0
1210	5.0
1214	3.5
1219	3.0
1223	4.0
1225	3.5
1230	3.0
1240	4.0
1246	4.0
1253	4.0
1256	3.5
1257	4.0
1259	4.5
1262	3.0
1265	4.0
1267	5.0
1270	4.5
1271	3.5
1272	3.5
1275	3.0
1278	3.5
1282	5.0
1287	2.0
1291	4.5
1293	2.5
1302	3.0
1320	2.0
1333	3.5
1356	3.0
1359	3.0
1367	3.0
1374	3.0
1377	3.5
1378	3.5
1381	1.5
1387	3.0
1388	3.0
1391	3.5
1394	3.5
1407	3.5
1411	3.0
1429	4.0
1474	3.0
1517	3.0
1527	4.0
1544	3.5
1566	3.5
1580	4.0
1584	2.0
1592	2.5
1610	3.5
1676	3.5
1682	3.5
1688	2.5
1707	2.0
1717	2.5
1721	3.0
1722	3.5
1760	0.5
1769	3.5
1777	2.5
1801	3.5
1831	3.0
1848	2.0
1873	3.5
1882	3.0
1907	3.5
1909	3.0
1911	3.5
1917	3.0
1920	3.5
1923	3.5
1927	3.5
1947	3.5
1954	3.0
1967	3.0
1968	5.0
1974	2.5
1977	3.5
1982	4.5
2000	4.0
2003	3.5
2004	1.5
2005	5.0
2006	3.5
2011	3.5
2012	3.0
2014	3.5
2021	3.5
2028	3.5
2053	2.0
2054	3.5
2059	3.0
2081	3.0
2082	2.5
2083	3.5
2085	3.0
2087	4.0
2089	3.0
2094	3.5
2096	3.5
2097	4.0
2105	4.5
2115	4.0
2116	2.5
2123	3.0
2125	3.0
2135	2.5
2139	3.0
2140	2.5
2142	3.5
2143	3.0
2144	4.0
2145	3.5
2161	3.0
2163	5.0
2174	3.0
2193	3.0
2236	4.0
2273	3.0
2291	3.5
2294	2.5
2313	3.0
2321	4.0
2348	5.0
2355	3.0
2359	4.5
2366	4.0
2376	4.0
2378	3.5
2384	1.5
2394	2.5
2398	3.5
2410	3.0
2411	3.5
2413	3.5
2420	4.0
2421	2.0
2422	1.5
2447	2.5
2453	3.5
2470	3.5
2485	2.5
2501	3.5
2502	4.5
2571	5.0
2572	3.0
2581	4.5
2617	4.0
2628	4.5
2640	3.0
2662	4.0
2664	3.5
2683	2.5
2686	3.5
2699	3.0
2700	2.5
2701	4.0
2706	2.5
2710	2.5
2713	2.5
2716	4.0
2718	4.0
2720	3.5
2723	5.0
2724	3.0
2728	3.5
2746	3.0
2747	2.5
2761	3.0
2762	4.0
2788	3.5
2795	3.5
2797	4.5
2798	3.0
2804	4.0
2826	3.0
2888	4.0
2918	4.0
2922	3.5
2947	4.5
2948	4.5
2949	4.0
2951	2.5
2953	3.5
2968	5.0
2985	3.0
2989	4.0
2990	4.5
2993	4.0
3000	5.0
3007	3.0
3033	3.5
3034	3.5
3052	3.5
3054	4.0
3081	4.5
3082	4.0
3087	3.5
3098	2.5
3100	4.0
3113	2.5
3114	3.5
3157	3.0
3159	4.0
3175	3.5
3189	3.5
3213	3.5
3247	3.0
3253	5.0
3256	3.0
3264	3.5
3273	2.5
3275	4.5
3286	3.0
3301	3.5
3360	2.0
3396	3.0
3409	3.5
3421	3.5
3452	3.0
3471	2.5
3479	3.5
3480	3.0
3489	4.0
3510	3.0
3527	3.5
3578	4.0
3623	3.0
3624	4.0
3633	4.0
3635	4.0
3638	4.0
3639	4.5
3668	3.0
3681	3.0
3702	4.0
3703	4.0
3704	2.5
3717	3.0
3745	4.0
3753	4.5
3785	3.0
3791	3.5
3793	5.0
3825	2.5
3826	3.0
3869	3.5
3882	2.5
3916	4.0
3930	5.0
3948	3.0
3968	3.5
3969	4.0
3977	3.5
3979	3.5
3984	3.5
3986	3.5
3988	3.0
3990	3.0
3991	2.0
3996	4.5
3997	4.0
4002	3.0
4015	2.5
4016	3.0
4019	3.5
4022	5.0
4025	3.5
4027	4.5
4039	3.0
4047	2.5
4149	3.0
4232	4.0
4247	3.0
4254	2.5
4299	3.0
4306	3.0
4308	3.0
4310	3.5
4326	3.5
4343	1.5
4367	3.0
4369	2.5
4388	2.5
4447	3.0
4519	5.0
4571	5.0
4638	3.5
4643	3.0
4679	3.5
4700	3.0
4719	3.5
4720	2.5
4728	4.0
4816	3.5
4886	4.0
4887	2.5
4890	3.5
4896	5.0
4963	5.0
4974	1.5
4979	4.0
4980	3.0
4993	5.0
4995	4.0
5010	4.0
5014	4.0
5055	4.0
5060	3.0
5064	5.0
5065	3.0
5103	3.5
5152	3.5
5218	4.0
5219	3.5
5264	3.0
5266	3.5
5299	3.0
5313	2.5
5323	2.5
5349	4.0
5378	5.0
5387	3.0
5400	3.0
5418	3.0
5419	3.5
5444	3.0
5445	4.0
5449	3.0
5463	3.0
5480	2.5
5502	3.0
5504	2.5
5507	2.5
5618	5.0
5668	5.0
5804	3.5
5810	2.5
5816	5.0
5872	3.5
5879	3.0
5952	5.0
5956	4.5
5969	2.5
5971	4.5
5989	5.0
5991	5.0
6157	4.0
6266	2.5
6297	5.0
6333	4.0
6338	2.0
6350	4.0
6373	3.5
6377	3.0
6503	3.0
6534	3.0
6537	2.5
6539	4.5
6541	4.5
6550	2.5
6564	2.5
6565	2.5
6593	2.5
6595	2.0
6618	3.5
6659	3.5
6753	4.0
6764	4.0
6793	3.5
6794	3.0
6807	3.5
6863	3.0
6879	3.5
6947	3.5
6952	3.5
7001	3.5
7036	2.5
7090	4.5
7099	4.5
7139	3.5
7143	4.0
7147	3.5
7153	5.0
7161	3.0
7164	4.0
7324	4.5
7325	2.5
7362	4.0
7373	4.0
7380	2.5
7386	3.0
7439	2.5
7482	3.5
7569	4.5
7570	4.0
7841	3.0
7842	4.0
7980	3.0
8340	3.5
8360	3.0
8361	3.0
8366	2.5
8368	5.0
8371	3.0
8376	4.0
8464	4.5
8492	3.0
8636	4.0
8644	3.0
8665	1.0
8783	3.5
8784	4.5
8807	3.0
8810	3.0
8865	5.0
8874	4.5
8907	2.5
8961	4.0
8965	3.5
8970	3.5
8983	4.0
26662	3.5
27706	4.0
27790	4.0
27837	3.5
30793	3.5
30812	4.0
30816	3.5
31658	3.5
33493	5.0
33615	3.5
33679	4.5
33794	5.0
34048	4.5
34150	3.5
34162	3.0
35836	2.5
36401	3.5
37830	5.0
39446	4.0
40815	5.0
40819	4.0
41566	4.0
41569	5.0
45499	4.5
