1	4.0
6	5.0
21	4.0
22	1.0
25	3.0
32	3.0
34	4.0
36	4.0
45	2.0
47	5.0
50	5.0
52	3.0
69	4.0
70	3.0
89	3.0
101	5.0
110	5.0
111	5.0
145	1.0
147	3.0
153	1.0
154	4.0
159	2.0
162	5.0
164	3.0
165	5.0
176	3.0
193	1.0
194	4.0
216	4.0
233	4.0
235	4.0
246	5.0
247	4.0
253	1.0
260	5.0
265	2.0
273	1.0
281	3.0
288	2.0
293	4.0
296	5.0
306	5.0
307	4.0
308	4.0
318	5.0
334	3.0
337	3.0
344	4.0
347	1.0
348	5.0
349	3.0
352	4.0
355	1.0
356	3.0
357	3.0
364	4.0
370	1.0
372	2.0
373	3.0
377	2.0
380	3.0
384	2.0
407	1.0
412	2.0
424	1.0
427	1.0
431	3.0
434	1.0
436	2.0
441	3.0
442	2.0
446	4.0
454	4.0
456	4.0
457	4.0
464	2.0
474	3.0
475	3.0
480	4.0
490	1.0
495	2.0
497	3.0
508	4.0
509	3.0
521	3.0
522	2.0
523	2.0
527	5.0
532	3.0
535	4.0
537	1.0
541	4.0
548	1.0
550	3.0
551	3.0
555	3.0
587	1.0
589	3.0
590	2.0
592	2.0
593	4.0
594	4.0
596	4.0
599	5.0
608	4.0
612	3.0
695	1.0
714	3.0
733	4.0
750	5.0
762	1.0
778	4.0
780	2.0
782	1.0
785	3.0
788	4.0
858	5.0
898	4.0
903	5.0
904	5.0
908	5.0
912	5.0
913	4.0
919	3.0
920	1.0
922	3.0
923	5.0
924	5.0
928	5.0
930	5.0
931	4.0
933	4.0
953	3.0
965	5.0
968	5.0
999	3.0
1030	4.0
1036	5.0
1054	2.0
1057	2.0
1073	3.0
1077	5.0
1079	3.0
1088	1.0
1089	4.0
1090	3.0
1091	3.0
1092	2.0
1093	1.0
1094	3.0
1095	5.0
1097	5.0
1101	4.0
1103	4.0
1136	1.0
1147	5.0
1171	3.0
1172	4.0
1176	4.0
1178	5.0
1183	4.0
1186	2.0
1189	3.0
1190	4.0
1191	4.0
1196	5.0
1197	3.0
1198	5.0
1204	5.0
1206	4.0
1208	5.0
1210	3.0
1211	5.0
1212	5.0
1213	5.0
1215	2.0
1217	5.0
1219	5.0
1221	5.0
1222	4.0
1228	5.0
1230	5.0
1233	5.0
1237	5.0
1240	3.0
1242	3.0
1244	5.0
1246	3.0
1247	5.0
1248	5.0
1249	2.0
1251	5.0
1252	3.0
1258	3.0
1260	4.0
1261	5.0
1262	5.0
1263	3.0
1265	4.0
1266	1.0
1270	3.0
1276	4.0
1281	2.0
1282	5.0
1283	5.0
1284	5.0
1285	2.0
1291	5.0
1295	3.0
1298	3.0
1306	1.0
1307	4.0
1321	2.0
1333	3.0
1339	1.0
1342	3.0
1343	3.0
1347	4.0
1354	5.0
1358	4.0
1370	1.0
1371	1.0
1373	1.0
1374	3.0
1376	2.0
1377	2.0
1380	4.0
1385	3.0
1387	5.0
1388	2.0
1389	1.0
1391	2.0
1393	2.0
1394	4.0
1396	4.0
1405	4.0
1407	4.0
1464	3.0
1476	4.0
1483	2.0
1500	4.0
1544	1.0
1552	3.0
1573	4.0
1608	2.0
1616	2.0
1617	4.0
1620	1.0
1625	4.0
1635	4.0
1639	2.0
1641	2.0
1660	5.0
1663	3.0
1673	4.0
1674	4.0
1682	2.0
1694	3.0
1701	3.0
1704	4.0
1717	3.0
1719	4.0
1721	4.0
1729	4.0
1732	3.0
1747	3.0
1760	3.0
1777	3.0
1784	1.0
1805	1.0
1840	3.0
1876	1.0
1882	1.0
1883	3.0
1885	4.0
1892	2.0
1912	5.0
1917	3.0
1918	1.0
1921	4.0
1923	4.0
1924	2.0
1938	4.0
1950	4.0
1952	3.0
1954	3.0
1958	2.0
1959	2.0
1961	3.0
1962	1.0
1969	1.0
1970	1.0
1971	1.0
1972	1.0
1974	2.0
1975	1.0
1976	1.0
1977	2.0
1978	1.0
1979	3.0
1980	1.0
1981	1.0
1982	5.0
1983	2.0
1984	1.0
1985	3.0
1986	1.0
1992	1.0
1994	4.0
2000	2.0
2003	3.0
2005	2.0
2006	1.0
2011	2.0
2012	1.0
2019	5.0
2020	4.0
2022	5.0
2028	4.0
2034	2.0
2058	1.0
2065	4.0
2076	5.0
2088	4.0
2107	2.0
2108	4.0
2109	3.0
2111	3.0
2114	2.0
2115	1.0
2126	1.0
2130	4.0
2133	2.0
2134	3.0
2144	3.0
2148	2.0
2159	3.0
2174	4.0
2176	3.0
2181	4.0
2183	4.0
2186	5.0
2194	4.0
2195	4.0
2203	4.0
2204	3.0
2206	4.0
2243	3.0
2248	3.0
2261	2.0
2273	3.0
2278	3.0
2279	2.0
2289	3.0
2290	4.0
2302	3.0
2318	5.0
2321	2.0
2324	5.0
2329	3.0
2335	3.0
2337	1.0
2338	2.0
2348	2.0
2352	1.0
2353	2.0
2355	4.0
2356	3.0
2361	5.0
2366	3.0
2371	4.0
2372	1.0
2378	3.0
2384	5.0
2389	1.0
2391	4.0
2395	5.0
2396	5.0
2403	4.0
2404	1.0
2407	3.0
2409	2.0
2410	3.0
2411	2.0
2412	1.0
2413	3.0
2416	2.0
2420	3.0
2421	2.0
2422	1.0
2423	3.0
2433	3.0
2450	3.0
2455	2.0
2456	1.0
2459	4.0
2469	3.0
2470	2.0
2473	1.0
2474	3.0
2485	3.0
2504	1.0
2518	1.0
2524	1.0
2539	2.0
2541	3.0
2550	1.0
2561	2.0
2571	3.0
2580	4.0
2598	2.0
2599	4.0
2605	2.0
2628	3.0
2640	3.0
2641	2.0
2642	1.0
2643	1.0
2644	4.0
2657	1.0
2671	2.0
2682	4.0
2683	4.0
2686	4.0
2688	2.0
2692	2.0
2694	3.0
2700	5.0
2701	1.0
2702	3.0
2707	2.0
2710	3.0
2712	3.0
2713	1.0
2716	4.0
2717	1.0
2722	1.0
2728	5.0
2729	4.0
2731	5.0
2735	3.0
2746	2.0
2762	4.0
2764	3.0
2770	2.0
2779	2.0
2791	5.0
2792	2.0
2794	2.0
2795	2.0
2797	4.0
2798	1.0
2857	5.0
2858	2.0
2859	5.0
2871	3.0
2881	1.0
2890	3.0
2902	2.0
2903	1.0
2908	4.0
2912	4.0
2915	3.0
2918	4.0
2926	3.0
2944	5.0
2946	4.0
2947	4.0
2959	3.0
2985	2.0
2997	4.0
3005	2.0
3006	5.0
3022	5.0
3030	4.0
3039	3.0
3040	3.0
3044	3.0
3072	3.0
3081	4.0
3087	4.0
3089	5.0
3093	4.0
3098	4.0
3101	1.0
3104	2.0
3114	5.0
3125	4.0
3129	5.0
3134	5.0
3142	3.0
3146	1.0
3147	3.0
3152	2.0
3160	5.0
3174	1.0
3176	2.0
3197	1.0
3203	2.0
3210	5.0
3246	5.0
3249	3.0
3252	1.0
3261	3.0
3262	2.0
3263	2.0
3267	4.0
3272	4.0
3273	3.0
3274	3.0
3285	3.0
3307	5.0
3327	3.0
3342	3.0
3360	3.0
3361	4.0
3362	5.0
3363	4.0
3396	5.0
3397	5.0
3398	3.0
3408	3.0
3421	3.0
3424	5.0
3426	4.0
3435	4.0
3448	3.0
3462	4.0
3471	4.0
3481	2.0
3499	3.0
3504	3.0
3505	2.0
3526	4.0
3527	4.0
3543	2.0
3550	2.0
3552	4.0
3566	3.0
3578	3.0
3608	5.0
3618	3.0
3623	3.0
3629	5.0
3633	4.0
3634	5.0
3638	2.0
3671	3.0
3683	4.0
3699	1.0
3706	1.0
3728	5.0
3729	3.0
3742	4.0
3753	2.0
3755	4.0
3760	1.0
3766	1.0
3773	3.0
3783	4.0
3788	4.0
3798	2.0
3801	4.0
3821	3.0
3865	4.0
3868	3.0
3869	1.0
3877	1.0
3917	1.0
4424	4.0
5060	4.0
