1	3.0
17	3.0
27	3.5
31	3.0
32	4.5
34	3.0
39	4.0
47	3.5
50	4.0
63	3.5
72	3.5
94	3.5
97	4.0
104	2.0
147	3.5
158	3.0
170	4.5
180	3.0
187	3.5
199	3.5
203	3.0
215	4.0
216	3.0
222	2.5
223	3.0
231	2.5
246	4.0
247	4.5
253	3.0
261	3.0
274	3.0
288	3.5
293	4.0
296	4.0
314	3.0
318	4.0
337	3.5
339	2.5
342	3.0
344	2.0
356	2.5
357	3.0
358	3.0
364	3.0
367	2.5
372	3.5
374	2.5
377	3.0
455	2.0
480	2.5
492	4.0
500	2.5
531	3.0
541	4.5
562	4.0
586	3.0
588	3.0
593	4.0
595	2.5
597	3.0
608	3.5
673	2.0
733	3.0
736	2.5
750	3.5
778	3.5
780	2.5
805	3.0
830	3.0
835	3.5
899	3.5
901	3.5
902	4.0
903	3.0
904	4.0
905	3.5
908	4.0
909	3.5
910	3.5
915	3.0
916	4.0
919	3.5
922	4.0
928	3.5
930	3.5
931	3.5
933	3.5
953	3.0
955	3.0
1005	2.5
1013	3.0
1015	2.5
1020	3.5
1021	2.0
1028	3.5
1035	3.0
1059	3.0
1073	5.0
1077	3.5
1078	3.5
1086	4.0
1089	3.5
1090	3.5
1092	3.0
1097	4.5
1101	2.5
1120	4.0
1178	3.5
1193	5.0
1203	4.5
1207	3.5
1219	4.0
1225	3.0
1230	3.0
1233	3.0
1235	4.0
1242	3.0
1244	4.0
1247	3.0
1256	3.0
1257	3.0
1259	3.0
1260	4.0
1265	3.0
1270	3.0
1285	3.5
1288	3.5
1292	3.0
1300	4.0
1307	3.0
1333	3.0
1345	3.0
1348	2.0
1393	3.0
1405	2.5
1449	3.5
1513	3.0
1517	3.0
1527	3.5
1569	3.0
1580	2.5
1584	3.0
1588	2.0
1608	2.0
1617	4.0
1639	3.0
1648	3.5
1653	3.0
1665	2.5
1682	3.0
1704	3.0
1719	3.5
1721	3.0
1729	3.5
1734	3.5
1748	3.5
1777	3.0
1895	3.5
1897	3.0
1900	3.5
1917	2.5
1921	3.0
1923	3.0
1961	3.0
1968	3.5
2005	4.0
2042	3.0
2053	1.5
2054	2.5
2058	3.0
2059	3.0
2064	3.0
2065	3.5
2076	4.0
2082	3.5
2109	2.5
2112	3.5
2125	3.0
2126	2.5
2137	3.5
2144	3.5
2145	3.5
2150	3.0
2174	3.0
2176	4.0
2186	3.5
2248	3.0
2273	2.0
2282	3.0
2291	3.0
2316	1.5
2321	3.0
2329	3.5
2335	2.0
2348	3.5
2352	3.0
2357	4.0
2359	3.5
2361	0.5
2395	3.0
2420	2.5
2428	3.0
2443	4.0
2447	3.0
2485	2.5
2496	3.0
2501	3.0
2502	3.0
2541	4.0
2567	2.5
2571	4.5
2572	3.0
2580	4.0
2581	3.0
2596	3.0
2598	3.0
2599	3.5
2605	2.5
2657	4.0
2671	3.0
2683	3.0
2692	4.0
2694	2.0
2696	3.0
2702	3.0
2706	3.5
2718	3.0
2759	3.5
2761	3.0
2762	3.0
2797	3.0
2798	2.5
2827	2.0
2858	3.5
2881	2.5
2908	4.0
2915	3.0
2918	3.0
2953	2.0
2959	4.5
2997	4.0
3005	3.0
3052	4.0
3067	4.0
3083	4.0
3089	3.5
3148	3.0
3160	3.0
3174	2.5
3176	3.5
3186	4.0
3210	3.0
3250	3.0
3255	3.0
3267	3.5
3409	3.0
3418	4.0
3477	3.5
3481	4.5
3489	3.0
3499	3.0
3510	3.0
3534	2.5
3535	3.0
3556	4.0
3594	3.0
3608	5.0
3668	3.0
3676	1.5
3677	3.0
3717	2.0
3744	2.5
3751	3.5
3752	2.0
3786	4.0
3788	4.0
3793	3.0
3825	4.0
3882	4.5
3893	2.5
3897	4.0
3910	4.0
3911	4.0
3916	3.0
3948	3.0
3949	4.0
3967	4.0
3969	3.0
3977	3.5
3983	4.0
3994	3.0
3996	3.5
3998	3.0
4008	3.0
4014	3.5
4015	3.0
4018	2.0
4019	3.5
4022	2.5
4025	2.5
4034	3.5
4054	3.0
4068	3.5
4069	2.5
4155	3.0
4205	3.0
4226	4.0
4235	3.5
4246	4.0
4248	3.5
4299	3.0
4308	3.0
4310	2.5
4356	3.0
4359	2.0
4367	3.0
4380	4.0
4447	3.5
4639	2.5
4641	3.5
4642	5.0
4649	3.0
4699	2.0
4700	3.0
4718	3.0
4720	2.0
4728	2.0
4732	3.5
4734	3.5
4741	4.0
4745	3.0
4748	2.5
4754	4.0
4816	2.5
4823	2.5
4848	5.0
4873	2.5
4878	4.5
4880	3.5
4886	3.5
4890	2.5
4896	3.0
4903	3.0
4914	4.0
4963	3.5
4973	5.0
4974	2.0
4975	3.0
4976	3.0
4979	3.5
4995	3.0
5010	3.5
5013	3.5
5014	3.0
5025	2.5
5066	3.5
5074	3.5
5102	3.0
5103	3.0
5106	2.5
5135	3.0
5139	3.0
5151	3.0
5222	3.0
5225	3.5
5266	2.5
5267	2.5
5291	2.5
5296	3.0
5349	3.0
5363	2.5
5377	3.5
5391	3.5
5418	3.5
5421	3.5
5445	3.0
5449	2.0
5450	3.5
5459	2.0
5481	2.0
5502	3.0
5505	3.0
5508	3.0
5577	4.0
5617	4.0
5620	2.0
5630	3.0
5666	3.0
5669	4.5
5673	3.0
5812	3.5
5816	2.5
5878	4.0
5890	4.0
5902	3.0
5942	3.0
5989	3.0
5991	3.5
5992	4.0
6006	1.0
6016	5.0
6155	3.0
6187	4.0
6188	3.0
6212	1.5
6218	3.5
6281	3.0
6286	3.0
6291	4.0
6296	4.0
6297	3.0
6331	3.0
6333	4.0
6338	2.0
6370	3.5
6373	2.5
6377	3.0
6378	3.0
6502	4.0
6503	3.0
6535	3.0
6538	3.5
6539	3.0
6548	3.0
6550	2.5
6552	4.0
6564	3.0
6586	2.5
6593	3.0
6595	2.0
6666	3.5
6708	3.5
6711	4.0
6765	3.0
6773	3.0
6863	4.0
6867	3.5
6874	4.5
6879	3.0
6881	3.5
6936	4.0
6942	4.0
6953	4.0
6954	3.0
6993	3.5
7034	4.0
7090	4.5
7116	3.5
7139	3.5
7147	3.5
7149	2.5
7150	2.0
7151	3.0
7154	3.0
7156	4.0
7158	4.0
7160	3.5
7161	2.0
7163	3.0
7173	2.5
7255	1.5
7263	3.0
7285	3.5
7293	2.5
7317	3.0
7323	4.0
7346	3.5
7361	5.0
7419	4.0
7438	5.0
7444	3.5
7445	2.5
7451	4.0
7458	2.5
7566	3.0
7934	3.0
8361	3.0
8366	4.0
8368	3.5
8376	4.0
8464	3.5
8507	4.0
8528	3.0
8529	2.5
8530	4.0
8531	2.5
8533	3.5
8622	4.0
8636	3.0
8638	4.5
8641	2.5
8643	2.5
8644	3.0
8645	4.0
8665	3.5
8781	3.5
8783	2.5
8784	3.5
8798	4.0
8807	3.0
8860	2.5
8865	3.5
8873	3.5
8907	2.0
8910	3.5
8948	2.5
8949	3.0
8950	3.5
8951	3.5
8958	3.0
8961	3.0
8966	3.0
8969	3.0
8970	3.0
8972	3.0
8973	3.0
8981	4.0
8983	3.0
8984	3.5
9010	4.0
25771	4.0
27611	4.5
27721	4.0
27727	3.5
27790	3.5
27803	3.5
27808	3.5
27815	4.0
27831	3.5
27846	3.5
27873	2.0
27878	3.5
27904	3.5
30707	3.5
30749	4.0
30793	4.0
30810	4.0
30812	3.0
30822	3.5
30825	2.5
30898	3.5
31420	3.0
31685	2.5
32587	4.0
32598	3.0
33004	2.5
33166	3.0
33171	4.0
33499	3.0
33615	3.5
33669	3.0
33679	3.5
33794	3.5
33836	2.0
33880	4.0
33903	4.5
34048	3.0
34072	3.5
34150	3.0
34153	4.0
34162	2.0
34338	2.0
34405	3.5
34528	4.0
34542	4.0
35836	2.5
36276	4.0
36517	4.0
36525	3.0
36527	3.0
36535	3.0
37240	4.0
37386	1.5
38038	3.0
38061	4.0
38798	3.5
38886	3.5
39183	4.5
39231	2.5
39292	3.5
39414	2.5
39444	2.5
40339	3.5
40581	3.0
40629	3.5
40819	3.5
40826	3.5
41285	4.0
41573	2.5
41716	3.0
42002	2.5
42004	4.0
42007	1.5
42011	2.0
44004	3.0
44191	5.0
44193	3.5
44195	3.0
44199	4.0
44204	4.0
44555	4.0
44694	4.5
44761	4.5
44788	4.0
45431	3.5
45447	3.0
45499	3.5
45517	3.0
45666	2.5
45668	3.0
45720	4.0
45722	3.0
45732	2.5
45928	3.5
45950	3.5
46530	3.0
46578	4.0
46723	4.0
46967	4.0
46970	1.0
46976	3.5
47099	3.0
47423	3.5
47610	4.0
47999	4.5
48043	3.5
48082	3.5
48385	3.0
48394	4.0
48516	3.5
48774	4.5
48780	4.0
48982	3.0
49274	4.0
49286	2.5
49530	4.0
49961	4.0
50685	4.0
50872	3.5
50912	4.0
51084	3.5
51255	3.5
51540	3.5
52241	3.5
52245	3.0
52328	3.5
52458	3.0
52722	2.5
52973	3.0
52975	3.0
53123	4.5
53125	3.0
53318	3.5
53322	3.0
53894	4.0
53956	3.0
53996	2.0
54259	3.5
54272	3.0
54281	3.5
54286	4.0
54503	3.5
54999	3.5
55052	2.5
55094	3.5
55118	3.5
55247	4.0
55267	3.0
55269	3.5
55276	3.5
55280	4.0
55290	4.0
55442	3.5
55768	2.5
55805	3.5
55820	3.5
56152	3.0
56367	4.0
56587	2.5
56715	3.5
56757	3.5
56775	2.5
56788	2.5
56921	3.5
56941	3.0
56949	2.0
57669	4.5
58047	3.0
58103	2.0
58162	3.0
58295	3.5
58299	3.0
58559	3.0
58998	3.0
59018	4.0
59022	2.0
59126	3.5
59315	3.0
59369	2.5
59387	4.0
59421	3.0
59784	2.5
60037	2.0
60040	2.5
60069	3.5
60072	3.5
60074	2.5
60126	3.0
60397	3.0
60766	3.0
60950	4.0
61024	3.0
61132	4.0
61240	4.0
61323	3.0
61729	3.0
62081	3.0
62155	2.5
62434	2.0
62511	4.0
62999	2.5
63072	3.0
63082	3.5
63131	3.0
63859	2.0
63876	4.0
63992	2.5
64034	3.0
64575	3.5
64622	4.0
64716	3.5
64839	3.0
64969	3.0
65130	3.5
66097	3.5
66203	2.5
66665	4.0
66934	3.0
67087	3.0
67267	4.0
67408	1.5
67734	4.0
68073	4.0
68135	2.5
68157	3.5
68159	3.5
68237	3.5
68358	3.0
68848	3.0
68954	4.0
69122	3.0
69306	2.5
69406	3.0
69481	3.5
69757	4.0
69784	3.5
70286	3.5
70293	3.0
70599	2.5
71033	3.5
71057	3.0
71156	3.0
71211	2.5
71264	2.5
71282	4.0
71464	3.5
71518	4.0
71520	2.5
71530	2.0
71535	3.5
71579	3.5
71745	4.0
71899	4.0
72011	4.0
72226	4.0
72378	2.0
72395	3.5
72407	2.0
72641	3.5
72720	4.0
72731	1.5
73266	3.0
73344	3.5
74458	4.0
74789	3.0
74795	3.5
76077	3.0
76251	4.0
76293	3.0
77455	4.0
77561	2.5
78039	3.5
78209	2.0
78499	3.5
78574	3.5
78772	2.0
79091	3.0
79132	4.5
79185	2.0
79242	3.5
79293	3.5
79357	3.5
79592	3.0
79702	2.5
80463	4.5
80489	3.5
80549	4.0
80906	3.0
80969	2.5
81229	2.5
81562	3.0
81591	3.5
81782	2.5
81788	3.0
81845	3.0
81847	3.0
81932	3.5
82461	1.5
84152	2.0
84374	2.5
84772	3.0
84954	2.5
85414	3.0
86190	3.5
86320	3.5
86332	1.5
86833	3.0
86882	3.5
87232	2.5
87306	3.0
87485	2.0
87869	2.0
88129	3.0
88140	2.0
88163	3.0
88405	2.5
89470	2.5
89492	4.0
89745	3.0
89774	4.0
89804	3.5
89864	3.0
90405	3.0
90866	3.5
91077	3.5
91500	3.0
91529	3.5
91535	2.5
92259	3.5
92420	3.0
93510	3.5
93840	2.5
94959	3.5
95088	4.0
95441	3.0
95510	3.0
96079	3.0
96610	3.5
96737	2.5
96821	2.5
97304	3.5
97306	2.5
97913	3.5
97921	4.0
97938	3.5
98961	3.0
99114	3.0
101864	3.0
102123	4.0
102125	3.0
102445	3.0
102903	3.5
103042	2.0
103141	3.0
103228	2.5
103249	3.5
103253	3.0
103335	2.5
103341	3.0
104374	3.5
104841	3.5
104879	3.5
104913	3.0
106072	2.0
106100	3.5
106487	3.5
106696	2.5
106782	3.0
106916	3.5
106918	4.0
106920	4.0
108932	3.5
109374	3.5
110102	3.5
111362	3.0
111759	3.5
112183	3.0
112290	4.0
112556	3.5
112852	2.0
116797	3.5
