32	4.0
47	4.0
50	4.5
69	2.0
70	5.0
110	4.5
180	5.0
188	4.0
196	4.0
223	4.5
247	4.5
253	4.0
260	5.0
296	3.0
316	4.0
329	4.0
357	2.0
366	4.0
541	4.0
551	4.5
555	4.0
565	0.5
593	4.5
597	0.5
611	4.0
663	1.5
671	5.0
708	4.0
799	4.0
829	4.0
858	4.0
891	4.0
924	2.0
968	3.5
1079	4.0
1080	4.5
1089	5.0
1093	4.0
1128	3.5
1130	1.0
1136	5.0
1196	5.0
1197	4.5
1198	5.0
1199	3.0
1200	4.0
1206	4.5
1210	5.0
1214	4.0
1215	4.5
1219	5.0
1222	3.5
1241	5.0
1255	3.0
1257	4.5
1258	1.0
1261	5.0
1278	4.0
1285	4.5
1288	3.0
1291	5.0
1298	4.0
1320	4.0
1321	4.5
1327	2.5
1330	4.5
1339	4.0
1347	4.5
1348	3.0
1350	3.5
1356	3.5
1371	0.5
1372	1.0
1373	1.0
1374	3.0
1375	3.0
1376	4.0
1407	4.0
1416	4.0
1425	1.0
1441	4.5
1457	2.0
1464	4.0
1527	4.0
1584	4.0
1587	2.0
1623	4.0
1639	5.0
1641	4.0
1644	2.0
1682	4.5
1690	4.5
1707	2.0
1717	4.5
1721	3.0
1729	2.0
1748	4.0
1799	4.0
1862	4.0
1895	4.5
1921	1.5
1923	4.0
1968	5.0
1969	2.5
1970	4.0
1971	4.0
1972	3.5
1973	4.0
1974	1.5
1975	3.0
1976	3.0
1977	3.5
1978	4.0
1979	3.5
1980	3.5
1981	3.0
1982	2.0
1983	2.0
1984	0.5
1985	4.0
1986	3.5
1994	4.0
1997	3.5
2005	5.0
2076	4.0
2093	5.0
2107	2.0
2115	4.0
2116	3.0
2119	1.0
2125	4.0
2134	4.5
2145	4.0
2159	4.0
2160	4.0
2167	4.0
2273	4.0
2279	3.5
2288	4.0
2301	4.5
2315	4.0
2321	4.5
2324	5.0
2325	5.0
2338	2.0
2387	0.5
2396	1.0
2459	2.0
2460	4.0
2513	4.5
2528	4.5
2548	0.5
2550	3.5
2554	0.5
2571	4.5
2580	4.0
2596	3.5
2600	4.0
2617	3.0
2628	4.5
2633	2.0
2642	0.5
2648	0.5
2657	4.5
2692	3.5
2700	5.0
2706	4.0
2710	4.0
2719	4.0
2723	4.0
2729	2.5
2739	4.0
2788	4.5
2789	2.5
2791	4.5
2804	3.0
2858	5.0
2872	4.0
2901	4.5
2918	5.0
2959	4.5
3018	4.5
3052	4.5
3081	4.0
3082	2.0
3113	3.0
3173	2.0
3273	3.5
3300	4.0
3327	4.0
3363	1.0
3476	4.0
3481	4.0
3535	4.0
3578	4.5
3660	4.5
3671	4.5
3693	5.0
3785	2.5
3863	4.0
3889	1.5
3897	5.0
3908	4.0
3917	5.0
3918	3.0
3919	4.0
3949	4.5
3973	4.0
4015	4.0
4036	4.0
4102	4.0
4105	4.0
4128	4.0
4143	1.0
4148	5.0
4210	2.5
4226	4.5
4270	4.5
4388	0.5
4437	4.0
4533	4.0
4642	5.0
4701	4.0
4718	4.5
4720	3.0
4725	4.0
4734	4.5
4735	2.0
4744	0.5
4754	4.0
4865	4.5
4876	2.0
4878	5.0
4896	4.5
4963	4.5
4973	5.0
4979	3.0
4980	4.5
4993	5.0
4995	2.5
5040	1.0
5065	4.0
5110	3.5
5128	3.5
5171	3.0
5219	4.5
5225	4.0
5254	4.0
5323	4.5
5349	4.5
5378	4.5
5418	5.0
5445	4.0
5617	5.0
5618	4.0
5630	4.0
5666	5.0
5669	4.0
5679	4.5
5784	2.5
5785	5.0
5810	2.0
5816	4.5
5902	5.0
5952	5.0
6006	2.0
6058	5.0
6104	4.5
6187	5.0
6242	4.0
6250	4.0
6290	4.0
6323	4.0
6365	2.0
6377	4.0
6502	3.5
6534	4.5
6537	4.5
6539	4.5
6586	3.5
6615	4.5
6645	4.0
6731	4.5
6754	4.0
6755	3.5
6807	5.0
6820	4.5
6874	4.0
6880	4.0
6888	4.5
7001	4.0
7022	3.5
7046	4.0
7147	5.0
7153	5.0
7347	4.0
7360	4.0
7361	4.5
7373	3.0
7387	5.0
7438	3.5
7454	3.5
7649	4.0
7841	4.0
7842	4.0
8368	4.5
8371	4.5
8464	4.0
8528	4.0
8636	4.0
8644	4.0
8807	4.0
8810	4.0
8827	4.0
8861	4.5
8874	4.5
8917	4.5
8947	4.5
8950	2.0
8957	5.0
8966	4.5
8970	5.0
8972	4.0
8977	0.5
8985	4.0
26680	4.0
27317	4.0
27706	4.0
27772	3.0
27788	4.0
27839	4.0
27904	4.0
30793	4.0
31696	3.0
31804	4.0
32587	5.0
33004	4.0
33085	3.5
33166	4.5
33437	3.5
33493	5.0
33794	4.5
33834	4.5
34150	4.0
34162	4.0
34323	5.0
34405	4.5
35836	4.5
36401	3.5
36708	4.5
37386	4.0
37720	3.5
37729	4.0
37830	4.0
37857	4.0
39446	4.5
40732	4.5
40815	4.5
41566	4.5
41569	4.5
42723	4.0
42725	4.5
42738	4.0
43679	4.5
44191	5.0
44397	4.0
44788	5.0
44828	4.0
44972	4.0
45081	4.5
45447	4.5
45499	4.0
45722	4.5
45728	5.0
46530	3.5
46578	4.0
46965	4.0
46972	4.0
46976	4.5
47997	4.0
47999	5.0
48142	2.0
48322	5.0
48394	5.0
48516	4.5
48774	3.5
48780	4.0
48877	4.5
49272	5.0
50804	4.5
50872	4.5
51077	4.0
51255	5.0
51540	4.5
51662	4.5
52245	4.5
52281	5.0
52973	4.0
53121	4.0
53125	5.0
53464	3.5
53519	5.0
53894	4.0
53953	4.0
53996	4.5
54001	4.5
54190	5.0
54259	5.0
54272	4.0
54286	4.5
54503	4.5
54648	4.0
54995	5.0
55232	4.5
55280	4.5
55282	4.0
55577	4.5
55995	4.5
56145	5.0
56152	5.0
56171	5.0
56174	4.0
56339	4.0
56367	4.5
56757	4.0
56775	4.0
56801	2.5
57640	4.5
58105	4.0
58559	5.0
59022	4.5
59315	4.5
59615	4.5
59725	4.5
60037	2.0
60040	5.0
60069	5.0
60072	5.0
60074	4.5
60126	4.5
60937	4.0
61132	4.0
66934	5.0
