1	4.5
6	4.0
7	3.0
10	3.0
16	4.0
21	2.0
24	2.0
25	3.0
29	3.0
32	5.0
34	3.5
39	3.5
45	3.5
47	4.0
50	4.0
65	2.5
95	2.0
100	2.5
101	3.0
104	3.5
110	4.0
111	3.0
141	3.0
150	4.0
153	3.0
158	1.5
160	1.0
161	3.5
163	3.5
165	3.0
173	1.5
180	3.0
185	1.0
193	3.0
196	3.0
198	3.5
208	3.0
215	5.0
216	3.5
223	4.0
231	3.5
235	3.5
252	2.0
253	3.5
260	4.5
288	2.5
290	3.0
292	3.0
293	3.5
296	4.0
300	4.0
316	3.5
318	5.0
319	4.0
329	3.0
334	1.0
337	3.5
344	3.0
349	3.0
355	1.5
356	3.0
357	3.0
364	3.5
367	3.5
377	3.0
380	3.5
413	3.0
428	3.5
431	3.5
434	2.0
435	0.5
441	4.0
442	2.0
454	3.0
457	3.0
466	1.0
471	3.5
480	4.0
490	3.0
500	2.0
508	2.5
509	3.0
524	2.0
527	4.0
537	3.0
539	2.5
541	3.5
546	1.5
551	4.0
552	3.5
555	3.5
586	3.5
587	3.0
588	3.0
589	4.0
590	2.0
592	3.0
593	3.5
595	3.0
596	3.5
597	2.0
608	4.5
610	3.0
628	3.5
639	2.5
648	3.0
674	3.5
733	4.0
736	3.0
750	4.0
778	4.5
780	3.0
784	3.0
785	3.5
788	1.5
832	1.5
858	4.5
866	3.5
903	3.5
904	4.0
908	3.5
909	3.5
912	3.5
919	4.5
922	3.5
923	4.0
924	3.5
953	2.0
968	4.0
994	3.5
1020	3.0
1029	3.5
1032	3.5
1036	3.0
1042	3.5
1059	3.5
1060	4.0
1061	3.5
1073	4.0
1079	3.5
1080	4.0
1089	4.0
1090	3.5
1092	3.5
1095	3.0
1097	4.5
1100	2.0
1101	4.0
1120	3.5
1127	4.0
1136	3.5
1171	2.5
1173	3.0
1175	3.0
1193	3.0
1196	5.0
1197	4.5
1198	4.0
1199	1.5
1200	3.0
1204	4.0
1206	4.5
1208	4.0
1210	4.0
1212	4.0
1213	4.0
1214	3.5
1215	3.5
1219	4.0
1220	3.0
1221	5.0
1222	4.5
1228	3.0
1230	4.0
1233	4.0
1234	3.5
1240	3.5
1241	3.0
1242	3.5
1245	3.0
1246	3.0
1247	3.5
1252	4.0
1257	4.0
1258	4.5
1259	4.0
1261	3.0
1262	4.0
1263	4.0
1265	5.0
1266	3.5
1270	4.5
1271	2.5
1272	4.0
1274	3.0
1276	3.0
1282	3.5
1284	4.0
1288	4.0
1291	3.5
1292	3.5
1293	3.0
1301	2.5
1304	3.0
1307	3.0
1348	3.0
1356	3.0
1358	3.0
1370	3.0
1371	3.0
1372	3.0
1373	2.5
1374	3.0
1375	3.0
1376	3.0
1378	3.0
1387	4.0
1391	2.5
1393	3.5
1394	3.0
1396	4.0
1407	3.5
1408	3.0
1464	3.0
1466	3.5
1476	3.0
1479	3.5
1483	3.0
1498	2.0
1500	3.5
1517	3.5
1527	4.5
1544	3.0
1552	3.5
1580	3.0
1584	3.5
1590	3.5
1591	2.0
1594	3.0
1608	3.0
1610	4.0
1617	4.0
1625	3.5
1639	4.0
1645	4.0
1653	4.5
1663	3.5
1672	3.0
1673	4.5
1676	4.5
1682	4.0
1687	3.0
1690	3.0
1704	4.5
1711	1.0
1721	3.5
1726	3.0
1729	3.5
1732	5.0
1747	2.5
1748	4.5
1777	3.5
1784	3.0
1821	2.5
1831	3.0
1845	4.0
1876	3.0
1882	1.0
1884	3.0
1909	3.0
1917	4.0
1921	4.0
1923	3.5
1952	3.5
1953	4.0
1954	3.0
1961	3.0
1968	3.5
1982	2.0
2000	3.0
2002	3.0
2005	5.0
2010	4.0
2011	4.0
2012	3.5
2018	3.5
2028	4.0
2046	3.5
2053	2.0
2054	2.5
2059	3.0
2064	3.5
2071	1.0
2076	3.0
2094	4.0
2105	3.0
2115	4.0
2134	3.0
2140	3.0
2144	3.0
2160	4.5
2161	4.0
2171	3.0
2174	3.5
2193	3.5
2194	3.5
2208	3.5
2231	4.5
2232	3.5
2248	4.0
2259	3.0
2261	3.5
2268	3.0
2288	5.0
2291	3.0
2316	2.0
2318	3.5
2321	4.5
2324	2.5
2329	5.0
2335	2.0
2338	2.0
2340	2.0
2353	3.0
2355	3.0
2359	4.0
2375	3.0
2389	2.0
2391	3.5
2393	3.0
2395	3.0
2396	2.0
2407	3.0
2423	4.5
2424	2.5
2427	1.0
2428	3.0
2431	2.5
2467	3.5
2474	3.0
2501	3.0
2502	5.0
2504	3.0
2529	3.5
2542	4.0
2567	2.5
2571	4.0
2579	3.5
2580	4.0
2598	3.0
2599	2.5
2600	3.5
2628	0.5
2640	3.5
2641	3.0
2642	2.5
2672	3.0
2683	3.0
2692	4.0
2694	3.0
2700	4.0
2701	2.0
2706	3.5
2712	4.5
2716	4.5
2717	3.5
2730	3.0
2761	4.0
2762	3.5
2791	2.5
2795	3.0
2797	4.0
2804	4.0
2858	4.0
2862	3.0
2863	2.5
2912	3.5
2915	3.5
2916	3.0
2918	4.0
2947	3.0
2959	5.0
2968	2.0
2985	2.5
2986	2.0
2987	3.5
2997	0.5
3006	2.5
3033	4.0
3039	4.0
3052	3.5
3089	3.0
3098	3.5
3107	3.5
3114	4.0
3147	3.0
3148	3.0
3152	3.5
3156	2.0
3160	3.0
3168	3.5
3175	5.0
3176	0.5
3178	3.0
3203	4.0
3210	3.5
3252	3.0
3253	3.5
3254	3.0
3255	4.0
3256	3.0
3259	3.0
3261	3.0
3263	3.5
3274	3.0
3275	3.5
3317	2.5
3328	2.5
3354	2.0
3361	3.0
3362	4.0
3386	2.5
3387	3.0
3418	3.0
3421	4.0
3438	2.0
3441	3.5
3468	3.0
3471	3.5
3481	3.5
3499	3.5
3527	3.0
3536	3.0
3552	4.5
3556	3.0
3578	1.5
3593	1.0
3623	2.5
3671	3.0
3683	3.5
3686	3.0
3703	2.5
3730	4.0
3735	4.0
3745	2.5
3751	2.0
3783	3.0
3793	3.5
3798	2.5
3825	2.5
3826	2.0
3897	5.0
3911	3.0
3948	2.0
3949	4.0
3967	3.0
3977	2.0
3978	3.0
3979	2.0
3988	2.0
3992	3.0
3994	4.0
3996	2.0
4002	4.0
4007	3.5
4008	3.0
4010	3.0
4011	4.0
4022	3.0
4027	4.0
4029	3.5
4031	0.5
4034	2.0
4085	4.0
4105	3.0
4121	3.0
4149	2.0
4161	1.5
4226	3.5
4239	3.0
4246	2.0
4262	4.5
4306	4.0
4308	4.0
4310	1.0
4322	3.0
4326	3.0
4343	3.0
4370	3.5
4378	3.0
4380	3.0
4450	3.5
4487	3.0
4489	3.5
4509	3.5
4545	3.0
4571	3.0
4587	2.5
4623	3.5
4638	3.0
4641	3.0
4642	3.0
4643	2.0
4649	1.5
4677	2.5
4679	3.5
4720	4.0
4734	2.5
4775	1.5
4776	4.0
4812	4.0
4816	4.0
4823	3.0
4848	2.0
4873	0.5
4874	3.0
4878	3.5
4880	2.0
4881	3.0
4886	4.0
4887	2.5
4896	3.0
4963	3.0
4973	4.5
4975	3.5
4979	3.5
4980	3.0
4993	4.0
4995	1.5
5010	3.5
5013	3.0
5015	3.0
5025	1.0
5026	2.0
5049	3.0
5074	3.5
5094	2.0
5103	3.5
5106	1.5
5135	2.0
5219	2.5
5225	4.0
5237	3.0
5265	3.0
5283	3.5
5294	4.0
5329	4.0
5349	3.0
5377	4.0
5418	3.5
5421	3.0
5445	4.0
5449	3.0
5459	3.0
5464	2.0
5477	3.5
5479	2.5
5502	2.5
5508	3.5
5523	0.5
5530	1.5
5541	2.5
5617	3.0
5630	2.0
5669	4.5
5673	4.0
5782	4.0
5791	2.5
5816	3.0
5876	3.5
5878	3.0
5879	2.5
5881	4.0
5902	5.0
5903	3.0
5944	3.0
5945	2.0
5952	4.0
5954	2.5
5989	3.0
5991	4.5
5992	3.0
5995	3.0
6003	3.5
6016	3.0
6157	2.5
6187	3.5
6188	3.5
6213	3.0
6214	4.0
6218	4.0
6223	3.0
6250	1.5
6283	3.0
6287	2.5
6294	1.0
6296	3.0
6297	3.0
6299	3.0
6322	3.5
6323	2.5
6331	3.5
6333	3.0
6365	1.5
6377	3.5
6378	4.0
6383	3.5
6385	3.0
6440	3.5
6484	0.5
6502	4.0
6534	2.0
6538	3.5
6539	3.0
6541	2.0
6586	3.5
6587	2.0
6591	3.0
6593	3.0
6595	0.5
6617	2.5
6620	3.5
6659	2.0
6708	3.0
6711	4.5
6731	3.0
6754	4.0
6774	3.0
6796	4.0
6807	3.0
6863	3.5
6867	4.0
6870	2.5
6873	3.0
6874	4.0
6879	3.0
6881	2.5
6888	2.0
6893	4.0
6932	2.0
6934	1.0
6942	4.0
6953	0.5
6954	3.0
7001	3.5
7022	3.5
7101	3.5
7102	3.0
7137	3.0
7139	3.0
7143	2.5
7147	4.0
7150	3.0
7153	4.0
7158	2.5
7160	3.0
7162	2.5
7163	2.0
7173	2.5
7228	3.0
7263	3.0
7265	4.0
7293	3.0
7317	3.5
7318	1.0
7323	3.5
7360	3.5
7361	4.0
7367	2.0
7371	0.5
7438	3.0
7445	3.5
7451	4.0
7454	3.0
7458	2.5
7460	3.0
7502	3.5
7649	2.0
8042	2.5
8169	3.0
8340	3.5
8360	3.0
8368	4.0
8371	3.0
8372	0.5
8373	2.5
8464	2.0
8528	3.0
8529	2.5
8533	3.0
8622	3.0
8636	3.0
8638	4.5
8640	2.0
8641	4.0
8644	3.0
8665	3.5
8784	2.0
8798	2.0
8861	2.0
8865	2.0
8873	2.0
8874	5.0
8910	2.0
8914	4.0
8949	2.5
8950	3.0
8961	4.0
8965	3.5
8970	3.0
8972	2.0
8984	3.0
8985	2.5
27611	5.0
27773	3.0
27788	2.5
27790	3.0
27808	2.5
27821	2.5
27831	3.5
27904	3.0
30707	3.0
30749	3.0
30810	3.0
30812	3.0
30894	3.0
31410	3.0
31696	3.0
31804	3.5
31878	4.0
32587	3.5
32596	2.0
33004	3.0
33162	3.0
33166	0.5
33679	2.0
33794	3.5
33836	2.0
34048	2.5
34150	2.5
34162	3.5
34405	4.0
34437	3.0
35836	4.0
35957	4.0
36401	2.5
36529	3.0
36535	3.0
37384	3.5
37386	1.0
37729	3.0
37733	3.0
37857	3.0
38061	4.5
38886	3.0
39183	3.0
39292	3.0
40581	3.0
40583	2.5
40815	3.5
40819	3.0
41566	3.5
41569	2.0
41863	3.0
41997	3.0
42725	2.0
42738	3.5
43928	2.0
44191	3.5
44195	4.0
44199	3.5
44665	2.5
44761	4.5
44788	3.0
44828	3.0
44974	3.5
45186	2.5
45447	3.0
45499	3.0
45666	2.0
45672	2.0
45726	2.0
45728	4.0
46530	2.5
46578	3.0
46723	2.0
46970	3.0
46976	4.0
47610	3.5
48043	3.0
48082	2.0
48304	2.0
48385	4.0
48394	4.0
48516	4.0
48696	3.0
48738	3.5
48774	4.0
48780	4.5
48997	3.5
49272	3.0
49396	3.0
49530	3.0
49822	3.0
49932	2.0
50794	3.0
50872	3.5
51255	4.5
51540	3.0
51575	2.0
51662	2.0
51931	2.5
52281	3.0
52328	4.5
52722	2.5
52973	3.5
53000	3.0
53129	3.0
53318	3.5
53322	3.0
53464	2.0
53550	2.5
53894	3.0
53953	2.0
53996	2.0
54001	3.5
54004	3.0
54190	0.5
54259	3.5
54286	3.0
54503	3.5
54736	2.0
54995	3.0
54997	3.0
54999	3.0
55118	3.0
55247	2.0
55276	3.0
55290	4.0
55363	1.0
55765	2.5
55805	3.0
55820	3.0
55830	3.0
55908	4.0
56145	3.5
56171	3.0
56174	2.5
56367	4.0
56715	4.0
56782	3.0
56788	3.5
56805	3.0
56921	3.5
57368	2.5
57640	2.5
57669	2.0
58025	2.0
58047	3.5
58559	4.0
58998	3.5
59126	2.0
59315	3.0
59387	3.5
59615	2.5
59784	3.5
59900	3.0
60040	3.0
60069	4.0
60684	3.5
60756	3.5
60760	2.0
60950	2.0
61024	3.0
61132	3.5
61160	2.0
61240	3.5
61323	2.5
62376	3.0
62434	3.5
62511	1.0
63082	1.5
63131	3.5
64575	3.5
64614	3.5
64839	3.0
64957	3.0
65088	2.0
66097	3.5
66171	3.0
66509	3.5
66934	4.0
67087	3.5
67197	3.0
67734	3.0
68157	4.0
68237	3.5
68358	4.0
68791	3.0
68954	3.5
69122	3.5
69406	3.0
69526	2.0
69757	2.5
69844	3.5
70286	3.5
70336	2.5
70599	3.5
71057	3.0
71135	2.5
71264	2.5
71464	3.0
71518	3.5
71520	2.0
71530	3.0
71535	4.0
72011	3.0
72226	2.0
72378	2.5
72998	3.0
73017	3.0
74458	2.5
76077	3.5
76093	3.0
76251	3.5
77561	3.0
77658	5.0
78499	4.5
79132	3.5
79702	4.0
80463	3.5
80489	3.5
80549	3.5
81564	3.0
81845	3.5
82459	3.5
82461	3.0
83349	2.5
83613	3.0
84392	3.0
84772	3.0
84954	3.5
85414	3.5
87232	3.5
87306	3.0
87430	2.0
87520	2.0
88125	3.5
88140	3.0
89492	3.5
