1	5.0
2	3.0
6	4.0
7	2.0
11	2.0
16	2.0
17	4.0
21	4.0
25	5.0
28	5.0
32	4.0
34	5.0
36	5.0
39	5.0
45	3.0
46	3.0
47	1.0
50	5.0
70	3.0
94	3.0
95	3.0
111	5.0
112	4.0
125	4.0
150	4.0
153	1.0
156	2.0
159	4.0
162	5.0
163	3.0
164	3.0
165	2.0
176	4.0
190	4.0
194	4.0
198	3.0
199	5.0
215	4.0
223	3.0
224	3.0
231	4.0
233	3.0
235	5.0
246	5.0
247	5.0
249	3.0
252	3.0
253	2.0
259	3.0
260	5.0
262	4.0
265	3.0
266	3.0
272	3.0
281	4.0
288	2.0
290	1.0
296	5.0
300	5.0
307	5.0
314	4.0
315	1.0
317	2.0
318	5.0
319	2.0
327	2.0
334	5.0
337	3.0
348	4.0
349	3.0
350	3.0
353	2.0
356	1.0
357	4.0
364	2.0
366	3.0
367	4.0
368	1.0
369	2.0
373	4.0
377	4.0
380	2.0
382	2.0
390	5.0
412	3.0
417	4.0
422	3.0
424	3.0
425	3.0
428	3.0
431	4.0
440	3.0
441	4.0
442	1.0
446	4.0
448	4.0
451	3.0
454	3.0
457	5.0
458	3.0
464	3.0
466	3.0
471	1.0
474	5.0
475	5.0
477	3.0
480	3.0
482	2.0
485	3.0
490	1.0
492	4.0
493	3.0
494	3.0
497	3.0
501	3.0
507	3.0
508	4.0
509	2.0
515	4.0
517	3.0
520	3.0
521	1.0
527	4.0
529	3.0
532	4.0
533	2.0
534	2.0
535	4.0
539	2.0
541	4.0
543	3.0
549	4.0
551	3.0
553	4.0
555	4.0
556	5.0
562	1.0
574	4.0
586	1.0
587	1.0
588	5.0
589	3.0
590	2.0
592	4.0
593	3.0
594	3.0
595	4.0
596	5.0
597	2.0
599	5.0
608	5.0
610	2.0
639	4.0
647	3.0
648	4.0
661	4.0
673	2.0
714	3.0
736	2.0
750	5.0
778	3.0
780	3.0
799	3.0
800	2.0
830	2.0
833	3.0
852	4.0
858	5.0
898	4.0
899	5.0
900	3.0
902	4.0
903	5.0
904	5.0
905	5.0
906	3.0
908	5.0
909	4.0
910	4.0
911	4.0
912	5.0
913	5.0
914	2.0
916	5.0
917	4.0
919	5.0
920	3.0
921	3.0
922	5.0
923	5.0
924	3.0
926	5.0
928	4.0
929	4.0
930	5.0
931	3.0
933	4.0
934	4.0
940	5.0
942	4.0
945	5.0
947	5.0
949	3.0
950	5.0
951	5.0
954	3.0
955	5.0
965	5.0
968	4.0
969	5.0
986	5.0
994	4.0
1007	2.0
1010	3.0
1013	2.0
1016	3.0
1022	4.0
1027	1.0
1028	2.0
1029	5.0
1030	3.0
1033	2.0
1035	1.0
1036	4.0
1041	5.0
1042	2.0
1051	1.0
1057	4.0
1059	2.0
1060	4.0
1069	3.0
1073	3.0
1077	4.0
1078	4.0
1079	4.0
1080	5.0
1081	2.0
1082	3.0
1084	5.0
1086	3.0
1088	3.0
1089	4.0
1090	2.0
1091	1.0
1092	1.0
1093	1.0
1094	4.0
1095	4.0
1097	5.0
1100	2.0
1101	1.0
1103	3.0
1104	5.0
1120	4.0
1124	2.0
1125	2.0
1127	2.0
1129	4.0
1130	3.0
1136	4.0
1148	4.0
1171	5.0
1172	2.0
1173	2.0
1176	4.0
1179	4.0
1183	4.0
1185	5.0
1186	4.0
1189	5.0
1193	4.0
1196	5.0
1197	3.0
1198	5.0
1199	4.0
1200	3.0
1201	4.0
1203	3.0
1204	3.0
1206	2.0
1207	3.0
1208	4.0
1210	3.0
1211	5.0
1212	5.0
1213	5.0
1214	3.0
1215	4.0
1217	5.0
1218	5.0
1219	4.0
1220	4.0
1221	5.0
1222	3.0
1224	5.0
1225	3.0
1227	4.0
1228	5.0
1230	5.0
1231	5.0
1234	3.0
1235	4.0
1236	4.0
1237	3.0
1238	5.0
1240	5.0
1242	3.0
1244	4.0
1245	2.0
1246	3.0
1247	5.0
1248	5.0
1249	1.0
1250	3.0
1251	3.0
1252	5.0
1253	4.0
1254	5.0
1256	5.0
1257	3.0
1258	3.0
1259	3.0
1260	5.0
1261	5.0
1263	3.0
1265	4.0
1266	5.0
1267	5.0
1269	3.0
1270	4.0
1271	3.0
1272	3.0
1273	3.0
1277	3.0
1278	5.0
1279	3.0
1282	3.0
1283	4.0
1284	5.0
1285	5.0
1288	5.0
1290	2.0
1291	3.0
1293	3.0
1295	5.0
1297	4.0
1302	4.0
1307	2.0
1320	2.0
1321	4.0
1333	5.0
1339	3.0
1340	5.0
1343	2.0
1344	4.0
1345	5.0
1347	3.0
1350	1.0
1357	3.0
1358	2.0
1370	3.0
1371	2.0
1373	1.0
1376	3.0
1377	5.0
1380	2.0
1381	1.0
1385	3.0
1387	4.0
1388	2.0
1391	2.0
1393	4.0
1394	5.0
1395	3.0
1396	3.0
1405	5.0
1407	3.0
1408	4.0
1411	3.0
1414	4.0
1416	2.0
1441	3.0
1449	3.0
1474	1.0
1479	1.0
1485	4.0
1500	4.0
1515	2.0
1517	3.0
1518	4.0
1527	1.0
1537	5.0
1544	4.0
1556	1.0
1562	1.0
1569	4.0
1573	5.0
1580	4.0
1589	3.0
1603	5.0
1610	3.0
1617	3.0
1635	4.0
1639	1.0
1641	4.0
1663	3.0
1673	4.0
1674	4.0
1682	3.0
1689	2.0
1694	5.0
1699	4.0
1704	2.0
1713	3.0
1717	3.0
1721	4.0
1729	3.0
1732	4.0
1735	2.0
1747	5.0
1760	2.0
1777	1.0
1784	2.0
1794	4.0
1810	3.0
1821	3.0
1835	2.0
1836	4.0
1840	3.0
1845	3.0
1883	4.0
1885	5.0
1895	3.0
1909	3.0
1912	5.0
1920	3.0
1923	5.0
1924	5.0
1938	2.0
1939	2.0
1942	3.0
1944	3.0
1945	3.0
1946	4.0
1947	3.0
1948	5.0
1949	4.0
1951	2.0
1952	3.0
1953	3.0
1954	3.0
1955	2.0
1956	2.0
1957	2.0
1958	1.0
1960	3.0
1961	3.0
1962	3.0
1963	5.0
1965	5.0
1966	4.0
1967	3.0
1968	3.0
1969	2.0
1970	2.0
1971	3.0
1972	2.0
1973	2.0
1974	1.0
1982	4.0
1983	1.0
1991	3.0
1994	3.0
1995	2.0
1997	2.0
2000	2.0
2001	2.0
2002	1.0
2003	3.0
2004	5.0
2010	5.0
2011	4.0
2012	3.0
2014	2.0
2015	2.0
2020	5.0
2022	4.0
2023	3.0
2028	4.0
2054	3.0
2059	1.0
2064	3.0
2065	5.0
2076	5.0
2078	3.0
2081	4.0
2087	4.0
2088	3.0
2094	3.0
2095	2.0
2099	1.0
2100	4.0
2105	2.0
2108	5.0
2109	5.0
2110	4.0
2111	3.0
2112	2.0
2115	5.0
2118	4.0
2126	3.0
2130	5.0
2132	4.0
2133	2.0
2134	2.0
2139	2.0
2140	3.0
2143	2.0
2144	4.0
2145	3.0
2146	1.0
2150	4.0
2153	1.0
2155	4.0
2159	3.0
2160	3.0
2163	3.0
2174	5.0
2176	3.0
2178	2.0
2181	2.0
2182	3.0
2183	3.0
2184	3.0
2186	5.0
2193	1.0
2194	4.0
2203	4.0
2206	4.0
2208	5.0
2241	1.0
2243	3.0
2245	3.0
2247	4.0
2248	4.0
2249	2.0
2252	2.0
2253	2.0
2259	2.0
2261	2.0
2262	3.0
2268	1.0
2282	3.0
2288	3.0
2289	5.0
2290	1.0
2291	3.0
2300	4.0
2301	5.0
2302	3.0
2303	5.0
2311	2.0
2312	3.0
2313	4.0
2324	4.0
2327	1.0
2333	5.0
2348	3.0
2352	2.0
2353	3.0
2355	4.0
2359	3.0
2361	4.0
2366	4.0
2371	4.0
2372	2.0
2374	2.0
2375	2.0
2376	2.0
2378	1.0
2379	1.0
2380	1.0
2391	3.0
2393	3.0
2395	5.0
2396	3.0
2398	3.0
2402	1.0
2405	2.0
2406	3.0
2407	2.0
2409	2.0
2410	2.0
2411	1.0
2413	2.0
2414	2.0
2416	2.0
2418	2.0
2423	2.0
2433	3.0
2450	1.0
2454	4.0
2455	5.0
2457	3.0
2459	3.0
2463	4.0
2467	3.0
2468	1.0
2469	2.0
2470	2.0
2473	1.0
2474	2.0
2478	3.0
2488	3.0
2496	2.0
2502	4.0
2511	4.0
2513	1.0
2517	2.0
2518	3.0
2540	1.0
2551	4.0
2570	4.0
2571	4.0
2580	4.0
2583	4.0
2599	5.0
2605	1.0
2616	4.0
2628	3.0
2639	1.0
2640	4.0
2641	4.0
2642	1.0
2643	2.0
2644	4.0
2657	4.0
2660	4.0
2664	5.0
2683	3.0
2699	3.0
2700	4.0
2710	2.0
2712	2.0
2716	2.0
2717	3.0
2719	1.0
2729	5.0
2731	4.0
2732	5.0
2735	1.0
2736	2.0
2739	2.0
2746	3.0
2747	3.0
2750	4.0
2759	4.0
2762	4.0
2763	4.0
2770	3.0
2779	3.0
2788	4.0
2791	5.0
2792	2.0
2794	2.0
2795	3.0
2796	3.0
2797	4.0
2802	3.0
2803	2.0
2804	4.0
2819	3.0
2829	2.0
2857	3.0
2858	3.0
2859	5.0
2863	5.0
2867	3.0
2871	5.0
2877	3.0
2890	5.0
2898	3.0
2900	3.0
2902	2.0
2908	2.0
2912	4.0
2915	3.0
2916	2.0
2917	3.0
2918	4.0
2919	4.0
2925	5.0
2926	5.0
2932	2.0
2935	5.0
2936	5.0
2937	5.0
2941	2.0
2942	2.0
2947	4.0
2948	3.0
2949	3.0
2951	4.0
2959	4.0
2968	4.0
2971	3.0
2973	4.0
2985	3.0
2987	4.0
2988	5.0
2990	2.0
2991	3.0
2993	3.0
2997	4.0
3011	4.0
3016	3.0
3018	5.0
3019	5.0
3020	2.0
3022	5.0
3033	3.0
3039	3.0
3044	4.0
3045	2.0
3060	4.0
3067	5.0
3070	3.0
3072	5.0
3074	3.0
3081	4.0
3087	3.0
3088	3.0
3089	4.0
3097	5.0
3098	4.0
3099	5.0
3101	2.0
3102	1.0
3104	4.0
3105	2.0
3107	2.0
3108	3.0
3114	5.0
3134	5.0
3142	2.0
3145	4.0
3148	3.0
3152	3.0
3160	1.0
3167	2.0
3168	2.0
3174	2.0
3194	2.0
3200	4.0
3201	4.0
3203	3.0
3210	4.0
3219	2.0
3244	2.0
3246	4.0
3249	2.0
3250	2.0
3256	4.0
3260	3.0
3261	3.0
3263	3.0
3264	2.0
3265	5.0
3267	3.0
3308	3.0
3310	5.0
3326	3.0
3330	4.0
3341	3.0
3342	3.0
3358	3.0
3359	4.0
3360	4.0
3361	5.0
3362	5.0
3363	3.0
3365	5.0
3384	4.0
3386	1.0
3392	1.0
3394	2.0
3396	5.0
3397	3.0
3398	3.0
3418	5.0
3421	4.0
3422	5.0
3424	5.0
3426	3.0
3430	1.0
3435	5.0
3438	2.0
3448	3.0
3462	5.0
3471	5.0
3475	4.0
3476	3.0
3478	3.0
3480	3.0
3481	4.0
3489	2.0
3498	2.0
3499	2.0
3504	2.0
3505	4.0
3521	4.0
3525	3.0
3526	2.0
3527	3.0
3528	1.0
3535	2.0
3543	5.0
3545	5.0
3546	3.0
3548	2.0
3550	3.0
3551	3.0
3552	2.0
3591	3.0
3608	5.0
3614	4.0
3618	4.0
3635	4.0
3668	2.0
3671	4.0
3676	5.0
3681	4.0
3683	5.0
3684	5.0
3685	5.0
3688	1.0
3693	1.0
3698	2.0
3699	3.0
3701	3.0
3703	4.0
3706	3.0
3707	3.0
3723	2.0
3724	2.0
3727	3.0
3728	5.0
3730	5.0
3735	4.0
3740	3.0
3741	4.0
3742	4.0
3751	4.0
3760	3.0
3763	4.0
3770	3.0
3773	3.0
3788	3.0
3791	2.0
3793	4.0
3801	3.0
3802	1.0
3809	4.0
3812	4.0
3814	4.0
3844	1.0
3868	4.0
3869	4.0
3871	3.0
3873	2.0
3877	1.0
3897	4.0
3925	4.0
3929	5.0
3948	3.0
3977	2.0
3984	3.0
3994	4.0
4002	4.0
4003	3.0
4005	2.0
4007	2.0
4008	2.0
4009	2.0
4010	2.0
4027	5.0
4037	3.0
4039	2.0
4066	3.0
4079	5.0
4085	3.0
4090	3.0
4102	2.0
4103	3.0
4105	4.0
4121	3.0
4174	2.0
4226	4.0
4308	3.0
4447	3.0
4541	4.0
4638	3.0
4642	4.0
4963	3.0
5060	5.0
