1	4.0
6	5.0
16	5.0
17	5.0
21	5.0
28	5.0
32	5.0
34	5.0
35	3.0
39	5.0
41	4.0
43	3.0
44	3.0
45	4.0
46	2.0
50	5.0
52	3.0
72	3.0
85	4.0
92	1.0
95	2.0
107	3.0
111	5.0
112	3.0
125	3.0
141	3.0
150	3.0
151	4.0
153	3.0
154	2.0
161	3.0
163	4.0
165	2.0
168	2.0
185	3.0
191	1.0
193	1.0
195	3.0
196	1.0
208	4.0
222	3.0
224	4.0
227	2.0
229	4.0
232	4.0
235	4.0
249	3.0
252	3.0
253	4.0
256	3.0
260	5.0
261	3.0
265	3.0
272	4.0
278	3.0
281	4.0
282	2.0
292	3.0
293	5.0
296	5.0
300	4.0
302	3.0
303	4.0
316	4.0
319	4.0
322	4.0
327	3.0
329	2.0
339	4.0
342	3.0
344	3.0
345	4.0
348	4.0
349	2.0
350	2.0
351	3.0
356	2.0
357	4.0
364	4.0
373	4.0
376	2.0
377	4.0
378	2.0
380	2.0
405	1.0
412	4.0
415	2.0
423	2.0
426	4.0
434	1.0
436	3.0
440	3.0
442	3.0
452	4.0
454	3.0
457	4.0
471	4.0
474	4.0
475	4.0
477	3.0
480	3.0
485	4.0
492	3.0
497	4.0
500	1.0
506	4.0
507	4.0
508	3.0
509	4.0
515	4.0
516	4.0
517	1.0
527	3.0
529	3.0
531	4.0
535	3.0
538	4.0
539	1.0
541	5.0
544	2.0
546	1.0
552	3.0
587	2.0
588	5.0
589	5.0
590	3.0
592	3.0
593	5.0
594	3.0
595	4.0
597	3.0
605	2.0
608	4.0
610	4.0
628	4.0
648	4.0
673	2.0
674	4.0
708	3.0
728	5.0
733	3.0
736	3.0
745	5.0
778	4.0
780	3.0
781	4.0
800	5.0
838	4.0
849	1.0
852	3.0
858	5.0
861	5.0
892	3.0
898	5.0
899	5.0
900	5.0
902	2.0
903	2.0
904	3.0
906	5.0
908	4.0
909	4.0
911	4.0
912	5.0
914	5.0
915	3.0
916	5.0
919	5.0
920	4.0
926	5.0
928	5.0
930	5.0
931	4.0
932	5.0
943	3.0
945	2.0
948	2.0
953	4.0
969	5.0
994	4.0
996	3.0
1009	5.0
1022	4.0
1036	5.0
1041	3.0
1047	2.0
1050	1.0
1054	4.0
1057	2.0
1059	4.0
1060	4.0
1061	4.0
1064	4.0
1073	5.0
1077	4.0
1082	4.0
1086	4.0
1088	3.0
1089	4.0
1092	2.0
1093	3.0
1094	3.0
1095	4.0
1096	4.0
1101	4.0
1103	4.0
1124	3.0
1127	3.0
1129	4.0
1148	5.0
1171	3.0
1175	2.0
1176	4.0
1177	4.0
1183	4.0
1185	4.0
1186	4.0
1188	5.0
1190	3.0
1193	5.0
1196	5.0
1197	5.0
1198	5.0
1199	5.0
1200	5.0
1203	4.0
1206	4.0
1207	5.0
1208	4.0
1210	4.0
1213	5.0
1214	5.0
1215	3.0
1218	5.0
1219	4.0
1221	5.0
1223	5.0
1225	5.0
1226	4.0
1228	3.0
1230	5.0
1231	4.0
1237	4.0
1240	5.0
1244	5.0
1245	5.0
1246	4.0
1247	5.0
1248	3.0
1250	4.0
1252	5.0
1265	5.0
1267	5.0
1268	3.0
1269	4.0
1270	4.0
1271	3.0
1275	4.0
1276	5.0
1277	3.0
1282	3.0
1287	4.0
1288	5.0
1291	3.0
1296	5.0
1301	5.0
1302	4.0
1303	4.0
1304	4.0
1306	4.0
1307	5.0
1320	4.0
1339	3.0
1343	4.0
1370	4.0
1372	4.0
1374	4.0
1375	4.0
1376	3.0
1377	3.0
1380	4.0
1385	2.0
1387	5.0
1391	4.0
1396	3.0
1407	4.0
1414	3.0
1429	4.0
1453	3.0
1466	4.0
1475	2.0
1480	4.0
1499	1.0
1500	4.0
1517	4.0
1527	5.0
1542	4.0
1566	4.0
1569	1.0
1573	5.0
1580	5.0
1600	4.0
1610	3.0
1617	5.0
1635	4.0
1641	4.0
1643	4.0
1645	4.0
1653	4.0
1658	4.0
1660	3.0
1667	2.0
1673	3.0
1674	4.0
1676	5.0
1680	4.0
1681	2.0
1682	4.0
1690	2.0
1701	2.0
1704	4.0
1711	2.0
1721	4.0
1722	3.0
1729	4.0
1732	5.0
1735	4.0
1748	5.0
1754	3.0
1769	2.0
1777	4.0
1779	1.0
1784	2.0
1810	3.0
1831	3.0
1835	3.0
1875	3.0
1883	4.0
1885	5.0
1888	1.0
1895	3.0
1907	4.0
1909	3.0
1912	4.0
1914	4.0
1916	5.0
1919	3.0
1923	2.0
1924	4.0
1944	5.0
1945	4.0
1952	4.0
1953	5.0
1954	4.0
1955	4.0
1956	4.0
1957	4.0
1959	5.0
1960	5.0
1961	4.0
1964	4.0
1965	4.0
2000	3.0
2006	3.0
2009	3.0
2011	3.0
2012	3.0
2018	2.0
2020	5.0
2021	4.0
2024	3.0
2025	3.0
2028	3.0
2059	3.0
2065	4.0
2078	3.0
2081	5.0
2094	1.0
2096	4.0
2108	4.0
2112	3.0
2116	2.0
2124	4.0
2125	3.0
2135	4.0
2143	5.0
2146	3.0
2154	2.0
2160	5.0
2165	3.0
2167	1.0
2171	4.0
2176	4.0
2186	5.0
2194	5.0
2203	5.0
2206	4.0
2208	5.0
2231	4.0
2240	3.0
2243	5.0
2248	4.0
2263	3.0
2268	4.0
2269	2.0
2272	1.0
2273	5.0
2278	5.0
2287	4.0
2288	4.0
2289	3.0
2291	3.0
2294	3.0
2302	4.0
2312	4.0
2314	4.0
2316	3.0
2352	4.0
2353	2.0
2355	5.0
2369	4.0
2391	3.0
2393	3.0
2395	5.0
2396	5.0
2405	3.0
2406	3.0
2407	4.0
2424	3.0
2435	2.0
2443	1.0
2455	3.0
2470	3.0
2485	2.0
2490	2.0
2497	1.0
2502	3.0
2529	3.0
2540	3.0
2542	4.0
2567	3.0
2570	4.0
2571	5.0
2572	4.0
2599	5.0
2628	3.0
2640	4.0
2657	4.0
2664	5.0
2671	3.0
2683	1.0
2690	4.0
2692	4.0
2699	3.0
2700	3.0
2701	2.0
2712	2.0
2720	1.0
2723	4.0
2729	4.0
2734	4.0
2739	4.0
2750	4.0
2759	3.0
2761	4.0
2762	4.0
2763	4.0
2764	2.0
2770	4.0
2801	3.0
2819	4.0
2826	4.0
2829	4.0
2857	5.0
2858	4.0
2872	5.0
2875	3.0
2883	4.0
2890	4.0
2912	5.0
2916	4.0
2917	5.0
2919	4.0
2942	4.0
2947	4.0
2949	4.0
2959	5.0
2985	4.0
2987	5.0
2997	4.0
3006	5.0
3020	4.0
3037	4.0
3044	5.0
3045	3.0
3052	5.0
3060	4.0
3070	4.0
3079	4.0
3081	4.0
3093	4.0
3098	3.0
3100	4.0
3101	4.0
3104	4.0
3107	3.0
3108	4.0
3114	5.0
3125	5.0
3145	3.0
3156	1.0
3167	3.0
3168	4.0
3175	5.0
3176	5.0
3194	4.0
3206	4.0
3213	3.0
3249	3.0
3251	4.0
3252	3.0
3253	4.0
3256	2.0
3257	3.0
3260	5.0
3261	4.0
3264	3.0
3265	5.0
3274	3.0
3334	4.0
3354	1.0
3358	3.0
3418	4.0
3422	4.0
3424	4.0
3426	3.0
3429	5.0
3451	4.0
3466	4.0
3479	4.0
3489	2.0
3500	3.0
3504	5.0
3524	3.0
3526	4.0
3527	2.0
3529	4.0
3543	2.0
3546	4.0
3548	4.0
3550	4.0
3551	4.0
3555	4.0
3578	5.0
3614	2.0
3623	5.0
3624	4.0
3668	3.0
3686	2.0
3698	3.0
3707	3.0
3733	4.0
3735	5.0
