1	1.0
2	0.5
3	2.0
5	2.0
6	3.0
10	2.0
12	2.0
15	2.5
16	3.0
19	2.0
21	1.5
22	2.0
29	4.0
32	4.0
34	1.0
39	1.0
42	3.5
44	3.0
47	4.0
50	4.5
66	1.0
70	3.0
93	2.5
95	1.5
110	3.0
111	3.0
122	0.5
123	3.5
141	3.0
145	1.5
150	2.0
151	2.5
153	0.5
157	1.0
158	1.5
160	2.0
161	2.0
162	4.5
163	2.5
165	3.0
166	2.5
168	2.0
170	2.0
172	2.5
173	1.0
175	3.0
177	1.5
185	1.5
186	0.5
193	1.0
194	4.0
196	2.5
198	4.0
204	1.0
208	3.0
227	0.5
230	2.0
231	2.0
235	3.5
249	2.5
253	3.0
256	0.5
260	4.5
261	2.5
273	2.5
288	3.0
292	3.5
293	3.5
296	3.5
300	2.5
315	1.0
316	2.5
318	5.0
327	3.5
329	2.0
332	2.0
333	1.0
337	3.0
338	0.5
344	3.0
349	2.5
353	2.5
355	1.0
356	3.0
357	2.0
362	0.5
364	2.5
366	1.5
367	1.0
368	1.5
370	0.5
372	3.0
377	2.0
379	1.0
380	1.5
382	2.5
383	1.5
393	0.5
405	1.0
410	1.5
413	2.5
415	0.5
420	1.5
431	3.5
432	1.0
434	2.0
435	1.0
442	2.5
448	3.0
455	0.5
457	2.0
466	2.5
474	1.5
480	3.0
485	0.5
500	1.0
507	1.5
508	3.0
519	0.5
520	3.0
527	4.0
539	1.5
541	4.0
546	1.0
548	1.0
551	3.0
552	3.0
553	3.0
555	3.0
586	1.5
587	2.0
588	1.5
589	3.5
590	3.0
592	3.5
593	3.5
594	2.0
595	1.5
597	1.5
606	0.5
608	3.5
609	0.5
610	2.0
611	1.5
639	2.5
648	2.0
653	2.5
673	0.5
674	3.0
709	2.5
724	2.0
733	3.0
736	2.5
737	1.0
741	3.0
743	0.5
745	3.5
750	4.0
761	1.5
762	1.0
778	3.5
780	2.0
782	2.0
784	3.0
785	1.0
786	2.0
788	0.5
799	3.0
802	3.0
830	1.5
832	2.5
836	2.0
839	1.0
849	3.0
858	4.5
880	2.0
888	1.0
904	4.0
919	3.0
923	2.0
924	3.0
940	3.0
953	3.0
968	3.0
996	3.0
1004	1.0
1008	2.5
1012	3.0
1014	1.0
1020	3.0
1025	3.0
1027	2.0
1028	2.5
1029	1.5
1036	3.0
1037	2.5
1042	1.5
1047	2.0
1059	1.5
1061	4.0
1064	0.5
1079	3.5
1080	4.0
1089	4.0
1090	3.5
1092	2.0
1093	3.0
1097	2.0
1101	1.5
1125	3.0
1127	2.5
1129	4.0
1136	4.5
1148	2.0
1186	2.5
1193	4.0
1196	4.0
1198	3.5
1199	4.0
1200	3.5
1201	4.0
1206	4.0
1208	3.5
1209	3.5
1210	4.5
1213	4.0
1214	4.0
1215	3.5
1220	3.0
1221	3.5
1222	4.0
1223	3.5
1240	3.5
1241	3.5
1246	3.0
1252	3.5
1253	5.0
1255	3.0
1258	4.0
1259	2.5
1261	3.5
1263	3.0
1265	3.5
1266	3.0
1270	3.0
1272	3.0
1274	3.0
1275	3.0
1281	3.5
1282	2.5
1287	3.0
1288	3.0
1291	4.0
1293	3.0
1298	4.0
1301	3.0
1304	3.0
1307	1.0
1320	3.0
1321	3.0
1339	3.5
1342	1.5
1343	2.5
1345	3.0
1346	2.0
1347	3.0
1350	3.0
1356	2.5
1367	1.5
1370	3.0
1372	2.0
1373	3.0
1374	2.0
1375	2.5
1376	2.0
1377	3.5
1378	2.5
1379	3.0
1385	0.5
1387	2.5
1388	2.0
1391	3.5
1393	2.5
1394	3.0
1396	2.5
1405	2.5
1407	1.5
1411	2.0
1431	1.0
1438	1.0
1441	2.5
1457	2.5
1464	3.0
1466	3.0
1479	2.5
1483	3.5
1485	1.5
1499	0.5
1517	0.5
1527	3.5
1544	1.5
1552	2.5
1562	1.0
1573	3.0
1580	3.0
1584	2.5
1586	1.0
1587	2.5
1588	1.5
1589	3.0
1591	1.0
1603	1.0
1608	1.5
1609	2.5
1610	3.5
1623	0.5
1627	3.0
1641	3.0
1644	1.0
1645	2.5
1665	1.5
1673	3.0
1676	3.0
1681	1.5
1682	3.0
1686	2.5
1688	1.0
1690	3.0
1702	0.5
1704	2.5
1717	0.5
1721	2.0
1722	1.5
1726	2.0
1729	3.0
1747	3.5
1748	3.0
1752	1.5
1754	1.5
1777	2.0
1801	1.5
1835	2.0
1873	2.0
1882	2.5
1884	3.5
1909	2.0
1911	0.5
1917	1.0
1918	0.5
1920	1.0
1921	4.0
1954	2.0
1960	3.0
1961	3.5
1967	3.0
1968	3.0
1969	1.5
1970	0.5
1971	0.5
1972	1.0
1981	1.0
1982	3.0
1983	2.5
1993	1.0
1994	3.0
1995	2.5
1997	3.5
1998	3.0
1999	2.0
2000	3.0
2001	2.5
2002	1.5
2003	2.0
2004	2.5
2005	3.0
2006	2.0
2011	3.0
2012	3.0
2015	1.5
2018	2.0
2021	3.0
2023	2.5
2034	3.0
2042	1.5
2046	2.5
2053	0.5
2054	0.5
2058	3.5
2072	2.0
2076	2.0
2078	1.5
2082	1.5
2085	1.5
2087	1.5
2088	2.0
2094	1.5
2100	1.0
2107	1.0
2109	1.0
2115	4.0
2116	3.5
2117	3.5
2119	1.5
2122	2.5
2124	2.5
2126	3.0
2136	1.5
2139	3.5
2141	2.5
2142	1.0
2143	2.5
2153	2.5
2160	4.0
2161	2.0
2167	2.5
2174	2.5
2193	3.5
2194	1.5
2212	3.5
2232	4.0
2253	1.0
2268	3.0
2278	2.5
2287	3.5
2288	3.0
2291	3.0
2301	3.0
2313	4.0
2328	2.0
2329	3.5
2337	3.0
2340	2.0
2361	3.5
2366	3.0
2371	3.0
2372	1.0
2373	1.5
2375	1.5
2378	1.5
2379	0.5
2380	1.0
2381	0.5
2382	0.5
2383	0.5
2384	0.5
2393	2.5
2402	2.0
2404	2.0
2409	1.5
2410	0.5
2411	1.0
2412	0.5
2420	1.5
2421	0.5
2422	0.5
2423	2.5
2455	2.0
2459	2.5
2470	2.0
2471	1.5
2476	2.5
2478	1.5
2500	2.0
2505	2.0
2513	2.0
2514	2.0
2529	3.5
2530	3.0
2531	2.5
2532	4.0
2533	3.0
2548	2.5
2549	2.0
2571	3.5
2600	3.0
2616	1.0
2628	3.0
2634	2.5
2640	3.0
2641	2.0
2642	2.0
2643	1.5
2644	3.0
2648	2.5
2657	4.0
2668	2.0
2683	0.5
2692	3.5
2699	2.0
2700	2.5
2701	2.0
2710	2.0
2716	2.0
2717	1.0
2734	3.0
2746	1.5
2747	2.0
2748	2.0
2762	3.5
2791	2.0
2792	1.0
2793	2.5
2794	1.0
2795	2.5
2797	1.0
2808	0.5
2840	1.5
2857	3.5
2858	3.5
2867	2.5
2872	4.0
2912	3.5
2916	3.0
2918	2.0
2922	3.0
2947	3.0
2948	3.0
2949	3.0
2950	2.0
2951	3.5
2953	1.0
2959	4.5
2968	2.5
2976	4.0
2985	3.0
2986	1.5
2987	2.0
2990	2.0
2991	3.0
2995	1.0
3000	4.0
3016	1.0
3032	3.5
3033	3.0
3034	1.5
3053	2.5
3070	3.5
3081	3.5
3087	2.0
3107	1.5
3108	3.0
3120	1.0
3160	3.5
3174	3.5
3198	3.0
3208	0.5
3247	0.5
3248	0.5
3249	1.5
3252	3.0
3253	3.0
3254	1.5
3256	1.5
3257	0.5
3258	2.5
3261	2.5
3262	2.0
3263	2.0
3264	1.0
3267	2.5
3268	0.5
3273	0.5
3285	3.5
3354	1.0
3355	3.0
3363	2.0
3386	2.5
3387	0.5
3388	2.0
3394	0.5
3396	1.5
3398	0.5
3418	2.0
3421	3.5
3424	4.0
3438	3.0
3439	0.5
3444	0.5
3448	3.0
3450	2.0
3471	4.0
3477	2.5
3481	3.5
3489	3.0
3524	0.5
3527	3.0
3535	1.0
3552	2.5
3556	4.0
3564	0.5
3578	3.0
3633	2.5
3635	3.0
3638	2.5
3639	3.0
3676	4.0
3681	3.5
3686	3.0
3693	2.0
3697	2.0
3698	2.5
3701	2.0
3702	3.0
3703	3.5
3704	3.5
3707	1.0
3717	2.0
3729	3.0
3740	2.0
3751	3.0
3763	1.5
3764	1.0
3766	0.5
3785	1.5
3793	3.0
3809	1.5
3841	1.5
3863	3.0
3868	1.5
3869	1.5
3877	0.5
3882	3.5
3897	3.5
3910	2.5
3917	3.0
3918	3.0
3919	2.0
3930	3.0
3947	3.5
3949	4.0
3977	2.5
3984	3.0
3991	0.5
3994	3.5
3996	3.0
4002	1.0
4011	4.5
4017	3.0
4027	1.5
4036	2.5
4040	0.5
4066	3.5
4084	2.0
4085	1.0
4104	2.0
4105	3.0
4121	1.0
4124	0.5
4128	3.0
4148	2.5
4215	0.5
4226	3.5
4251	4.0
4262	3.0
4280	3.5
4308	3.5
4317	0.5
4321	2.0
4333	1.0
4343	3.0
4361	1.5
4369	1.0
4396	2.5
4443	2.5
4489	1.5
4502	0.5
4508	2.5
4519	2.0
4526	0.5
4558	1.0
4564	3.0
4571	3.0
4572	2.0
4587	0.5
4621	1.0
4624	3.5
4641	3.5
4643	2.0
4673	2.5
4677	2.0
4679	2.0
4812	1.0
4848	3.5
4855	2.0
4865	2.5
4876	1.5
4878	4.0
4881	4.0
4911	2.0
4963	1.5
4971	3.0
4973	5.0
4980	3.0
5027	1.5
5040	2.5
5049	2.0
5060	4.0
5247	2.5
5292	3.0
5303	1.0
5308	1.0
5309	0.5
5378	2.0
5452	0.5
5500	2.0
5508	3.5
5541	2.0
5618	4.0
5669	4.0
5796	2.0
5853	2.5
5899	2.5
6104	3.5
6166	0.5
6197	3.0
6242	3.0
6283	3.5
6286	4.0
6333	3.0
6502	4.0
6539	4.5
6541	1.0
6552	3.5
6662	3.0
6663	2.5
6664	1.0
6711	3.0
6755	4.0
6773	2.5
6793	0.5
6794	0.5
6796	3.0
6800	1.0
6807	2.0
6857	2.5
6874	3.5
6890	2.0
6996	1.5
7004	0.5
7007	1.5
7018	1.5
7022	3.5
7046	3.0
7099	3.5
7104	3.0
7123	2.5
7147	4.0
7160	3.5
7164	2.5
7235	3.0
7318	3.5
7371	4.0
7373	4.0
7438	3.5
7481	4.0
7569	3.5
7570	2.5
7618	2.5
7701	0.5
8387	0.5
8464	3.5
8501	2.0
8507	3.5
8596	3.5
8622	3.5
8633	3.5
8947	3.0
27317	3.0
27846	3.5
