1	5.0
3	4.0
5	3.0
11	4.0
18	3.0
24	2.0
25	5.0
32	4.0
36	4.0
39	4.0
42	3.0
45	4.0
46	3.0
47	5.0
50	4.0
52	4.0
57	4.0
62	4.0
63	4.0
74	3.0
78	3.0
81	3.0
89	3.0
94	4.0
95	3.0
101	4.0
104	3.0
111	4.0
112	4.0
141	3.0
147	4.0
150	4.0
153	3.0
159	4.0
165	4.0
175	5.0
180	3.0
185	3.0
196	3.0
223	4.0
229	3.0
230	3.0
232	4.0
233	4.0
235	5.0
246	5.0
253	4.0
256	3.0
260	3.0
261	5.0
265	4.0
277	3.0
288	4.0
293	5.0
296	4.0
306	5.0
307	5.0
308	5.0
316	1.0
318	4.0
319	3.0
329	4.0
337	4.0
339	3.0
343	3.0
344	2.0
345	4.0
348	4.0
353	5.0
356	3.0
358	4.0
364	4.0
366	4.0
367	4.0
372	4.0
377	3.0
379	3.0
380	4.0
426	2.0
433	2.0
442	4.0
456	5.0
457	4.0
466	3.0
479	3.0
480	3.0
491	3.0
497	4.0
500	3.0
505	1.0
508	4.0
509	4.0
514	4.0
516	3.0
520	3.0
524	3.0
528	2.0
529	3.0
532	4.0
535	5.0
538	4.0
539	4.0
541	4.0
542	4.0
546	2.0
547	1.0
551	5.0
552	3.0
562	2.0
569	3.0
586	3.0
587	4.0
588	4.0
589	3.0
592	5.0
593	5.0
595	5.0
597	3.0
605	3.0
608	4.0
619	2.0
653	4.0
678	5.0
700	4.0
707	3.0
708	4.0
724	3.0
728	4.0
733	3.0
736	2.0
750	4.0
765	2.0
778	4.0
780	4.0
781	4.0
784	4.0
801	3.0
805	4.0
832	2.0
839	1.0
848	4.0
849	2.0
858	4.0
866	4.0
892	4.0
903	5.0
908	4.0
912	5.0
919	4.0
923	4.0
924	3.0
926	4.0
928	5.0
930	4.0
953	5.0
994	4.0
999	3.0
1020	4.0
1023	3.0
1028	4.0
1036	4.0
1037	1.0
1043	4.0
1051	4.0
1057	3.0
1059	5.0
1060	4.0
1079	4.0
1088	3.0
1089	5.0
1097	3.0
1100	3.0
1101	3.0
1127	4.0
1178	3.0
1185	4.0
1188	5.0
1193	4.0
1196	4.0
1197	5.0
1206	4.0
1207	4.0
1208	4.0
1210	4.0
1215	2.0
1219	5.0
1221	4.0
1222	4.0
1225	4.0
1230	5.0
1242	4.0
1246	4.0
1258	2.0
1259	5.0
1263	3.0
1265	5.0
1266	4.0
1268	4.0
1270	4.0
1285	4.0
1288	4.0
1290	5.0
1291	5.0
1299	4.0
1302	4.0
1307	4.0
1339	3.0
1342	4.0
1345	4.0
1347	4.0
1348	4.0
1356	4.0
1358	5.0
1370	3.0
1371	2.0
1372	4.0
1373	1.0
1374	4.0
1375	3.0
1376	4.0
1380	3.0
1387	4.0
1391	4.0
1392	1.0
1393	4.0
1396	4.0
1405	4.0
1407	4.0
1408	3.0
1441	4.0
1449	5.0
1457	3.0
1466	4.0
1485	3.0
1500	4.0
1503	2.0
1517	3.0
1562	2.0
1569	4.0
1573	4.0
1580	4.0
1591	1.0
1597	3.0
1617	5.0
1627	3.0
1639	4.0
1642	3.0
1648	4.0
1658	2.0
1673	4.0
1674	4.0
1676	3.0
1682	4.0
1693	3.0
1704	4.0
1717	3.0
1719	4.0
1721	4.0
1722	3.0
1729	3.0
1748	4.0
1760	3.0
1777	4.0
1783	3.0
1805	3.0
1821	3.0
1883	4.0
1884	3.0
1885	4.0
1895	3.0
1920	3.0
1921	5.0
1923	3.0
1924	2.0
1927	4.0
1947	4.0
1952	3.0
1954	4.0
1960	4.0
1961	4.0
1962	5.0
1968	4.0
1974	2.0
1991	3.0
1997	4.0
2003	4.0
2004	4.0
2005	4.0
2011	3.0
2012	4.0
2018	4.0
2021	1.0
2023	3.0
2028	4.0
2046	3.0
2054	3.0
2060	3.0
2065	4.0
2081	5.0
2106	4.0
2107	3.0
2111	4.0
2112	4.0
2114	4.0
2117	3.0
2120	3.0
2121	3.0
2122	1.0
2123	3.0
2125	4.0
2126	3.0
2133	4.0
2143	3.0
2144	4.0
2145	4.0
2155	4.0
2160	4.0
2169	1.0
2174	4.0
2188	4.0
2208	5.0
2232	3.0
2245	4.0
2248	5.0
2249	4.0
2253	1.0
2268	4.0
2273	4.0
2279	3.0
2282	4.0
2291	5.0
2294	4.0
2296	2.0
2316	3.0
2318	3.0
2320	4.0
2321	4.0
2324	5.0
2325	2.0
2329	5.0
2333	5.0
2354	4.0
2355	3.0
2369	3.0
2391	4.0
2395	5.0
2396	5.0
2398	4.0
2407	4.0
2414	4.0
2420	4.0
2421	3.0
2428	3.0
2450	2.0
2470	3.0
2485	4.0
2505	1.0
2529	4.0
2541	3.0
2542	4.0
2571	4.0
2580	5.0
2581	3.0
2599	4.0
2606	3.0
2624	4.0
2628	4.0
2640	4.0
2683	4.0
2687	4.0
2692	5.0
2699	4.0
2700	4.0
2706	4.0
2710	4.0
2716	4.0
2717	3.0
2728	3.0
2739	4.0
2746	4.0
2761	5.0
2762	5.0
2791	4.0
2797	5.0
2804	4.0
2810	4.0
2857	3.0
2858	5.0
2866	4.0
2890	4.0
2891	4.0
2898	3.0
2908	5.0
2912	4.0
2916	4.0
2918	5.0
2953	3.0
2959	5.0
2966	5.0
2976	2.0
2987	5.0
2997	5.0
3000	5.0
3017	3.0
3019	4.0
3020	4.0
3028	4.0
3033	3.0
3052	4.0
3060	4.0
3087	4.0
3088	5.0
3101	4.0
3105	4.0
3107	4.0
3108	4.0
3114	5.0
3147	2.0
3148	4.0
3160	5.0
3175	4.0
3181	5.0
3186	2.0
3198	3.0
3210	4.0
3213	4.0
3243	3.0
3250	3.0
3253	4.0
3254	4.0
3255	3.0
3261	4.0
3264	4.0
3271	4.0
3273	3.0
3274	4.0
3301	2.0
3317	4.0
3327	4.0
3328	5.0
3360	4.0
3361	3.0
3363	3.0
3386	5.0
3398	3.0
3418	4.0
3435	4.0
3448	4.0
3450	4.0
3469	4.0
3477	4.0
3479	2.0
3480	5.0
3481	4.0
3499	4.0
3510	5.0
3526	4.0
3535	4.0
3545	3.0
3556	4.0
3578	3.0
3598	4.0
3608	4.0
3614	4.0
3616	3.0
3617	4.0
3668	4.0
3699	4.0
3701	4.0
3708	3.0
3712	3.0
3730	4.0
3745	3.0
3747	4.0
3755	3.0
3785	1.0
3786	4.0
3793	4.0
3809	3.0
3812	3.0
3835	3.0
3844	4.0
3858	4.0
3863	4.0
3871	3.0
3882	3.0
3893	4.0
3896	4.0
3897	5.0
3910	3.0
3911	5.0
3916	4.0
3946	2.0
3949	5.0
3967	4.0
3969	4.0
3977	3.0
3988	3.0
3994	5.0
3996	4.0
4002	4.0
4006	3.0
4008	4.0
4010	4.0
4011	4.0
4014	5.0
4015	3.0
4019	4.0
4022	4.0
4027	4.0
4029	4.0
4034	4.0
4036	4.0
4039	3.0
4054	3.0
4068	2.0
4117	4.0
4133	2.0
4210	5.0
4226	5.0
4246	4.0
4248	3.0
4280	4.0
4299	3.0
4306	5.0
4308	5.0
4317	3.0
4321	4.0
4326	4.0
4333	3.0
4351	3.0
4361	4.0
4366	4.0
4369	2.0
4386	4.0
4396	3.0
4447	4.0
4499	4.0
4557	4.0
4571	4.0
4621	3.0
4623	3.0
4641	5.0
4642	4.0
4676	2.0
4677	3.0
4678	4.0
4679	4.0
4710	4.0
4718	3.0
4728	3.0
4744	3.0
4799	4.0
4812	3.0
4815	3.0
4857	5.0
4969	5.0
4973	5.0
4979	4.0
4993	2.0
4995	4.0
5102	3.0
5214	3.0
5247	3.0
5292	4.0
5308	3.0
5309	3.0
5349	5.0
5502	3.0
