1	4.0
2	3.5
6	4.5
10	4.0
16	5.0
19	3.0
24	3.5
32	4.5
34	4.5
39	4.0
44	3.0
47	4.5
50	5.0
54	3.0
62	4.5
65	4.0
69	5.0
88	3.0
104	5.0
110	4.5
111	4.5
145	4.0
150	4.0
153	3.5
170	4.0
173	2.5
180	4.0
181	2.0
196	3.5
198	3.5
216	4.0
223	4.5
231	4.0
235	4.5
260	4.0
267	3.0
292	3.5
293	4.5
296	5.0
300	4.5
312	2.5
316	3.0
318	5.0
333	4.5
344	4.0
356	4.5
364	4.5
367	3.5
377	3.5
380	4.0
393	2.0
413	4.0
420	3.0
441	5.0
455	3.0
457	4.5
480	4.5
481	4.0
485	3.0
500	3.0
502	2.5
524	4.5
527	4.5
537	4.0
542	3.0
543	3.5
552	3.5
569	3.0
586	3.5
588	3.5
589	5.0
592	4.5
593	4.5
595	3.5
597	3.5
628	4.0
648	4.0
653	3.0
662	4.0
671	4.0
724	4.0
733	4.0
736	3.5
750	4.5
762	3.0
780	4.0
782	4.0
784	4.0
785	3.5
788	4.0
798	3.0
799	3.0
802	3.5
810	2.5
833	4.0
842	3.0
849	2.5
858	4.5
920	4.0
924	4.5
994	4.0
999	3.5
1005	3.0
1020	4.0
1032	3.5
1036	4.5
1042	4.0
1059	4.0
1060	4.5
1061	4.5
1073	4.5
1097	4.5
1101	4.0
1103	4.0
1126	3.5
1127	4.5
1198	5.0
1200	4.5
1206	4.5
1207	4.5
1208	4.5
1210	4.0
1213	5.0
1214	4.0
1219	4.5
1220	4.0
1221	4.5
1222	4.5
1225	4.0
1228	4.5
1240	4.0
1247	4.5
1252	4.5
1258	4.5
1259	4.5
1263	4.5
1265	5.0
1270	4.5
1274	4.0
1276	4.0
1291	4.5
1297	4.0
1358	4.0
1377	4.0
1385	3.5
1387	4.5
1393	4.5
1405	4.0
1407	4.5
1438	3.0
1461	3.5
1468	3.5
1476	3.5
1479	4.0
1485	3.5
1495	1.5
1499	3.0
1500	4.0
1503	3.5
1513	2.5
1515	3.5
1517	4.5
1527	4.5
1544	3.5
1552	4.0
1556	2.5
1562	3.5
1566	2.5
1573	4.0
1580	4.0
1590	3.5
1591	2.5
1603	3.0
1605	3.5
1608	3.5
1615	3.5
1617	4.5
1627	4.0
1641	4.0
1644	3.5
1646	3.0
1653	5.0
1663	4.0
1673	4.5
1676	4.5
1678	3.0
1681	2.5
1682	3.5
1704	4.0
1717	3.0
1721	3.5
1729	4.0
1732	5.0
1753	4.5
1754	4.0
1760	1.0
1777	4.0
1805	4.5
1833	3.5
1835	3.5
1840	4.0
1876	3.0
1882	3.0
1883	4.0
1884	4.0
1894	3.0
1907	2.5
1911	3.0
1917	2.5
1920	3.0
1923	4.5
1953	4.5
1954	5.0
1961	4.5
1968	4.5
2000	4.5
2003	4.0
2005	4.0
2006	3.5
2011	4.0
2012	3.0
2013	3.0
2023	4.0
2028	4.5
2042	3.5
2060	4.0
2107	3.5
2114	4.0
2115	4.5
2118	4.5
2123	3.5
2126	3.5
2134	3.5
2137	4.0
2144	4.0
2155	4.0
2167	4.0
2169	4.0
2188	3.5
2195	4.0
2231	4.5
2232	4.0
2236	3.5
2240	4.0
2273	4.0
2278	4.5
2279	3.5
2291	3.5
2294	3.0
2296	3.5
2302	4.0
2306	2.5
2311	3.0
2321	4.0
2329	4.5
2334	3.5
2335	4.0
2338	3.0
2353	3.5
2354	3.0
2384	4.0
2389	3.5
2395	4.0
2409	4.0
2411	4.0
2413	4.0
2420	4.5
2423	4.0
2428	3.5
2447	4.5
2470	4.0
2485	3.5
2490	4.0
2496	2.5
2501	4.0
2502	5.0
2529	4.5
2541	4.5
2560	4.0
2571	5.0
2572	3.5
2580	4.0
2599	4.0
2606	3.5
2613	3.0
2616	3.5
2617	3.0
2628	3.0
2633	3.5
2657	3.5
2672	3.5
2683	4.0
2694	3.5
2699	3.5
2700	4.0
2706	4.5
2710	3.5
2712	3.5
2713	2.0
2716	4.5
2719	2.5
2722	3.5
2724	3.0
2762	4.5
2771	3.0
2795	4.5
2804	5.0
2827	3.0
2836	4.0
2858	4.5
2871	4.0
2889	3.5
2915	4.5
2916	4.0
2918	4.5
2947	4.0
2950	2.5
2959	5.0
2966	4.5
2985	4.0
2987	4.5
2995	3.0
2997	4.0
3033	4.5
3052	4.0
3081	4.0
3095	4.0
3098	4.5
3107	4.0
3146	3.0
3156	3.5
3173	4.5
3175	3.0
3177	4.0
3178	4.5
3210	4.5
3243	3.5
3252	4.5
3253	5.0
3263	4.0
3273	3.0
3275	4.5
3285	3.5
3298	5.0
3300	4.0
3301	4.0
3317	4.5
3360	4.5
3361	4.0
3408	4.0
3421	5.0
3424	4.5
3438	4.5
3440	2.5
3444	3.5
3452	4.0
3461	3.0
3471	4.0
3477	4.5
3484	4.0
3489	3.5
3506	4.5
3510	4.5
3515	3.5
3527	4.0
3535	4.0
3552	5.0
3555	3.5
3556	4.0
3566	4.0
3578	4.5
3608	4.0
3617	4.5
3623	4.0
3624	3.5
3653	4.0
3668	3.5
3671	5.0
3688	4.0
3698	4.0
3702	4.0
3703	4.0
3717	4.0
3740	4.0
3753	4.5
3755	4.0
3763	4.0
3785	4.5
3793	4.0
3809	3.5
3825	3.0
3827	3.5
3896	4.0
3897	4.5
3911	4.5
3916	5.0
3948	4.5
3949	4.5
3950	4.5
3969	4.0
3973	2.0
3977	3.5
3979	3.5
3981	3.0
3994	4.0
3996	4.5
3998	3.0
3999	3.5
4008	4.0
4015	4.0
4022	4.0
4068	2.5
4084	3.5
4085	4.5
4090	4.0
4102	4.5
4133	2.5
4148	4.0
4149	4.0
4159	3.0
4167	3.5
4207	3.5
4210	4.5
4214	4.0
4220	4.5
4226	5.0
4246	3.5
4247	3.5
4248	3.0
4262	4.5
4267	3.5
4270	3.0
4299	3.5
4306	4.5
4321	4.0
4367	4.0
4369	4.0
4370	4.0
4387	3.5
4388	3.5
4447	4.0
4452	3.5
4483	2.5
4487	3.5
4571	4.0
4616	4.5
4623	4.0
4639	3.0
4641	3.5
4643	3.5
4678	3.5
4701	4.0
4718	4.0
4728	3.5
4732	3.5
4734	4.5
4770	3.5
4776	4.5
4799	4.0
4809	4.0
4821	4.0
4848	4.5
4878	4.5
4886	4.5
4890	3.5
4896	4.0
4958	4.0
4963	4.5
4975	4.0
4979	4.5
4980	3.0
4993	4.5
5009	4.0
5010	4.5
5014	3.5
5015	4.0
5025	4.0
5055	4.0
5094	3.0
5103	4.0
5106	3.0
5110	5.0
5139	4.5
5152	4.5
5219	4.0
5254	3.5
5265	4.0
5266	4.0
5267	4.5
5283	4.5
5293	4.0
5294	5.0
5299	3.0
5313	3.5
5325	4.5
5349	4.5
5377	4.5
5400	4.5
5401	4.0
5418	4.0
5445	4.5
5481	4.0
5522	4.0
5524	3.5
5528	4.0
5541	3.5
5577	4.0
5630	4.5
5669	4.0
5679	4.0
5785	4.0
5810	4.0
5843	4.0
5902	4.5
5952	4.5
5955	4.5
5970	4.0
5989	4.0
6059	4.0
6155	4.0
6188	5.0
6213	4.0
6250	4.0
6281	4.0
6333	4.5
6365	4.0
6373	3.0
6377	4.0
6378	4.0
6383	3.5
6482	2.0
6537	4.0
6539	4.0
6548	4.0
6586	4.0
6659	4.0
6711	4.0
6863	4.0
6874	4.5
6880	3.5
6934	4.0
7004	3.5
7076	4.5
7102	4.0
7147	4.5
7153	4.5
7263	4.5
7318	4.5
7346	4.5
7438	5.0
7445	4.0
7458	4.0
7482	5.0
8361	4.0
8368	4.5
8376	4.5
8528	3.5
8636	4.5
8641	3.0
8781	4.0
8783	4.0
30812	4.5
