1	4.0
2	4.0
3	3.0
5	3.0
6	4.0
7	3.0
10	4.0
11	4.0
15	4.0
19	3.5
20	3.0
21	4.0
22	4.0
23	3.5
31	3.5
32	4.5
34	3.5
39	3.5
44	3.0
45	3.5
50	4.5
62	3.0
64	2.5
71	3.0
76	3.5
86	3.5
88	3.5
89	4.0
95	4.0
100	3.5
104	4.0
105	4.0
110	4.0
111	4.0
112	4.0
135	3.5
140	3.5
141	3.5
145	4.0
150	3.5
151	4.0
153	3.5
158	2.5
160	3.5
161	4.0
164	3.5
165	4.0
168	3.0
170	4.0
172	3.5
173	3.5
174	3.0
185	3.5
186	3.5
193	3.5
196	3.5
204	3.5
208	4.0
216	3.5
225	3.5
227	3.5
231	3.5
235	4.0
236	4.0
237	3.5
252	3.5
256	3.0
257	3.5
259	3.5
260	4.5
266	3.0
267	3.5
276	1.5
289	3.0
292	4.0
296	4.5
300	3.5
303	3.5
315	3.5
316	4.0
318	4.5
327	3.5
329	4.0
338	3.5
339	2.5
342	3.5
344	4.0
345	4.0
349	4.0
350	3.5
355	2.0
356	4.0
357	4.0
361	3.5
364	4.0
367	4.0
368	4.0
371	3.5
376	3.5
377	4.5
378	3.5
379	3.5
380	4.5
383	4.0
393	2.5
413	3.0
414	3.0
416	3.0
419	2.5
420	3.0
423	3.0
425	3.0
426	3.5
432	3.5
434	4.0
435	2.5
437	3.0
440	4.0
442	4.0
454	4.0
455	3.0
457	4.5
459	3.5
460	3.0
464	4.0
474	4.0
480	4.5
485	3.5
490	3.5
491	3.5
494	4.0
500	3.5
505	3.0
508	3.5
519	2.0
522	4.0
537	3.5
538	3.0
539	3.5
541	4.5
544	3.5
546	3.5
548	3.5
552	4.0
553	4.0
586	4.0
587	4.0
588	4.0
589	4.5
590	4.5
592	4.0
593	4.5
597	3.5
605	4.0
608	4.0
628	4.0
637	3.5
640	3.0
647	3.5
648	4.5
653	3.5
656	3.0
688	3.0
691	3.0
695	3.5
708	3.5
710	3.0
711	3.0
719	3.5
733	4.0
736	4.0
743	2.0
747	2.5
748	4.0
761	3.5
762	2.5
780	4.0
782	3.0
784	3.0
785	3.0
786	4.0
788	3.5
798	3.5
799	3.5
802	3.5
829	2.5
830	3.0
832	4.0
836	3.5
837	3.0
849	4.0
852	3.5
858	4.5
879	3.0
880	3.0
881	2.5
886	4.0
899	4.0
903	4.0
909	4.0
912	4.0
914	4.0
919	3.5
924	4.0
952	3.5
953	4.0
965	4.0
990	2.5
991	3.5
996	4.5
1003	3.5
1004	3.5
1006	3.5
1010	3.5
1012	3.5
1020	3.5
1028	4.0
1030	2.5
1035	4.5
1036	4.5
1042	3.5
1047	4.5
1049	4.0
1059	4.0
1061	3.5
1077	4.0
1079	4.0
1088	3.5
1090	4.0
1092	3.5
1097	4.0
1100	3.5
1101	4.5
1113	3.5
1124	4.0
1125	3.5
1126	2.0
1127	4.5
1129	3.5
1135	3.0
1136	3.5
1147	3.5
1183	4.0
1188	4.5
1193	4.0
1196	4.0
1197	3.0
1198	4.5
1199	4.0
1200	5.0
1201	4.5
1203	4.5
1206	4.0
1207	4.5
1208	4.5
1210	4.5
1213	4.0
1214	4.0
1220	4.0
1221	4.0
1222	4.0
1225	4.0
1228	4.0
1230	4.0
1233	4.5
1234	4.5
1238	3.0
1240	4.5
1242	4.0
1244	4.0
1246	3.5
1247	4.5
1258	4.0
1259	4.0
1262	4.0
1263	4.0
1265	4.5
1266	4.0
1270	4.5
1272	4.0
1276	4.0
1287	4.0
1291	4.5
1302	4.0
1303	4.0
1304	4.5
1307	4.0
1320	3.5
1321	3.5
1333	4.0
1334	3.5
1350	3.5
1356	4.0
1357	4.0
1359	3.5
1363	3.5
1367	2.0
1370	4.0
1372	3.5
1373	3.0
1374	4.0
1375	3.5
1376	3.5
1377	3.5
1378	3.5
1380	4.0
1385	4.0
1387	4.0
1388	3.0
1391	3.5
1393	4.5
1394	4.0
1395	3.5
1396	4.0
1407	3.5
1408	4.0
1409	4.0
1419	4.0
1422	3.5
1427	3.0
1431	3.5
1432	3.5
1438	3.5
1441	3.5
1445	2.0
1459	3.5
1466	4.0
1474	2.5
1479	3.5
1485	4.5
1499	3.0
1500	3.0
1503	3.5
1513	3.5
1517	4.0
1518	3.5
1526	3.0
1527	4.0
1537	3.5
1544	4.0
1550	3.5
1552	4.0
1556	1.5
1562	3.5
1569	3.5
1573	3.5
1580	4.0
1584	4.0
1586	4.0
1587	3.5
1588	2.5
1589	3.0
1590	3.5
1591	3.5
1597	4.0
1598	3.5
1601	3.0
1604	3.5
1608	4.0
1610	4.0
1614	2.5
1615	3.0
1616	4.0
1617	4.5
1625	3.5
1626	3.0
1641	4.0
1645	3.5
1653	4.5
1658	2.5
1663	4.0
1665	2.0
1667	3.5
1672	4.0
1673	3.0
1674	4.0
1676	4.0
1680	3.5
1682	4.0
1686	3.0
1687	3.0
1689	3.0
1690	4.0
1694	4.0
1702	2.5
1704	4.5
1713	2.5
1721	5.0
1722	4.0
1726	4.0
1727	3.5
1729	3.5
1732	4.0
1735	4.0
1747	3.5
1748	4.0
1752	3.5
1754	4.0
1769	3.5
1772	3.5
1777	4.0
1779	3.5
1784	4.0
1792	3.5
1799	4.0
1804	3.5
1805	3.5
1810	3.5
1831	2.5
1833	4.0
1835	3.5
1841	3.5
1848	3.0
1858	3.0
1862	2.0
1866	3.5
1876	3.5
1882	2.0
1892	3.5
1894	4.0
1911	3.0
1912	3.5
1913	4.0
1917	4.0
1918	4.0
1920	3.5
1923	4.0
1950	4.0
1951	4.0
1956	3.5
1957	3.5
1961	4.0
1968	4.0
1997	3.0
2000	4.5
2001	3.5
2002	4.0
2003	3.5
2006	4.0
2009	3.5
2011	4.0
2012	4.5
2013	4.0
2021	3.5
2023	3.5
2028	4.5
2040	3.0
2042	3.0
2046	4.0
2053	2.5
2054	3.0
2057	3.5
2058	4.0
2070	3.5
2072	3.5
2081	3.5
2082	3.5
2094	3.5
2100	3.0
2108	3.5
2115	4.0
2126	3.5
2135	3.5
2138	3.5
2140	4.0
2143	3.0
2150	4.0
2153	1.5
2167	4.0
2174	3.5
2194	4.0
2195	3.5
2231	4.0
2232	4.0
2243	3.5
2245	3.5
2252	3.5
2268	4.5
2269	3.0
2273	4.0
2278	4.0
2288	4.5
2294	4.0
2297	3.5
2302	4.0
2306	3.0
2316	3.0
2321	4.0
2322	4.0
2324	3.5
2329	4.0
2334	3.5
2335	3.0
2336	4.0
2340	3.5
2353	4.5
2355	4.0
2359	4.0
2371	3.5
2372	2.0
2375	3.0
2378	3.0
2379	2.0
2381	1.5
2391	3.0
2392	2.0
2395	4.0
2396	4.0
2401	4.0
2402	3.5
2403	4.0
2404	3.5
2405	4.0
2406	4.0
2407	4.0
2410	3.5
2412	3.0
2420	4.0
2421	2.0
2424	3.5
2427	4.0
2428	3.0
2431	3.0
2433	3.5
2445	3.0
2447	3.0
2448	3.5
2450	2.5
2454	3.0
2455	3.5
2463	3.5
2468	3.0
2469	3.0
2470	4.5
2471	3.0
2474	4.0
2476	4.0
2478	3.5
2490	4.5
2492	3.0
2496	3.0
2497	3.5
2498	1.5
2501	3.5
2502	3.5
2518	3.5
2520	3.5
2521	3.0
2524	3.5
2527	4.0
2528	4.0
2529	4.5
2539	4.0
2540	3.5
2542	4.5
2558	2.5
2561	3.5
2565	4.0
2567	3.5
2568	1.5
2571	5.0
2572	3.5
2574	3.0
2598	3.5
2599	4.0
2600	4.0
2605	4.0
2616	3.5
2617	4.0
2618	4.0
2628	4.0
2640	4.0
2641	3.5
2642	2.5
2671	4.0
2672	4.0
2683	4.0
2688	3.5
2692	4.0
2694	3.0
2701	3.5
2706	4.0
2707	4.0
2712	4.0
2713	3.0
2716	4.0
2717	3.5
2719	3.0
2720	1.5
2722	3.5
2723	3.5
2724	3.5
2730	3.5
2735	3.0
2748	3.0
2762	4.0
2763	4.0
2764	3.5
2769	2.5
2770	4.0
2791	4.0
2796	2.0
2797	3.5
2801	2.5
2803	3.5
2805	3.5
2807	2.0
2808	3.5
2815	3.5
2822	3.0
2826	4.0
2841	3.5
2858	3.5
2860	3.5
2871	4.0
2872	3.5
2875	3.5
2881	3.5
2889	3.5
2890	4.0
2891	3.5
2906	2.0
2915	4.0
2916	4.0
2917	4.0
2918	4.0
2921	4.0
2944	3.5
2947	4.0
2948	4.0
2950	3.0
2951	4.0
2953	2.0
2959	4.0
2985	4.0
2986	2.5
2987	3.5
2989	3.5
2990	3.5
2991	4.0
2993	4.0
2997	4.0
3004	3.5
3005	3.5
3006	3.5
3020	4.0
3032	3.5
3033	2.5
3037	4.0
3039	3.5
3040	2.5
3052	2.0
3053	3.0
3068	4.0
3072	3.5
3081	4.0
3082	4.0
3089	4.0
3098	3.5
3099	3.5
3101	4.0
3104	4.0
3105	3.5
3107	4.0
3113	3.5
3114	4.0
3130	2.5
3147	3.5
3157	2.5
3174	3.5
3175	4.0
3176	3.5
3190	3.5
3198	4.0
3204	3.5
3210	4.0
3247	4.0
3248	3.0
3252	4.0
3253	4.0
3255	4.0
3256	4.0
3257	3.5
3258	3.5
3259	4.0
3263	3.0
3269	4.0
3285	3.5
3286	2.0
3298	3.5
3300	4.0
3301	3.5
3316	3.5
3317	3.5
3354	3.0
3392	3.5
3404	3.0
3408	4.0
3409	4.0
3418	4.0
3438	3.0
3448	4.0
3450	3.5
3452	3.5
3466	3.5
3468	4.0
3471	3.5
3479	3.5
3481	4.5
3484	3.5
3489	4.0
3494	3.5
3499	3.5
3505	4.0
3508	4.0
3510	4.0
3513	3.5
3524	3.5
3526	3.5
3527	4.0
3534	4.0
3536	4.0
3545	4.0
3551	4.0
3555	3.5
3578	5.0
3591	4.0
3593	3.5
3594	3.5
3616	3.0
3617	4.0
3623	4.0
3624	4.0
3633	3.5
3635	4.0
3638	3.5
3639	3.0
3646	2.5
3654	4.0
3671	3.5
3681	4.0
3682	4.0
3685	3.5
3686	3.5
3698	4.0
3699	4.0
3702	4.0
3703	4.5
3704	3.5
3705	3.5
3710	3.0
3717	3.5
3740	3.5
3744	3.0
3745	4.0
3751	3.5
3752	3.5
3753	4.0
3754	2.0
3755	3.0
3763	4.0
3764	3.5
3769	4.0
3784	4.0
3793	4.0
3798	3.5
3802	3.5
3809	4.0
3811	4.0
3825	3.0
3826	4.0
3827	4.0
3841	3.5
3861	3.5
3873	3.0
3893	3.5
3897	2.5
3901	3.0
3911	3.5
3916	4.0
3946	3.0
3947	4.0
3948	4.0
3959	3.5
3968	2.5
3977	4.0
3978	3.5
3984	4.0
3986	3.5
3987	3.5
3988	3.0
3994	3.5
3996	4.0
3997	2.0
3998	4.0
3999	3.5
4002	4.0
4003	3.0
4005	3.5
4007	4.0
4010	3.5
4011	4.0
4014	4.0
4015	3.0
4018	4.0
4019	4.0
4020	3.5
4022	3.0
4023	4.0
4025	4.0
4027	4.0
4029	3.5
4033	3.0
4034	3.5
4041	4.0
4052	4.0
4061	3.5
4069	3.5
4085	4.0
4121	3.0
4159	4.0
4161	3.5
4205	3.0
4214	3.5
4223	4.0
4225	3.5
4226	4.0
4234	4.0
4246	4.5
4247	2.5
4248	3.5
4251	4.0
4254	2.5
4265	3.5
4270	3.5
4280	2.5
4291	3.5
4296	3.0
4299	3.5
4306	4.5
4308	4.0
4310	3.0
4318	3.5
4321	4.0
4327	4.0
4340	2.5
4343	4.0
4344	4.0
4351	3.5
4361	4.0
4367	3.5
4369	3.5
4370	3.5
4378	4.0
4386	3.0
4387	3.5
4410	3.5
4437	3.5
4446	3.5
4447	3.5
4448	4.0
4464	3.0
4474	2.5
4478	3.5
4487	3.0
4498	3.5
4499	4.0
4506	3.5
4535	4.5
4545	3.0
4558	3.5
4621	2.5
4623	4.0
4638	3.5
4639	3.5
4641	3.5
4643	3.5
4654	2.0
4673	3.5
4677	3.0
4679	3.5
4700	3.0
4701	4.0
4710	4.0
4718	4.0
4720	4.0
4728	3.5
4734	3.5
4735	3.5
4744	3.0
4776	4.0
4799	3.5
4816	3.5
4823	3.5
4835	3.0
4845	1.5
4848	4.0
4855	4.5
4865	4.0
4866	3.5
4874	3.5
4878	3.5
4880	4.0
4886	4.0
4887	4.0
4889	4.0
4890	3.0
4896	4.0
4901	4.0
4912	3.5
4941	4.0
4958	4.0
4963	4.0
4973	4.0
4975	4.0
4978	4.0
4979	4.0
4990	3.0
4992	3.5
4993	4.5
4995	4.0
5004	4.0
5010	4.0
5013	4.0
5016	3.5
5049	4.0
5060	4.0
5064	4.0
5065	3.5
5081	3.5
5092	3.0
5093	3.0
5105	4.0
5107	3.5
5108	3.5
5110	3.5
5152	4.0
5171	3.5
5214	2.5
5218	3.5
5219	3.5
5220	3.0
5247	3.5
5254	3.5
5264	3.0
5265	3.0
5266	3.5
5267	4.0
5293	3.5
5296	3.0
5299	3.5
5303	3.5
5308	2.5
5309	2.0
5313	4.0
5316	3.5
5349	4.0
5364	3.5
5377	4.0
5378	3.5
5380	4.0
5388	3.5
5400	3.5
5401	3.0
5414	3.0
5418	4.5
5420	4.0
5444	3.0
5445	4.0
5446	4.0
5449	2.0
5459	3.5
5463	4.0
5464	4.0
5478	3.0
5481	3.5
5502	4.0
5506	3.5
5507	4.0
5522	4.0
5524	3.0
5528	3.5
5540	3.5
5541	3.5
5572	3.5
5574	3.5
5617	4.0
5618	4.0
5621	2.5
5669	3.5
5673	4.0
5693	3.5
5747	4.5
5784	3.5
5803	3.0
5809	3.5
5810	3.5
5812	2.5
5816	4.0
5843	3.0
5872	4.0
5876	4.0
5881	3.5
5899	4.5
5902	3.5
5903	4.5
5942	2.0
5943	3.0
5945	3.5
5952	4.0
5954	3.5
5956	4.0
5957	3.5
5989	4.0
5991	3.5
5992	3.5
5995	4.0
6006	3.5
6013	1.5
6058	4.0
6059	3.5
6155	3.0
6156	3.5
6157	4.0
6218	4.0
6238	4.0
6281	3.5
6287	3.0
6294	3.0
6303	4.0
6322	3.5
6323	4.0
6333	4.0
6338	3.0
6365	4.0
6367	3.0
6373	4.0
6377	3.5
6378	4.0
6385	3.5
6461	4.0
6502	4.0
6503	4.0
6534	3.5
6537	4.0
6539	4.0
6541	3.0
6548	3.5
6550	3.5
6564	3.5
6565	3.5
6567	3.5
6593	3.5
6595	4.0
6617	4.0
6639	4.0
6707	2.5
6708	4.0
6709	4.0
6711	4.0
6724	4.0
6754	4.0
6765	3.5
6808	4.0
6862	3.5
6863	4.0
6870	3.5
6873	3.5
6874	4.5
6879	4.5
6893	4.0
6934	4.0
6936	3.5
6942	4.0
6944	3.5
6947	4.0
6950	3.5
6952	4.0
6953	4.0
6966	3.0
6979	4.0
7001	4.0
7004	3.5
7008	3.5
7017	3.5
7027	4.0
7036	3.5
7072	4.0
7075	4.0
7137	3.5
7143	4.5
7147	3.0
7149	4.0
7153	5.0
7154	3.5
7155	4.0
7162	4.0
7163	4.0
7173	3.5
7228	3.0
7254	4.0
7293	3.5
7325	4.0
7347	3.5
7360	4.0
7361	4.0
7373	3.5
7438	4.0
7445	3.5
7451	3.5
7454	3.0
7458	3.5
7482	4.5
7570	3.5
7573	3.5
7827	4.0
8183	3.5
8207	4.0
8360	4.0
8361	3.5
8464	3.5
8493	3.5
8501	4.0
8528	3.5
8633	4.0
8636	4.5
8640	4.0
8641	3.0
8644	4.0
8665	4.5
8798	4.0
8860	3.5
8865	3.5
8908	2.5
8961	4.0
8969	3.5
30707	4.0
