2	3.0
7	3.0
15	2.0
19	3.0
32	4.0
34	4.0
39	4.5
62	4.0
66	1.0
73	4.0
79	3.0
86	3.0
105	3.0
110	4.0
111	4.0
132	2.0
151	5.0
163	3.0
168	2.0
169	2.0
170	2.0
173	2.0
185	2.0
191	2.0
194	4.0
196	2.0
204	3.0
208	2.0
224	4.0
230	4.0
233	3.0
235	4.0
256	2.0
260	4.0
265	4.0
266	4.0
276	3.0
288	4.0
291	2.0
292	2.0
293	4.0
303	3.0
314	4.0
316	3.0
318	4.0
329	4.0
330	4.0
337	4.0
339	3.0
344	4.0
349	3.0
356	4.0
357	4.0
370	3.0
377	3.0
380	3.0
432	3.0
434	2.0
435	4.0
440	4.0
442	2.0
446	4.0
448	4.0
454	3.0
455	2.0
457	4.0
458	3.0
465	4.0
468	4.0
471	3.0
473	2.0
474	3.0
480	3.0
500	4.0
509	4.0
519	2.0
527	5.0
529	4.0
539	3.0
541	4.0
551	5.0
552	2.0
555	3.0
586	2.0
587	3.0
589	4.0
590	4.0
592	4.0
593	4.0
594	5.0
597	3.0
608	4.0
637	3.0
647	3.0
648	3.0
653	4.0
674	4.0
688	2.0
694	2.5
711	1.0
719	3.0
733	3.0
736	3.0
750	4.0
780	3.0
784	3.0
785	4.0
786	3.0
788	2.0
810	1.0
829	4.0
832	3.0
849	2.0
858	4.0
866	4.0
880	2.0
897	4.0
899	4.0
900	4.0
901	3.0
912	5.0
913	5.0
914	4.0
915	3.0
919	5.0
920	5.0
924	5.0
938	4.0
940	4.0
941	4.0
952	3.0
969	5.0
971	4.0
999	2.0
1012	3.0
1019	3.0
1028	4.0
1035	4.0
1036	4.0
1037	3.0
1073	4.0
1080	3.0
1081	3.0
1084	4.0
1085	4.0
1088	3.0
1090	4.0
1094	3.0
1097	3.0
1101	3.0
1103	4.0
1120	5.0
1124	4.0
1125	3.0
1127	4.0
1129	3.0
1161	4.0
1167	3.0
1173	4.0
1183	4.0
1185	4.0
1186	3.0
1188	5.0
1193	5.0
1196	4.0
1197	5.0
1198	4.0
1199	5.0
1200	4.0
1201	4.0
1204	5.0
1206	4.0
1207	5.0
1208	4.0
1210	3.0
1213	4.0
1214	4.0
1216	4.0
1217	5.0
1219	4.0
1221	4.0
1222	4.0
1225	4.0
1228	4.0
1230	4.0
1231	4.0
1233	5.0
1235	4.0
1237	4.0
1240	4.0
1246	4.0
1247	4.0
1249	4.0
1250	4.0
1252	4.0
1253	4.0
1254	5.0
1259	4.0
1262	4.0
1263	5.0
1265	3.0
1266	5.0
1267	4.0
1270	4.0
1271	3.0
1272	3.0
1274	1.0
1282	5.0
1285	4.0
1286	3.0
1287	5.0
1291	4.0
1293	4.0
1299	5.0
1301	5.0
1302	3.0
1303	4.0
1304	3.0
1307	4.0
1320	3.0
1330	1.0
1333	4.0
1334	2.0
1346	3.0
1356	3.0
1358	4.0
1371	4.0
1372	3.0
1374	3.0
1375	3.0
1376	3.0
1379	2.0
1380	4.0
1381	3.0
1382	3.0
1387	4.0
1391	4.0
1408	5.0
1442	3.0
1445	2.0
1453	3.0
1485	4.0
1499	2.0
1515	2.0
1517	3.0
1527	4.0
1544	3.0
1552	2.0
1554	4.0
1556	2.0
1573	2.0
1580	4.0
1584	4.0
1586	3.0
1587	3.0
1588	3.0
1595	2.0
1603	3.0
1608	3.0
1610	4.0
1615	3.0
1619	3.0
1641	3.0
1663	3.0
1670	3.0
1673	2.0
1674	4.0
1676	4.0
1678	4.0
1682	4.0
1689	3.0
1690	4.0
1693	3.0
1704	4.0
1707	1.0
1727	3.0
1730	4.0
1732	4.0
1783	3.0
1801	3.0
1805	3.0
1806	1.0
1816	2.0
1831	3.0
1873	4.0
1876	2.0
1894	3.0
1897	4.0
1904	3.0
1913	4.0
1917	3.0
1920	3.0
1921	4.0
1923	4.0
1924	2.0
1927	5.0
1931	5.0
1944	4.0
1945	5.0
1948	4.0
1950	4.0
1951	4.0
1952	4.0
1953	4.0
1954	4.0
1955	3.0
1957	4.0
1958	4.0
1959	3.0
1960	5.0
1961	4.0
1962	4.0
1965	4.0
1968	4.0
1969	1.0
1970	1.0
1971	1.0
1972	1.0
1973	1.0
1974	1.0
1975	1.0
1976	1.0
1978	1.0
1979	1.0
1980	1.0
1981	1.0
1983	1.0
1985	1.0
1986	1.0
1994	3.0
1997	4.0
2000	3.0
2001	3.0
2003	3.0
2004	2.0
2009	4.0
2010	4.0
2011	3.0
2012	3.0
2015	3.0
2019	5.0
2021	3.0
2028	4.0
2034	3.0
2050	2.0
2051	2.0
2054	3.0
2064	4.0
2065	4.0
2067	4.0
2069	4.0
2071	4.0
2076	4.0
2080	4.0
2085	4.0
2088	3.0
2094	2.0
2096	4.0
2100	3.0
2105	3.0
2109	4.0
2111	3.0
2115	4.0
2117	4.0
2121	3.0
2124	3.0
2135	3.0
2146	3.0
2147	4.0
2150	3.0
2160	4.0
2163	2.0
2170	3.0
2174	4.0
2193	4.0
2202	3.0
2247	3.0
2282	2.0
2288	5.0
2290	4.0
2291	5.0
2302	3.0
2303	5.0
2311	3.0
2313	4.0
2315	1.0
2316	3.0
2321	4.0
2335	2.0
2340	3.0
2352	4.0
2353	3.0
2355	4.0
2366	5.0
2370	4.0
2378	1.0
2379	1.0
2380	1.0
2381	1.0
2382	1.0
2383	1.0
2393	3.0
2401	4.0
2402	3.0
2404	2.0
2405	3.0
2406	4.0
2407	3.0
2420	2.0
2421	2.0
2422	2.0
2424	3.0
2427	4.0
2429	3.0
2430	3.0
2448	2.0
2450	3.0
2453	4.0
2454	3.0
2455	4.0
2459	1.0
2460	1.0
2469	3.0
2470	3.0
2471	2.0
2474	3.0
2476	3.0
2478	2.0
2501	4.0
2506	3.0
2517	4.0
2520	2.0
2521	1.0
2527	4.0
2529	3.0
2561	3.0
2565	4.0
2615	2.0
2622	5.0
2628	3.0
2634	3.0
2640	3.0
2657	4.0
2662	5.0
2670	4.0
2716	4.0
2717	3.0
2720	3.0
2728	3.0
2731	4.0
2734	3.0
2735	3.0
2736	4.0
2739	4.0
2746	5.0
2747	4.0
2750	3.0
2759	2.0
2762	4.5
2763	2.0
2764	3.0
2782	3.0
2791	4.0
2792	3.0
2797	3.0
2803	3.0
2807	2.0
2808	2.0
2815	1.0
2816	2.0
2822	3.0
2857	4.0
2863	4.0
2867	2.0
2870	4.0
2871	5.0
2872	3.0
2877	3.0
2899	4.0
2905	5.0
2915	3.0
2916	3.0
2917	4.0
2918	3.0
2919	4.0
2921	4.0
2929	3.0
2941	4.0
2942	3.0
2944	3.0
2947	4.0
2948	4.0
2950	3.0
2951	4.0
2953	2.0
2968	4.0
2969	3.0
2971	5.0
2985	3.0
2986	2.0
2987	3.0
2997	5.0
3011	4.0
3015	3.0
3019	4.0
3030	5.0
3035	4.0
3036	5.0
3037	4.0
3040	1.0
3062	4.0
3063	2.0
3066	3.0
3070	3.0
3071	3.0
3072	3.0
3074	3.0
3087	3.0
3091	5.0
3095	5.0
3100	4.0
3105	4.0
3108	3.0
3111	4.0
3134	5.0
3135	3.0
3153	3.0
3167	4.0
3168	5.0
3175	4.0
3176	4.0
3190	1.0
3196	4.0
3197	4.0
3198	5.0
3204	4.0
3210	4.0
3219	4.0
3251	4.0
3252	4.0
3255	4.0
3256	3.0
3269	3.0
3296	3.0
3471	4.0
3699	3.0
3959	4.0
4424	3.0
5060	4.0
5410	4.0
5544	4.0
6305	5.0
