1	3.5
2	3.0
3	2.0
5	1.0
6	3.5
7	5.0
11	4.0
17	5.0
21	5.0
25	5.0
28	5.0
31	3.0
32	4.0
34	4.0
35	2.0
36	3.0
39	5.0
41	4.0
43	4.0
45	4.0
46	3.0
47	5.0
52	4.5
57	3.5
58	5.0
62	4.0
70	2.5
72	5.0
81	1.5
85	4.0
86	4.0
102	1.0
104	5.0
105	4.0
107	3.0
110	3.5
118	1.0
122	3.0
123	5.0
125	2.5
135	3.0
141	5.0
144	3.0
150	5.0
155	5.0
161	4.0
163	2.0
164	4.0
165	3.5
180	3.5
185	2.5
186	1.5
187	5.0
190	1.5
194	4.0
195	3.0
205	5.0
206	4.5
207	3.5
215	5.0
218	3.5
222	3.5
223	3.5
224	5.0
225	2.5
230	5.0
231	2.0
232	5.0
236	4.0
237	1.5
249	4.5
252	3.5
256	2.0
260	5.0
261	4.5
262	4.0
265	4.0
266	5.0
272	3.0
278	3.0
281	4.0
282	3.0
292	1.0
293	4.0
294	3.5
296	2.5
299	4.0
302	5.0
303	3.5
304	5.0
306	5.0
307	5.0
308	4.0
314	4.5
316	4.5
317	3.5
318	4.0
319	3.0
322	4.0
326	4.0
329	3.0
337	4.0
339	4.0
342	3.5
344	3.0
345	2.5
347	2.0
348	4.0
349	2.5
350	3.5
351	4.5
356	4.5
357	4.0
361	0.5
364	2.0
367	5.0
368	2.5
371	5.0
377	4.5
378	2.0
380	3.0
381	4.0
383	2.0
390	0.5
412	4.0
417	5.0
424	4.0
438	1.5
440	4.0
442	3.0
446	3.0
448	5.0
450	3.0
452	3.5
453	1.0
454	4.0
457	4.0
458	4.0
459	3.0
466	3.5
468	3.5
469	4.0
471	4.0
472	3.0
474	3.5
475	3.0
480	3.0
489	3.5
491	4.0
497	4.0
500	1.5
501	1.0
506	5.0
508	3.5
509	5.0
511	3.5
514	5.0
515	4.5
516	3.5
517	1.0
518	2.0
523	5.0
524	3.0
527	5.0
529	5.0
534	5.0
537	4.0
538	4.0
539	3.5
540	3.0
543	3.0
550	2.0
553	2.0
556	2.5
574	2.5
586	4.0
587	3.5
588	4.0
589	5.0
590	4.0
592	5.0
593	1.5
594	4.0
595	4.5
596	3.0
597	3.5
599	4.5
605	3.5
608	4.0
610	3.0
635	5.0
647	2.0
648	2.5
665	5.0
673	2.0
691	1.5
695	2.0
697	2.0
708	1.0
718	3.5
719	3.5
728	4.0
733	2.5
736	2.0
750	5.0
760	2.5
780	2.0
781	3.0
785	1.0
786	3.0
788	1.0
802	3.5
804	3.0
838	5.0
848	4.0
852	4.0
858	5.0
866	4.5
892	4.5
898	4.0
899	5.0
902	5.0
903	4.5
904	3.5
905	5.0
908	5.0
909	4.5
910	4.0
911	3.5
912	5.0
913	4.0
914	5.0
915	5.0
916	5.0
919	4.0
920	4.0
921	4.0
923	5.0
924	4.5
926	3.0
928	4.5
930	5.0
932	3.0
933	5.0
934	3.0
936	4.0
940	5.0
941	4.0
942	4.0
943	4.5
945	5.0
946	4.0
947	4.5
948	5.0
950	4.0
951	5.0
952	2.0
953	3.0
955	3.0
965	5.0
969	4.0
986	4.0
991	4.5
994	2.5
999	3.5
1008	3.0
1010	1.0
1011	2.0
1012	3.0
1016	1.0
1017	3.5
1018	1.0
1019	4.0
1020	3.0
1022	4.0
1025	4.0
1027	1.0
1028	3.0
1029	3.0
1034	3.0
1035	3.0
1036	4.0
1041	5.0
1047	4.0
1050	4.5
1060	3.5
1064	4.0
1077	3.0
1078	3.0
1079	1.0
1080	4.5
1081	3.0
1082	5.0
1083	3.0
1084	5.0
1085	4.0
1086	4.0
1088	4.0
1089	3.5
1090	1.5
1091	3.5
1092	2.5
1094	4.0
1095	5.0
1096	4.0
1097	5.0
1101	4.0
1103	4.0
1104	5.0
1113	4.0
1124	3.5
1125	2.0
1126	5.0
1127	3.0
1129	2.0
1130	3.0
1131	4.0
1132	4.0
1135	4.0
1136	5.0
1150	5.0
1167	3.0
1171	2.5
1172	4.0
1176	4.0
1177	4.5
1183	4.5
1184	2.0
1186	4.5
1187	5.0
1188	4.0
1190	4.5
1191	0.5
1193	4.0
1196	4.0
1197	4.0
1198	3.5
1199	3.0
1201	3.5
1203	2.0
1204	5.0
1207	3.0
1208	3.0
1209	3.0
1210	3.0
1213	5.0
1214	5.0
1217	4.0
1218	2.0
1219	5.0
1220	3.0
1221	4.5
1222	2.5
1224	5.0
1225	4.0
1226	5.0
1230	4.0
1231	5.0
1233	5.0
1234	4.0
1235	1.0
1237	4.0
1238	4.0
1240	3.5
1242	5.0
1244	3.0
1246	4.0
1247	4.0
1248	5.0
1249	5.0
1250	4.0
1252	4.0
1253	5.0
1262	4.5
1263	3.0
1265	5.0
1266	4.5
1268	3.5
1269	4.5
1270	4.0
1271	4.0
1272	5.0
1275	1.0
1276	5.0
1277	5.0
1278	5.0
1281	3.0
1282	3.0
1283	4.5
1285	5.0
1286	4.0
1287	3.0
1289	3.0
1291	2.0
1293	4.0
1295	4.0
1296	3.0
1297	3.0
1298	0.5
1299	2.0
1302	3.0
1303	4.5
1307	5.0
1333	4.0
1345	4.0
1346	4.0
1354	4.5
1358	4.0
1365	4.0
1370	3.5
1371	2.0
1374	4.0
1375	3.0
1376	4.5
1378	4.0
1380	1.0
1385	4.5
1387	5.0
1392	4.0
1393	5.0
1394	5.0
1395	3.5
1396	5.0
1399	4.0
1408	5.0
1409	3.0
1422	3.5
1441	4.0
1446	5.0
1457	4.0
1459	3.0
1465	4.0
1466	4.0
1475	4.0
1480	5.0
1484	4.5
1485	3.0
1487	3.0
1498	5.0
1500	4.0
1513	3.0
1517	3.0
1527	5.0
1537	4.0
1541	3.5
1542	3.0
1552	1.0
1556	0.5
1566	5.0
1569	3.5
1580	4.0
1587	2.5
1588	4.0
1589	4.0
1593	3.5
1594	4.0
1597	1.5
1605	2.5
1608	3.0
1610	4.0
1614	1.0
1617	5.0
1620	2.0
1625	4.0
1629	3.5
1633	4.0
1635	2.5
1639	5.0
1641	4.0
1643	5.0
1646	3.5
1658	2.0
1660	3.0
1663	4.0
1672	3.5
1673	5.0
1674	4.0
1676	3.5
1678	5.0
1680	1.5
1683	4.0
1687	2.5
1689	2.5
1693	3.5
1694	5.0
1701	4.0
1704	4.5
1711	4.0
1719	5.0
1721	4.0
1722	3.5
1727	4.0
1729	4.0
1730	4.0
1732	2.0
1735	3.5
1747	4.5
1748	3.5
1769	5.0
1783	1.0
1784	4.0
1792	3.5
1794	4.0
1797	4.0
1799	3.5
1801	2.0
1804	3.5
1805	5.0
1809	3.5
1810	4.0
1816	4.0
1834	2.0
1835	5.0
1836	3.5
1845	5.0
1855	3.0
1858	3.0
1866	2.5
1875	2.0
1876	4.0
1883	5.0
1884	1.0
1885	3.0
1888	2.5
1892	3.5
1894	4.0
1897	4.5
1904	5.0
1907	4.5
1912	5.0
1914	4.0
1917	3.0
1923	2.5
1929	2.0
1934	4.0
1940	4.0
1944	5.0
1947	2.0
1948	2.5
1949	3.0
1950	5.0
1951	1.0
1952	3.0
1953	4.0
1954	5.0
1955	3.0
1956	5.0
1957	3.0
1958	3.5
1959	3.0
1960	4.0
1961	3.0
1962	5.0
1963	3.5
1964	4.0
1965	4.5
1966	4.0
1968	4.0
1982	5.0
2000	3.0
2003	3.5
2006	4.0
2012	3.0
2013	3.5
2017	3.0
2018	4.0
2019	5.0
2020	5.0
2023	5.0
2024	4.5
2028	5.0
2054	2.0
2058	3.5
2065	3.0
2068	3.5
2070	5.0
2071	4.0
2076	3.0
2077	3.0
2085	3.0
2087	3.0
2096	5.0
2100	5.0
2105	1.0
2106	2.0
2108	5.0
2112	5.0
2115	2.0
2116	1.0
2124	3.0
2125	5.0
2126	2.5
2130	4.0
2133	3.0
2135	1.0
2139	2.0
2144	3.5
2145	3.0
2146	1.0
2150	4.0
2154	2.5
2155	4.0
2165	3.0
2166	5.0
2171	5.0
2174	5.0
2178	4.0
2181	2.0
2183	3.0
2184	2.0
2186	3.5
2188	2.5
2193	4.5
2194	4.0
2212	1.0
2231	3.0
2236	3.0
2243	5.0
2245	4.0
2247	3.0
2248	5.0
2249	3.5
2252	4.0
2253	1.0
2259	3.5
2262	4.5
2263	5.0
2266	1.5
2268	4.0
2272	4.0
2273	3.0
2278	3.5
2289	5.0
2290	3.5
2294	4.0
2297	2.0
2302	5.0
2303	4.0
2306	3.0
2312	5.0
2313	3.0
2316	2.0
2318	3.0
2321	3.0
2325	3.5
2331	2.0
2333	3.0
2336	4.0
2340	3.0
2349	4.0
2352	4.0
2353	1.0
2357	5.0
2359	2.5
2366	4.0
2369	3.5
2370	3.5
2378	1.0
2395	4.0
2396	5.0
2398	5.0
2403	2.0
2404	3.0
2406	4.0
2407	3.0
2416	4.0
2420	5.0
2421	3.0
2424	5.0
2427	5.0
2432	4.0
2433	3.0
2435	5.0
2436	3.5
2443	4.0
2445	3.5
2467	2.0
2468	3.0
2469	5.0
2470	3.5
2473	3.0
2474	3.0
2476	4.0
2478	1.5
2485	3.0
2490	3.5
2492	2.5
2496	2.5
2498	2.0
2502	3.5
2518	4.0
2520	3.5
2521	2.0
2527	2.0
2528	2.5
2529	2.0
2539	1.0
2542	4.0
2546	1.0
2558	2.0
2561	2.0
2563	5.0
2565	5.0
2567	4.0
2570	4.0
2571	4.5
2572	4.0
2575	5.0
2580	3.5
2583	4.0
2594	5.0
2598	3.0
2599	5.0
2605	3.5
2611	4.5
2613	4.0
2615	1.5
2618	4.0
2622	2.0
2628	2.0
2633	3.0
2640	4.0
2641	3.5
2642	2.0
2648	3.0
2670	3.5
2671	5.0
2672	4.5
2683	2.0
2687	4.0
2688	2.0
2690	5.0
2692	5.0
2696	2.0
2700	4.0
2701	1.5
2706	3.5
2709	3.0
2716	5.0
2717	2.5
2720	1.0
2724	4.0
2728	4.0
2730	4.5
2732	5.0
2745	5.0
2746	1.0
2759	3.0
2762	5.0
2763	5.0
2764	0.5
2769	3.0
2770	2.0
2771	3.5
2779	4.0
2782	3.0
2788	3.0
2791	3.5
2797	5.0
2801	3.5
2803	1.5
2805	2.0
2819	4.0
2826	2.5
2828	1.5
2852	4.0
2858	3.5
2859	5.0
2861	5.0
2862	0.5
2866	3.0
2870	4.0
2871	4.0
2872	5.0
2881	4.0
2883	4.5
2889	4.0
2890	5.0
2891	3.5
2899	3.0
2905	4.0
2906	4.0
2912	4.5
2915	5.0
2916	3.0
2917	4.0
2918	4.0
2919	5.0
2921	5.0
2922	3.0
2929	5.0
2935	5.0
2936	4.0
2937	5.0
2942	0.5
2943	3.5
2944	5.0
2947	3.5
2948	3.0
2949	2.5
2950	2.0
2951	3.0
2956	4.0
2959	5.0
2968	4.0
2971	5.0
2978	4.0
2983	2.0
2985	1.5
2987	3.0
2989	3.0
2991	4.0
2993	1.5
2996	5.0
2997	5.0
3004	2.0
3006	4.0
3008	4.5
3022	4.0
3028	4.0
3030	4.5
3033	3.0
3035	3.5
3036	2.0
3037	5.0
3039	4.0
3044	3.5
3052	2.5
3060	5.0
3062	4.0
3066	3.5
3067	4.0
3068	5.0
3070	3.0
3071	5.0
3072	5.0
3074	5.0
3079	5.0
3081	3.5
3082	3.0
3087	4.0
3088	3.0
3091	5.0
3095	5.0
3097	4.5
3098	5.0
3100	4.0
3104	3.0
3105	4.0
3108	4.5
3114	4.0
3115	4.0
3120	3.5
3129	4.0
3135	3.5
3145	3.0
3152	3.0
3160	4.5
3167	3.0
3169	4.0
3173	4.0
3175	2.5
3176	4.0
3186	4.5
3196	2.0
3197	3.0
3198	3.5
3206	1.0
3210	4.0
3225	3.5
3238	2.5
3244	4.0
3247	3.0
3252	4.0
3253	3.0
3255	3.5
3256	4.0
3257	3.5
3259	3.0
3260	3.0
3261	4.0
3263	5.0
3264	1.0
3265	3.5
3269	3.5
3270	4.0
3296	3.0
3298	4.0
3300	4.5
3301	2.5
3308	3.0
3317	4.5
3326	2.0
3328	4.0
3334	5.0
3341	4.0
3342	4.5
3347	5.0
3359	3.0
3360	5.0
3361	5.0
3362	5.0
3363	3.5
3365	5.0
3384	4.5
3385	2.0
3396	2.5
3404	4.0
3405	3.0
3408	5.0
3418	3.5
3420	2.0
3421	4.0
3424	2.0
3426	4.0
3441	3.5
3448	3.0
3450	3.0
3451	3.0
3467	4.0
3468	3.0
3471	4.0
3476	3.0
3478	4.0
3479	3.0
3481	3.0
3494	3.0
3501	4.0
3504	5.0
3505	4.0
3506	3.0
3507	3.5
3508	5.0
3512	3.5
3516	2.5
3519	1.5
3524	2.0
3525	2.5
3526	4.5
3528	2.0
3529	3.0
3534	4.0
3535	3.0
3536	3.5
3538	4.0
3543	4.0
3545	5.0
3548	3.0
3552	3.0
3555	3.5
3565	3.5
3566	4.0
3576	4.0
3578	4.5
3591	4.0
3623	2.0
3624	3.5
3629	5.0
3633	1.0
3634	4.0
3638	1.5
3649	3.5
3654	2.0
3671	3.5
3675	4.5
3681	3.5
3682	2.0
3683	4.0
3684	4.0
3685	4.5
3698	4.0
3699	4.0
3702	2.5
3703	3.0
3707	3.5
3710	3.5
3717	3.0
3724	2.0
3728	3.5
3729	4.0
3730	5.0
3733	4.0
3735	4.5
3742	5.0
3744	3.0
3753	3.0
3754	1.0
3760	0.5
3766	2.0
3769	2.0
3784	3.5
3786	1.5
3791	2.5
3809	3.5
3811	5.0
3812	4.0
3814	2.0
3819	3.5
3827	2.0
3835	4.0
3836	5.0
3841	3.0
3852	5.0
3861	2.5
3868	3.0
3871	5.0
3879	4.0
3882	4.0
3893	3.5
3897	4.0
3915	5.0
3916	4.0
3925	3.5
3932	3.5
3948	3.0
3950	4.0
3952	3.5
3959	5.0
3967	5.0
3968	2.5
3969	4.5
3978	2.0
3983	5.0
3985	3.0
3987	4.0
3992	5.0
3994	5.0
3996	5.0
3998	4.0
4002	5.0
4003	5.0
4005	3.5
4007	4.0
4011	4.0
4014	4.0
4015	2.5
4017	4.0
4018	3.5
4019	4.0
4022	5.0
4023	4.0
4025	3.5
4027	5.0
4029	3.5
4031	4.0
4033	5.0
4034	5.0
4041	3.5
4047	4.0
4055	5.0
4062	3.5
4063	3.5
4067	2.0
4069	2.5
4080	4.0
4085	4.0
4086	3.5
4091	4.0
4117	4.0
4121	4.0
4132	3.5
4144	5.0
4149	2.0
4167	2.5
4207	4.0
4211	5.0
4214	3.0
4223	3.5
4225	1.0
4228	4.0
4231	4.0
4234	2.0
4246	4.0
4262	5.0
4285	4.5
4292	4.0
4299	4.0
4306	3.5
4310	2.5
4317	3.5
4318	4.0
4321	2.5
4322	3.5
4326	2.5
4327	4.5
4329	4.5
4339	3.5
4345	2.5
4349	3.0
4359	4.5
4361	4.0
4372	3.5
4380	4.0
4381	4.0
4406	4.0
4424	3.5
4432	5.0
4443	3.5
4447	4.0
4448	4.0
4464	5.0
4467	5.0
4474	3.0
4478	3.0
4489	4.5
4499	4.0
4502	2.5
4506	4.0
4526	3.0
4535	3.5
4545	3.0
4558	3.0
4571	3.5
4572	2.0
4577	4.5
4587	2.0
4613	3.0
4623	4.0
4639	2.0
4654	1.0
4661	4.0
4677	3.5
4679	5.0
4681	3.0
4700	1.5
4705	4.5
4710	3.0
4713	5.0
4718	4.0
4727	3.5
4756	2.5
4776	4.0
4799	2.5
4802	5.0
4809	3.0
4812	3.0
4815	2.5
4816	4.5
4823	3.5
4835	4.0
4855	2.0
4874	3.0
4880	4.0
4881	3.0
4886	3.5
4889	4.0
4890	3.0
4896	4.5
4901	3.5
4911	4.5
4912	3.0
4932	3.0
4941	3.5
4954	1.0
4956	5.0
4958	2.0
4963	2.0
4967	4.0
4969	3.0
4971	5.0
4973	4.0
4976	4.0
4978	4.0
4979	3.5
4990	4.5
4992	3.0
4993	4.0
4995	4.5
5008	5.0
5010	5.0
5013	4.0
5014	3.0
5015	5.0
5016	3.5
5017	4.0
5021	3.0
5025	3.5
5026	4.0
5034	5.0
5040	1.0
5049	3.0
5051	4.0
5060	3.0
5065	4.5
5074	3.5
5081	5.0
5120	4.0
5135	4.5
5147	4.0
5151	3.5
5152	3.5
5214	3.0
5218	2.0
5225	5.0
5237	3.0
5247	3.5
5266	4.0
5267	5.0
5282	3.5
5292	3.0
5299	4.0
5303	4.5
5308	4.0
5316	4.0
5319	3.5
5349	3.5
5364	4.0
5377	5.0
5378	1.5
5380	3.0
5388	4.0
5400	1.5
5415	4.0
5418	5.0
5438	3.0
5445	4.0
5450	4.0
5459	3.5
5464	4.0
5470	2.0
5500	4.0
5502	4.5
5505	4.0
5524	4.0
5541	2.0
5544	4.0
5548	4.5
5553	4.0
5572	4.0
5574	4.5
5577	4.5
5611	3.0
5617	4.0
5669	4.5
5673	2.5
5693	5.0
5707	4.5
5712	3.0
5747	4.5
5772	4.5
5791	3.5
5804	3.5
5816	4.0
5876	3.5
5890	4.0
5899	5.0
5902	4.5
5943	4.0
5945	3.5
5952	3.5
5954	4.0
5955	4.0
5957	4.0
5989	4.5
5995	4.5
6016	5.0
6059	4.5
6062	4.0
6104	2.0
6155	3.0
6156	0.5
6183	3.5
6188	3.0
6213	2.0
6218	5.0
6238	5.0
6239	4.0
6266	2.5
6270	4.0
6281	3.5
6287	2.0
6301	5.0
6322	3.0
6331	4.0
6367	2.0
6370	4.5
6373	4.0
6377	4.0
6378	3.5
6385	4.0
6428	5.0
6461	4.5
6538	3.0
6539	4.0
6565	4.0
6617	3.0
6618	2.5
6620	3.5
6636	5.0
6645	4.0
6658	3.0
6663	2.0
6708	3.5
6711	4.5
6724	3.5
6753	3.0
6764	3.5
6777	3.0
6785	5.0
6786	3.5
6787	5.0
6791	5.0
6807	2.0
6808	5.0
6832	2.0
6863	5.0
6867	4.0
6870	5.0
6873	3.5
6881	5.0
6936	1.0
6942	4.0
6944	3.0
6947	3.5
6950	4.0
6953	4.0
6954	5.0
6959	2.5
6974	3.5
6979	4.0
6993	5.0
7004	4.0
7007	1.5
7008	4.0
7017	4.0
7018	3.0
7023	5.0
7027	2.0
7028	3.0
7036	3.0
7046	5.0
7072	5.0
7076	3.5
7084	2.0
7089	5.0
7090	4.5
7091	3.5
7101	5.0
7102	3.0
7104	3.0
7121	3.5
7132	4.0
7137	3.5
7139	5.0
7143	2.5
7149	4.0
7151	5.0
7153	3.5
7154	3.5
7155	3.5
7156	5.0
7158	4.0
7161	3.5
7162	3.5
7215	4.5
7228	2.0
7247	3.5
7255	4.0
7256	5.0
7263	4.5
7265	2.5
7285	4.5
7293	4.0
7323	4.5
7346	4.0
7348	4.0
7361	4.5
7366	2.5
7380	3.5
7386	3.0
7419	3.0
7444	3.5
7445	3.0
7454	3.0
7458	5.0
7460	2.5
7502	5.0
7569	3.0
7618	4.5
7619	3.0
7669	5.0
7698	4.0
7706	3.5
7925	4.5
7980	4.5
7983	3.5
8014	3.5
8183	4.0
8207	5.0
8340	4.0
8361	4.0
8366	4.0
8368	3.0
8370	4.0
8371	3.0
8464	5.0
8493	4.0
8526	2.5
8529	4.0
8530	4.0
8542	3.5
8610	3.0
8622	5.0
8623	5.0
8636	3.5
8638	5.0
8640	3.5
8641	2.5
8645	4.5
8665	5.0
8666	3.5
8783	3.5
8784	2.5
8798	4.5
8810	2.5
8866	4.0
8873	3.5
8874	3.5
8916	4.0
8937	4.0
8949	4.0
8951	4.0
8966	4.0
8969	2.0
8970	4.5
8972	4.5
8974	4.5
8977	2.5
8981	3.5
9018	4.0
25788	4.0
26084	3.5
26131	5.0
26133	3.0
26152	1.0
26555	2.5
27721	4.5
27727	4.5
27741	4.0
27773	3.5
27808	3.5
27831	3.0
27846	4.0
30707	4.5
30749	5.0
30793	3.0
30812	4.0
30820	4.0
30822	4.0
30850	4.5
30898	3.0
31225	3.5
31420	3.0
31694	4.0
31878	4.0
32019	2.0
32596	2.0
32598	2.5
33004	2.5
33154	4.5
33162	2.5
33166	5.0
33660	4.0
33679	3.5
33794	4.5
33903	4.0
34048	4.0
34072	3.5
34162	4.0
34336	2.0
34338	2.5
34405	5.0
34437	3.5
34528	3.0
35836	4.5
36517	3.5
36519	4.0
36525	3.0
36535	4.0
37382	3.5
37733	3.5
37741	4.0
38038	3.0
38061	4.5
38798	4.5
39231	2.5
39292	3.5
39414	3.5
40278	4.5
40583	4.0
40629	4.5
40815	4.0
40819	4.5
41566	3.5
41573	4.5
41716	2.5
41863	4.0
41997	3.5
42007	3.0
42418	4.5
43936	4.0
44004	3.5
44195	3.5
44555	4.0
45431	3.5
45720	5.0
45722	3.5
46578	4.5
46850	3.5
46976	4.0
47044	4.0
47099	4.5
47629	3.5
47644	4.5
48394	4.5
48516	3.5
48783	4.0
49272	3.0
49286	2.5
49772	5.0
49822	3.0
49824	4.0
50685	4.0
51077	2.0
51080	3.5
51084	3.5
51935	4.0
52435	5.0
52973	4.0
53123	4.5
54286	4.5
54997	1.5
55052	2.0
55094	4.0
55267	4.0
55276	4.5
55280	4.5
55442	4.0
55768	3.0
55820	4.5
55995	4.0
56152	3.5
56174	3.5
56333	4.0
56367	5.0
56775	3.5
56782	4.0
56788	4.0
56949	3.0
57669	4.0
58047	3.5
58154	4.0
58303	5.0
59018	4.0
59315	4.0
59369	2.5
59615	3.0
60069	4.5
60074	3.0
60126	3.5
60487	3.0
60950	2.5
61132	4.0
61323	4.0
62155	4.5
62434	3.0
63082	5.0
63876	2.5
64497	1.0
64614	4.0
64957	3.5
65216	4.0
65642	4.0
66665	4.0
67087	4.0
67255	4.0
67267	4.0
68157	4.0
68954	4.5
69122	3.5
69406	4.0
69481	4.5
69757	5.0
70183	3.5
70286	4.5
70293	3.5
71156	1.5
71211	2.5
71518	4.0
71535	3.5
71579	4.0
72011	4.0
72641	4.5
72720	3.5
72733	3.0
72998	5.0
73017	4.0
73023	3.5
73323	4.0
74510	4.0
74795	2.5
77561	3.5
77866	4.5
78499	3.5
78574	5.0
79091	2.5
79242	4.0
79293	3.0
80463	5.0
80549	4.0
81591	4.0
81845	4.5
81932	4.5
82202	3.0
82459	5.0
84374	5.0
84954	2.0
86882	4.0
87869	2.5
88163	4.0
88405	4.0
88810	4.0
89470	5.0
89492	4.0
89753	3.5
89864	5.0
89904	4.0
91077	4.5
91535	4.5
91542	5.0
91658	3.5
92259	5.0
94959	4.5
95088	5.0
96079	4.0
96821	3.0
97304	4.0
97306	4.0
97921	4.0
97923	4.0
98154	5.0
98809	4.0
98961	5.0
102125	3.5
104374	4.0
105504	4.5
106489	4.0
106916	4.0
112183	4.5
112290	4.0
112852	3.0
116797	4.5
