1	4.0
2	2.0
3	2.0
5	3.0
6	4.0
7	3.0
10	3.0
11	3.0
14	3.0
15	1.0
16	4.0
17	3.0
19	2.0
21	3.0
22	2.0
25	2.0
26	3.0
28	4.5
30	4.0
32	4.0
34	5.0
35	4.0
36	4.0
39	4.0
40	3.0
41	4.0
43	4.0
45	4.0
46	3.0
47	4.0
50	5.0
52	3.0
55	3.0
57	3.0
58	4.0
62	3.0
68	4.0
70	2.0
76	2.0
85	4.0
86	3.0
94	3.0
95	3.0
99	3.0
100	3.0
110	1.0
111	4.5
117	4.0
121	5.0
132	1.0
135	2.0
141	3.0
150	5.0
151	4.0
153	2.0
154	4.0
155	4.0
157	1.0
158	3.0
160	1.0
161	3.0
162	4.0
164	3.0
165	3.0
168	2.0
171	4.0
172	1.0
173	2.0
185	3.0
196	2.0
198	3.0
199	4.0
206	2.0
208	3.0
213	4.0
215	4.0
218	3.0
223	4.0
225	3.0
229	3.0
230	3.0
231	3.0
232	3.0
233	5.0
235	4.0
236	3.0
237	3.0
247	4.0
249	2.0
252	3.0
253	2.0
257	3.0
260	3.0
261	3.0
262	4.0
265	3.0
266	1.0
272	4.0
277	2.0
280	3.0
282	3.0
292	3.0
293	2.0
296	4.0
299	4.0
300	4.0
302	4.5
306	5.0
307	4.0
308	4.0
314	4.0
316	1.0
317	3.0
318	4.0
319	4.0
322	4.0
326	5.0
329	4.0
334	4.0
337	3.0
339	4.0
344	2.0
345	4.0
346	4.0
348	3.0
349	4.0
350	2.0
353	1.0
356	2.0
357	4.0
363	4.0
364	4.0
367	4.0
368	1.0
370	4.0
372	2.0
373	4.0
377	4.0
379	2.0
380	3.0
383	4.0
407	1.0
412	4.0
422	3.0
423	3.0
425	3.0
428	4.0
434	3.0
436	2.0
440	4.0
441	3.0
442	1.0
446	4.0
452	4.0
454	2.0
457	5.0
461	3.0
464	4.0
468	3.0
469	2.0
471	3.0
474	4.0
475	4.0
480	3.0
481	4.0
492	3.0
494	3.0
495	4.0
497	4.0
500	3.0
501	5.0
506	4.0
508	3.0
509	5.0
514	3.0
515	4.0
517	3.0
521	3.0
527	4.5
529	4.0
531	4.0
534	4.0
535	4.0
537	3.0
538	4.0
539	4.0
540	1.0
541	5.0
549	4.0
553	2.0
555	3.0
556	4.0
581	4.0
585	3.0
586	3.0
587	2.0
588	3.0
589	4.0
590	2.0
592	4.0
593	4.0
594	3.0
595	4.5
597	2.0
599	5.0
608	5.0
615	5.0
628	4.0
635	3.0
637	2.0
647	4.0
648	3.0
653	3.0
668	5.0
670	5.0
671	3.0
674	3.0
678	3.0
691	1.0
695	4.0
708	4.0
719	2.0
728	4.0
731	4.0
733	4.0
736	3.0
737	3.0
748	4.0
750	5.0
760	3.0
762	2.0
778	4.0
780	3.0
782	2.0
785	3.0
786	3.0
788	4.0
800	5.0
804	2.0
818	2.0
830	2.0
832	3.0
838	3.0
849	2.0
852	4.0
858	4.0
861	3.0
866	4.0
880	1.0
882	4.0
892	3.0
899	5.0
900	4.0
902	3.0
903	5.0
904	4.0
908	5.0
909	5.0
910	5.0
911	4.0
912	5.0
913	4.0
914	4.0
915	4.0
918	4.0
919	3.0
920	2.0
922	5.0
924	5.0
926	4.0
929	3.0
930	3.0
931	1.0
933	4.0
936	4.0
940	4.0
941	4.0
942	4.0
950	4.0
952	3.0
965	3.0
969	4.0
986	4.0
990	2.0
991	2.0
994	4.0
999	3.0
1003	3.0
1019	4.0
1028	3.0
1035	1.0
1036	4.0
1041	4.0
1046	2.0
1047	2.0
1049	3.0
1050	4.0
1054	3.0
1057	3.0
1059	3.0
1069	4.0
1077	4.0
1078	4.0
1080	5.0
1081	3.0
1082	4.0
1083	3.0
1084	4.0
1086	3.0
1088	3.0
1089	4.0
1090	3.0
1092	4.0
1093	4.0
1094	4.0
1095	4.5
1096	4.0
1097	2.0
1101	2.0
1104	4.0
1111	4.0
1125	3.0
1127	4.0
1129	4.0
1131	5.0
1132	5.0
1136	5.0
1147	4.0
1150	4.0
1162	4.0
1171	3.0
1172	3.0
1173	4.0
1175	3.0
1176	5.0
1178	4.0
1179	5.0
1183	5.0
1184	4.0
1185	3.0
1186	5.0
1187	4.0
1189	4.5
1190	4.0
1191	3.0
1193	4.0
1194	3.0
1196	4.0
1197	4.0
1198	4.0
1199	5.0
1200	3.0
1201	4.0
1203	4.0
1204	5.0
1206	4.0
1207	4.0
1208	4.5
1209	4.0
1210	2.0
1211	5.0
1212	5.0
1213	5.0
1214	4.0
1215	2.0
1217	5.0
1218	4.0
1219	5.0
1220	4.0
1221	5.0
1222	4.5
1224	4.0
1225	4.0
1227	3.0
1228	5.0
1230	4.0
1231	4.0
1232	5.0
1233	5.0
1234	3.0
1235	5.0
1236	4.0
1237	5.0
1240	4.0
1242	4.0
1243	4.0
1244	5.0
1245	5.0
1247	4.0
1248	4.0
1249	3.0
1250	5.0
1251	5.0
1252	5.0
1253	4.0
1254	4.5
1260	4.0
1262	4.0
1263	3.0
1264	3.0
1265	5.0
1266	5.0
1267	4.0
1269	4.0
1270	4.0
1271	3.0
1272	4.0
1273	4.0
1274	3.0
1275	1.0
1276	3.0
1277	4.0
1278	4.0
1279	3.0
1280	5.0
1282	4.0
1283	4.0
1284	4.0
1285	3.0
1286	4.0
1287	3.0
1289	4.5
1291	3.0
1292	4.0
1293	3.0
1295	5.0
1296	4.0
1299	3.0
1300	4.5
1303	4.0
1304	4.5
1305	3.0
1306	4.0
1307	4.0
1320	4.0
1334	2.0
1339	1.0
1343	3.0
1344	4.0
1345	4.0
1356	5.0
1358	2.0
1370	4.0
1371	3.0
1372	4.0
1373	2.0
1374	4.0
1375	4.0
1376	5.0
1377	3.0
1378	2.0
1380	1.0
1387	4.0
1390	2.0
1391	1.0
1392	4.0
1393	4.0
1394	5.0
1395	3.0
1396	3.0
1401	2.0
1404	3.0
1407	1.0
1408	4.0
1409	3.0
1411	5.0
1414	4.0
1422	2.0
1449	4.0
1459	3.0
1466	4.0
1476	1.0
1479	1.0
1480	4.0
1483	2.0
1485	3.0
1498	3.0
1499	3.0
1500	4.0
1513	3.0
1517	3.0
1518	4.0
1527	3.0
1541	3.0
1544	2.0
1550	2.0
1554	3.0
1556	2.0
1562	2.0
1566	3.0
1569	2.0
1573	2.0
1580	3.0
1584	5.0
1586	3.0
1587	3.0
1588	3.0
1589	3.0
1590	1.0
1591	2.0
1594	4.0
1597	2.0
1603	4.0
1608	3.0
1610	4.0
1611	3.0
1614	4.0
1615	5.0
1616	3.0
1617	4.0
1619	4.0
1620	2.0
1625	4.0
1627	2.0
1633	4.0
1635	4.0
1639	4.0
1641	3.0
1643	4.0
1644	1.0
1648	4.0
1649	4.0
1653	4.0
1658	3.0
1665	4.0
1672	3.0
1673	4.0
1674	4.0
1678	3.0
1680	3.0
1682	5.0
1683	4.0
1686	3.0
1689	3.0
1690	3.0
1693	4.0
1694	4.0
1701	3.0
1704	3.0
1711	2.0
1719	5.0
1721	2.0
1722	3.0
1726	1.0
1729	4.0
1730	5.0
1732	4.0
1735	2.0
1747	4.0
1748	4.0
1752	3.0
1769	4.0
1779	1.0
1783	2.0
1784	4.0
1785	3.0
1792	3.0
1801	1.0
1805	4.0
1806	2.0
1810	3.0
1816	3.0
1821	3.0
1831	1.0
1834	4.0
1835	3.0
1840	4.0
1841	4.0
1845	3.0
1862	1.0
1875	3.0
1876	4.0
1882	3.0
1883	4.0
1884	3.0
1885	4.0
1892	3.0
1894	3.0
1897	4.0
1907	3.0
1909	3.0
1911	2.0
1912	5.0
1913	4.0
1914	3.0
1916	4.0
1917	2.0
1918	1.0
1923	4.0
1927	4.0
1945	4.0
1947	4.0
1948	4.0
1949	4.5
1950	4.0
1951	4.0
1952	4.0
1953	4.0
1954	3.0
1955	3.0
1956	4.0
1957	4.0
1959	2.0
1960	3.0
1961	3.0
1963	4.0
1964	4.0
1965	3.0
1966	4.0
1994	3.0
2000	3.0
2001	2.0
2002	2.0
2006	3.0
2009	3.0
2011	2.0
2012	3.0
2013	2.0
2019	5.0
2020	5.0
2021	3.0
2022	4.0
2023	2.0
2024	4.0
2028	4.0
2058	4.0
2064	4.0
2066	5.0
2067	4.0
2068	5.0
2071	4.0
2076	4.0
2080	4.0
2081	4.0
2088	3.0
2096	2.0
2100	3.0
2108	4.5
2109	4.0
2110	4.0
2112	3.0
2115	2.0
2116	3.0
2117	4.0
2118	4.0
2124	3.0
2125	3.0
2130	5.0
2132	5.0
2153	1.0
2159	4.0
2160	4.0
2161	4.0
2166	4.0
2173	4.0
2174	4.0
2176	3.0
2178	3.0
2181	4.0
2182	3.0
2183	4.0
2184	3.0
2186	5.0
2194	3.0
2202	4.0
2203	4.0
2206	2.0
2208	4.0
2231	4.0
2239	4.0
2243	4.0
2245	3.0
2249	4.0
2252	2.0
2268	3.0
2273	2.0
2278	4.0
2288	4.0
2289	4.0
2290	4.0
2294	4.0
2297	2.0
2300	4.0
2302	3.0
2303	3.0
2306	2.0
2311	2.0
2312	3.0
2318	4.5
2321	3.0
2322	3.0
2324	4.0
2333	4.0
2336	4.0
2340	2.0
2344	3.0
2346	4.0
2348	4.0
2349	4.0
2351	4.0
2352	3.0
2353	4.0
2355	4.0
2359	4.0
2366	2.0
2370	4.0
2376	2.0
2377	3.0
2384	4.0
2390	4.0
2391	4.0
2395	4.0
2396	5.0
2401	4.0
2402	1.0
2403	2.0
2405	4.0
2406	3.0
2407	2.0
2409	2.0
2424	3.0
2427	4.0
2431	1.0
2433	4.0
2439	5.0
2467	4.0
2469	4.0
2470	4.0
2471	3.0
2474	4.0
2475	3.0
2476	3.0
2488	4.0
2496	3.0
2501	4.0
2520	1.0
2524	3.0
2528	3.0
2529	4.0
2539	4.0
2541	3.0
2551	4.0
2553	4.0
2554	3.0
2561	4.0
2565	3.0
2571	2.0
2572	3.0
2581	3.0
2583	3.0
2599	4.0
2605	3.0
2616	3.0
2617	3.0
2622	4.0
2640	3.0
2641	3.0
2642	1.0
2657	4.0
2662	4.0
2668	3.0
2670	4.0
2671	4.0
2683	2.0
2688	3.0
2699	2.0
2707	4.0
2712	4.0
2726	5.0
2728	4.0
2729	3.0
2730	4.0
2731	5.0
2732	3.0
2735	3.0
2739	4.0
2745	4.0
2750	4.0
2757	4.0
2759	4.0
2761	3.0
2762	4.0
2763	3.0
2764	2.0
2770	4.0
2779	4.0
2788	4.0
2797	4.0
2802	3.0
2803	2.0
2805	3.0
2806	1.0
2819	4.0
2828	2.0
2852	3.0
2858	5.0
2862	1.0
2863	4.0
2866	4.0
2871	5.0
2872	5.0
2890	4.0
2905	4.0
2916	4.0
2917	4.0
2919	4.0
2920	5.0
2921	4.0
2922	3.0
2925	5.0
2929	4.0
2932	4.0
2935	4.0
2941	4.0
2942	2.0
2943	4.0
2944	4.0
2946	3.0
2951	4.0
2952	4.0
2956	3.0
2967	4.0
2968	4.0
2969	3.0
2970	3.0
2971	4.0
2983	4.0
2985	3.0
2987	4.0
2988	4.0
2989	3.0
2990	3.0
3011	4.0
3020	3.0
3030	5.0
3035	4.0
3037	5.0
3040	2.0
3044	4.0
3045	4.0
3052	4.0
3060	4.0
3062	4.0
3066	3.0
3067	4.0
3068	4.0
3070	4.0
3075	4.5
3087	4.0
3088	3.0
3091	4.5
3093	5.0
3094	4.0
3098	3.0
3099	4.0
3100	4.0
3101	3.0
3104	4.0
3111	3.0
3130	2.0
3134	5.0
3152	5.0
3153	4.0
3168	3.0
3169	3.0
3198	3.0
3200	4.0
3206	3.0
3208	2.0
3219	2.0
3224	5.0
3244	2.0
3246	4.0
4424	4.0
5060	5.0
6155	2.5
6156	3.0
6184	4.0
6187	2.5
6213	2.5
6235	4.0
6238	3.5
6286	5.0
6301	3.5
6303	4.0
6305	3.5
6377	4.0
6440	4.0
6484	3.5
6564	1.5
