1	4.0
2	3.5
11	2.0
14	4.0
16	4.0
17	5.0
21	5.0
24	3.0
34	4.0
36	5.0
39	4.0
43	4.0
48	3.0
50	5.0
57	2.0
58	5.0
62	5.0
82	3.0
95	3.0
105	3.0
110	5.0
111	5.0
125	3.0
141	2.0
150	5.0
151	4.0
161	4.0
164	4.0
165	4.0
187	4.0
208	3.0
235	4.0
246	4.5
256	4.0
260	5.0
265	3.0
272	4.0
277	5.0
281	4.0
292	4.0
294	4.0
296	4.0
299	4.0
300	5.0
314	2.0
318	5.0
329	4.0
345	4.0
349	4.0
351	4.0
356	5.0
357	4.0
364	4.0
367	3.0
368	4.0
376	4.0
377	4.0
380	4.0
382	4.0
431	4.0
434	4.0
438	4.0
440	5.0
454	4.0
455	4.0
457	5.0
468	4.0
474	4.0
475	4.0
480	4.5
491	4.0
494	4.0
500	4.0
508	5.0
515	4.0
527	5.0
529	5.0
531	5.0
534	4.5
538	3.0
539	3.0
541	5.0
586	3.0
587	4.0
588	4.0
589	4.0
590	5.0
593	4.5
608	5.0
648	4.0
678	4.5
708	4.0
733	4.0
736	4.0
750	4.0
780	3.0
785	3.0
786	4.0
788	3.0
800	5.0
830	3.0
852	2.0
858	5.0
914	3.0
919	4.0
924	3.0
953	4.0
986	5.0
994	4.0
1020	4.5
1028	4.0
1035	4.0
1036	3.0
1041	4.5
1049	5.0
1077	4.0
1078	4.0
1082	5.0
1084	4.0
1088	3.0
1090	4.0
1093	4.0
1094	2.0
1096	5.0
1097	5.0
1100	4.0
1101	4.0
1124	4.0
1127	4.0
1136	2.0
1147	5.0
1172	5.0
1177	4.5
1183	4.0
1185	5.0
1187	4.0
1188	4.5
1193	5.0
1196	4.0
1197	3.0
1198	5.0
1200	4.0
1201	4.0
1203	4.0
1207	5.0
1208	3.0
1210	3.0
1213	1.0
1214	4.0
1219	5.0
1221	5.0
1225	5.0
1228	5.0
1230	4.0
1231	4.0
1233	5.0
1234	5.0
1235	3.0
1240	5.0
1242	5.0
1246	4.0
1247	5.0
1249	4.0
1250	5.0
1252	5.0
1253	5.0
1258	4.0
1262	5.0
1263	5.0
1265	5.0
1266	4.0
1267	5.0
1269	4.0
1270	5.0
1271	4.5
1272	5.0
1276	5.0
1278	5.0
1283	4.5
1287	5.0
1291	4.0
1293	5.0
1295	3.0
1296	4.0
1302	4.5
1303	4.5
1304	5.0
1307	3.0
1321	4.5
1333	5.0
1345	4.0
1346	4.0
1356	4.0
1357	3.0
1358	5.0
1363	4.0
1366	2.0
1371	3.0
1372	4.0
1373	4.0
1374	5.0
1375	4.0
1376	5.0
1377	4.0
1385	4.0
1387	5.0
1391	3.0
1393	3.0
1396	4.0
1408	5.0
1446	4.0
1459	4.0
1466	4.0
1479	3.0
1500	4.0
1517	1.0
1527	3.0
1537	5.0
1544	3.0
1573	4.0
1580	3.0
1584	4.0
1587	4.0
1589	4.0
1597	4.0
1610	4.0
1616	4.0
1617	5.0
1619	4.0
1633	4.0
1639	3.0
1641	4.5
1643	4.0
1660	4.0
1663	4.0
1674	5.0
1678	2.0
1682	3.0
1683	4.5
1693	5.0
1704	4.0
1719	4.0
1721	5.0
1722	4.0
1727	4.0
1730	3.0
1732	2.0
1747	2.0
1777	4.0
1784	4.0
1792	4.0
1794	3.0
1810	4.5
1821	3.0
1835	2.0
1840	2.0
1876	3.0
1883	4.0
1912	4.0
1914	3.0
1923	1.0
1944	4.5
1947	4.0
1949	4.0
1950	5.0
1951	4.0
1952	4.0
1953	5.0
1954	4.5
1955	5.0
1956	5.0
1957	5.0
1958	4.0
1959	3.0
1961	5.0
1962	4.0
1964	4.0
1968	4.0
1994	4.0
1997	5.0
2000	5.0
2001	4.0
2002	4.0
2006	4.0
2011	4.0
2019	4.0
2020	4.0
2021	1.0
2023	4.0
2028	4.0
2058	4.0
2064	2.5
2067	5.0
2070	5.0
2094	4.0
2100	5.0
2108	2.5
2109	4.0
2112	4.0
2115	4.0
2117	4.0
2125	4.0
2144	4.0
2146	4.0
2150	4.0
2159	1.0
2171	3.0
2194	4.0
2245	4.5
2268	5.0
2272	3.0
2278	4.0
2288	5.0
2289	1.0
2291	5.0
2302	4.5
2313	4.0
2321	4.5
2324	4.0
2331	3.0
2334	4.0
2335	3.0
2336	4.5
2352	4.5
2353	4.0
2355	4.0
2357	4.5
2371	4.0
2390	4.0
2391	4.0
2393	3.0
2394	4.0
2396	5.0
2398	4.0
2403	4.0
2406	4.5
2407	4.0
2424	4.0
2427	3.5
2431	3.0
2447	4.0
2469	4.0
2470	4.5
2474	4.0
2476	3.0
2496	4.0
2501	5.0
2502	2.0
2527	4.0
2528	4.0
2529	4.5
2539	4.0
2570	5.0
2571	3.0
2572	3.0
2581	4.0
2599	2.0
2605	3.5
2616	3.0
2618	4.0
2628	3.0
2640	4.0
2641	4.0
2657	4.0
2664	5.0
2671	4.0
2692	3.0
2707	4.0
2716	5.0
2717	3.0
2724	3.0
2728	4.0
2739	3.0
2745	4.0
2746	3.0
2761	4.0
2762	3.0
2763	4.0
2764	4.0
2770	2.0
2779	5.0
2797	5.0
2803	2.0
2819	5.0
2852	4.0
2858	5.0
2861	3.0
2863	4.0
2871	5.0
2915	5.0
2916	4.0
2917	4.0
2918	5.0
2919	5.0
2922	4.0
2929	4.0
2932	4.0
2942	4.0
2944	4.0
2946	4.0
2947	4.0
2948	4.0
2949	4.0
2951	4.0
2966	3.5
2971	4.0
2983	5.0
2985	4.0
2987	4.0
2991	4.0
2993	4.0
2997	4.0
3006	5.0
3020	4.0
3029	4.0
3035	4.0
3037	5.0
3039	4.5
3044	4.0
3062	4.0
3068	4.0
3071	4.0
3072	2.0
3074	5.0
3078	4.0
3079	3.0
3082	4.0
3098	4.0
3099	4.0
3100	4.0
3104	5.0
3105	4.0
3107	3.0
3108	3.0
3111	5.0
3114	4.5
3125	4.0
3135	4.0
3147	4.0
3148	5.0
3152	4.5
3157	2.0
3167	4.0
3168	4.5
3173	4.0
3175	4.0
3176	4.0
3178	5.0
3186	5.0
3194	4.0
3196	4.5
3198	4.5
3200	4.5
3201	5.0
3206	4.0
3244	4.5
3247	4.0
3250	5.0
3251	4.0
3252	4.0
3253	2.0
3255	5.0
3256	4.0
3260	4.0
3263	3.0
3269	4.0
3271	4.5
3296	4.0
3317	4.0
3330	4.0
3347	5.0
3358	4.0
3359	4.0
3360	5.0
3361	4.0
3362	4.5
3363	5.0
3384	4.5
3408	5.0
3418	4.0
3420	4.0
3421	5.0
3430	4.0
3448	3.0
3461	4.0
3467	4.0
3468	5.0
3471	5.0
3481	3.0
3489	4.0
3494	4.0
3498	5.0
3504	4.0
3505	4.0
3506	4.0
3508	4.0
3510	4.0
3524	4.0
3526	3.0
3527	4.0
3528	3.0
3551	5.0
3552	4.0
3555	4.0
3578	5.0
3608	4.0
3614	4.0
3615	4.0
3623	4.0
3624	3.0
3638	4.0
3654	4.5
3681	4.0
3685	4.5
3699	5.0
3701	4.0
3730	4.0
3733	4.5
3735	5.0
3751	4.0
3753	4.0
3755	3.0
3763	4.0
3770	4.0
3789	4.5
3831	4.0
3836	5.0
3852	3.0
3893	4.0
3897	4.0
3911	3.0
3916	4.0
3948	4.0
3952	4.0
3967	4.0
3969	4.0
3978	4.0
3980	3.0
3983	4.0
3984	4.0
3986	3.0
3996	4.0
3998	3.5
4008	4.0
4014	5.0
4017	3.0
4019	4.0
4020	2.0
4022	4.0
4023	4.0
4025	4.0
4027	4.0
4031	3.0
4033	4.0
4034	4.5
4041	4.0
4056	4.0
4085	4.5
4187	5.0
4223	4.0
4225	4.0
4226	2.0
4232	2.0
4234	3.0
4238	4.0
4246	4.0
4262	4.5
4280	5.0
4306	4.0
4321	4.0
4322	4.0
4327	4.5
4361	5.0
4370	3.0
4381	4.0
4447	4.0
4499	5.0
4564	5.0
4641	4.0
4643	4.0
4710	4.5
4809	4.5
4815	4.0
4816	3.0
4823	4.0
4855	4.0
4874	4.0
4880	4.0
4886	5.0
4890	3.5
4896	4.0
4901	4.0
4903	3.0
4963	4.0
4973	4.0
4976	3.0
4978	4.0
4979	2.0
4992	4.0
4993	4.0
4995	4.0
5010	3.5
5014	4.0
5049	5.0
5055	4.5
5060	5.0
5120	4.5
5222	4.0
5267	4.0
5282	3.0
5293	2.0
5299	4.0
5303	3.5
5316	3.0
5319	4.0
5349	4.0
5377	4.0
5378	4.0
5389	4.0
5391	3.0
5400	4.0
5417	4.5
5418	4.0
5445	5.0
5446	4.0
5464	4.0
5479	4.0
5506	4.0
5572	3.0
5685	3.0
5791	4.0
5804	4.0
5876	4.0
5881	3.5
5902	4.0
5944	3.0
5945	4.0
5952	4.0
5955	4.0
5956	4.0
5989	4.0
5991	3.0
5992	4.0
5995	4.5
6059	4.0
6188	2.5
6216	4.5
6218	4.5
6297	4.0
6299	3.0
6303	4.5
6322	4.0
6377	3.5
6378	4.0
6385	4.5
6534	4.0
6537	4.0
6539	4.5
6565	4.0
6617	4.0
6620	3.5
6639	4.5
6708	4.0
6711	3.5
6753	3.5
6787	4.5
6863	5.0
6867	4.0
6870	2.5
6942	4.0
6947	4.0
6979	4.5
7090	3.5
7137	4.0
7139	4.5
7143	4.0
7147	4.0
7151	4.0
7153	4.5
7155	4.0
7162	3.5
7173	3.5
7256	4.0
7263	4.0
7325	3.5
7346	3.5
7361	3.0
7373	4.0
7458	4.0
7618	4.0
7698	4.5
8183	4.0
8207	5.0
8360	4.5
8361	4.0
8368	4.0
8376	2.5
8464	3.0
8528	2.0
8636	4.5
8638	3.0
8665	4.0
8781	4.0
8784	4.5
8798	4.5
8873	4.0
8880	4.5
8910	1.0
8937	4.5
8949	4.0
8958	4.0
8961	4.5
8966	4.0
8970	4.0
8981	2.5
8984	3.0
27790	4.0
27878	3.5
30707	4.5
30749	4.5
30812	4.0
30820	4.0
30822	4.0
30898	4.0
32029	3.5
33166	4.5
33493	3.5
33660	4.5
33669	4.5
33794	4.5
34048	4.0
34162	4.0
34405	4.0
35836	3.5
36525	4.0
37733	4.0
37741	4.5
38798	4.0
39183	4.0
39292	4.0
40629	4.0
40819	4.0
41285	4.0
41566	4.0
41569	4.0
41573	4.0
41863	4.0
41997	4.0
42004	4.0
43396	4.5
44191	4.0
44199	4.0
44555	4.5
44709	4.5
45028	3.0
45210	4.0
45517	4.5
45722	3.0
45950	4.0
46578	4.0
46976	4.0
47044	3.5
47099	3.5
47610	4.5
47629	4.0
48385	4.0
48516	5.0
48696	4.5
48738	4.5
48774	3.5
49272	4.0
49530	4.5
49651	4.0
50068	4.5
50685	3.0
50872	4.0
51080	4.0
51540	4.5
51662	3.5
51935	4.0
52241	4.0
52722	3.5
52973	4.0
53123	4.0
53125	2.5
53550	4.5
53894	4.5
53956	4.0
53972	4.0
53996	3.5
54001	3.5
54259	4.0
54286	4.0
54503	3.5
54997	4.0
55052	4.0
55069	3.0
55094	4.0
55118	4.0
55276	4.0
55280	4.0
55290	4.0
55363	4.0
55765	4.5
55820	4.0
56152	4.0
56367	4.5
56587	4.0
56757	2.0
56775	4.0
56782	3.5
56788	4.0
57640	4.0
57669	4.0
58295	4.5
58303	4.5
58559	4.5
59018	4.5
59315	4.5
59784	4.0
60069	4.0
60684	3.5
60766	3.5
60950	4.0
61024	3.5
61132	3.5
61323	4.0
62155	3.5
62374	4.0
63082	4.5
63876	4.5
64614	4.0
64620	4.5
64622	4.0
64839	4.0
64957	4.5
67087	4.5
67267	4.0
67734	4.0
68157	4.0
68237	4.0
68358	4.5
68954	4.5
69122	4.5
69481	3.5
69757	4.0
70286	4.0
70293	4.5
71033	4.5
71464	3.0
71579	4.0
72011	4.0
72641	4.5
72733	4.0
72998	4.0
73017	4.5
73023	4.0
74545	4.0
76077	2.0
76093	4.5
77561	4.0
78209	3.5
78499	5.0
78574	3.5
79091	4.0
79132	4.5
79242	4.0
79592	3.5
79702	3.0
80463	4.0
80489	4.0
80549	4.0
81229	4.0
81562	4.0
81788	3.5
81845	4.5
81847	4.0
81932	4.5
82459	4.0
84392	4.0
85414	4.0
86833	4.0
86882	4.0
87306	4.0
87869	2.5
88125	4.0
88129	2.0
88163	4.0
88744	4.0
88810	4.0
89492	4.0
89864	4.5
89904	4.5
90866	4.0
91077	4.5
91529	4.5
91658	4.5
92259	4.5
97304	4.0
97913	4.5
97921	4.5
97938	4.5
98154	5.0
98809	4.0
98961	4.0
102123	3.0
102125	3.5
102445	4.0
103042	3.5
103249	4.0
