1	0.5
2	0.5
8	0.5
10	2.0
12	5.0
13	0.5
19	2.0
34	0.5
44	3.0
48	0.5
63	4.0
69	0.5
88	3.0
104	0.5
107	1.0
135	1.0
216	0.5
223	0.5
231	2.0
258	0.5
260	4.0
267	1.5
296	5.0
317	0.5
333	3.0
344	1.5
355	0.5
356	1.5
362	0.5
367	0.5
370	5.0
455	0.5
466	4.5
480	1.0
500	0.5
520	4.5
546	0.5
575	0.5
616	0.5
661	0.5
673	1.0
780	2.5
784	1.0
788	0.5
810	0.5
919	0.5
924	5.0
1005	0.5
1015	0.5
1020	0.5
1022	0.5
1029	0.5
1073	0.5
1089	4.5
1091	0.5
1097	0.5
1136	4.5
1196	4.0
1197	5.0
1198	4.0
1206	5.0
1210	4.0
1214	5.0
1222	5.0
1258	5.0
1265	0.5
1270	1.0
1274	1.5
1278	4.0
1288	1.5
1291	4.0
1391	0.5
1485	1.5
1517	3.0
1566	0.5
1580	0.5
1588	0.5
1590	3.0
1592	0.5
1676	4.0
1682	5.0
1688	0.5
1702	0.5
1721	0.5
1753	0.5
1777	0.5
1831	1.5
1907	0.5
1911	0.5
1917	0.5
1920	0.5
1974	3.0
2011	1.0
2012	1.0
2018	0.5
2036	1.5
2042	0.5
2054	0.5
2060	2.5
2080	0.5
2081	0.5
2082	0.5
2083	0.5
2085	0.5
2087	0.5
2092	0.5
2109	4.5
2123	0.5
2137	0.5
2232	3.5
2288	5.0
2294	0.5
2296	1.0
2302	0.5
2313	5.0
2335	1.0
2402	2.0
2403	1.5
2423	0.5
2455	4.0
2502	3.5
2555	0.5
2571	3.0
2617	2.0
2628	0.5
2683	3.0
2700	4.5
2701	1.5
2709	1.0
2716	0.5
2723	1.0
2761	0.5
2791	5.0
2792	2.5
2907	2.0
2916	5.0
2953	0.5
2959	4.5
3020	4.0
3033	2.0
3034	0.5
3052	0.5
3114	0.5
3146	1.5
3157	0.5
3177	0.5
3253	1.0
3275	3.5
3489	0.5
3535	5.0
3552	0.5
3623	2.5
3624	3.0
3646	0.5
3688	0.5
3702	3.5
3703	3.0
3745	0.5
3751	0.5
3753	3.5
3754	0.5
3785	2.0
3799	0.5
3826	1.0
3868	5.0
3869	5.0
3916	0.5
3948	0.5
3949	5.0
3955	0.5
3988	0.5
3991	0.5
4002	0.5
4011	4.0
4015	0.5
4016	0.5
4039	0.5
4104	2.0
4105	2.5
4226	4.0
4247	0.5
4248	0.5
4270	1.0
4299	3.0
4306	0.5
4340	0.5
4368	0.5
4386	0.5
4388	2.0
4447	0.5
4571	0.5
4678	4.0
4719	0.5
4732	1.0
4734	0.5
4744	0.5
4748	0.5
4816	2.5
4878	4.5
4886	0.5
4890	0.5
4896	2.0
4963	0.5
4974	2.0
4979	0.5
4993	0.5
5010	3.5
5047	5.0
5064	4.0
5103	0.5
5110	1.5
5218	0.5
5219	0.5
5349	0.5
5378	2.0
5401	1.0
5418	3.0
5419	0.5
5444	0.5
5449	0.5
5459	0.5
5481	3.0
5500	5.0
5507	0.5
5541	4.5
5572	0.5
5621	0.5
5650	2.5
5785	1.5
5810	0.5
5816	0.5
5903	3.5
5942	0.5
5952	0.5
6013	0.5
6156	3.0
6157	0.5
6188	1.0
6287	0.5
6297	0.5
6333	0.5
6373	0.5
6377	0.5
6383	0.5
6482	0.5
6503	0.5
6534	0.5
6535	0.5
6539	0.5
6541	1.5
6564	0.5
6565	0.5
6593	0.5
6615	1.5
6618	3.0
6754	0.5
6807	4.0
6857	3.0
6863	0.5
6874	4.5
6888	4.0
6934	0.5
6936	0.5
6957	0.5
7022	5.0
7099	4.0
7143	1.0
7147	3.5
7150	1.0
7153	0.5
7161	0.5
7247	0.5
7254	0.5
7293	0.5
7317	1.0
7318	0.5
7324	0.5
7325	0.5
7360	1.0
7373	0.5
7438	4.5
7439	0.5
7454	1.5
7458	1.0
7502	5.0
8361	0.5
8368	0.5
8371	3.5
8376	2.0
8464	0.5
8528	1.5
8531	0.5
8636	0.5
8641	2.5
8644	1.5
8665	2.0
8783	0.5
8807	0.5
8810	0.5
8814	1.5
8861	0.5
8865	1.0
8907	0.5
8917	3.5
8957	0.5
8961	0.5
8965	0.5
8972	0.5
8984	0.5
27660	2.0
27773	5.0
27801	3.0
30749	4.0
30793	0.5
30810	0.5
30825	0.5
31685	0.5
31878	4.0
32017	0.5
32031	0.5
32587	5.0
33004	3.5
33493	0.5
33615	0.5
33646	0.5
33679	0.5
34048	0.5
34150	0.5
34162	0.5
34520	0.5
35836	0.5
36401	0.5
36519	0.5
36529	3.0
37380	0.5
37384	0.5
37386	0.5
37729	0.5
37830	3.0
39446	0.5
39715	0.5
40339	0.5
40815	0.5
41566	0.5
41569	0.5
42723	2.0
42725	1.5
42734	0.5
42738	0.5
43836	0.5
43928	0.5
44022	0.5
44191	4.0
44665	3.0
44972	1.0
45186	2.0
45431	0.5
45447	0.5
45499	0.5
45517	0.5
45666	0.5
45672	0.5
45722	0.5
45728	0.5
46530	0.5
46578	0.5
46948	0.5
46970	1.5
46972	0.5
47518	1.0
47997	5.0
48322	1.5
48385	3.0
48516	4.5
48877	0.5
49272	3.0
49274	0.5
49396	0.5
50794	0.5
50872	0.5
51091	0.5
51255	0.5
51662	2.0
51935	4.0
52245	1.0
52281	3.0
52435	0.5
52722	0.5
52973	0.5
53121	0.5
53125	0.5
53322	0.5
53519	1.0
53996	1.5
54272	0.5
54281	0.5
54286	1.0
54503	2.0
54648	0.5
54881	0.5
54995	0.5
54997	2.0
54999	0.5
55232	0.5
55995	0.5
56174	1.5
56251	3.0
56757	1.0
56775	0.5
56801	0.5
57368	0.5
57528	1.0
57640	0.5
57669	3.5
58025	1.0
58162	0.5
58559	4.5
58803	1.0
58998	0.5
59022	0.5
59315	1.0
59369	1.5
59615	0.5
59784	0.5
59900	0.5
60040	0.5
60069	1.0
60072	0.5
60074	0.5
60126	0.5
60161	3.0
60684	5.0
60756	0.5
61024	1.5
61132	1.0
61248	1.0
62336	3.0
62394	2.0
62434	0.5
62956	3.0
63131	0.5
63859	0.5
63992	0.5
64030	1.0
64614	3.5
64716	0.5
64957	1.0
64969	0.5
65216	3.5
65230	0.5
65514	4.5
65682	0.5
66297	4.0
66934	3.5
67087	3.0
67408	0.5
67734	0.5
68157	5.0
68319	0.5
68358	3.0
68954	0.5
69122	0.5
69306	2.0
69481	3.0
69784	1.0
69844	0.5
70286	0.5
70336	0.5
71135	3.0
71379	0.5
71535	0.5
71838	1.0
72378	0.5
72998	4.0
73017	1.0
73321	0.5
76077	2.0
76093	3.5
76175	1.5
76251	3.5
76293	0.5
78105	1.0
78209	0.5
78499	0.5
78772	0.5
79091	0.5
79132	3.5
79592	1.5
79695	0.5
79702	4.0
80219	0.5
80463	1.5
80549	1.5
81229	0.5
81537	0.5
81834	0.5
82461	2.5
83134	3.5
83613	1.0
84772	0.5
85510	2.0
85774	4.0
86332	2.0
86880	0.5
86911	0.5
87222	0.5
87232	0.5
87430	0.5
87520	0.5
88125	0.5
88140	2.0
89745	3.0
91500	3.0
91542	0.5
91630	1.0
93510	1.0
93840	1.5
94864	1.0
95441	0.5
95510	1.0
95875	0.5
96737	3.0
99114	5.0
102123	0.5
102445	1.0
103228	4.0
103249	0.5
103253	1.0
103772	0.5
106072	2.0
106487	1.0
106782	0.5
108932	3.5
109487	4.5
110102	3.0
111362	2.0
111759	3.0
112175	3.5
112852	3.5
