1	4.0
6	5.0
7	2.5
10	3.0
11	2.5
12	2.0
15	2.0
19	3.5
21	2.5
22	2.0
34	3.0
39	2.5
44	2.0
47	4.0
48	2.5
50	3.0
66	1.5
70	3.0
95	2.5
110	4.5
141	3.0
145	3.0
150	3.5
151	3.0
153	2.0
161	4.0
163	2.5
165	2.5
168	2.0
172	2.5
173	2.0
185	2.0
204	3.0
208	2.5
231	3.0
253	4.5
260	3.5
288	2.5
292	2.5
293	4.0
296	4.0
303	3.0
315	2.0
316	3.0
318	5.0
329	2.0
344	3.5
349	3.0
350	3.0
353	3.5
356	4.5
357	3.5
364	3.5
367	3.5
368	2.0
370	2.0
374	2.0
377	3.0
379	2.0
380	3.0
383	3.0
393	0.5
405	1.5
420	2.0
434	2.5
442	2.0
454	3.0
457	4.0
466	2.0
474	2.5
480	3.5
485	2.0
500	2.0
520	3.0
527	5.0
541	3.5
544	2.0
548	2.0
551	3.0
552	2.0
553	3.5
586	2.5
589	5.0
590	3.0
592	3.0
593	3.5
595	3.5
597	3.0
599	4.0
608	3.0
648	3.5
704	2.0
733	4.0
736	2.0
737	1.5
745	4.0
760	3.5
778	2.5
780	2.5
784	2.0
786	2.0
788	1.5
798	2.0
802	2.0
832	2.5
858	4.5
924	2.0
996	2.5
1027	2.5
1036	4.0
1037	2.5
1047	2.0
1059	3.5
1079	4.0
1080	4.0
1090	3.0
1092	2.0
1094	3.0
1097	3.0
1100	2.5
1101	3.5
1136	4.0
1148	4.0
1193	4.0
1196	4.5
1197	2.5
1198	4.5
1200	4.0
1201	5.0
1204	4.0
1206	5.0
1208	3.0
1209	5.0
1210	4.0
1214	4.0
1215	3.5
1218	4.0
1220	3.5
1221	5.0
1222	4.5
1231	3.0
1233	4.0
1240	3.5
1246	3.5
1250	4.0
1255	2.5
1258	3.5
1262	4.0
1265	3.5
1266	3.0
1270	3.5
1274	3.0
1275	3.0
1283	3.5
1287	4.5
1291	4.5
1303	3.5
1304	4.0
1320	2.0
1333	4.0
1339	3.5
1343	2.5
1356	2.5
1357	3.5
1370	2.5
1377	3.0
1385	3.0
1387	4.0
1388	2.0
1391	2.0
1407	2.0
1408	4.0
1416	4.0
1425	2.0
1432	1.5
1479	2.0
1485	3.5
1499	2.0
1517	3.0
1527	3.5
1544	1.5
1552	2.5
1556	2.0
1562	1.5
1573	2.5
1580	3.0
1584	3.0
1586	2.0
1587	4.0
1590	2.0
1591	2.0
1597	3.0
1608	2.5
1610	4.0
1644	2.0
1645	3.5
1665	2.5
1676	4.5
1681	1.5
1682	4.0
1688	2.0
1690	3.0
1707	1.5
1717	2.0
1721	3.5
1722	2.5
1726	2.5
1760	1.0
1792	3.0
1801	2.5
1876	2.0
1882	1.5
1907	4.0
1909	2.0
1917	2.0
1918	2.0
1923	3.5
1924	2.0
1954	4.5
1974	2.0
1982	2.5
1997	2.5
2000	3.5
2001	2.5
2002	2.0
2006	2.0
2011	2.5
2012	2.0
2021	3.0
2023	3.5
2028	5.0
2054	1.5
2085	3.0
2094	2.0
2115	3.5
2126	3.0
2167	3.5
2174	2.0
2194	4.0
2231	4.0
2232	3.5
2268	3.5
2273	1.5
2288	4.0
2291	3.5
2294	2.0
2328	2.0
2329	5.0
2334	2.0
2336	3.5
2353	2.0
2355	3.0
2373	2.0
2376	2.0
2378	2.5
2379	2.0
2380	2.0
2381	0.5
2382	2.0
2383	0.5
2393	2.5
2394	2.0
2401	4.0
2402	3.0
2403	4.0
2404	3.5
2405	2.0
2406	3.0
2409	3.0
2410	2.0
2411	3.5
2412	1.5
2420	2.0
2427	2.0
2458	2.0
2467	4.0
2470	3.0
2471	3.0
2502	3.0
2513	3.5
2541	2.0
2571	5.0
2581	2.0
2605	1.5
2616	2.0
2617	3.0
2628	2.5
2640	3.0
2648	4.0
2683	3.0
2699	2.5
2700	3.5
2701	1.5
2706	2.0
2712	4.0
2716	3.0
2722	2.0
2728	4.0
2762	4.0
2763	2.0
2791	3.0
2792	2.0
2803	3.0
2808	2.0
2815	2.0
2826	2.0
2858	4.0
2862	1.5
2890	3.5
2916	3.5
2944	4.0
2947	4.0
2948	4.0
2949	3.5
2951	5.0
2953	2.0
2959	5.0
2985	3.5
2987	2.5
2989	3.0
2990	2.5
2991	2.5
2993	4.0
2997	4.0
3000	4.0
3066	3.5
3081	4.0
3082	2.5
3113	1.5
3114	4.0
3147	3.5
3168	2.5
3208	2.0
3246	3.5
3247	2.0
3253	2.5
3256	3.5
3257	2.0
3264	2.5
3265	4.0
3269	2.0
3273	2.0
3275	3.5
3300	3.5
3301	2.0
3355	3.5
3441	1.5
3444	2.0
3452	1.5
3527	4.0
3528	3.0
3535	4.0
3555	2.0
3578	5.0
3615	2.0
3617	2.0
3623	2.0
3624	2.0
3633	3.0
3635	3.0
3638	2.0
3639	2.5
3654	3.5
3681	5.0
3682	3.5
3697	2.0
3703	3.5
3704	2.5
3717	2.0
3751	3.5
3753	3.5
3785	2.0
3793	3.5
3809	3.5
3821	1.5
3826	2.0
3836	3.0
3868	3.0
3869	3.0
3871	2.5
3882	2.0
3910	2.0
3917	2.0
3918	2.0
3919	1.5
3948	2.5
3949	4.5
3950	3.0
3972	3.5
3977	3.5
3980	3.0
3984	3.5
3985	4.0
3986	2.0
3994	3.0
3996	4.0
3997	1.0
3999	2.0
4005	3.0
4011	2.0
4015	2.0
4018	2.5
4025	2.0
4027	3.5
4105	3.5
4148	2.0
4159	2.0
4223	3.0
4224	1.5
4226	4.5
4246	3.5
4265	2.0
4270	3.5
4299	3.0
4306	3.5
4308	4.5
4310	2.0
4329	3.5
4343	1.5
4344	2.0
4367	2.0
4369	2.0
4370	2.5
4388	2.0
4531	2.5
4558	3.0
4571	2.0
4638	1.5
4673	2.0
4682	2.5
4701	2.0
4718	2.0
4720	4.0
4756	2.0
4855	4.0
4865	3.5
4886	4.0
4887	2.0
4896	4.0
4958	2.5
4963	4.0
4973	4.0
4974	1.5
4992	2.5
4993	5.0
5010	5.0
5026	4.0
5047	1.0
5093	2.0
5107	3.0
5128	2.0
5152	3.5
5218	2.5
5219	3.0
5254	2.0
5266	2.0
5292	3.5
5299	2.5
5308	2.5
5309	2.0
5313	2.0
5349	4.0
5378	3.0
5387	2.0
5400	2.0
5418	4.5
5420	2.5
5445	4.0
5459	2.5
5463	1.5
5464	3.5
5481	3.0
5500	3.0
5502	2.5
5507	2.5
5574	3.0
5609	1.5
5621	2.0
5630	3.0
5679	4.0
5690	3.5
5810	4.0
5816	3.5
5872	2.5
5900	2.0
5903	4.0
5944	2.0
5952	5.0
5995	5.0
6059	2.5
6156	2.0
6157	2.5
6213	2.0
6218	2.5
6242	2.5
6281	3.5
6294	2.0
6323	4.0
6333	4.0
6365	2.5
6377	4.0
6378	3.5
6383	2.0
6502	3.0
6503	2.0
6534	2.0
6537	2.5
6539	5.0
6541	2.5
6548	3.0
6564	1.0
6595	2.0
6618	3.0
6662	3.0
6664	3.5
6709	2.0
6731	3.0
6754	2.5
6764	2.5
6793	2.0
6800	1.0
6807	4.0
6808	4.0
6832	3.0
6874	5.0
6880	1.5
6888	2.0
6934	3.0
6942	3.5
6947	4.0
6966	2.0
6996	1.5
7000	2.0
7004	2.0
7007	2.0
7022	4.0
7090	4.0
7099	4.0
7143	3.5
7153	5.0
7254	4.0
7293	2.5
7317	3.0
7325	3.0
7373	3.0
7386	3.5
7387	3.5
7438	4.0
7445	3.0
7454	3.0
7458	2.5
7569	4.0
7570	2.5
7573	3.0
7649	4.0
7842	3.0
7980	4.0
8340	2.5
8360	4.0
8361	2.5
8368	3.0
8371	2.5
8387	0.5
8464	4.0
8493	3.5
8528	2.0
8529	3.0
8636	4.0
8644	3.5
8665	4.5
8666	1.0
8781	2.5
8783	3.5
8798	5.0
8810	2.0
8861	3.0
8874	4.0
8957	3.5
8961	4.0
8969	3.0
8972	3.0
8977	3.0
8984	2.0
8985	1.0
27660	3.0
27801	3.0
27837	2.0
27904	3.5
30707	4.5
30793	4.0
30816	2.5
31221	1.5
31696	3.0
31804	2.5
31878	2.5
32019	2.0
32587	5.0
33162	2.5
33437	3.0
33493	3.0
33615	3.5
33794	4.0
34048	2.0
34150	2.5
34319	3.0
34405	2.0
34534	2.0
36401	1.5
36529	4.0
37240	4.0
37380	2.0
37382	3.0
37386	2.5
37731	3.0
37733	4.0
39446	2.0
40278	4.0
40583	4.0
40629	3.0
40815	2.5
41566	3.5
41569	3.0
41997	5.0
42723	2.0
42738	1.5
43919	0.5
43928	2.0
43936	2.5
44022	2.0
44191	3.5
44195	4.5
44555	4.0
44665	4.0
44788	4.0
44974	3.0
45186	4.0
45431	3.5
45447	2.0
45499	4.0
45517	4.0
45720	3.5
45722	3.0
45880	3.0
46322	4.0
46335	1.5
46965	3.0
46972	2.5
46974	2.0
47044	3.0
47099	4.0
47200	2.5
47610	4.0
47644	2.0
47999	3.5
48304	2.5
48385	4.5
48516	3.0
48738	3.5
48774	4.5
48780	4.0
48783	3.5
48877	1.5
48982	2.5
49272	4.5
49278	3.5
49286	2.0
49530	4.0
49649	2.0
49651	3.5
49822	3.0
49824	2.5
50068	4.0
50794	1.5
50872	3.0
51077	2.0
51086	3.0
51255	4.0
51412	1.5
51540	3.0
51662	5.0
51935	2.5
52328	4.0
52722	3.5
53000	3.0
53121	2.5
53123	3.5
53125	4.0
53322	3.0
53550	2.5
53972	2.5
53996	4.5
54001	2.5
54259	4.0
54272	3.0
54286	4.5
54736	3.0
54997	3.0
54999	3.5
55052	5.0
55118	4.0
55232	3.0
55282	2.0
55577	1.5
55765	3.5
55820	3.0
55830	2.5
55995	1.5
56156	2.5
56171	2.5
56174	4.0
56339	3.5
56367	3.5
56757	2.5
56775	2.0
56782	4.0
56801	2.0
56941	3.0
57368	2.5
57528	3.5
57640	3.0
58025	2.0
58103	3.0
58293	2.5
58559	3.5
59315	4.0
59369	3.5
59387	4.0
59615	3.5
59784	3.0
60037	2.0
60040	2.5
60069	4.0
60072	3.0
60684	3.5
60756	2.0
60937	2.0
61132	2.5
61160	2.0
61236	2.5
61248	1.5
62394	2.0
62999	3.0
63082	2.0
63113	3.0
63131	3.0
63859	3.0
63992	2.0
64497	2.0
64614	4.0
64839	3.0
64957	3.0
64983	3.0
65216	2.5
65682	2.0
66203	2.0
67197	2.0
68157	4.0
68319	3.0
68358	3.0
68554	3.0
68791	3.5
69122	4.0
69306	2.5
69481	3.5
69526	3.5
69640	3.0
69644	3.0
69757	3.0
69784	1.5
69844	3.0
70183	2.5
70286	3.0
70336	2.0
71057	4.5
71156	3.0
71254	2.0
71264	3.0
71379	2.0
71530	2.0
71535	3.5
71838	2.0
72378	2.0
72407	2.5
72998	2.0
73017	3.5
73268	2.0
73321	3.0
74795	2.5
76093	3.0
76175	2.5
76251	3.5
76293	2.5
77561	4.0
77866	3.5
78105	3.0
78469	3.0
79057	2.0
79132	5.0
79185	2.5
79293	2.0
79695	2.5
79702	3.5
81591	5.0
82461	2.5
85510	4.0
87232	2.5
