1	2.5
2	3.0
6	4.0
10	3.5
16	4.0
19	3.0
20	2.0
21	3.0
22	3.5
25	3.5
31	3.0
32	4.0
34	3.0
39	2.0
44	2.0
47	4.0
48	0.5
50	4.0
63	3.0
70	3.0
88	2.5
95	2.0
101	3.5
104	3.5
110	3.5
111	4.5
112	3.5
145	2.0
150	3.5
153	3.0
158	1.0
163	3.0
165	2.5
166	0.5
168	0.5
170	2.5
173	1.5
175	4.0
180	4.0
185	2.5
196	2.5
216	3.0
223	3.0
231	3.5
235	4.0
253	3.0
256	2.0
260	4.0
267	2.0
277	2.5
293	3.5
296	4.0
300	3.5
317	1.0
318	3.5
333	3.5
337	3.5
344	3.5
353	4.0
355	2.0
356	4.0
364	3.5
367	2.0
374	1.5
377	2.5
379	2.5
380	3.5
413	2.5
435	1.5
441	3.5
442	3.0
457	3.5
480	3.5
485	2.0
491	3.0
493	3.0
494	3.0
500	3.0
519	2.0
541	4.0
543	3.5
546	2.0
551	3.5
552	2.0
555	3.5
562	3.5
586	3.5
587	1.5
588	3.0
589	4.0
592	3.5
593	3.5
597	2.5
608	4.0
648	2.5
653	2.5
663	3.5
671	3.5
673	1.5
714	4.0
719	2.5
724	2.5
733	3.0
736	3.0
750	3.5
765	3.0
778	4.0
780	2.0
784	4.0
785	3.5
786	2.5
788	1.5
832	2.0
833	2.0
849	2.0
851	3.5
858	4.5
880	2.5
886	3.0
919	4.0
968	3.5
1019	3.0
1073	3.0
1089	4.0
1097	3.5
1129	3.0
1136	3.5
1175	4.0
1193	3.5
1196	4.0
1206	4.0
1208	4.0
1210	4.0
1213	4.0
1214	4.0
1222	4.5
1228	4.0
1230	4.0
1235	3.5
1240	3.5
1245	3.5
1258	4.0
1259	4.0
1261	4.0
1265	3.5
1270	3.5
1273	4.0
1278	3.5
1288	3.5
1298	3.5
1347	3.5
1348	3.0
1356	3.5
1377	3.5
1380	0.5
1391	3.0
1394	4.0
1407	2.5
1422	3.0
1429	3.5
1431	2.5
1441	3.5
1461	2.5
1464	3.5
1476	2.5
1485	2.5
1503	2.0
1515	2.5
1517	3.5
1527	3.5
1552	3.0
1573	2.0
1580	2.5
1584	3.5
1597	0.5
1608	3.5
1617	3.5
1625	3.5
1645	3.0
1673	4.0
1676	2.0
1682	4.0
1687	3.0
1721	3.0
1722	2.0
1729	4.0
1732	4.0
1735	3.5
1748	3.5
1754	3.5
1760	0.5
1777	3.0
1784	3.5
1792	3.0
1801	2.5
1805	2.5
1840	3.5
1876	0.5
1882	2.5
1884	4.5
1892	3.0
1895	2.5
1912	3.0
1916	3.5
1917	2.5
1921	4.0
1923	3.5
1952	3.5
1961	4.0
1973	2.5
1997	4.0
2001	2.0
2011	3.5
2012	3.0
2018	2.5
2021	4.0
2028	4.0
2046	3.0
2052	2.0
2054	3.0
2060	3.0
2072	3.0
2076	3.5
2082	2.5
2085	3.0
2088	1.5
2090	3.0
2109	4.0
2115	3.5
2119	3.0
2124	3.0
2169	1.0
2174	4.0
2194	3.0
2232	3.5
2273	2.5
2278	3.5
2288	4.0
2291	4.0
2296	1.5
2313	4.0
2318	4.0
2325	3.5
2329	4.0
2335	2.0
2353	1.5
2355	3.0
2375	2.5
2391	4.0
2395	4.5
2398	2.5
2402	3.0
2403	3.5
2404	3.5
2423	3.5
2427	3.5
2447	1.5
2455	3.5
2502	4.0
2539	3.0
2541	2.0
2549	2.0
2551	4.0
2571	4.0
2579	3.5
2580	3.0
2599	3.0
2617	2.5
2628	3.5
2640	4.0
2641	3.5
2642	3.5
2643	3.5
2683	2.5
2692	3.5
2693	3.5
2694	2.5
2699	2.5
2706	2.0
2710	3.0
2716	4.0
2717	3.0
2723	2.5
2730	3.5
2762	3.5
2763	3.0
2795	3.0
2797	3.0
2798	1.0
2804	3.5
2858	4.0
2890	4.0
2916	3.0
2918	3.5
2959	4.0
2976	4.0
2985	3.5
2986	3.0
2987	3.5
2997	4.0
3006	4.0
3007	3.5
3032	3.5
3033	3.0
3034	3.0
3081	3.5
3082	2.5
3087	3.0
3113	1.5
3114	1.0
3147	3.5
3160	4.5
3174	4.0
3175	2.5
3176	3.0
3178	3.0
3186	3.5
3210	3.0
3253	4.0
3255	3.0
3262	3.5
3265	3.5
3275	3.5
3285	3.5
3301	2.5
3316	2.0
3362	4.0
3409	2.0
3438	3.5
3439	3.0
3476	4.0
3477	3.0
3481	3.5
3484	2.0
3510	3.0
3535	4.5
3555	2.5
3556	3.5
3578	3.5
3608	3.5
3623	2.5
3638	3.5
3677	4.5
3717	2.0
3730	4.0
3741	3.5
3753	2.5
3785	1.5
3793	3.0
3798	3.5
3825	1.5
3836	3.5
3861	1.5
3863	3.0
3897	4.0
3910	4.0
3949	3.5
3959	3.5
3969	3.0
3972	3.5
3979	2.0
3988	2.5
3994	3.5
4002	3.5
4006	3.5
4010	2.5
4011	3.5
4022	3.5
4025	1.0
4034	4.0
4036	3.5
4054	2.0
4085	2.5
4103	3.5
4105	4.0
4148	3.5
4149	2.5
4210	3.0
4226	4.0
4239	4.0
4306	1.5
4321	3.0
4340	1.0
4344	2.5
4351	2.5
4370	3.5
4519	3.5
4526	2.5
4545	3.0
4558	1.5
4571	3.5
4641	2.5
4677	2.5
4713	3.5
4718	1.5
4728	1.0
4734	3.5
4744	3.0
4776	3.5
4816	3.5
4873	4.0
4874	3.0
4878	4.5
4881	4.0
4890	1.5
4899	1.0
4963	3.5
4973	4.0
4975	3.5
4979	4.5
4993	4.0
4994	3.5
4995	3.5
5010	4.0
5015	3.5
5047	2.0
5064	3.5
5111	3.0
5266	3.5
5293	3.5
5294	3.5
5298	4.0
5329	3.5
5349	3.5
5378	3.5
5379	4.0
5388	3.5
5418	3.5
5445	3.5
5449	2.0
5481	1.0
5502	3.5
5528	4.0
5540	3.0
5577	3.5
5608	3.5
5630	4.0
5669	3.0
5673	4.5
5679	3.0
5782	3.5
5810	2.5
5833	3.0
5881	4.0
5902	4.5
5903	3.5
5945	3.5
5952	4.0
5954	4.0
5956	4.5
5970	3.0
5971	3.0
5989	3.5
6001	4.0
6003	3.5
6016	4.5
6062	4.0
6157	1.5
6188	3.5
6250	3.5
6281	3.0
6296	3.5
6323	2.5
6333	3.0
6365	3.0
6373	2.5
6440	4.5
6502	3.5
6534	3.5
6537	2.5
6539	3.5
6548	2.0
6615	3.0
6617	3.0
6620	4.0
6659	3.5
6707	3.5
6708	3.5
6709	2.5
6711	4.5
6755	3.5
6774	3.5
6807	3.5
6863	3.5
6870	4.0
6873	3.5
6874	4.5
6879	3.0
6890	4.0
6934	2.5
6953	4.0
6957	3.5
7001	4.0
7004	2.5
7044	3.5
7090	4.0
7137	3.5
7143	3.5
7147	4.5
7153	4.5
7158	3.5
7160	3.5
7323	3.5
7347	3.0
7360	4.0
7361	4.5
7367	3.0
7373	3.5
7387	4.0
7438	4.5
7445	3.5
7802	4.0
7836	4.0
8169	3.0
8340	3.0
8360	3.0
8366	3.0
8370	4.0
8376	3.5
8464	4.0
8528	3.5
8622	3.5
8636	4.0
8641	3.5
8644	3.5
8665	3.5
8781	4.0
8783	3.0
8784	4.0
8798	4.0
8861	1.5
8874	4.0
8910	3.5
8914	4.5
8917	4.0
8949	4.0
8950	3.5
8958	3.5
8961	3.5
8965	3.0
8970	4.0
8972	2.5
8981	4.0
26152	3.5
26680	3.0
27773	4.0
27801	4.0
27838	4.0
27846	4.0
27904	4.0
30793	3.5
30810	4.5
30812	4.0
30820	3.5
31410	3.0
31696	3.0
32587	4.0
32598	1.0
33004	3.0
33162	3.5
33166	3.5
33171	4.0
33493	4.0
33660	4.0
33794	4.5
33834	4.0
33880	3.5
34048	3.5
34072	4.0
34323	4.0
34437	4.0
34542	3.5
35836	3.5
36517	4.0
37240	3.5
37733	4.0
37741	4.0
38061	3.5
38886	4.0
39231	3.0
39292	4.0
39381	4.0
39444	3.5
39446	3.5
40583	4.0
40732	3.5
40819	3.5
41566	2.5
41569	4.0
41997	4.0
42723	3.5
43679	4.0
44191	3.5
44199	3.5
44397	2.5
44761	4.5
44828	3.5
45186	4.0
45210	3.5
45447	3.5
46322	2.5
46335	0.5
46530	3.5
46578	3.5
46948	3.5
46967	3.5
47044	4.0
47423	4.0
47610	3.5
47999	4.0
48043	4.5
48082	3.5
48385	4.0
48394	4.0
48516	4.5
48774	4.0
48780	4.0
49272	3.5
49932	4.0
50872	3.5
51255	4.0
51540	3.5
52281	4.0
52328	4.5
52722	3.0
52973	3.5
53000	3.5
53996	3.0
54503	4.0
54995	4.0
55118	4.0
55247	3.5
55269	3.5
55820	5.0
56367	3.0
56757	4.0
56782	5.0
57368	3.5
58559	4.5
59315	4.0
59387	3.5
59615	3.0
60069	4.0
60684	4.0
60766	4.0
61240	4.5
61323	4.0
62511	4.0
63876	4.0
64839	4.5
64957	3.5
66665	3.5
67734	3.0
68157	4.0
68237	4.0
68358	4.0
68848	3.5
68952	4.0
68954	4.0
69122	4.0
69481	3.0
69757	3.0
70286	4.0
71211	4.0
71464	4.0
71745	4.0
72998	3.5
73017	3.5
74458	3.0
76251	3.5
77561	3.5
78499	3.5
79132	3.5
79592	3.0
79695	3.5
80219	3.5
