1	4.0
2	2.0
5	2.0
6	3.0
9	1.0
10	4.0
11	4.0
12	1.0
14	4.0
15	1.0
18	3.0
19	3.0
20	1.0
21	4.0
23	2.0
24	2.0
25	3.0
32	3.0
34	4.0
36	3.0
39	4.0
42	3.0
44	1.0
47	5.0
50	5.0
52	4.0
62	4.0
65	1.0
70	3.0
71	1.0
89	2.0
95	4.0
101	4.0
104	5.0
107	3.0
110	4.0
112	2.0
135	3.0
141	3.0
145	3.0
150	4.0
151	2.0
153	2.0
160	1.0
161	4.0
165	4.0
170	2.0
172	1.0
173	1.0
174	1.0
175	1.0
177	1.0
180	4.0
181	1.0
185	2.0
186	2.0
196	1.0
198	2.0
204	1.0
208	3.0
209	2.0
216	4.0
223	4.0
231	5.0
235	5.0
246	4.0
248	1.0
250	4.0
252	2.0
256	2.0
257	2.0
259	2.0
260	5.0
274	1.0
275	1.0
292	4.0
293	5.0
296	4.0
300	4.0
312	1.0
315	2.0
316	3.0
317	2.0
318	5.0
327	1.0
329	2.0
333	4.0
338	2.0
339	2.0
344	4.0
348	3.0
349	3.0
350	3.0
353	2.0
355	1.0
356	3.0
357	4.0
361	2.0
364	3.0
367	2.0
368	3.0
370	1.0
374	1.0
376	2.0
377	4.0
379	2.0
380	4.0
381	2.0
382	3.0
383	2.0
393	1.0
405	1.0
410	4.0
413	2.0
414	2.0
415	2.0
419	1.0
420	2.0
421	3.0
423	3.0
429	3.0
432	2.0
434	2.0
435	2.0
440	3.0
441	3.0
442	4.0
450	2.0
453	2.0
454	4.0
457	4.0
460	1.0
468	2.0
471	5.0
474	3.0
480	4.0
485	3.0
494	4.0
500	3.0
504	3.0
507	4.0
511	3.0
514	3.0
515	3.0
516	2.0
517	2.0
527	5.0
529	4.0
531	3.0
532	1.0
533	4.0
539	4.0
541	4.0
542	2.0
543	3.0
546	1.0
548	2.0
551	3.0
553	3.0
585	3.0
586	3.0
588	4.0
589	4.0
590	3.0
593	5.0
595	2.0
608	4.0
647	3.0
648	4.0
663	4.0
671	5.0
674	2.0
692	1.0
700	3.0
708	2.0
719	2.0
724	2.0
733	5.0
736	2.0
743	1.0
745	4.0
747	1.0
750	5.0
761	3.0
762	1.0
778	4.0
780	4.0
784	3.0
785	4.0
786	1.0
788	2.0
798	2.0
799	4.0
802	2.0
805	3.0
818	4.0
832	4.0
836	2.0
840	1.0
849	1.0
852	3.0
879	3.0
882	1.0
886	2.0
902	4.0
904	5.0
908	5.0
910	4.0
911	4.0
912	3.0
914	3.0
915	4.0
916	5.0
924	2.0
933	4.0
934	3.0
996	1.0
1005	1.0
1012	4.0
1017	3.0
1019	3.0
1027	3.0
1028	3.0
1034	2.0
1035	2.0
1036	5.0
1047	1.0
1049	3.0
1059	3.0
1060	4.0
1077	4.0
1079	4.0
1080	5.0
1084	4.0
1086	4.0
1089	5.0
1091	1.0
1094	4.0
1097	5.0
1100	3.0
1103	3.0
1120	4.0
1125	3.0
1126	2.0
1127	4.0
1129	2.0
1136	5.0
1148	5.0
1183	2.0
1196	5.0
1197	4.0
1198	5.0
1200	4.0
1207	4.0
1210	5.0
1214	5.0
1215	5.0
1219	5.0
1220	4.0
1226	3.0
1240	5.0
1241	5.0
1247	4.0
1251	3.0
1257	3.0
1258	4.0
1259	4.0
1261	5.0
1265	4.0
1266	4.0
1267	5.0
1270	5.0
1276	4.0
1278	4.0
1283	4.0
1285	3.0
1288	5.0
1291	5.0
1297	4.0
1304	4.0
1306	2.0
1307	3.0
1320	2.0
1333	5.0
1339	3.0
1343	2.0
1356	3.0
1358	3.0
1359	2.0
1370	3.0
1371	1.0
1372	3.0
1373	2.0
1374	3.0
1375	2.0
1376	3.0
1377	3.0
1380	3.0
1381	1.0
1385	3.0
1387	5.0
1390	3.0
1391	3.0
1393	4.0
1394	5.0
1396	5.0
1405	3.0
1407	4.0
1408	2.0
1427	2.0
1431	3.0
1432	2.0
1438	2.0
1445	3.0
1449	5.0
1459	2.0
1461	4.0
1466	3.0
1474	1.0
1476	3.0
1479	2.0
1485	4.0
1488	2.0
1499	3.0
1500	4.0
1503	1.0
1513	1.0
1515	1.0
1517	5.0
1518	2.0
1527	5.0
1544	2.0
1550	2.0
1552	2.0
1556	1.0
1562	1.0
1569	1.0
1573	5.0
1580	3.0
1584	2.0
1586	2.0
1590	1.0
1591	1.0
1597	3.0
1598	1.0
1603	3.0
1608	3.0
1610	4.0
1615	3.0
1616	2.0
1617	5.0
1625	4.0
1639	4.0
1641	4.0
1642	2.0
1644	3.0
1645	3.0
1646	4.0
1649	2.0
1653	2.0
1663	4.0
1665	2.0
1672	3.0
1673	4.0
1676	4.0
1678	2.0
1680	4.0
1681	1.0
1682	5.0
1683	3.0
1687	2.0
1688	2.0
1689	3.0
1690	2.0
1707	1.0
1717	4.0
1721	4.0
1729	3.0
1732	4.0
1747	3.0
1753	2.0
1754	3.0
1760	2.0
1762	3.0
1769	2.0
1777	5.0
1779	1.0
1805	3.0
1831	1.0
1833	1.0
1834	3.0
1845	4.0
1866	3.0
1876	3.0
1882	2.0
1883	4.0
1892	2.0
1894	2.0
1895	5.0
1909	3.0
1911	2.0
1912	2.0
1917	3.0
1918	3.0
1921	3.0
1923	5.0
1924	2.0
1947	3.0
1950	4.0
1958	3.0
1965	2.0
1968	4.0
1974	2.0
1985	1.0
1994	3.0
2000	4.0
2001	3.0
2002	3.0
2003	4.0
2004	3.0
2006	3.0
2011	5.0
2012	3.0
2014	2.0
2026	3.0
2028	5.0
2034	1.0
2036	1.0
2038	3.0
2041	2.0
2042	2.0
2046	3.0
2052	1.0
2053	2.0
2054	3.0
2058	2.0
2060	4.0
2072	4.0
2081	2.0
2082	2.0
2083	2.0
2084	2.0
2094	3.0
2100	3.0
2105	2.0
2107	2.0
2108	3.0
2110	3.0
2115	3.0
2119	1.0
2120	3.0
2122	2.0
2124	3.0
2126	2.0
2133	3.0
2138	3.0
2140	4.0
2141	2.0
2144	4.0
2150	2.0
2153	1.0
2155	2.0
2167	1.0
2169	3.0
2170	1.0
2174	4.0
2183	5.0
2184	2.0
2195	3.0
2231	3.0
2245	3.0
2248	4.0
2249	2.0
2252	2.0
2253	1.0
2261	3.0
2265	1.0
2268	4.0
2273	4.0
2278	3.0
2289	3.0
2291	4.0
2294	4.0
2296	3.0
2300	4.0
2302	3.0
2311	2.0
2316	2.0
2321	4.0
2322	1.0
2329	4.0
2334	2.0
2335	3.0
2338	3.0
2353	3.0
2355	4.0
2366	3.0
2369	2.0
2371	3.0
2372	2.0
2374	2.0
2375	2.0
2378	2.0
2379	2.0
2380	1.0
2381	1.0
2382	1.0
2383	1.0
2387	1.0
2389	1.0
2391	4.0
2393	1.0
2395	5.0
2396	4.0
2405	2.0
2406	4.0
2413	4.0
2416	1.0
2423	4.0
2424	3.0
2427	2.0
2428	3.0
2429	3.0
2447	3.0
2448	1.0
2450	1.0
2458	2.0
2459	2.0
2470	2.0
2471	2.0
2478	3.0
2496	3.0
2502	5.0
2513	1.0
2529	4.0
2532	2.0
2539	3.0
2541	3.0
2542	4.0
2549	1.0
2567	4.0
2568	2.0
2571	4.0
2572	5.0
2580	5.0
2581	2.0
2599	4.0
2605	3.0
2606	3.0
2616	3.0
2617	3.0
2628	4.0
2640	2.0
2641	2.0
2657	1.0
2672	2.0
2683	4.0
2692	4.0
2694	2.0
2699	2.0
2700	5.0
2701	1.0
2706	4.0
2709	4.0
2710	4.0
2712	4.0
2713	2.0
2716	5.0
2717	3.0
2718	3.0
2719	1.0
2720	1.0
2722	3.0
2723	3.0
2729	3.0
2731	4.0
2746	3.0
2759	4.0
2761	5.0
2762	4.0
2763	3.0
2770	4.0
2772	3.0
2791	4.0
2792	3.0
2793	1.0
2794	2.0
2796	2.0
2797	4.0
2798	2.0
2799	2.0
2803	3.0
2804	4.0
2808	2.0
2826	2.0
2827	1.0
2836	3.0
2840	2.0
2857	2.0
2858	5.0
2861	3.0
2863	4.0
2870	3.0
2881	1.0
2889	3.0
2890	4.0
2902	1.0
2906	2.0
2916	2.0
2918	5.0
2944	3.0
2946	3.0
2947	5.0
2948	5.0
2949	4.0
2959	5.0
2976	2.0
2985	2.0
2986	1.0
2987	5.0
2993	5.0
2997	5.0
3006	5.0
3020	2.0
3033	4.0
3039	3.0
3040	4.0
3044	3.0
3051	2.0
3052	4.0
3053	3.0
3070	3.0
3072	2.0
3081	3.0
3082	5.0
3087	4.0
3100	3.0
3105	3.0
3107	3.0
3114	4.0
3146	3.0
3147	4.0
3160	4.0
3173	3.0
3174	3.0
3175	4.0
3176	3.0
3190	1.0
3208	2.0
3210	2.0
3219	2.0
3243	2.0
3247	1.0
3249	2.0
3253	5.0
3254	4.0
3256	3.0
3257	1.0
3258	2.0
3263	2.0
3264	2.0
3268	1.0
3269	2.0
3270	2.0
3271	4.0
3273	3.0
3274	1.0
3275	1.0
3286	3.0
3300	3.0
3301	3.0
3316	1.0
3317	4.0
3324	2.0
3354	1.0
3358	4.0
3361	4.0
3363	5.0
3385	1.0
3386	4.0
3388	3.0
3392	1.0
3396	5.0
3397	5.0
3398	3.0
3409	3.0
3418	2.0
3421	4.0
3424	4.0
3438	2.0
3439	1.0
3448	3.0
3450	2.0
3461	3.0
3466	2.0
3468	3.0
3469	4.0
3471	5.0
3481	4.0
3484	1.0
3489	3.0
3499	4.0
3504	4.0
3507	3.0
3510	3.0
3513	2.0
3527	3.0
3536	3.0
3543	3.0
3552	3.0
3555	3.0
3578	5.0
3593	1.0
3614	3.0
3617	5.0
3618	3.0
3623	4.0
3633	4.0
3638	2.0
3646	1.0
3668	3.0
3671	4.0
3675	3.0
3689	1.0
3693	4.0
3698	2.0
3699	3.0
3702	3.0
3703	4.0
3704	2.0
3705	3.0
3712	3.0
3717	2.0
3740	3.0
3744	3.0
3745	2.0
3751	4.0
3752	3.0
3753	2.0
3755	4.0
3760	2.0
3764	2.0
3770	1.0
3785	1.0
3793	4.0
3809	3.0
3826	2.0
3827	3.0
3841	2.0
3852	4.0
3861	3.0
3864	2.0
3868	3.0
3869	2.0
3882	4.0
3893	4.0
3897	5.0
3911	5.0
3916	3.0
3948	4.0
3955	3.0
3959	2.0
3968	3.0
3977	3.0
3979	2.0
3981	1.0
3986	3.0
3994	3.0
4002	3.0
4003	2.0
4006	2.0
4008	3.0
4015	4.0
4016	4.0
4020	4.0
4022	4.0
4023	3.0
4027	4.0
4034	4.0
4047	3.0
4061	3.0
4085	3.0
4105	5.0
4121	3.0
4148	3.0
4158	1.0
4223	3.0
4225	3.0
4226	5.0
4228	2.0
4232	2.0
4270	4.0
4306	5.0
4310	2.0
4340	1.0
4359	3.0
4361	3.0
4368	3.0
4369	3.0
4370	4.0
4386	2.0
4446	2.0
4448	3.0
4467	3.0
4499	3.0
4544	1.0
4545	2.0
4571	4.0
4587	2.0
4638	3.0
4643	4.0
4678	4.0
4701	3.0
4718	4.0
4719	4.0
4728	4.0
4734	5.0
4812	2.0
4816	4.0
4886	4.0
4896	3.0
4941	1.0
4958	2.0
4963	4.0
4979	4.0
4993	5.0
5106	2.0
5171	2.0
5218	3.0
5349	4.0
5378	5.0
5459	3.0
5464	4.0
5481	4.0
5502	5.0
5507	3.0
