1	5.0
2	5.0
3	1.0
4	2.0
5	1.0
7	4.0
10	3.0
11	2.0
17	4.0
18	2.0
19	1.0
21	5.0
24	2.0
26	4.0
29	4.0
31	1.0
32	4.0
34	4.0
35	2.0
39	3.0
41	4.0
42	1.0
43	3.0
45	3.0
46	3.0
47	1.0
50	5.0
58	5.0
60	3.0
62	2.0
73	5.0
74	4.0
85	4.0
86	2.0
92	2.0
95	4.0
102	1.0
104	2.0
105	2.0
110	1.0
122	4.0
125	2.0
141	4.0
147	2.0
150	5.0
151	2.0
153	2.0
156	4.0
158	3.0
159	3.0
164	3.0
165	4.0
168	1.0
172	1.0
173	1.0
180	2.0
186	2.0
194	5.0
195	3.0
203	4.0
205	3.0
208	0.5
216	2.0
218	3.0
223	3.0
224	3.0
225	1.0
231	1.0
232	4.0
234	2.0
235	3.0
236	3.0
248	2.5
252	3.0
253	3.0
256	2.0
260	4.5
261	2.0
265	3.0
266	1.0
267	1.0
271	2.0
272	3.0
275	1.0
277	2.5
293	5.0
296	3.0
303	2.0
316	3.0
317	3.0
318	5.0
327	0.5
329	2.0
333	1.0
337	4.0
339	2.0
340	3.0
342	5.0
344	1.0
345	5.0
346	3.0
350	4.0
351	5.0
352	4.0
355	3.0
356	3.0
357	3.0
358	3.0
364	5.0
367	3.0
368	1.0
372	1.0
374	2.0
377	2.0
380	4.0
382	2.0
383	3.0
410	3.0
420	2.0
432	2.0
434	0.5
435	2.0
440	4.0
442	3.0
444	1.0
446	1.0
448	5.0
454	2.0
456	5.0
457	5.0
466	1.0
468	2.5
469	2.0
471	5.0
473	1.0
474	4.0
477	5.0
480	4.0
493	2.0
497	4.0
500	3.0
508	5.0
509	5.0
518	2.0
520	2.0
524	4.0
527	3.0
529	2.0
531	3.0
532	2.0
535	3.0
538	4.0
539	3.0
541	4.0
542	1.0
543	5.0
550	3.0
551	5.0
552	4.0
553	2.0
555	4.0
562	5.0
585	2.0
586	4.0
587	4.0
588	4.0
589	2.0
590	4.0
592	5.0
595	4.0
597	1.0
605	2.0
608	5.0
612	1.0
627	3.0
635	3.5
639	2.0
648	3.0
653	3.0
656	3.0
661	3.0
663	3.0
691	3.0
707	1.5
708	2.0
720	5.0
724	2.0
725	3.0
733	5.0
736	4.0
745	5.0
750	3.5
778	3.0
780	4.0
784	3.0
785	2.0
788	2.0
799	4.0
801	2.0
802	4.0
804	2.0
805	3.0
809	2.0
818	3.0
829	1.0
830	3.0
833	1.0
837	5.0
838	3.0
849	0.5
852	2.0
892	1.0
899	4.0
902	5.0
912	4.0
913	4.0
914	5.0
919	3.0
920	3.0
921	4.0
938	4.0
953	2.0
969	4.0
994	5.0
998	2.0
999	1.0
1005	2.0
1007	3.0
1009	3.0
1010	4.0
1011	2.5
1013	3.0
1020	3.0
1021	3.0
1023	4.0
1025	3.5
1027	3.0
1028	5.0
1031	4.0
1035	3.0
1036	4.0
1037	1.0
1041	5.0
1042	4.0
1047	4.0
1049	2.0
1051	3.0
1054	5.0
1060	5.0
1061	4.0
1073	5.0
1079	4.0
1080	3.0
1088	5.0
1090	5.0
1091	1.0
1094	4.0
1095	3.0
1097	3.0
1101	2.0
1125	3.0
1127	2.0
1129	1.0
1135	1.0
1136	4.0
1147	5.0
1148	5.0
1167	3.5
1171	4.0
1172	5.0
1173	4.0
1175	4.0
1179	5.0
1185	3.0
1186	3.0
1187	2.0
1188	4.0
1190	3.0
1193	4.0
1196	5.0
1197	5.0
1198	4.0
1199	2.0
1207	5.0
1210	3.0
1213	4.0
1215	4.0
1216	4.0
1220	5.0
1223	3.0
1224	5.0
1225	5.0
1231	5.0
1235	4.5
1240	4.0
1242	5.0
1243	4.0
1246	5.0
1249	5.0
1252	4.5
1257	3.0
1259	4.0
1261	2.0
1265	4.0
1266	5.0
1268	4.0
1270	3.0
1271	2.0
1277	4.0
1278	4.0
1285	5.0
1288	2.0
1290	3.0
1291	5.0
1293	4.0
1295	2.0
1297	0.5
1299	3.0
1302	4.0
1303	4.0
1304	4.0
1307	5.0
1339	2.0
1345	4.0
1352	4.0
1354	4.0
1356	2.0
1357	5.0
1358	4.0
1359	1.0
1363	4.0
1367	4.0
1370	4.0
1371	3.0
1372	2.0
1373	1.0
1374	1.0
1375	4.0
1376	4.0
1377	5.0
1378	2.0
1380	5.0
1381	2.0
1391	5.0
1393	3.0
1394	4.0
1395	2.0
1396	5.0
1408	2.0
1409	2.0
1432	1.0
1441	3.0
1457	2.0
1466	3.0
1468	1.0
1480	4.0
1485	3.0
1488	2.0
1500	5.0
1513	5.0
1517	5.0
1527	5.0
1535	4.0
1542	3.0
1544	3.0
1552	3.0
1554	2.0
1556	0.5
1562	2.0
1566	3.0
1569	1.0
1580	5.0
1584	2.0
1588	4.0
1589	4.0
1591	1.0
1593	2.0
1608	4.0
1611	3.0
1614	5.0
1615	1.0
1617	5.0
1621	4.0
1627	3.0
1633	5.0
1635	3.0
1639	4.0
1641	5.0
1643	3.0
1653	2.0
1658	3.0
1660	4.0
1663	4.5
1673	3.0
1674	2.5
1676	1.0
1678	5.0
1680	2.0
1682	4.0
1693	3.0
1694	5.0
1704	3.0
1711	4.0
1713	3.0
1721	1.0
1727	1.0
1729	5.0
1730	3.0
1732	1.0
1734	5.0
1747	4.0
1748	1.0
1760	1.0
1777	4.0
1784	5.0
1794	3.0
1801	1.0
1805	5.0
1810	2.0
1816	2.0
1831	1.5
1833	2.0
1834	5.0
1835	3.0
1836	1.0
1845	4.0
1855	1.0
1873	5.0
1876	4.0
1884	1.0
1885	5.0
1888	2.0
1897	1.0
1904	4.0
1907	5.0
1909	2.0
1912	5.0
1914	5.0
1916	4.0
1917	3.0
1919	4.0
1921	2.0
1923	2.0
1947	4.0
1952	4.0
1957	5.0
1960	3.0
1961	3.0
1962	4.0
1965	1.0
1966	2.0
1967	1.0
1968	5.0
2000	1.0
2001	1.0
2011	3.0
2012	2.0
2014	4.0
2016	3.0
2020	4.0
2021	1.0
2022	5.0
2040	3.0
2042	2.0
2050	2.0
2051	2.5
2053	1.0
2054	2.0
2059	2.0
2065	2.5
2081	5.0
2082	3.0
2084	3.0
2087	1.0
2088	5.0
2090	3.0
2091	3.0
2095	3.0
2100	3.0
2105	1.0
2106	3.0
2109	4.0
2110	1.0
2111	3.0
2114	4.0
2115	2.0
2124	4.0
2125	4.0
2134	2.0
2138	3.0
2139	4.0
2140	3.0
2143	1.0
2144	5.0
2145	4.0
2146	2.0
2150	5.0
2151	3.0
2154	2.0
2155	4.0
2161	4.0
2163	4.0
2165	1.0
2167	1.0
2171	4.0
2174	4.0
2193	2.0
2194	4.0
2240	4.0
2241	2.0
2245	2.0
2247	4.0
2248	5.0
2252	1.0
2253	4.0
2262	1.0
2268	2.0
2269	2.0
2282	3.0
2289	2.0
2291	5.0
2294	4.0
2297	3.0
2301	3.0
2302	4.0
2306	3.0
2310	5.0
2316	3.0
2318	5.0
2321	5.0
2329	3.0
2331	4.0
2333	5.0
2336	4.0
2352	2.0
2353	2.0
2355	5.0
2359	3.0
2361	2.0
2369	3.0
2371	1.0
2372	1.5
2375	1.0
2376	2.0
2378	2.0
2379	1.0
2385	3.0
2390	5.0
2391	4.0
2393	2.0
2395	5.0
2396	3.0
2398	3.0
2405	1.0
2406	4.0
2407	5.0
2409	3.0
2410	1.0
2411	1.0
2413	3.0
2420	3.0
2421	1.0
2423	1.0
2424	1.0
2429	1.0
2435	4.0
2463	2.5
2467	2.0
2468	2.5
2469	2.0
2470	1.0
2473	1.0
2474	1.0
2478	1.0
2496	4.0
2497	1.0
2501	5.0
2502	3.0
2504	3.0
2506	1.0
2518	1.0
2529	3.5
2539	5.0
2567	3.0
2571	5.0
2572	4.0
2575	2.0
2581	4.0
2583	4.0
2598	3.0
2599	4.0
2622	2.0
2628	3.0
2629	2.0
2639	2.0
2641	1.0
2657	4.0
2683	2.0
2686	4.0
2687	4.0
2690	5.0
2696	5.0
2701	3.0
2716	5.0
2717	2.0
2718	4.0
2720	3.0
2723	3.0
2734	2.0
2735	1.0
2736	4.0
2739	5.0
2748	0.5
2752	2.5
2761	5.0
2762	5.0
2763	5.0
2770	2.0
2779	3.0
2791	1.0
2792	1.5
2795	2.0
2797	5.0
2805	1.0
2828	3.0
2836	5.0
2852	5.0
2857	3.0
2858	5.0
2863	4.0
2872	3.5
2875	2.0
2877	3.0
2883	3.0
2889	4.0
2890	4.0
2891	4.0
2915	2.0
2916	4.0
2918	5.0
2919	3.5
2926	4.0
2929	2.0
2941	4.0
2942	1.0
2950	2.0
2952	4.0
2953	0.5
2959	4.5
2968	4.0
2978	3.0
2985	3.0
2987	4.0
2989	3.0
2991	2.0
2996	3.0
2997	5.0
3019	4.0
3020	4.0
3033	1.0
3034	4.0
3039	4.5
3040	4.0
3044	4.0
3052	5.0
3060	2.0
3067	5.0
3070	3.0
3071	5.0
3072	4.0
3074	1.0
3083	4.0
3087	2.0
3098	4.0
3104	3.0
3105	4.0
3108	4.0
3114	4.0
3115	4.0
3120	2.0
3155	4.0
3175	3.0
3178	5.0
3201	4.0
3210	2.0
3244	3.0
3246	5.0
3247	4.0
3252	4.0
3253	4.0
3255	4.0
3257	2.0
3258	3.0
3261	2.0
3262	2.0
3263	3.0
3264	2.0
3268	0.5
3287	3.0
3296	5.0
3299	3.0
3301	5.0
3308	1.0
3324	3.0
3326	3.0
3334	4.0
3350	5.0
3361	3.0
3363	2.5
3391	1.0
3392	1.0
3396	4.0
3397	3.0
3408	4.0
3418	4.0
3421	4.0
3422	4.0
3424	4.0
3426	4.0
3448	4.0
3466	3.0
3471	3.0
3477	2.5
3478	2.0
3479	2.0
3481	5.0
3489	5.0
3505	4.0
3508	3.0
3510	2.0
3524	1.0
3525	2.0
3526	3.0
3527	1.0
3536	5.0
3552	1.0
3556	3.0
3578	5.0
3591	3.0
3608	4.0
3614	3.0
3623	1.5
3624	4.0
3668	3.5
3671	4.0
3675	4.0
3685	3.5
3698	2.5
3699	1.5
3702	2.0
3704	1.0
3706	1.5
3707	2.0
3710	2.0
3712	5.0
3729	4.0
3740	1.0
3744	4.0
3751	5.0
3752	1.0
3773	2.0
3784	5.0
3786	3.0
3791	4.0
3793	2.0
3794	1.0
3827	3.0
3865	3.0
3868	2.0
3882	3.0
3893	5.0
3911	4.0
3928	3.5
3948	5.0
3968	3.0
3969	5.0
3977	3.0
3978	3.0
3983	5.0
3988	2.5
3996	5.0
4002	2.0
4007	3.5
4009	2.0
4010	3.0
4014	5.0
4016	4.0
4019	5.0
4025	3.0
4027	5.0
4039	3.0
4041	2.5
4054	3.0
4062	3.0
4066	4.0
4067	5.0
4069	2.0
4082	2.0
4084	3.0
4085	5.0
4086	4.0
4091	2.5
4102	2.5
4105	3.0
4121	3.5
4128	4.0
4132	1.0
4153	4.0
4214	3.0
4215	1.0
4226	3.5
4232	3.0
4267	2.0
4280	4.0
4291	3.5
4296	3.0
4306	5.0
4308	2.0
4317	4.0
4333	1.0
4343	2.0
4361	4.5
4370	3.0
4396	2.0
4410	4.0
4447	4.0
4464	4.0
4467	4.0
4474	3.5
4477	3.0
4478	3.0
4488	2.5
4489	2.0
4499	2.5
4526	1.0
4529	4.5
4558	3.0
4571	4.0
4577	3.0
4587	3.0
4616	4.0
4621	2.0
4639	4.0
4641	3.0
4643	1.0
4662	3.0
4673	1.0
4676	1.0
4677	1.0
4681	2.5
4700	4.0
4703	5.0
4713	4.0
4718	1.0
4728	3.0
4734	4.0
4787	4.0
4816	3.0
4823	4.0
4844	4.0
4848	2.0
4886	5.0
4896	3.0
4912	3.0
4929	2.0
4936	4.0
4963	5.0
4971	3.0
4973	4.0
4979	4.0
4980	3.0
4990	3.0
4992	3.0
4993	5.0
4995	5.0
5013	4.0
5015	5.0
5016	4.0
5025	2.0
5027	2.0
5049	3.0
5060	4.0
5135	3.5
5139	4.5
5214	3.0
5225	4.0
5237	3.5
5247	2.5
5296	3.0
5299	4.5
5303	1.0
5308	3.0
5309	1.0
5349	4.5
5367	4.0
5391	3.0
5418	2.0
5421	3.0
5438	1.0
5445	3.0
5450	4.0
5452	1.0
5500	2.0
5540	1.0
5541	2.0
5548	3.0
5568	4.0
5572	5.0
5577	2.5
5582	1.0
5617	4.5
5620	3.0
5667	1.5
5673	4.5
5693	3.5
5772	4.0
5812	4.5
5816	3.0
5872	3.5
5876	2.5
5878	3.0
5900	3.0
5902	2.0
5941	5.0
5944	3.0
5952	4.5
5954	4.5
5957	4.0
5989	4.0
5991	3.0
6156	2.0
6188	2.0
6212	4.0
6218	4.0
6238	3.5
6287	4.0
6294	2.0
6296	4.0
6297	4.5
6338	2.5
6365	1.0
6373	3.5
6377	4.0
6378	4.5
6385	5.0
6440	2.5
6503	3.0
6535	2.5
6539	4.5
6550	3.0
6565	4.5
6593	3.5
6624	3.0
6636	3.5
6663	4.0
6711	4.0
6763	2.5
6764	3.0
6765	4.0
6773	3.0
6796	4.0
6807	3.0
6832	4.0
6863	4.5
6873	4.0
6934	3.0
6942	3.5
6959	1.0
7137	4.0
7143	3.0
7149	4.5
7150	3.5
7153	5.0
7163	4.0
7228	1.0
7247	2.5
7254	3.5
7255	3.5
7263	4.0
7293	4.5
8368	4.0
