1	4.0
2	3.5
8	3.0
13	4.0
32	4.0
34	3.5
39	4.0
47	4.0
48	4.0
50	4.5
60	3.0
86	3.5
97	4.0
104	2.5
158	3.5
165	4.0
169	3.5
216	1.0
231	2.0
239	3.5
253	4.0
258	4.0
260	3.5
261	4.0
262	4.5
296	4.0
313	4.0
317	4.0
318	4.5
333	2.5
339	3.5
343	4.0
355	3.5
356	4.0
364	3.5
367	3.5
374	3.0
377	3.5
380	4.0
419	4.0
421	4.0
455	3.5
475	4.0
480	4.0
500	3.5
502	4.0
508	4.5
520	4.0
531	4.0
539	3.5
551	4.5
558	3.5
575	4.0
585	3.0
586	4.5
588	4.5
593	5.0
594	4.0
595	4.0
596	2.5
608	4.0
609	4.5
616	4.0
628	4.5
648	4.0
653	3.0
661	2.5
673	2.5
709	4.0
719	3.5
736	4.0
780	4.0
783	3.5
801	3.5
805	3.5
810	3.0
837	4.0
888	3.5
899	3.5
919	4.5
1005	4.0
1014	3.0
1015	4.0
1020	4.0
1021	3.5
1022	4.5
1025	4.0
1028	3.5
1029	3.0
1032	4.0
1033	3.5
1035	4.5
1036	4.5
1059	4.0
1064	4.0
1073	3.5
1088	4.0
1097	3.5
1101	5.0
1127	3.0
1136	3.0
1193	4.0
1196	3.0
1197	4.5
1198	5.0
1206	2.5
1210	3.0
1219	3.5
1220	3.0
1246	4.5
1265	3.5
1270	4.5
1282	2.5
1283	2.5
1287	4.0
1291	5.0
1297	4.0
1345	3.5
1367	3.5
1370	4.0
1380	4.5
1381	3.5
1387	4.0
1393	4.0
1396	4.5
1483	3.5
1513	4.0
1544	4.0
1566	4.5
1580	4.5
1588	4.0
1592	4.0
1593	3.0
1595	3.5
1620	4.0
1625	4.5
1641	3.0
1644	3.5
1653	4.0
1672	4.0
1682	4.0
1688	4.5
1702	3.5
1704	4.5
1707	3.0
1721	5.0
1848	4.5
1888	3.0
1907	3.5
1911	3.5
1917	4.0
1919	4.0
1923	2.5
1955	4.5
1961	3.5
1968	4.5
2011	4.0
2012	4.0
2018	3.0
2021	2.0
2028	4.0
2036	4.0
2042	4.0
2048	4.5
2052	4.5
2053	2.5
2054	3.5
2059	4.0
2078	3.5
2080	4.0
2081	4.0
2082	4.0
2085	4.0
2087	4.0
2089	3.0
2090	3.5
2092	4.0
2093	3.0
2096	4.0
2115	3.0
2123	3.0
2125	4.5
2137	4.0
2144	3.5
2145	3.0
2152	4.0
2161	3.0
2169	3.5
2174	4.0
2193	3.5
2231	4.0
2248	3.5
2268	5.0
2291	4.0
2297	3.5
2302	4.0
2316	3.5
2354	3.5
2355	4.0
2389	2.5
2392	3.5
2394	4.0
2413	4.5
2420	4.0
2421	3.5
2423	3.0
2424	4.0
2429	4.0
2485	4.0
2501	4.0
2541	4.0
2571	5.0
2572	5.0
2581	4.0
2617	4.0
2657	3.0
2687	4.0
2710	3.5
2716	3.5
2720	4.0
2761	3.5
2762	4.0
2791	4.0
2797	4.0
2804	4.0
2858	4.5
2881	4.0
2907	3.5
2915	4.0
2918	4.5
2953	4.5
2959	4.5
2997	3.5
3033	3.5
3114	4.0
3146	2.0
3147	5.0
3157	4.0
3159	3.0
3247	4.0
3248	4.0
3255	4.0
3270	4.0
3286	3.5
3300	4.0
3355	4.0
3461	4.0
3483	4.0
3484	4.5
3489	4.0
3535	4.5
3564	2.5
3565	4.0
3578	4.0
3594	4.5
3615	3.5
3623	4.0
3717	4.0
3751	1.5
3752	3.0
3755	4.5
3784	3.0
3791	4.0
3793	4.5
3809	2.5
3861	4.0
3882	4.5
3916	4.5
3948	3.5
3969	4.5
3977	3.5
3988	4.0
3990	3.0
3991	3.0
3994	4.0
4010	3.5
4011	4.0
4015	3.0
4016	4.0
4019	4.5
4022	4.0
4025	4.5
4039	4.0
4040	4.0
4054	4.0
4069	4.0
4090	4.5
4091	4.0
4148	4.5
4226	4.5
4232	4.0
4238	4.0
4248	4.0
4270	4.0
4299	3.5
4306	3.5
4308	4.5
4366	4.5
4367	4.5
4368	2.0
4369	4.0
4370	3.5
4386	2.5
4447	4.0
4519	4.0
4638	4.0
4676	3.0
4679	3.0
4700	4.5
4719	3.0
4720	4.0
4728	3.5
4816	4.0
4878	4.0
4886	4.0
4896	3.5
4963	5.0
4975	4.5
4990	3.0
4993	4.0
4995	5.0
5064	4.5
5066	3.5
5092	4.0
5102	4.0
5103	3.5
5110	3.0
5218	4.0
5264	3.5
5266	4.0
5267	4.0
5282	3.5
5299	4.0
5303	3.0
5312	4.0
5349	4.0
5389	4.0
5418	5.0
5419	4.0
5444	4.0
5445	4.0
5459	4.0
5480	3.5
5502	3.5
5504	3.5
5524	4.0
5574	4.0
5618	3.0
5620	3.5
5621	3.5
5630	4.0
5667	4.0
5679	3.0
5784	4.0
5804	3.5
5816	3.5
5882	4.0
5942	3.0
5943	3.5
5952	3.5
5957	4.0
5989	4.0
5991	4.0
6013	4.0
6155	4.0
6218	3.5
6266	4.0
6297	3.5
6305	4.0
6323	3.5
6338	3.0
6365	3.0
6373	4.0
6377	4.0
6378	5.0
6383	3.5
6502	3.5
6534	4.0
6535	3.5
6539	4.5
6550	3.5
6565	4.0
6566	3.5
6593	4.0
6624	4.0
6753	4.5
6793	4.0
6794	3.5
6810	3.0
6863	4.0
6874	3.5
6879	3.5
6887	3.5
6889	3.5
6934	4.0
6936	4.0
6942	4.0
6951	1.5
6959	5.0
6979	4.5
7004	3.0
7147	4.5
7153	3.5
7154	4.0
7161	3.5
7163	5.0
7173	4.0
7247	2.5
7254	4.0
7255	3.5
7263	4.5
7293	4.0
7324	4.5
7347	4.0
7361	4.0
7369	4.0
7380	4.0
7386	3.5
7444	4.0
7445	4.5
7451	4.0
7458	4.5
7842	3.0
8360	4.0
8361	4.0
8368	3.5
8373	3.5
8376	2.0
8464	1.0
8526	3.0
8528	3.5
8529	3.5
8531	4.0
8533	3.0
8636	4.0
8640	4.5
8641	1.5
8643	4.0
8644	4.0
8665	4.0
8783	3.5
8798	4.5
8808	4.0
8879	4.0
8907	3.5
8908	4.0
8937	4.0
8947	4.0
8950	4.0
8957	4.5
8961	4.0
8965	3.0
8970	3.5
8972	4.5
8984	4.0
27706	2.5
27837	4.0
30749	4.5
30793	4.0
30816	4.0
30825	4.0
30894	3.0
31225	4.5
31685	3.0
32017	4.0
32031	4.0
32296	3.5
32596	4.5
32598	4.5
33085	4.0
33166	4.0
33499	3.0
33615	4.0
33660	3.5
33669	4.0
33679	4.0
33794	4.0
33836	4.5
34048	4.0
34072	4.0
34150	4.0
34319	4.0
34332	4.0
34520	3.0
34532	3.5
34534	3.5
35957	4.0
36401	4.0
36519	4.0
37727	4.0
37729	3.0
38798	3.0
39435	3.5
39446	4.5
40339	2.5
40614	4.0
40629	3.5
40815	4.0
40826	4.0
41566	4.0
41569	4.0
41573	4.0
42002	4.5
42011	2.5
43560	3.0
43836	3.0
44004	2.5
44022	3.5
44191	4.0
44193	4.5
44709	4.5
45186	4.5
45210	4.5
45442	3.5
45447	4.5
45501	2.0
45517	4.0
45666	1.5
45668	3.5
45672	2.5
45720	4.5
45722	4.0
45732	3.5
45880	3.5
46578	3.5
46967	4.0
46970	1.5
46972	4.0
46974	4.0
46976	3.5
47518	3.0
47610	4.0
47644	4.5
48394	4.0
48780	5.0
48877	4.0
49272	3.5
49274	3.0
49278	4.5
49286	3.5
49824	3.0
50601	4.0
50804	4.0
50872	3.5
50912	3.5
51086	4.0
51540	3.5
51662	3.5
51935	4.5
52245	3.5
52435	3.5
52604	4.5
52722	4.0
52975	4.5
53121	3.0
53125	3.5
53129	4.5
53322	4.0
53464	3.0
53972	4.5
53993	3.5
53996	4.5
54001	4.0
54190	3.5
54259	4.5
54286	4.5
55247	4.0
55282	4.0
55768	4.0
56145	3.5
56152	4.0
56171	4.0
56174	4.0
56367	3.5
56587	4.0
56757	4.0
56775	4.0
56941	3.5
56949	4.0
58025	4.0
58103	4.0
58105	3.5
58154	3.5
58559	5.0
58998	4.0
59315	4.5
59369	4.5
59421	3.0
59501	4.5
59615	2.0
59725	3.5
59784	4.0
60069	4.0
60074	4.0
60126	4.0
60397	4.0
60766	4.0
60937	3.5
61132	2.5
62081	4.0
62155	3.5
62376	2.5
63062	4.5
63082	4.0
63992	2.0
64030	3.5
64034	3.5
64575	3.5
64622	5.0
64957	4.0
64983	4.5
65088	2.0
65230	3.5
66934	3.5
67087	3.5
67197	4.0
67255	4.5
67923	4.0
68135	4.0
68157	4.0
68159	4.0
68358	4.5
68554	4.5
68793	4.0
68954	4.0
69306	4.0
69406	4.0
69526	4.0
69640	4.0
69644	4.0
69757	3.0
69844	3.5
69951	3.5
70183	4.0
70293	2.5
70336	4.0
70599	3.5
71254	3.5
71518	4.0
71520	3.5
71530	3.5
71838	4.5
72378	3.5
72641	4.5
72733	4.0
72737	3.0
72998	3.5
73017	4.0
74458	4.0
74789	3.5
76093	4.0
76251	3.0
77561	4.0
78039	3.5
78469	4.0
78499	4.0
78574	2.5
78637	3.5
79091	4.5
79132	5.0
79185	3.5
79293	3.5
79702	3.5
80463	4.0
80549	3.5
81229	3.5
81562	4.0
81591	4.0
81782	4.0
81834	4.0
81845	4.5
81847	4.0
81932	4.0
82202	3.5
84152	4.0
84392	4.0
84601	3.5
84954	4.0
85414	4.5
86332	4.0
86833	4.5
86880	3.5
87232	4.5
87306	4.0
87485	3.0
87520	4.0
87869	4.0
88125	4.0
88129	3.5
88140	4.5
88163	3.5
88405	4.0
88810	4.0
89470	4.5
89492	4.5
89745	4.5
89804	3.5
89864	3.5
90405	4.5
90866	4.0
91500	4.5
91529	4.5
91535	4.5
91542	4.0
91630	4.5
91658	4.5
93510	4.5
93840	4.0
94777	4.0
94864	3.0
95167	4.5
95510	4.5
96079	4.5
96610	4.0
96821	4.0
97304	4.0
97913	4.0
97921	4.5
97938	4.0
98154	4.0
98809	4.0
98961	4.0
99114	3.0
99149	4.0
101864	3.5
102903	4.5
103042	3.5
103141	4.0
103335	4.0
104841	4.0
106002	3.5
106100	3.5
106487	4.5
106489	3.5
106696	4.0
106916	3.0
106918	4.0
108932	3.0
110102	4.0
111362	3.5
112175	3.5
