1	3.5
2	3.0
19	1.0
29	4.0
32	4.0
47	4.5
50	3.0
110	3.0
111	3.0
150	3.0
153	2.0
158	2.5
165	3.0
172	2.5
173	0.5
196	2.0
208	2.0
215	3.0
231	0.5
260	5.0
292	3.0
293	3.5
296	3.0
316	3.5
318	4.5
327	2.5
337	3.0
344	1.5
353	3.5
356	3.5
364	4.0
367	2.0
377	2.5
379	2.5
380	2.0
393	1.0
410	1.0
442	2.5
457	3.0
466	1.0
480	5.0
519	1.5
541	5.0
551	4.0
565	3.5
586	3.0
588	4.0
589	5.0
590	2.5
592	3.5
593	4.0
594	3.5
596	3.5
608	3.0
648	3.0
653	3.0
671	3.5
680	3.0
733	3.0
736	3.0
745	3.0
750	3.0
778	3.5
780	3.5
783	3.0
784	0.5
904	4.0
910	4.0
912	4.0
915	3.0
923	3.5
1022	3.5
1028	3.5
1029	4.5
1036	3.5
1089	4.0
1097	4.0
1101	3.0
1127	3.5
1129	3.0
1148	3.5
1196	5.0
1198	4.0
1200	4.5
1208	3.5
1210	4.5
1213	3.5
1214	5.0
1215	3.0
1223	3.0
1240	4.0
1247	3.0
1258	3.5
1265	3.0
1270	3.5
1274	4.0
1275	3.0
1282	4.5
1284	3.5
1291	4.0
1301	3.5
1320	3.0
1333	3.0
1356	3.0
1370	3.5
1377	3.5
1387	3.5
1391	2.0
1393	3.0
1407	2.0
1515	2.5
1527	5.0
1544	3.0
1562	2.0
1580	3.5
1584	4.0
1590	3.0
1591	1.5
1603	3.0
1610	3.0
1625	3.0
1653	3.0
1676	2.5
1682	3.0
1690	2.5
1704	3.0
1721	2.5
1748	3.0
1779	3.0
1876	3.0
1909	3.0
1917	2.5
1921	3.5
1954	4.0
1961	3.0
1968	3.0
1997	3.0
2000	3.0
2011	3.5
2012	3.0
2018	4.0
2021	3.5
2078	4.0
2080	4.0
2081	3.5
2085	3.5
2087	3.5
2096	4.0
2105	3.0
2115	3.0
2141	4.0
2142	3.0
2167	3.5
2174	3.5
2232	4.0
2288	4.5
2291	3.5
2294	3.0
2355	3.0
2394	3.0
2405	2.5
2455	3.0
2502	3.5
2571	4.5
2579	4.0
2600	3.0
2628	3.0
2640	3.0
2657	0.5
2662	4.0
2672	1.0
2683	2.0
2710	3.0
2712	3.0
2716	3.5
2717	3.0
2722	1.0
2723	2.5
2761	4.0
2762	3.5
2797	3.0
2808	2.0
2827	2.5
2841	2.5
2916	3.5
2953	3.0
2959	4.0
2968	3.0
2985	3.5
2986	2.0
2987	3.0
2997	3.5
3000	4.5
3052	3.0
3081	3.0
3114	3.0
3147	3.0
3156	2.5
3159	3.0
3175	3.0
3300	3.0
3354	3.0
3444	4.0
3452	2.0
3471	4.0
3476	3.0
3483	3.0
3510	3.0
3527	4.0
3556	3.5
3578	3.0
3623	2.5
3638	2.5
3686	2.5
3697	3.0
3698	2.5
3699	3.5
3702	3.0
3703	3.0
3704	2.5
3740	3.5
3793	3.0
3868	0.5
3877	2.0
3949	4.0
3981	2.5
3986	2.0
3994	3.5
4016	4.5
4018	2.0
4128	3.0
4144	4.0
4226	4.0
4270	2.5
4306	2.0
4343	2.5
4366	3.5
4370	3.0
4446	3.0
4638	2.5
4641	3.0
4643	2.0
4720	3.5
4865	3.0
4874	3.5
4878	4.0
4881	3.0
4886	4.0
4896	3.0
4902	4.0
4963	3.0
4973	4.5
4975	3.0
4993	4.0
5065	3.0
5072	3.0
5146	3.5
5159	2.5
5171	1.0
5218	3.0
5219	2.0
5254	4.0
5349	3.5
5378	3.0
5388	3.5
5418	3.0
5445	3.0
5459	2.5
5463	3.0
5464	3.0
5502	3.0
5608	3.0
5618	4.5
5679	3.0
5690	4.5
5816	3.0
5881	4.0
5882	3.0
5903	3.0
5944	2.5
5952	4.0
5971	5.0
5989	3.0
5995	3.5
6003	3.0
6016	4.0
6157	1.0
6250	1.5
6264	2.5
6283	4.0
6286	3.5
6305	3.0
6323	3.0
6333	3.0
6350	4.5
6365	2.5
6373	2.0
6377	4.0
6502	4.0
6534	2.5
6537	2.0
6539	3.5
6541	2.0
6618	3.5
6711	5.0
6731	3.0
6754	2.5
6773	3.0
6820	2.5
6857	3.0
6874	2.5
6934	2.5
6953	3.5
6966	2.5
7022	3.0
7090	3.0
7099	4.5
7147	3.5
7153	4.0
7228	2.0
7254	2.5
7360	3.0
7361	4.0
7371	1.5
7373	4.0
7387	4.0
7438	2.5
7439	2.0
7827	2.5
8340	3.5
8360	1.5
8361	3.0
8368	3.5
8371	3.0
8464	3.5
8633	2.5
8636	4.0
8638	3.5
8644	2.5
8665	3.0
8666	0.5
8784	4.0
8798	3.5
8810	2.0
8861	2.0
8865	2.0
8870	2.5
8874	4.0
8907	2.5
8914	4.0
8917	3.0
8949	4.0
8950	3.5
8957	3.0
8961	4.0
8965	1.0
8970	3.5
8985	2.0
26662	3.5
26776	5.0
27660	3.0
27706	2.5
27721	4.0
27731	3.0
27773	4.0
27788	3.0
27904	3.0
30793	2.5
30810	3.5
30894	2.0
31184	3.0
31221	0.5
31658	3.5
31696	3.5
31804	2.5
31878	3.0
32031	2.5
32587	2.0
32596	1.0
33004	3.0
33085	2.5
33493	3.5
33615	3.0
33794	4.0
33834	3.0
34048	3.0
34150	1.5
34319	2.5
34405	3.0
34437	3.0
35836	3.5
36401	1.5
37380	2.0
37386	2.0
37729	3.0
37733	4.0
37741	3.5
37830	2.5
37857	3.0
38061	2.5
40732	3.0
40815	3.0
41566	2.5
41569	3.0
42738	2.0
44022	3.0
44191	3.0
44195	4.0
44828	3.0
45081	2.5
45499	2.5
45722	3.0
45732	1.5
46530	2.5
46578	3.0
46948	3.5
46976	3.0
47610	3.0
48043	4.0
48394	4.0
48774	4.5
48780	4.0
49272	4.0
49274	2.5
50601	3.0
50872	4.0
51077	0.5
51540	3.5
51662	2.5
51709	3.0
52281	2.0
52328	4.0
52722	2.0
52973	3.0
53000	3.0
53121	2.0
53125	3.5
53464	1.5
53519	2.0
53972	2.5
53993	2.5
53996	2.5
54001	2.5
54259	3.0
54286	3.0
54503	3.0
54881	3.5
54995	2.0
55232	2.0
55247	3.0
55820	4.0
55908	3.5
55995	1.0
56145	3.5
56152	2.5
56171	2.0
56174	3.0
56339	3.5
56367	3.0
56715	3.0
56801	2.0
57274	3.0
57368	3.0
57640	4.0
58025	2.5
58105	3.0
58559	4.0
58998	2.5
59315	4.0
59369	2.5
59501	2.5
59615	2.0
59784	3.5
60037	1.5
60040	3.0
60069	4.5
60072	2.5
60074	2.0
60684	3.5
60760	2.5
61160	2.5
61240	4.0
61350	3.0
61729	3.0
62376	3.5
62511	4.5
62999	3.0
63072	4.0
63992	2.0
64497	2.5
64614	4.0
64839	4.0
64957	3.0
65642	3.0
66097	3.5
66171	2.5
67197	3.0
67408	3.0
68157	3.5
68237	4.0
68319	2.0
68358	4.0
68791	2.0
68952	3.0
68954	4.5
69481	3.5
69526	1.0
69644	3.0
69757	3.5
70286	4.0
71135	3.0
71530	2.5
71535	3.0
72378	2.5
72998	3.0
73017	3.0
73268	3.0
74458	3.0
76093	3.5
76175	1.0
76251	3.0
77561	3.0
78574	4.0
79057	3.0
79132	4.0
79357	3.0
79702	3.5
80463	4.0
80489	3.5
80969	3.5
81562	3.0
81591	4.0
81932	4.0
82459	4.0
82461	3.5
84152	2.5
84772	3.0
85131	2.5
85414	3.5
85774	4.0
86332	3.5
86880	3.0
87232	3.5
87306	3.5
87520	1.0
88125	2.5
88129	3.5
88140	3.5
88744	3.5
89470	3.5
89745	4.0
89774	4.0
89864	3.0
90746	3.0
91077	3.5
91500	2.5
91529	3.0
91542	3.0
91630	3.5
91658	3.0
94864	3.5
95510	3.0
95875	2.5
96079	3.5
96610	4.0
97913	3.5
102125	4.0
102445	3.0
102903	2.5
