1	4.5
6	5.0
10	3.5
21	4.5
22	3.5
32	5.0
39	4.0
47	5.0
50	5.0
76	3.5
88	4.0
95	4.0
110	4.5
111	4.5
145	4.5
147	4.5
150	4.5
153	4.0
161	4.0
163	4.5
165	4.0
175	3.5
180	4.0
186	3.5
216	3.5
223	4.5
231	3.5
247	4.0
253	4.5
260	4.5
290	3.5
292	4.0
293	5.0
296	5.0
303	3.0
316	4.5
318	4.0
319	4.5
344	4.0
349	4.0
353	5.0
356	4.0
364	4.0
367	3.5
376	4.0
377	4.0
380	4.5
393	2.0
434	4.0
454	4.0
457	4.5
464	4.0
474	4.0
480	4.5
500	3.5
507	4.5
520	2.5
541	5.0
543	4.0
553	5.0
555	4.5
586	4.5
588	4.0
589	4.5
590	4.0
592	4.5
593	5.0
599	5.0
608	4.5
648	4.0
662	3.5
733	4.5
736	4.5
741	4.5
778	4.5
780	4.0
782	3.5
784	4.5
785	3.5
798	3.5
799	4.0
800	4.5
805	3.0
904	4.5
1036	5.0
1089	4.5
1090	4.0
1101	3.0
1127	4.5
1196	5.0
1198	5.0
1200	5.0
1208	3.5
1209	4.5
1210	4.5
1214	5.0
1218	5.0
1240	4.5
1245	5.0
1249	4.5
1252	4.5
1258	4.5
1261	4.0
1265	5.0
1266	5.0
1270	4.5
1274	3.5
1275	3.5
1285	4.5
1291	4.5
1320	4.0
1343	4.5
1356	3.5
1359	3.5
1366	4.0
1374	3.5
1375	3.0
1377	4.0
1387	4.0
1396	4.0
1407	5.0
1408	4.5
1466	4.5
1485	2.5
1499	4.0
1500	5.0
1527	4.5
1552	3.5
1573	4.5
1580	4.5
1584	3.5
1589	4.5
1590	2.5
1597	4.5
1608	4.0
1610	4.0
1617	4.5
1625	4.5
1639	3.0
1645	4.0
1653	4.5
1665	1.5
1674	4.5
1676	4.0
1682	4.5
1690	4.0
1717	3.5
1721	3.0
1729	4.5
1732	4.0
1748	4.5
1784	4.5
1792	3.5
1805	4.5
1809	4.5
1831	3.5
1845	5.0
1882	1.0
1883	4.0
1885	3.5
1912	4.5
1921	4.0
1923	4.0
2000	4.5
2001	4.0
2003	4.0
2005	4.5
2028	4.0
2034	3.5
2046	3.5
2054	3.0
2060	3.5
2115	4.5
2118	4.5
2124	3.5
2138	4.0
2167	4.0
2174	4.5
2193	4.0
2194	4.5
2231	3.5
2232	4.5
2278	5.0
2288	4.5
2291	4.5
2294	3.0
2321	4.5
2329	5.0
2334	3.0
2335	2.0
2353	4.5
2355	4.5
2391	4.5
2395	4.5
2401	4.5
2406	3.0
2427	5.0
2490	4.5
2501	4.5
2502	4.0
2542	4.5
2567	3.5
2571	4.5
2580	4.5
2594	4.5
2599	4.5
2600	4.5
2617	4.0
2628	3.5
2692	4.5
2699	3.5
2707	4.5
2716	4.0
2722	3.5
2759	4.0
2762	5.0
2797	4.0
2803	3.5
2840	3.5
2858	4.5
2871	4.0
2890	4.5
2912	4.5
2916	4.5
2918	4.5
2921	4.5
2959	5.0
2976	5.0
2997	4.5
3006	4.5
3020	4.0
3039	4.0
3052	4.0
3081	5.0
3114	4.0
3147	4.0
3175	4.5
3203	4.0
3219	4.5
3238	3.5
3253	4.0
3256	4.0
3265	4.5
3267	4.0
3273	3.5
3275	5.0
3298	4.0
3328	4.5
3408	4.0
3409	4.0
3448	4.5
3476	4.5
3479	3.5
3481	4.5
3489	2.5
3526	4.0
3527	4.5
3555	4.0
3556	5.0
3578	4.0
3623	2.5
3624	3.5
3717	4.0
3740	4.0
3755	3.5
3783	4.5
3793	5.0
3798	4.0
3827	3.5
3897	3.5
3911	4.5
3915	4.5
3949	5.0
3950	4.5
3994	4.5
3996	5.0
4002	4.5
4007	4.5
4011	4.5
4020	4.5
4023	4.0
4029	4.5
4034	4.5
4036	4.5
4055	5.0
4056	4.5
4068	3.5
4085	4.5
4105	4.5
4128	4.0
4223	4.0
4224	3.5
4225	4.0
4226	5.0
4228	4.0
4232	4.0
4238	4.0
4248	4.0
4251	4.5
4270	4.0
4299	3.5
4306	5.0
4343	4.0
4367	4.0
4368	3.0
4369	4.5
4370	3.5
4378	5.0
4380	4.5
4383	4.5
4387	4.0
4448	3.5
4571	4.0
4572	4.0
4638	3.5
4639	3.5
4641	4.5
4643	3.5
4701	3.5
4710	4.0
4718	4.0
4719	4.0
4720	4.0
4723	4.5
4725	4.5
4728	3.5
4734	4.5
4744	4.0
4776	4.5
4821	4.0
4848	3.5
4855	4.5
4865	4.0
4876	3.5
4878	5.0
4886	4.5
4887	3.5
4889	4.5
4890	3.5
4896	4.5
4901	4.5
4902	4.5
4958	4.0
4963	4.5
4974	4.0
4975	3.5
4979	5.0
4993	4.0
5004	4.5
5009	3.5
5010	5.0
5015	3.5
5026	4.5
5049	3.5
5103	4.0
5146	4.0
5152	4.0
5218	4.5
5219	4.5
5266	4.5
5294	4.5
5316	4.5
5325	4.5
5349	4.5
5377	4.5
5378	3.5
5388	4.5
5418	4.5
5420	4.5
5445	4.5
5464	4.5
5500	4.0
5501	1.0
5528	5.0
5577	3.0
5608	4.0
5618	5.0
5630	4.0
5669	4.5
5673	4.5
5679	3.0
5816	4.5
5833	4.5
5876	4.5
5881	5.0
5903	4.5
5952	4.0
5954	5.0
5959	5.0
5989	4.0
6003	4.5
6006	3.0
6058	4.0
6062	4.5
6187	4.0
6188	5.0
6212	4.0
6213	3.5
6223	4.0
6242	4.5
6250	4.0
6263	4.0
6264	4.0
6281	4.0
6287	3.5
6291	4.0
6294	4.5
6322	4.5
6323	4.5
6333	4.5
6338	3.5
6365	4.0
6377	5.0
6378	4.5
6379	3.5
6383	3.5
6385	4.5
6484	4.0
6502	5.0
6534	3.5
6537	4.5
6539	4.5
6541	4.0
6548	3.5
6550	2.0
6564	4.0
6567	4.5
6586	3.5
6595	4.5
6615	3.5
6617	5.0
6624	3.5
6707	4.5
6708	4.5
6709	4.5
6711	5.0
6754	4.5
6755	4.5
6764	4.5
6820	4.5
6857	4.0
6862	4.5
6863	4.5
6870	5.0
6874	5.0
6879	4.0
6934	3.0
6936	3.5
6947	4.0
6950	4.0
6952	3.5
6953	5.0
6959	3.5
7022	4.5
7028	4.0
7034	4.5
7090	5.0
7143	4.5
7150	3.5
7153	4.0
7162	3.5
7163	4.0
7254	4.0
7256	5.0
7285	4.5
7317	4.0
7325	4.5
7347	4.5
7348	4.0
7360	4.5
7362	3.5
7373	5.0
7376	4.0
7438	5.0
7439	4.5
7445	5.0
7569	4.0
7827	4.5
7981	4.5
8360	4.5
8361	4.0
8368	5.0
8370	4.5
8372	2.0
8528	4.0
8531	4.0
8633	4.5
8636	4.5
8641	4.0
8644	5.0
8665	5.0
8781	4.5
8783	3.5
8784	5.0
8798	5.0
8807	4.5
8810	3.5
8814	3.5
8861	4.5
8874	5.0
8957	4.5
8961	5.0
8984	3.5
8985	4.5
27317	4.5
27772	4.5
27822	3.5
27873	5.0
31696	3.5
