1	4.0
2	3.5
6	3.5
10	3.5
15	3.0
16	4.0
20	3.0
32	3.5
39	3.5
47	4.0
50	3.5
70	4.0
86	3.5
95	3.5
97	4.0
104	3.5
110	4.0
111	3.5
112	3.5
121	3.5
141	3.5
145	3.5
150	3.5
151	4.0
163	4.0
165	3.5
168	3.5
172	3.0
180	3.5
185	2.5
193	3.5
196	2.5
208	3.0
214	4.0
223	3.0
225	3.5
231	2.5
253	4.5
260	4.0
266	3.5
282	3.5
288	3.5
292	3.0
293	4.0
296	4.5
315	3.5
316	3.5
318	4.5
327	3.5
329	4.0
344	2.0
353	4.0
356	4.0
364	3.5
367	3.0
373	4.0
376	3.5
377	3.5
380	3.0
382	4.0
434	3.0
438	3.5
442	3.5
457	4.0
480	4.0
482	4.0
485	2.5
491	3.5
500	3.5
527	4.0
539	3.5
540	3.0
541	3.5
548	3.0
553	4.0
555	4.0
587	3.5
589	4.0
590	3.5
593	4.5
608	4.0
648	4.0
720	4.0
724	3.5
733	3.5
736	3.0
741	4.0
743	3.0
745	4.0
748	3.5
778	4.0
780	3.0
785	3.5
788	2.5
798	3.0
799	3.5
802	3.5
836	3.5
858	4.0
904	4.0
923	3.5
924	4.5
1020	3.5
1036	3.5
1037	3.0
1047	3.5
1061	4.0
1079	4.0
1080	3.5
1089	4.0
1090	4.0
1092	4.0
1097	3.5
1101	3.5
1111	4.0
1125	4.5
1127	4.0
1136	3.5
1148	4.0
1175	3.0
1193	4.0
1196	4.5
1198	5.0
1199	3.5
1200	4.5
1201	4.5
1203	4.5
1208	4.5
1210	3.5
1213	3.5
1214	4.5
1216	4.5
1219	4.0
1221	4.0
1222	4.0
1223	4.0
1225	3.5
1233	4.0
1240	4.5
1241	3.5
1242	4.0
1245	4.0
1246	3.0
1255	4.0
1258	4.0
1259	3.5
1262	4.0
1263	4.0
1265	4.0
1266	4.0
1270	4.0
1274	4.0
1275	4.0
1281	4.0
1291	4.0
1299	3.5
1333	4.0
1339	3.5
1342	4.0
1343	3.5
1344	4.0
1347	4.0
1348	4.0
1356	3.5
1357	4.0
1366	4.0
1378	3.5
1379	3.5
1387	4.0
1394	4.0
1405	3.5
1407	3.5
1408	4.0
1409	3.5
1425	4.0
1429	3.5
1438	3.0
1466	4.0
1485	4.0
1488	3.5
1499	2.5
1527	3.0
1552	3.5
1573	3.0
1580	2.5
1584	3.5
1586	3.5
1588	3.5
1590	4.0
1616	3.5
1619	4.0
1620	3.5
1625	4.0
1633	3.0
1641	4.0
1644	3.0
1645	3.5
1653	3.5
1665	3.5
1676	3.0
1682	3.5
1687	3.5
1693	4.0
1704	3.5
1721	3.0
1729	4.0
1732	3.5
1747	4.0
1748	3.5
1752	3.0
1784	3.5
1792	3.5
1858	3.5
1882	3.0
1884	4.0
1892	3.5
1909	3.5
1917	3.5
1921	3.5
1923	3.5
1960	4.0
1961	3.5
1974	3.5
1982	3.5
1991	3.0
1994	4.0
1997	4.0
2000	3.5
2011	4.0
2012	3.5
2019	4.5
2028	4.0
2058	4.0
2105	4.0
2115	3.0
2134	3.5
2159	4.0
2160	4.0
2167	3.5
2232	3.5
2273	3.5
2278	4.0
2288	3.5
2291	3.0
2294	3.5
2311	4.5
2320	3.5
2324	4.5
2329	4.0
2336	3.5
2340	4.0
2355	3.5
2360	4.5
2376	3.5
2402	3.0
2403	4.5
2404	2.5
2405	3.5
2406	3.5
2427	3.5
2455	4.0
2467	4.0
2470	3.0
2490	3.5
2502	4.0
2505	4.0
2513	3.5
2527	4.0
2529	4.0
2539	3.5
2542	3.5
2571	4.5
2600	4.0
2617	1.0
2625	3.5
2628	3.0
2664	4.0
2672	4.0
2683	3.0
2692	4.0
2699	3.0
2701	2.5
2706	3.0
2707	3.5
2710	4.0
2712	4.0
2735	3.0
2745	4.5
2762	4.0
2770	2.5
2808	3.0
2810	2.5
2815	3.5
2826	4.5
2841	4.0
2858	4.0
2860	3.5
2871	4.0
2879	3.5
2890	3.5
2916	3.0
2918	4.0
2950	3.5
2951	4.0
2959	3.0
2976	3.5
2985	3.5
2997	2.5
3000	4.0
3005	3.5
3006	4.0
3017	3.5
3020	4.0
3052	3.5
3060	4.0
3081	3.5
3114	4.0
3147	4.0
3156	4.0
3175	3.0
3176	3.5
3198	4.0
3203	4.0
3253	3.5
3259	3.5
3267	4.0
3274	3.5
3275	4.0
3285	3.5
3300	4.5
3328	3.5
3355	3.5
3362	3.5
3409	3.5
3429	4.0
3441	3.5
3444	3.5
3452	3.0
3471	4.0
3499	4.0
3510	3.5
3527	4.0
3535	3.5
3578	4.0
3615	3.5
3623	3.5
3624	3.5
3676	3.5
3686	3.5
3697	3.5
3698	3.5
3702	3.5
3703	4.5
3704	4.0
3717	3.0
3726	3.5
3730	3.5
3745	3.0
3751	4.0
3753	3.5
3755	3.5
3793	3.5
3798	3.5
3826	3.0
3827	3.5
3831	3.5
3841	3.0
3897	4.0
3917	4.0
3918	3.5
3919	3.5
3948	3.0
3949	3.5
3972	3.5
3977	3.0
3994	3.5
3996	4.0
4002	4.0
4008	4.0
4011	4.0
4014	3.5
4018	3.5
4022	4.0
4025	3.0
4027	3.5
4034	4.0
4040	3.0
4052	3.5
4056	3.5
4105	4.0
4148	3.5
4207	3.0
4223	4.0
4226	3.5
4235	4.0
4238	3.5
4239	4.0
4270	1.0
4299	3.5
4306	4.0
4310	3.5
4326	4.0
4344	3.5
4351	4.0
4367	3.0
4369	3.0
4370	4.0
4383	3.5
4443	3.5
4446	3.5
4489	3.5
4499	4.5
4506	3.5
4546	4.0
4558	3.0
4571	3.0
4572	3.5
4638	3.0
4678	3.5
4682	3.5
4701	3.5
4720	4.0
4728	3.5
4734	3.5
4776	4.0
4846	3.5
4865	3.5
4874	3.5
4878	3.5
4886	3.5
4901	3.0
4951	3.5
4963	3.5
4973	3.5
4993	4.0
4995	4.0
5004	4.5
5010	4.0
5015	3.5
5055	4.5
5064	4.0
5065	3.5
5072	3.5
5146	4.0
5218	4.0
5225	3.5
5254	3.5
5266	4.0
5294	3.5
5349	3.0
5364	3.5
5378	3.5
5379	4.0
5388	3.5
5418	4.5
5445	3.5
5464	4.0
5502	3.5
5541	3.0
5553	3.5
5618	5.0
5630	3.5
5669	4.0
5679	4.0
5690	4.0
5881	3.5
5952	4.0
5956	3.5
5971	3.5
5989	4.0
5995	5.0
6016	5.0
6058	3.5
6187	3.5
6235	4.0
6238	3.5
6242	4.0
6283	4.0
6287	3.5
6303	5.0
6323	4.0
6333	4.0
6350	4.0
6377	4.0
6385	3.5
6502	4.0
6539	3.0
6615	3.5
6618	4.0
6659	3.0
6662	4.5
6663	4.5
6664	4.0
6707	3.0
6709	3.5
6711	3.0
6721	4.0
6731	4.0
6774	3.5
6800	3.0
6807	4.0
6820	3.0
6857	4.0
6863	3.5
6870	3.0
6874	4.5
6880	3.0
6889	3.5
6947	3.5
6953	3.5
6966	3.5
7001	3.5
7004	3.0
7022	4.5
7027	4.0
7028	4.0
7046	3.5
7073	3.5
7090	3.5
7099	4.0
7143	4.0
7147	3.5
7153	4.0
7162	4.0
7235	4.0
7254	4.0
7318	3.5
7346	3.5
7347	3.5
7360	3.5
7361	2.5
7371	4.0
7373	4.0
7387	4.0
7438	5.0
7458	3.5
7481	4.0
7502	4.0
7802	4.0
7827	3.5
7981	3.5
8132	4.0
8169	3.0
8183	3.5
8340	4.0
8360	4.0
8361	3.0
8370	5.0
8371	2.5
8464	3.5
8501	4.0
8529	4.0
8596	4.5
8607	3.0
8622	4.0
8636	3.0
8644	4.0
8665	4.0
8783	4.0
8810	3.5
8873	4.0
8874	4.0
8907	3.5
8914	3.5
8949	3.0
8950	3.0
8957	4.0
8961	4.0
8983	3.5
26776	3.5
27317	4.0
27611	4.5
27721	4.0
27727	3.5
27728	4.0
27772	4.0
27773	4.0
27788	4.0
27801	3.5
27846	3.5
27904	4.0
30707	4.0
30749	4.0
30810	3.0
30812	3.5
30820	4.0
31410	5.0
31420	3.5
31658	4.0
31696	3.5
31878	4.5
32587	4.5
33004	3.5
33162	4.0
33166	4.0
33437	3.5
33493	3.5
33615	3.5
33794	3.0
34048	3.5
34162	3.5
34319	4.0
34405	3.5
34542	3.5
35836	3.5
36517	4.0
36529	4.0
37720	3.0
37733	4.0
38038	4.0
38061	4.0
39183	4.0
39446	2.0
40278	3.5
40339	3.5
40732	3.0
41285	3.5
41569	3.5
41997	4.0
42723	4.0
42734	3.5
43376	4.0
44191	3.5
44195	3.5
44204	4.0
44397	3.5
44555	4.0
44665	3.5
44974	3.5
45210	3.5
45431	4.0
45447	3.5
45499	4.0
45720	3.5
45722	3.5
45928	4.0
45950	4.0
46322	4.0
46578	3.0
46723	4.0
46948	3.5
46976	4.0
47099	4.0
47610	4.0
47997	3.5
48043	4.0
48304	5.0
48385	3.0
48394	4.0
48516	3.5
48738	4.0
48774	4.0
48780	4.0
48783	4.0
48982	3.0
48997	3.5
49272	3.5
49274	3.5
49396	3.0
49530	4.0
50068	4.0
50601	3.5
50872	4.0
51091	4.0
51255	4.0
51540	3.5
51662	4.0
51709	4.0
51935	4.0
52042	4.0
52245	3.5
52281	4.5
52328	3.5
52458	3.5
52604	4.0
52885	3.0
52952	4.0
52975	3.5
53000	4.0
53121	3.5
53125	3.5
53129	4.0
53318	3.5
53322	3.5
53464	4.0
53519	5.0
53550	4.0
53894	4.0
53953	3.0
53956	4.0
53996	1.5
54259	3.5
54272	3.5
54286	3.5
54372	4.5
54503	3.0
54995	4.5
54997	4.0
55052	3.5
55118	4.0
55247	4.0
55276	3.0
55290	3.5
55363	3.5
55442	4.0
55721	3.5
55765	3.5
55768	3.5
55820	4.5
55908	4.5
56145	3.5
56174	3.5
56251	4.0
56339	3.5
56607	3.5
56757	4.0
56782	3.5
57274	3.5
57368	3.5
57504	4.0
57528	4.0
57640	4.0
57669	4.0
58293	3.0
58295	4.0
58299	3.0
58303	4.0
58559	5.0
59022	3.5
59103	3.5
59126	4.0
59315	4.0
59369	4.0
59615	3.0
59784	4.0
59900	3.5
60040	4.0
60069	4.0
60074	3.5
60684	3.5
61132	3.5
61236	3.5
61240	5.0
61323	4.0
61729	3.0
62374	4.0
62434	3.5
62956	3.0
62999	3.0
63062	4.0
63072	4.0
63082	4.5
63113	3.5
63853	4.5
63859	4.0
63876	4.0
64034	4.0
64575	4.0
64614	4.5
64716	4.5
64839	4.0
64957	4.5
64969	4.0
64983	4.0
65216	4.0
65514	3.5
65642	4.0
66097	4.0
67255	4.0
67997	3.0
68073	4.0
68157	5.0
68159	4.0
68237	4.5
68319	4.0
68358	4.0
68554	3.5
68952	3.5
68954	4.0
69122	4.0
69134	4.0
69481	4.0
69644	4.0
69784	3.5
70286	4.5
71033	4.0
71057	4.5
71135	4.0
71156	3.5
71282	4.0
71464	3.5
71530	3.5
71535	4.0
71838	4.0
71899	4.5
72011	4.0
72226	4.0
72998	4.5
73268	4.0
73321	4.0
73323	4.0
73344	4.0
74458	4.0
74510	4.0
74795	4.0
76093	4.0
76251	4.5
77561	4.0
77866	4.0
78469	3.5
78499	3.0
78574	3.5
79057	4.0
79091	3.0
79132	4.0
79293	3.5
79695	4.0
80219	4.0
80463	4.0
80489	4.0
80969	4.0
81229	4.0
81562	4.0
81591	3.5
81788	4.0
81932	4.0
82459	4.0
82461	4.5
83134	3.5
84152	4.0
84392	4.0
84601	4.0
84772	4.0
84944	4.0
84954	4.0
85414	4.0
86190	4.0
86320	4.5
86332	4.0
86345	3.5
86880	3.5
86911	4.0
87222	3.0
87232	4.0
87306	3.0
87869	3.0
88129	4.0
88140	4.0
88744	4.0
89470	4.0
89745	4.5
89774	4.5
89864	3.5
90405	3.5
90746	4.5
91500	4.0
91529	3.5
91535	3.5
91630	3.5
92259	4.5
92420	4.5
93510	3.5
93840	3.5
94864	3.0
95441	4.0
95875	4.0
96079	3.5
96610	4.0
96737	3.0
97304	3.5
97306	4.0
97752	4.0
97913	3.5
97923	4.0
97938	4.5
98809	4.0
99114	4.5
101864	4.0
102125	3.5
102445	2.5
103042	3.5
103249	4.0
103772	4.0
104841	5.0
104879	4.5
105504	4.5
106002	4.0
106072	3.5
106487	3.5
106489	3.5
108932	3.0
109487	5.0
110102	4.0
111362	4.5
111759	4.0
112556	4.0
112623	3.5
112852	5.0
