1	4.0
2	3.5
10	3.0
18	3.5
19	3.0
21	3.5
32	4.0
34	3.0
47	4.0
48	3.0
50	4.5
63	4.0
69	4.0
70	4.0
104	4.0
145	4.0
147	3.5
153	2.5
163	4.0
165	4.0
172	2.5
180	3.5
196	2.0
208	2.0
216	3.5
223	3.5
235	4.0
239	3.5
253	3.5
256	4.0
260	4.0
296	4.5
317	4.0
318	4.5
337	4.0
344	3.5
355	3.0
356	4.5
357	2.5
358	3.5
364	3.5
367	4.0
370	3.5
380	3.5
393	0.5
420	4.0
466	3.5
480	3.5
485	3.0
500	3.0
539	3.5
546	0.5
551	4.0
552	3.5
555	4.0
586	3.0
588	3.0
589	4.0
592	3.5
593	2.5
595	3.0
597	3.5
608	3.0
627	3.5
648	4.0
673	3.5
733	4.0
743	3.5
745	4.0
780	3.5
784	4.0
788	4.0
858	4.5
924	3.0
1035	3.5
1036	3.5
1064	3.0
1080	4.0
1089	4.5
1093	2.5
1097	4.0
1136	3.5
1196	4.0
1198	4.5
1199	2.0
1210	4.0
1213	4.5
1214	2.0
1220	3.0
1221	3.5
1240	4.0
1246	3.0
1258	4.0
1263	4.0
1270	3.5
1275	3.0
1291	4.0
1339	4.0
1377	3.5
1391	3.0
1405	2.5
1407	3.5
1474	3.0
1485	4.0
1517	3.0
1527	3.0
1562	2.0
1566	3.0
1573	4.5
1580	3.5
1597	3.5
1625	4.0
1639	3.0
1645	4.0
1665	3.5
1676	3.5
1682	4.5
1702	2.5
1704	4.0
1707	1.0
1717	3.0
1721	3.5
1722	3.0
1729	4.5
1732	3.5
1753	4.0
1777	3.5
1806	4.0
1831	2.0
1873	3.5
1882	2.5
1884	4.0
1907	4.0
1911	4.0
1917	3.5
1920	3.0
1923	3.5
1954	3.5
1968	3.5
1997	2.5
2003	3.0
2004	2.5
2005	3.5
2006	3.5
2011	4.0
2012	3.5
2023	3.5
2028	4.0
2053	1.0
2054	2.5
2060	3.0
2078	2.5
2081	3.0
2115	4.5
2118	3.5
2153	2.5
2167	4.0
2174	2.5
2193	3.0
2194	4.0
2231	3.5
2232	4.0
2273	4.0
2288	4.0
2291	4.0
2296	3.5
2329	4.0
2335	3.5
2353	4.0
2378	3.0
2379	2.5
2380	2.5
2381	2.5
2382	2.0
2383	2.5
2394	4.0
2402	2.0
2403	3.5
2404	3.0
2409	2.0
2411	2.5
2412	2.0
2420	3.0
2421	3.5
2424	2.5
2454	2.0
2455	2.5
2502	4.0
2539	3.5
2542	3.5
2571	4.5
2605	4.0
2628	2.0
2642	3.0
2671	3.5
2683	3.5
2687	3.5
2694	4.0
2700	3.5
2701	3.0
2706	3.5
2716	3.5
2761	3.5
2762	4.0
2797	4.0
2858	3.0
2860	4.0
2890	3.5
2953	3.0
2959	3.5
2968	3.0
2987	2.5
3033	3.0
3052	4.0
3054	2.0
3114	4.0
3146	2.5
3147	4.5
3156	4.0
3173	4.0
3174	4.5
3176	4.0
3177	4.0
3253	3.0
3254	3.0
3263	4.0
3267	4.5
3300	4.5
3301	4.0
3326	3.0
3328	4.5
3408	3.0
3448	4.0
3452	4.0
3535	4.0
3578	4.0
3617	4.0
3623	4.0
3624	4.0
3646	3.5
3717	3.0
3744	4.0
3752	3.5
3755	3.5
3785	4.0
3793	3.5
3821	3.0
3826	2.5
3882	3.5
3897	3.5
3948	4.0
3969	4.0
3977	4.0
3979	3.5
3994	4.0
4011	4.0
4018	4.0
4022	3.5
4025	3.0
4034	3.5
4084	4.0
4085	4.0
4102	4.0
4148	2.0
4224	3.5
4226	4.5
4232	1.5
4255	1.5
4262	4.5
4267	3.5
4306	4.5
4308	3.0
4361	2.5
4369	4.0
4370	4.0
4386	2.0
4388	3.5
4446	2.5
4447	4.0
4467	3.0
4489	3.5
4563	3.5
4701	4.0
4718	3.0
4728	4.0
4734	4.5
4776	4.0
4816	4.5
4844	3.5
4874	4.0
4896	2.0
4899	3.5
4963	4.0
4973	3.0
4974	2.0
4993	4.5
4995	4.0
5014	4.0
5171	2.5
5218	4.5
5219	3.0
5220	3.0
5254	3.5
5283	4.0
5296	3.0
5349	4.0
5378	3.5
5388	3.0
5400	3.5
5401	3.5
5414	3.5
5418	4.0
5449	4.0
5459	4.0
5481	4.0
5507	3.0
5541	2.5
5572	4.0
5574	3.5
5630	3.5
5810	3.0
5816	2.5
5900	3.5
5903	4.0
5952	4.5
5956	4.0
5989	4.5
6016	4.5
6156	3.5
6157	3.5
6188	4.5
6286	3.5
6287	4.0
6294	3.5
6322	3.0
6323	4.0
6333	4.0
6365	3.0
6373	4.0
6377	4.5
6378	4.0
6383	3.5
6503	3.5
6534	3.0
6537	2.5
6539	4.5
6541	4.0
6548	3.5
6550	3.5
6586	3.5
6593	4.0
6595	3.0
6618	4.5
6664	3.0
6709	4.0
6711	3.5
6721	4.5
6764	4.0
6796	4.0
6807	4.0
6863	4.5
6874	4.5
6888	2.5
6934	3.5
6957	3.5
7007	3.5
7075	3.5
7143	3.5
7153	4.5
7161	3.5
7235	1.5
7254	4.5
7285	3.0
7293	4.5
7317	2.0
7325	3.5
7346	3.0
7360	3.5
7361	4.5
7366	3.0
7367	4.0
7373	3.5
7376	3.5
7381	3.5
7438	4.0
7439	2.0
7444	2.0
7445	4.0
7451	4.5
7454	3.0
7458	3.5
7460	3.5
7701	3.0
8360	3.5
8361	3.5
8371	4.0
8387	2.0
8526	2.5
8528	3.0
8529	4.5
8531	3.5
8622	3.0
8636	4.0
8641	4.0
8644	3.5
8665	3.5
8798	4.5
8807	4.0
8861	3.0
8874	4.0
8907	4.0
8957	3.0
8958	4.0
8961	4.0
8968	3.5
8972	3.5
8985	3.5
27660	3.5
27706	3.5
27788	4.5
27808	3.5
30707	4.5
30822	3.5
30825	3.0
31225	4.0
31685	3.5
31696	3.0
32019	2.5
32029	3.5
32587	4.5
33004	4.0
33158	3.5
33166	4.5
33493	3.5
33615	4.0
33646	4.0
33679	3.5
33794	4.0
34048	4.0
34162	4.0
34271	4.0
34319	4.0
34534	4.0
35836	4.0
36401	2.5
36519	3.0
36529	4.0
36708	3.5
37380	3.0
37382	3.5
37727	3.5
37729	3.0
37733	3.5
39446	2.5
39715	2.5
40278	4.5
42011	4.0
42718	4.0
42725	3.5
43836	3.5
43919	2.5
43936	4.0
44191	4.0
44195	4.0
44199	4.5
44665	4.0
44972	3.0
45186	3.0
45447	3.5
45501	3.0
45672	3.0
45722	4.0
45728	4.0
45730	3.0
45732	3.5
46322	4.5
46335	2.5
46970	3.5
47200	3.5
47610	3.0
47640	2.5
47997	3.0
48385	4.0
48516	4.5
48774	3.5
48780	4.0
49272	4.0
49274	3.5
49278	4.5
49396	3.5
49530	4.5
50189	2.0
50442	3.0
50794	3.5
50804	2.0
51077	3.5
51086	3.5
51412	3.5
52328	3.0
52722	3.0
52973	3.5
53125	3.5
53519	4.0
53953	4.0
53972	4.0
53996	3.0
54272	4.0
54503	3.5
54648	3.0
54995	4.0
55232	3.0
55290	4.0
55765	3.5
55830	3.0
56156	3.5
56174	3.5
56251	4.0
56367	3.0
56587	3.5
56775	2.0
57528	4.0
58293	1.5
58295	4.0
58559	4.5
58998	4.0
59022	4.0
59315	4.0
59369	4.0
59615	2.5
60072	4.0
60126	3.5
60161	3.5
60684	4.0
61132	3.5
61248	3.5
61323	3.0
62081	3.0
62434	4.0
62999	3.5
63082	4.0
64030	2.0
64497	2.0
64957	4.0
64969	3.0
65642	4.5
66297	3.0
66934	4.0
67197	2.0
67255	4.0
67923	3.5
68157	4.5
68205	3.5
68358	4.0
68791	3.5
68952	4.0
68954	4.0
69122	3.5
69526	1.5
72378	3.0
73017	4.0
73268	3.5
76251	4.0
78499	4.0
