1	4.5
11	2.5
17	4.5
18	2.5
28	4.0
29	4.5
32	4.0
34	3.0
39	4.0
41	3.0
45	4.0
47	3.5
50	4.5
58	4.0
82	3.0
101	3.5
110	4.0
111	5.0
112	4.5
117	2.0
123	5.0
141	3.0
150	4.0
162	4.0
163	3.5
180	2.0
185	2.0
186	3.5
199	5.0
208	1.0
214	4.5
215	3.0
231	0.5
232	4.5
235	4.5
236	3.0
247	4.5
260	5.0
292	2.5
293	4.5
296	5.0
316	1.5
318	5.0
319	2.0
326	4.0
327	3.5
329	2.0
337	2.0
339	2.5
344	0.5
350	3.0
353	3.0
363	4.0
368	3.5
370	0.5
372	2.5
377	3.5
380	2.5
417	4.5
434	2.5
435	0.5
441	2.0
446	3.5
454	3.0
457	2.5
474	2.5
475	3.5
480	3.0
482	3.5
497	4.0
509	5.0
515	4.0
527	4.5
529	3.0
541	5.0
551	4.0
562	3.0
586	0.5
587	2.0
589	2.5
590	4.0
593	4.5
594	5.0
595	4.0
608	4.5
610	2.5
647	2.5
661	3.5
665	3.0
671	2.5
678	4.0
724	2.0
728	4.0
733	2.5
741	4.0
750	5.0
778	4.5
802	3.0
838	4.0
892	3.0
902	3.0
903	4.5
904	5.0
908	4.5
912	5.0
913	3.5
914	4.0
916	5.0
919	4.5
920	5.0
923	4.0
924	4.5
930	4.5
933	4.5
953	3.5
965	3.0
969	4.5
1023	4.5
1028	3.5
1036	3.5
1037	0.5
1042	3.0
1059	4.5
1060	2.0
1064	3.5
1073	2.5
1077	4.0
1079	4.0
1089	3.0
1097	3.0
1103	3.5
1127	3.0
1136	2.0
1172	3.0
1175	4.5
1179	2.0
1185	4.0
1186	4.0
1196	4.5
1197	4.5
1198	4.5
1199	4.5
1200	3.5
1201	4.5
1202	2.0
1204	5.0
1206	4.5
1207	4.5
1208	5.0
1209	4.0
1210	4.5
1211	5.0
1212	3.5
1214	3.5
1216	2.5
1217	4.5
1219	4.5
1224	3.5
1225	5.0
1231	3.0
1233	4.5
1235	4.0
1237	4.5
1240	4.5
1242	3.0
1243	4.5
1246	3.5
1247	3.5
1248	3.0
1249	3.0
1251	4.0
1253	3.5
1257	4.0
1258	4.0
1265	4.5
1266	3.0
1267	4.0
1269	4.5
1270	3.0
1271	2.0
1273	3.0
1274	4.0
1275	3.5
1276	4.0
1278	2.5
1279	2.0
1280	5.0
1281	4.5
1282	4.5
1285	4.0
1288	3.0
1291	4.0
1296	3.5
1297	2.5
1299	3.5
1333	4.5
1348	5.0
1357	3.5
1358	4.5
1370	2.5
1372	3.0
1373	2.0
1374	3.0
1391	2.5
1393	4.0
1394	3.0
1396	3.5
1408	4.0
1411	3.5
1446	2.5
1479	2.5
1500	3.5
1513	0.5
1517	4.0
1527	3.5
1537	3.5
1542	2.5
1590	0.5
1591	1.5
1594	1.0
1597	1.5
1610	4.0
1614	2.0
1617	4.5
1625	4.0
1635	3.0
1639	1.0
1641	4.0
1653	4.0
1673	4.0
1674	3.5
1678	4.0
1680	4.5
1682	3.5
1687	1.5
1704	4.0
1717	3.0
1729	2.5
1730	3.0
1732	3.5
1747	4.0
1748	3.5
1760	3.0
1784	4.5
1797	3.5
1805	1.0
1831	1.0
1845	3.5
1889	3.5
1909	2.0
1914	3.0
1921	4.5
1945	4.5
1954	3.0
1960	3.5
1961	4.0
1965	2.5
1966	4.0
1967	2.5
1968	2.5
1997	4.5
2010	5.0
2012	1.5
2019	5.0
2020	4.0
2028	4.0
2040	0.5
2058	2.5
2076	3.0
2108	3.0
2115	4.0
2117	1.5
2124	3.5
2133	2.0
2134	2.5
2137	3.5
2140	1.5
2167	2.0
2174	3.0
2194	3.5
2231	2.5
2248	3.0
2273	4.0
2291	2.5
2300	4.0
2321	3.5
2324	3.0
2329	4.5
2333	2.5
2336	4.0
2348	3.0
2351	5.0
2355	4.0
2393	2.0
2395	4.0
2396	4.0
2403	1.0
2409	1.5
2410	1.0
2411	1.0
2423	0.5
2431	3.0
2442	2.0
2467	3.5
2502	3.0
2528	2.5
2571	4.5
2594	4.0
2599	4.0
2624	5.0
2628	1.5
2640	3.0
2641	1.5
2644	3.0
2657	1.5
2677	3.0
2683	1.5
2686	2.0
2692	5.0
2699	0.5
2700	3.5
2710	3.0
2716	3.5
2723	0.5
2739	3.0
2761	4.5
2762	3.0
2791	0.5
2797	3.0
2803	3.5
2826	2.0
2858	4.0
2890	4.5
2918	3.0
2921	2.5
2924	3.5
2944	3.5
2951	4.0
2959	4.5
2986	2.5
2987	1.5
2997	3.5
3000	3.5
3006	3.0
3018	2.0
3019	2.5
3033	3.5
3052	1.0
3079	4.5
3081	3.0
3087	1.5
3089	5.0
3105	3.0
3107	2.5
3108	1.5
3114	4.5
3148	3.0
3159	4.0
3160	3.5
3163	3.0
3175	1.5
3181	3.5
3186	2.5
3200	4.5
3224	5.0
3247	2.5
3253	3.5
3256	3.5
3258	1.5
3260	4.0
3265	3.5
3266	3.5
3267	3.0
3300	3.0
3307	5.0
3317	3.5
3328	3.5
3358	2.0
3421	2.0
3441	2.0
3462	5.0
3471	4.5
3476	2.5
3479	3.0
3481	4.0
3503	3.5
3527	2.5
3550	2.5
3556	2.5
3578	2.5
3624	3.5
3629	5.0
3654	3.0
3671	2.5
3676	4.5
3681	4.0
3686	2.0
3697	2.0
3702	2.0
3703	4.5
3706	3.5
3723	3.0
3742	4.0
3791	1.5
3793	3.5
3819	4.0
3841	1.5
3863	1.0
3882	2.5
3897	4.0
3908	0.5
3910	4.5
3911	3.0
3972	4.0
3994	2.5
3996	4.5
4014	4.0
4019	3.0
4022	3.5
4025	0.5
4027	4.5
4033	4.0
4034	4.5
4103	2.5
4121	2.5
4144	5.0
4148	1.0
4205	3.0
4207	1.0
4211	4.0
4223	4.0
4226	4.5
4232	3.5
4306	1.0
4317	1.0
4326	3.0
4327	3.5
4351	0.5
4446	2.5
4499	2.0
4545	1.0
4558	2.0
4572	1.5
4641	4.0
4642	3.5
4654	0.5
4701	3.5
4720	4.0
4754	3.5
4812	2.5
4816	3.0
4823	1.0
4846	3.5
4848	5.0
4874	2.5
4878	4.0
4881	3.5
4886	4.0
4896	3.5
4914	4.5
4928	3.5
4954	4.0
4970	4.5
4973	5.0
4979	3.5
4993	4.5
4995	4.5
5013	4.5
5135	4.0
5147	4.0
5225	3.5
5291	5.0
5349	3.0
5377	4.0
5417	4.0
5418	3.5
5444	3.5
5445	3.0
5446	4.0
5489	3.5
5502	2.0
5508	3.0
5522	2.0
5541	0.5
5602	3.0
5617	4.0
5618	4.5
5620	1.0
5669	4.0
5673	3.0
5679	2.5
5690	3.5
5876	3.5
5902	3.5
5943	2.5
5945	4.0
5952	4.0
5956	3.5
5971	5.0
5992	2.5
6062	3.0
6157	0.5
6188	1.5
6218	3.0
6235	3.5
6238	3.5
6270	3.5
6283	2.5
6296	2.0
6299	4.0
6331	4.0
6333	3.5
6350	4.0
6377	4.0
6385	4.5
6428	4.0
6502	4.0
6503	3.0
6538	3.5
6539	3.0
6552	3.5
6565	3.5
6618	2.5
6620	3.0
6666	4.0
6711	4.5
6743	3.5
6754	2.0
6773	5.0
6774	3.0
6783	4.5
6807	2.0
6863	3.0
6870	3.5
6874	5.0
6890	4.0
6934	1.0
6942	4.0
6947	3.5
6953	4.0
6979	4.0
6985	5.0
6987	5.0
7022	4.0
7023	4.0
7063	4.5
7064	4.5
7090	4.5
7099	4.5
7123	2.5
7137	3.0
7147	3.5
7151	4.5
7153	3.5
7156	4.0
7162	4.0
7234	4.5
7256	3.5
7323	3.0
7347	3.5
7361	4.5
7387	3.0
7438	5.0
7451	3.5
7454	2.0
7925	3.5
8014	4.0
8042	4.0
8128	4.0
8207	4.0
8228	4.0
8253	4.0
8361	2.5
8366	3.0
8368	4.0
8376	0.5
8477	4.0
8493	2.5
8529	3.5
8581	0.5
8622	3.5
8636	4.0
8645	3.5
8665	2.5
8784	4.0
8798	4.0
8873	3.0
8874	3.5
8910	3.5
8947	2.5
8949	4.5
8958	3.5
8961	4.5
8966	4.0
8969	3.5
8970	4.0
8972	2.0
8981	3.5
8983	5.0
9018	3.5
26662	5.0
26776	4.5
27266	4.5
27660	3.0
27721	4.0
27773	4.5
27808	2.5
27821	4.0
27878	5.0
30749	4.0
30793	3.5
30812	3.5
30820	4.0
30850	3.0
31658	3.0
31878	3.5
32587	4.5
32598	4.0
33166	2.5
33493	2.5
33669	3.0
33794	3.5
33880	4.5
34072	4.0
34405	3.5
34542	4.5
35836	3.5
36517	3.5
37729	4.0
37733	4.0
37741	4.0
38886	4.5
39183	4.0
39292	4.0
40583	4.5
40629	5.0
40815	3.5
40819	4.0
41285	4.5
41997	4.5
42418	5.0
42632	4.5
44191	3.0
44195	4.0
44204	4.0
46578	4.0
47610	4.0
