1	4.0
2	4.0
3	4.0
5	3.0
7	5.0
10	3.0
11	4.0
17	5.0
21	3.0
24	3.0
27	4.0
28	4.0
31	3.0
35	5.0
36	4.0
46	2.0
47	3.0
48	2.0
50	5.0
62	4.0
73	5.0
74	5.0
92	2.0
95	2.0
104	3.0
105	4.0
107	4.0
110	2.0
113	2.0
135	3.0
140	3.0
141	4.0
150	4.0
151	3.0
153	3.0
158	4.0
161	3.0
168	3.0
169	3.0
180	2.0
185	3.0
186	3.0
195	4.0
207	3.0
224	4.0
230	3.0
231	1.0
232	4.0
236	3.0
237	3.0
249	5.0
253	4.0
258	5.0
260	5.0
261	4.0
265	4.0
266	3.0
270	4.0
277	5.0
282	4.0
289	3.0
300	4.0
305	3.0
307	4.0
313	3.0
314	4.0
317	3.0
318	5.0
329	3.0
337	3.0
339	4.0
349	4.0
350	4.0
351	4.0
357	4.0
358	3.0
360	3.0
361	4.0
362	4.0
364	4.0
367	4.0
368	4.0
371	3.0
372	3.0
374	3.0
377	4.0
378	3.0
380	4.0
381	4.0
408	4.0
412	3.0
414	3.0
440	4.0
450	3.0
453	4.0
455	3.0
457	3.0
468	4.0
469	3.0
480	4.0
491	4.0
497	5.0
502	2.0
505	3.0
506	5.0
508	4.0
509	5.0
515	4.0
516	4.0
520	4.0
527	3.0
531	4.0
534	5.0
537	4.0
538	4.0
541	5.0
543	2.0
551	4.0
552	4.0
553	4.0
558	3.0
585	2.0
588	4.0
590	1.0
592	5.0
593	5.0
594	3.0
595	5.0
596	3.0
608	3.0
647	3.0
650	4.0
661	3.0
673	3.0
691	3.0
708	4.0
720	5.0
733	3.0
736	4.0
780	5.0
783	2.0
805	4.0
830	4.0
832	3.0
837	5.0
838	4.0
848	3.0
898	4.0
899	4.0
900	5.0
901	4.0
902	4.0
906	4.0
907	4.0
908	4.0
912	5.0
913	5.0
914	5.0
915	5.0
916	5.0
917	4.0
918	5.0
919	2.0
920	3.0
922	5.0
923	5.0
928	3.0
932	5.0
934	5.0
938	5.0
943	5.0
953	5.0
969	5.0
1005	4.0
1012	3.0
1013	5.0
1017	3.0
1020	3.0
1021	4.0
1022	4.0
1025	3.0
1027	5.0
1028	5.0
1029	3.0
1030	3.0
1031	3.0
1032	3.0
1035	5.0
1036	3.0
1042	4.0
1064	4.0
1066	3.0
1073	5.0
1080	3.0
1081	5.0
1088	5.0
1091	1.0
1100	3.0
1101	4.0
1127	5.0
1136	4.0
1148	5.0
1177	5.0
1183	4.0
1188	4.0
1196	5.0
1197	5.0
1198	4.0
1207	5.0
1210	5.0
1225	5.0
1226	5.0
1248	4.0
1265	5.0
1268	4.0
1269	5.0
1270	4.0
1271	4.0
1282	5.0
1286	4.0
1287	4.0
1296	4.0
1302	4.0
1304	4.0
1307	5.0
1353	4.0
1357	5.0
1359	3.0
1363	3.0
1367	3.0
1370	3.0
1371	4.0
1372	3.0
1373	4.0
1374	3.0
1375	4.0
1376	4.0
1377	3.0
1378	3.0
1380	5.0
1381	1.0
1388	3.0
1393	1.0
1399	3.0
1407	2.0
1408	4.0
1409	3.0
1411	5.0
1416	4.0
1417	3.0
1453	2.0
1479	3.0
1485	4.0
1487	3.0
1517	3.0
1527	5.0
1541	2.0
1544	3.0
1556	1.0
1562	3.0
1566	2.0
1569	3.0
1580	5.0
1584	4.0
1588	2.0
1595	2.0
1608	4.0
1610	4.0
1617	4.0
1635	4.0
1639	4.0
1641	4.0
1643	5.0
1648	1.0
1653	5.0
1660	5.0
1674	5.0
1678	4.0
1682	4.0
1683	5.0
1688	4.0
1694	4.0
1701	3.0
1704	5.0
1721	4.0
1722	3.0
1727	4.0
1732	3.0
1734	5.0
1748	4.0
1777	4.0
1779	1.0
1784	5.0
1821	3.0
1834	4.0
1835	5.0
1873	4.0
1883	3.0
1888	4.0
1907	3.0
1917	4.0
1918	4.0
1923	3.0
1935	5.0
1936	4.0
1947	4.0
1959	5.0
1967	3.0
1968	5.0
2001	3.0
2002	4.0
2003	3.0
2006	4.0
2011	3.0
2012	4.0
2013	2.0
2017	3.0
2018	3.0
2028	4.0
2042	4.0
2054	3.0
2059	4.0
2067	4.0
2078	3.0
2080	3.0
2081	1.0
2082	5.0
2083	4.0
2084	3.0
2085	3.0
2087	4.0
2088	2.0
2089	2.0
2090	3.0
2092	2.0
2096	4.0
2102	4.0
2106	3.0
2115	3.0
2123	3.0
2124	3.0
2125	3.0
2135	4.0
2139	4.0
2140	4.0
2141	3.0
2142	4.0
2154	4.0
2161	4.0
2193	3.0
2236	5.0
2248	5.0
2253	3.0
2268	4.0
2291	4.0
2294	3.0
2297	4.0
2300	2.0
2302	3.0
2310	4.0
2312	4.0
2335	3.0
2336	4.0
2355	4.0
2390	4.0
2391	3.0
2393	4.0
2394	3.0
2396	3.0
2398	5.0
2406	4.0
2413	5.0
2420	4.0
2421	2.0
2424	5.0
2431	4.0
2432	4.0
2436	4.0
2442	4.0
2445	3.0
2447	4.0
2470	3.0
2471	3.0
2485	4.0
2497	3.0
2501	3.0
2502	3.0
2504	3.0
2506	4.0
2539	3.0
2541	4.0
2542	3.0
2563	4.0
2565	5.0
2571	5.0
2572	4.0
2616	3.0
2617	4.0
2628	3.0
2629	2.0
2657	5.0
2670	4.0
2671	5.0
2676	4.0
2683	2.0
2687	4.0
2690	4.0
2692	5.0
2706	2.0
2709	4.0
2724	3.0
2759	3.0
2762	5.0
2791	3.0
2799	1.0
2804	3.0
2805	3.0
2816	2.0
2817	2.0
2822	4.0
2829	3.0
2858	5.0
2861	3.0
2863	3.0
2875	2.0
2877	4.0
2941	5.0
2948	4.0
2961	1.0
2971	4.0
2987	4.0
2996	3.0
3004	3.0
3028	3.0
3033	3.0
3034	5.0
3044	5.0
3052	4.0
3061	4.0
3072	3.0
3079	3.0
3094	5.0
3098	5.0
3100	3.0
3105	4.0
3107	4.0
3114	4.0
3125	4.0
3148	3.0
3155	5.0
3159	4.0
3176	4.0
3185	3.0
3194	3.0
3225	3.0
3243	2.0
3247	5.0
3248	3.0
3252	4.0
3255	4.0
3256	4.0
3257	4.0
3258	2.0
3259	2.0
3260	5.0
3270	4.0
3271	4.0
3316	2.0
3363	3.0
3386	2.0
3388	3.0
3408	3.0
3418	3.0
3448	4.0
3450	4.0
3452	3.0
3477	4.0
3479	3.0
3481	5.0
3499	3.0
3500	3.0
3510	4.0
3512	3.0
3528	4.0
3534	3.0
3536	5.0
3545	3.0
3549	5.0
3555	4.0
3565	4.0
3608	2.0
3615	4.0
3623	4.0
3624	3.0
3675	4.0
3705	4.0
3717	3.0
3723	3.0
3745	5.0
3751	5.0
3752	1.0
3791	3.0
3793	5.0
3809	1.0
3824	3.0
3825	3.0
3826	1.0
3827	5.0
3844	5.0
3852	4.0
3863	3.0
3882	4.0
3897	4.0
3901	3.0
3969	4.0
3977	4.0
3978	4.0
3981	1.0
3987	3.0
3988	5.0
3994	5.0
3996	5.0
3998	4.0
4002	2.0
4003	3.0
4008	3.0
4014	4.0
4016	4.0
4017	4.0
4018	4.0
4023	3.0
4025	4.0
4027	4.0
4034	3.0
4039	1.0
4041	4.0
4054	3.0
4061	3.0
4062	4.0
4067	4.0
4069	3.0
4104	1.0
4132	3.0
4161	1.0
4223	4.0
4225	5.0
4226	1.0
4231	4.0
4232	4.0
4246	5.0
4265	4.0
4267	3.0
4280	3.0
4291	3.0
4299	4.0
4306	4.0
4308	3.0
4310	2.0
4317	2.0
4318	3.0
4322	3.0
4329	4.0
4333	2.0
4343	3.0
4344	3.0
4356	3.0
4366	3.0
4367	5.0
4369	4.0
4372	3.0
4387	3.0
4427	5.0
4446	4.0
4447	5.0
4448	4.0
4489	3.0
4502	2.0
4563	2.0
4564	4.0
4571	2.0
4621	3.0
4623	3.0
4638	3.0
4639	1.0
4662	3.0
4676	2.0
4677	4.0
4679	2.0
4681	3.0
4686	1.0
4700	5.0
4701	4.0
4719	1.0
4734	4.0
4756	3.0
4775	3.0
4823	3.0
4846	2.0
4857	3.0
4866	4.0
4886	5.0
4887	2.0
4896	5.0
4912	4.0
4936	3.0
4954	4.0
4963	4.0
4969	5.0
4973	5.0
4993	5.0
4995	4.0
5010	1.0
5014	3.0
5060	4.0
5064	4.0
5102	3.0
5103	5.0
5159	2.0
5171	3.0
5218	4.0
5220	3.0
5266	4.0
5267	4.0
