1	4.5
2	3.0
6	4.5
10	3.5
16	3.5
19	2.5
32	4.0
34	1.5
47	4.5
48	2.5
50	4.0
70	3.0
104	3.0
110	5.0
111	3.5
150	4.0
165	3.5
223	3.0
260	4.5
293	4.0
296	4.0
318	5.0
344	3.0
353	4.0
355	1.0
356	4.5
364	3.5
367	3.0
370	3.0
377	3.5
434	2.5
455	3.0
457	4.0
471	4.0
480	3.5
500	3.5
508	4.0
527	4.0
541	3.5
555	3.5
586	3.0
588	3.0
589	4.0
592	4.0
593	4.0
594	2.5
595	2.5
596	2.5
608	4.0
616	1.0
648	3.5
673	2.5
709	2.0
720	3.5
741	4.0
745	3.5
750	3.5
778	4.0
780	3.5
783	2.0
858	3.5
919	3.5
924	4.0
1022	2.0
1036	4.5
1084	3.5
1089	3.5
1090	4.0
1097	4.0
1127	3.5
1136	3.5
1148	3.5
1178	3.5
1193	3.5
1196	4.5
1198	4.5
1199	3.5
1200	4.0
1201	4.0
1203	3.5
1206	4.0
1208	4.0
1209	3.5
1210	4.5
1213	4.5
1214	4.0
1222	4.0
1223	3.5
1240	4.5
1242	3.5
1245	3.5
1246	4.0
1258	4.0
1259	5.0
1262	3.5
1263	4.0
1265	3.5
1266	4.0
1289	4.5
1291	4.0
1320	3.5
1345	3.5
1347	3.5
1359	2.0
1367	1.0
1370	4.0
1385	3.5
1387	4.0
1407	3.0
1408	3.5
1485	3.5
1517	3.5
1527	3.5
1544	3.5
1556	2.5
1566	2.0
1580	3.5
1584	4.0
1617	4.0
1619	3.5
1625	4.0
1653	3.5
1665	3.0
1676	3.5
1682	4.0
1702	1.5
1704	4.0
1717	3.0
1721	4.5
1722	3.5
1729	3.5
1732	3.5
1748	4.0
1772	2.5
1884	3.5
1907	3.0
1909	3.5
1911	2.0
1917	3.5
1920	3.0
1921	3.5
1923	3.5
1961	3.5
1968	4.0
1997	4.0
2000	3.5
2005	3.5
2018	2.5
2028	4.5
2078	2.5
2080	2.5
2081	2.0
2083	2.0
2085	2.0
2090	2.0
2115	4.0
2123	1.5
2161	3.0
2268	4.0
2288	4.0
2294	3.5
2320	3.0
2329	5.0
2335	1.5
2354	2.0
2355	4.5
2376	3.0
2394	2.5
2457	4.0
2470	3.0
2471	2.5
2490	3.5
2502	4.0
2542	4.0
2571	5.0
2617	3.0
2628	3.5
2640	3.5
2683	3.0
2687	2.0
2692	4.0
2693	3.0
2700	4.5
2706	3.0
2716	3.5
2717	3.0
2761	3.5
2762	5.0
2791	3.5
2858	5.0
2872	3.5
2916	3.5
2918	4.0
2947	3.5
2948	3.0
2949	3.5
2951	4.0
2953	2.5
2959	5.0
2966	3.0
2985	3.5
2987	3.0
2989	3.0
2990	3.0
2991	3.0
2993	3.5
2997	4.5
3000	4.5
3054	2.0
3081	4.0
3082	3.0
3114	4.5
3147	5.0
3157	1.5
3160	4.0
3273	2.5
3275	2.5
3409	3.0
3429	3.0
3471	4.0
3503	2.0
3527	3.5
3578	5.0
3617	3.0
3623	3.5
3624	3.5
3633	3.0
3635	3.0
3638	3.0
3677	4.0
3681	4.0
3698	2.5
3745	3.5
3751	3.5
3752	3.5
3753	3.5
3754	1.5
3785	3.0
3793	3.5
3826	2.5
3868	3.0
3869	3.0
3948	3.5
3949	5.0
3967	3.5
3969	3.5
3977	2.5
3984	3.0
3986	3.0
3988	2.5
3990	1.5
3993	3.0
3994	4.0
3996	4.0
4005	3.0
4011	4.0
4015	0.5
4022	4.0
4027	3.5
4223	3.5
4226	4.0
4232	1.5
4254	3.0
4262	4.0
4270	3.0
4306	3.5
4310	3.5
4367	3.0
4368	1.5
4369	3.0
4370	4.0
4386	2.0
4388	1.5
4446	3.0
4638	2.5
4641	3.5
4643	3.5
4718	2.5
4720	3.5
4728	2.0
4734	2.5
4744	2.5
4776	4.0
4876	2.0
4878	4.5
4886	4.5
4890	3.5
4896	3.5
4958	3.0
4963	3.5
4973	3.5
4979	3.0
4993	5.0
4995	4.0
5010	4.0
5218	3.5
5219	3.0
5313	2.0
5349	3.5
5377	3.5
5378	3.5
5389	3.5
5418	5.0
5419	2.0
5420	3.0
5445	3.5
5459	3.0
5464	4.5
5478	2.0
5481	2.5
5502	3.5
5507	3.0
5574	3.5
5618	5.0
5669	4.0
5679	3.0
5690	4.0
5784	2.5
5785	3.0
5810	3.0
5816	3.5
5872	3.0
5902	4.0
5903	4.0
5952	5.0
5954	4.0
5956	4.0
5971	4.5
5989	4.0
5995	4.5
6016	4.5
6058	3.0
6157	3.0
6218	3.5
6297	3.0
6333	3.5
6350	4.0
6365	4.5
6373	3.5
6377	5.0
6378	3.5
6379	3.0
6383	2.0
6502	3.0
6534	3.0
6537	3.5
6539	3.5
6550	3.0
6564	3.0
6615	2.0
6707	2.0
6711	3.5
6857	4.0
6863	3.5
6867	4.0
6870	4.0
6874	4.5
6888	2.0
6934	3.5
6936	3.5
6952	2.5
6953	4.0
6987	1.5
7004	3.0
7022	3.0
7090	4.5
7143	3.5
7147	3.5
7153	5.0
7254	4.0
7256	4.0
7318	3.5
7360	3.5
7361	4.0
7376	3.0
7387	3.5
7438	4.5
7445	3.5
7451	3.5
7454	3.0
7458	3.5
7502	5.0
7569	3.0
7570	3.0
7827	3.5
8132	3.5
8360	3.5
8361	3.0
8368	3.5
8371	3.0
8376	3.0
8528	3.0
8530	3.5
8622	4.0
8636	3.5
8641	3.5
8644	4.0
8665	5.0
8783	2.5
8784	3.5
8798	4.0
8810	2.5
8860	3.0
8874	4.5
8907	2.5
8914	3.5
8917	4.0
8947	2.5
8950	4.0
8957	3.5
8961	4.5
8965	2.0
8970	4.0
8974	3.0
8977	3.0
8984	3.5
26729	4.0
27706	2.5
27731	4.0
27773	4.0
27790	3.5
27846	4.0
27904	3.0
30707	4.0
30749	4.0
30793	3.5
30825	3.0
30894	2.5
31221	2.5
31410	4.0
31658	4.5
32587	4.5
32596	2.5
33085	3.0
33162	3.5
33164	2.5
33166	3.5
33493	3.5
33615	3.0
33660	4.0
33679	3.5
33794	4.5
34048	4.0
34072	3.5
34150	3.0
34162	3.5
34319	3.0
34405	4.0
34534	3.0
35836	3.5
36519	3.0
36529	4.0
36708	3.5
37386	2.5
37727	3.0
37731	4.0
37733	4.0
38038	3.5
38061	4.0
39183	4.0
39446	3.0
40278	3.5
40583	3.0
40732	3.0
40815	3.5
41566	3.0
41569	4.0
41716	3.0
41997	3.5
42718	3.0
42738	2.0
43560	1.5
43936	3.5
44022	3.0
44191	3.5
44195	3.0
44199	3.5
44555	3.5
44665	3.0
44972	1.5
45081	2.5
45186	3.5
45210	3.5
45431	3.0
45499	3.0
45501	2.5
45517	4.5
45722	3.5
46335	2.0
46530	3.0
46578	3.5
46723	3.5
46948	3.0
46965	2.5
46972	2.5
46976	4.0
47099	4.0
47200	3.0
47610	3.5
48043	4.0
48304	4.0
48322	3.5
48385	4.0
48394	4.0
48516	4.0
48774	4.0
48780	4.0
48877	2.5
48982	2.5
49272	3.5
49274	3.0
49278	3.5
49530	4.5
50872	4.5
51077	1.5
51255	4.0
51540	4.0
51662	4.5
51935	3.5
52281	3.0
52328	3.5
52458	3.5
52722	3.5
52973	3.5
53000	3.5
53121	3.0
53125	3.5
53322	3.0
53464	3.0
53519	3.0
53550	4.0
53953	3.5
53972	3.5
53993	2.5
53996	3.5
54001	3.5
54259	3.5
54272	4.0
54286	5.0
54503	3.5
54736	3.5
54995	3.0
54997	3.5
54999	2.5
55247	3.5
55290	3.5
55363	3.5
55442	3.5
55577	3.0
55765	4.0
55814	3.0
55820	4.5
55830	3.0
55908	4.5
56152	2.5
56174	3.5
56251	3.5
56339	3.5
56367	4.0
56587	3.5
56607	3.5
56757	3.5
56782	4.0
56788	3.0
57274	3.0
57368	4.0
57528	3.0
57669	3.5
58295	3.0
58299	3.0
58559	4.5
58998	3.5
59126	4.5
59315	3.5
59369	4.0
59615	3.5
59784	3.5
60040	3.5
60069	5.0
60072	3.5
60074	3.0
60161	3.5
60684	4.0
60756	3.0
60766	3.0
61132	3.5
61240	4.0
61323	3.5
62081	3.0
62374	3.5
63062	4.0
63072	4.0
63082	3.5
63113	3.0
63853	3.5
63859	4.0
63876	3.0
64034	4.0
64614	3.5
64620	3.0
64622	3.0
64716	3.5
64839	3.5
64957	4.0
64983	3.5
65261	4.0
66097	3.5
66934	4.0
67408	3.0
67734	3.5
68157	4.0
68205	1.5
68237	4.0
68319	3.0
68358	3.5
68791	3.5
68954	4.5
69122	3.5
69306	3.0
69481	4.0
69526	3.0
69644	3.0
69757	4.0
69784	3.5
69844	3.5
69951	3.0
70286	4.0
71264	3.5
71379	2.5
71530	3.5
71535	3.5
71745	4.5
71838	3.5
71899	4.0
72226	3.5
72378	3.5
72733	3.5
72737	3.0
72998	4.0
73017	4.0
73266	3.5
73321	3.5
73344	4.0
74458	4.0
74789	3.0
74795	2.5
76093	5.0
76251	4.0
77455	4.0
77561	3.5
77658	5.0
78039	4.0
78469	3.0
78499	5.0
79008	4.0
79091	3.0
79132	5.0
79185	3.0
79293	3.5
79357	4.0
79592	3.5
79695	3.5
79702	4.0
80463	4.0
80489	3.5
80549	4.0
81229	3.5
81562	4.0
81564	3.5
81591	4.0
81834	3.5
81845	4.0
81847	3.5
81932	4.0
82459	4.0
84772	4.0
84954	4.0
85131	3.0
