1	4.0
6	4.0
16	3.0
17	5.0
25	4.0
29	4.5
30	3.5
32	4.5
47	4.5
50	5.0
58	3.5
70	3.5
101	3.0
105	3.0
110	3.0
111	5.0
123	4.0
150	3.5
160	2.0
162	4.5
165	3.5
185	2.0
194	4.0
198	3.0
208	3.0
229	3.5
232	5.0
233	3.0
235	4.0
253	2.5
260	3.5
265	4.0
288	4.5
290	3.5
293	4.0
296	4.0
300	4.0
306	4.0
307	4.5
308	4.0
315	2.5
318	4.5
321	4.0
327	3.0
342	4.0
345	4.0
349	3.0
353	4.0
356	4.0
357	4.0
376	3.0
377	3.0
380	3.5
390	4.0
434	3.0
442	3.5
446	4.5
457	4.0
474	4.0
480	3.0
482	2.0
509	3.5
527	4.5
541	4.5
551	4.0
555	4.0
562	3.0
589	4.5
590	4.0
593	4.5
597	3.0
608	4.5
665	4.0
674	3.5
678	5.0
714	4.5
745	4.0
750	4.0
778	4.5
780	2.0
800	4.5
858	5.0
866	4.0
899	3.5
902	3.0
903	4.5
904	3.5
908	4.0
910	5.0
912	4.5
915	3.5
916	3.5
919	3.0
920	4.0
922	4.5
923	3.0
924	4.5
926	4.0
928	3.5
931	3.5
953	5.0
954	2.5
1036	4.0
1037	2.0
1041	4.0
1051	4.0
1084	4.5
1089	4.0
1090	4.0
1092	4.0
1093	4.0
1094	4.0
1097	3.0
1101	3.0
1103	3.5
1120	3.0
1129	3.5
1148	4.5
1172	3.5
1176	4.0
1179	3.0
1186	3.0
1189	4.0
1193	4.5
1196	4.0
1200	4.0
1201	5.0
1202	3.5
1204	3.5
1206	4.0
1208	4.5
1209	4.0
1210	3.0
1211	3.5
1212	5.0
1213	4.0
1214	4.5
1217	4.5
1218	4.0
1219	4.0
1220	4.0
1221	4.0
1222	5.0
1227	4.0
1228	4.0
1230	3.0
1231	4.0
1232	3.5
1234	4.5
1240	4.5
1241	4.0
1244	3.5
1248	4.5
1249	3.5
1250	4.0
1251	4.0
1252	4.0
1255	4.0
1258	4.0
1260	4.5
1261	3.5
1263	4.0
1265	4.0
1266	4.5
1270	4.0
1273	4.5
1274	3.0
1276	4.5
1279	4.0
1280	4.5
1281	4.0
1284	4.0
1287	3.0
1288	4.5
1305	4.0
1320	4.0
1333	3.0
1340	3.5
1342	3.0
1343	3.5
1345	4.0
1348	4.0
1354	4.0
1357	4.0
1358	5.0
1370	3.5
1391	3.5
1393	3.5
1408	4.0
1416	2.0
1446	3.5
1464	4.5
1483	3.0
1517	3.0
1527	4.0
1573	4.0
1580	4.0
1584	3.0
1587	4.0
1590	3.0
1617	4.5
1625	3.0
1641	4.0
1653	3.5
1673	3.5
1674	4.0
1676	2.5
1682	4.0
1690	3.5
1694	3.5
1704	4.0
1721	3.0
1729	4.0
1732	4.0
1748	4.5
1769	2.0
1784	4.0
1809	5.0
1884	3.0
1912	4.0
1913	4.0
1923	3.5
1927	3.5
1945	3.5
1954	3.0
1982	3.0
2010	4.5
2019	4.5
2021	3.0
2023	3.0
2028	4.0
2067	3.0
2068	4.0
2076	4.5
2080	4.0
2126	3.0
2140	3.5
2159	3.5
2160	4.0
2174	3.5
2176	3.5
2186	3.5
2194	3.0
2232	3.5
2278	3.0
2288	3.5
2313	4.0
2318	4.5
2321	4.0
2324	4.5
2325	3.0
2329	4.0
2353	3.0
2357	4.0
2359	3.5
2360	3.5
2366	4.0
2391	4.0
2395	3.5
2402	3.5
2403	5.0
2404	3.0
2427	4.5
2442	3.5
2455	4.0
2470	3.5
2474	3.0
2488	4.5
2490	3.5
2502	3.5
2511	3.5
2529	3.0
2542	4.5
2571	4.5
2580	4.0
2594	3.0
2600	3.0
2611	3.0
2628	3.0
2648	3.5
2657	4.0
2671	3.5
2690	3.0
2692	5.0
2700	4.0
2706	3.0
2710	2.5
2712	3.0
2726	4.0
2728	3.5
2729	4.5
2731	4.0
2732	4.0
2762	4.0
2858	4.5
2862	1.0
2871	4.0
2890	3.5
2901	3.0
2908	3.5
2916	4.5
2940	3.5
2951	3.5
2959	5.0
2966	3.5
2970	4.0
2976	3.0
2997	4.5
3000	4.5
3006	4.0
3018	3.0
3020	4.5
3022	4.0
3030	4.0
3037	3.5
3039	4.0
3075	4.5
3081	3.5
3083	4.5
3089	3.5
3101	3.0
3108	4.0
3114	4.5
3115	3.0
3134	4.0
3147	3.5
3148	4.0
3160	4.5
3174	3.5
3176	4.0
3253	3.0
3265	4.0
3266	4.5
3300	3.0
3307	4.5
3317	4.0
3328	4.0
3354	1.0
3362	3.5
3408	3.0
3418	4.5
3435	3.5
3462	4.5
3467	3.0
3468	3.5
3471	2.0
3481	4.0
3499	3.0
3503	3.5
3510	2.0
3513	3.0
3527	3.5
3535	3.5
3538	3.0
3545	3.0
3556	4.0
3569	3.5
3576	3.5
3578	3.5
3581	3.5
3629	4.0
3676	5.0
3683	3.5
3693	4.0
3702	3.5
3703	5.0
3706	4.0
3717	1.5
3726	3.0
3742	4.0
3745	3.5
3751	4.0
3788	3.5
3793	3.5
3798	3.0
3826	2.0
3827	3.0
3831	4.0
3858	4.0
3863	3.0
3893	3.5
3897	3.5
3910	5.0
3911	3.5
3917	3.5
3927	3.0
3949	5.0
3967	4.0
3968	0.5
3977	3.0
3992	3.0
3993	3.5
3994	3.5
3996	4.0
4009	3.0
4011	4.5
4014	4.0
4020	2.5
4021	2.5
4022	3.0
4027	5.0
4033	3.5
4034	4.5
4055	3.0
4085	4.0
4105	4.0
4144	5.0
4148	3.0
4210	4.0
4223	2.5
4226	5.0
4235	4.5
4239	3.5
4246	3.0
4262	4.0
4270	2.5
4299	2.5
4306	4.0
4308	4.0
4310	1.5
4334	4.0
4343	1.0
4345	2.5
4369	1.5
4370	3.5
4378	3.0
4383	2.5
4437	3.0
4448	2.5
4450	3.0
4639	1.0
4641	4.0
4642	3.5
4718	2.0
4720	4.0
4734	3.5
4735	1.0
4741	3.5
4754	3.5
4776	4.0
4814	2.0
4816	3.0
4821	2.0
4823	2.0
4848	5.0
4865	3.0
4878	4.0
4881	4.5
4886	4.0
4887	1.0
4889	2.5
4896	2.5
4901	4.0
4902	4.5
4903	5.0
4932	3.0
4963	4.0
4967	4.0
4970	3.0
4973	4.5
4975	4.0
4976	3.0
4979	4.0
4993	4.5
4994	3.0
4995	3.5
5010	4.5
5013	3.0
5014	2.0
5015	4.5
5026	4.5
5051	4.0
5064	2.0
5065	3.0
5072	3.0
5074	3.0
5093	2.0
5135	3.5
5147	4.0
5151	1.0
5152	3.0
5218	3.0
5219	1.0
5225	4.0
5266	2.5
5269	3.0
5293	3.5
5294	3.0
5296	1.5
5299	3.5
5312	2.5
5313	4.0
5319	3.5
5349	3.5
5377	4.0
5378	3.0
5388	3.0
5400	2.0
5414	1.5
5419	0.5
5445	3.5
5459	2.0
5464	3.5
5477	4.0
5478	2.0
5479	2.5
5481	2.5
5502	1.5
5508	3.5
5528	3.5
5574	2.5
5603	3.5
5617	4.0
5618	5.0
5630	3.0
5666	2.5
5668	3.0
5669	4.0
5673	4.0
5690	3.5
5747	3.5
5791	3.0
5809	3.0
5810	2.5
5812	4.5
5816	1.5
5853	3.0
5876	3.5
5878	4.0
5881	4.0
5890	3.5
5902	4.0
5903	3.0
5945	3.0
5952	3.5
5954	4.5
5956	3.0
5959	3.0
5971	4.0
5989	3.5
5991	3.0
5992	3.5
5995	5.0
6003	3.5
6016	4.5
6157	1.0
6197	4.0
6216	3.5
6218	4.5
6223	3.5
6235	4.0
6250	2.0
6281	2.5
6283	3.5
6286	4.5
6291	4.0
6299	3.0
6305	3.0
6323	2.5
6333	3.5
6350	4.5
6365	2.5
6377	4.0
6378	3.0
6380	3.0
6385	3.0
6440	4.0
6502	4.5
6503	2.5
6534	3.0
6537	2.0
6538	3.0
6539	3.5
6552	4.5
6565	3.5
6591	4.0
6617	3.5
6618	3.5
6620	4.0
6645	3.0
6650	3.5
6664	3.0
6669	5.0
6707	3.5
6708	3.0
6709	2.0
6711	4.5
6755	3.5
6773	4.5
6774	3.0
6776	3.0
6777	3.5
6783	3.0
6800	2.5
6820	2.5
6852	4.0
6863	3.5
6867	4.5
6870	4.0
6874	5.0
6881	4.0
6890	4.5
6934	2.5
6942	3.0
6947	4.0
6950	3.0
6952	1.5
6953	4.0
6954	5.0
6957	4.0
6993	3.5
7008	4.0
7022	3.5
7034	4.0
7063	4.0
7089	4.0
7090	3.5
7091	3.0
7099	4.5
7123	3.5
7139	4.0
7143	3.0
7147	3.0
7151	3.0
7153	4.0
7155	2.5
7156	4.0
7158	5.0
7160	3.5
7162	3.0
7234	4.0
7235	4.0
7254	2.5
7265	3.0
7285	3.0
7303	2.0
7318	2.5
7323	4.0
7360	3.0
7361	4.5
7367	3.0
7371	4.5
7373	3.5
7438	4.0
7445	4.5
7451	2.5
7458	3.0
7460	4.0
7502	4.0
7700	4.0
7802	4.0
7981	5.0
8014	5.0
8360	3.0
8366	3.0
8368	3.0
8370	4.5
8464	4.0
8528	3.0
8607	3.5
8622	3.5
8636	4.0
8638	4.0
8645	3.5
8781	3.0
8784	4.0
8798	4.0
8873	4.0
8874	3.0
8910	4.0
8917	3.5
8949	5.0
8950	4.5
8951	4.0
8957	3.5
8958	4.5
8961	4.5
8966	4.0
8968	4.0
8969	2.0
8970	3.5
8973	4.0
8977	2.5
8981	4.0
8983	3.0
9010	4.0
26131	3.5
26662	3.5
26680	3.0
26776	4.5
27266	5.0
27592	4.0
27706	3.5
27721	4.0
27727	4.5
27728	3.5
27772	2.5
27773	5.0
27790	4.0
27803	4.5
27815	3.5
27821	3.0
27873	3.0
27878	3.0
27904	4.0
30707	4.0
30749	3.5
30793	4.5
30803	4.5
30810	4.5
30812	4.0
30820	4.0
30822	2.5
30898	4.0
31410	4.0
31658	4.5
31696	3.0
31804	2.0
31878	3.0
32031	4.0
32587	5.0
33004	3.0
33166	4.0
33493	3.5
33660	3.0
33794	4.0
33834	3.0
34072	4.0
34323	4.0
34405	3.0
34437	4.0
34542	3.5
35957	3.0
36276	4.0
36517	4.0
36529	3.5
37240	4.0
37386	2.5
37729	4.0
37733	4.0
37741	4.0
38038	4.0
38061	4.0
38304	3.5
38886	3.0
39183	4.5
39292	4.0
39381	4.0
40278	3.5
40583	4.0
40732	3.0
40815	3.5
40819	4.0
41285	4.0
41569	4.0
41571	3.0
41863	3.0
41997	4.5
42004	3.5
42418	4.5
42632	4.0
42723	3.5
44191	3.5
44195	3.5
44199	3.5
44204	3.0
44555	5.0
44665	3.0
44694	4.0
45028	3.0
45210	4.0
45447	2.0
45499	2.5
45517	3.5
45720	3.0
45722	2.5
45730	2.0
45880	3.5
45950	3.0
46322	3.0
46530	2.0
46578	4.0
46723	4.0
46974	2.0
46976	4.0
47044	3.5
47423	3.5
47610	4.0
47629	4.0
48043	4.0
48082	3.5
48142	3.0
48304	3.0
48385	3.0
48394	4.0
48516	3.5
48696	3.5
48738	3.5
48774	4.0
48780	4.0
48783	3.5
48997	4.0
49272	3.0
49274	3.0
49530	3.5
49822	4.5
49824	3.5
49932	3.5
49961	3.0
50068	4.0
50601	4.0
50872	4.0
50912	3.0
51255	3.0
51540	4.0
51662	2.5
51709	3.5
52042	4.5
52281	4.0
52319	4.0
52328	3.5
52604	3.5
52722	2.0
53000	3.0
53121	3.0
53123	3.0
53125	2.0
53129	3.0
53519	4.0
53550	3.0
53894	3.0
53956	3.5
53972	4.0
53996	1.5
54001	2.0
54259	3.0
54272	3.5
54995	4.5
54997	4.5
54999	2.0
55052	4.0
55069	4.5
55094	3.0
55118	4.0
55247	3.5
55269	3.5
55276	3.5
55280	3.0
55290	4.0
55363	4.0
55442	4.0
55444	4.0
55721	4.5
55765	4.0
55805	3.5
55814	4.5
55820	4.0
55830	2.5
56145	3.5
56339	3.5
56367	3.5
56607	3.0
56757	3.5
56782	4.0
56788	3.0
56805	3.0
57528	4.0
57640	3.0
57669	3.5
58154	2.5
58303	3.5
58559	4.0
59315	3.0
59369	3.0
59387	4.5
60069	3.5
60684	3.5
60950	3.5
61236	4.5
61240	4.0
61323	3.5
62434	2.5
62511	4.0
63062	4.0
63072	3.5
63082	4.5
63113	3.0
63853	3.5
63876	3.0
64614	4.0
64620	3.0
64622	3.5
64839	3.5
64957	3.0
65130	3.5
65261	4.0
66097	4.0
66665	3.5
68157	3.5
68237	3.5
68358	2.5
68954	4.0
69122	3.0
69134	3.5
69481	4.5
69640	2.5
69757	4.0
69784	2.0
69951	3.5
70286	3.5
71033	3.5
71156	3.5
71211	3.0
71464	3.5
71745	3.0
71899	4.5
72011	3.5
72226	4.5
72395	3.5
72720	3.5
72998	3.5
73023	3.0
73344	4.0
74545	4.0
74789	3.0
76251	3.5
77455	3.5
78574	3.5
79132	3.5
79357	3.5
79695	2.0
79702	3.5
80219	3.0
80463	4.5
80489	3.0
80969	3.5
81591	3.5
81788	3.0
81845	4.0
82459	3.0
84772	3.0
85414	1.0
85774	2.5
86320	3.5
86882	3.5
86898	3.0
87232	2.0
88129	4.5
89470	3.0
89745	3.0
89904	4.0
90746	3.5
90866	3.5
91077	3.5
91500	2.5
91529	4.0
92259	4.0
93840	3.0
94864	3.5
94959	4.0
95510	2.0
96079	3.0
96610	3.0
96737	3.5
97304	4.0
97752	3.5
97921	3.5
97938	4.0
98154	3.0
98809	3.5
98961	4.0
99114	4.0
