1	5.0
2	5.0
3	4.0
7	4.5
10	4.0
19	3.5
20	4.0
32	4.0
44	5.0
93	4.5
95	3.0
110	5.0
112	5.0
126	4.0
145	5.0
153	4.0
160	5.0
163	4.5
165	4.5
170	3.5
172	3.5
173	3.5
174	4.0
193	4.0
196	4.0
208	3.5
213	2.5
216	4.5
231	4.0
260	5.0
288	3.5
296	4.0
315	5.0
316	5.0
317	5.0
318	1.0
325	4.0
329	5.0
344	4.0
353	5.0
354	1.5
355	4.0
356	5.0
362	4.5
364	4.0
367	5.0
368	4.5
374	4.0
377	4.5
379	4.0
380	4.0
393	3.5
405	3.5
434	3.5
440	4.5
442	4.0
457	4.5
480	4.5
500	4.5
502	3.5
519	4.0
527	5.0
541	3.0
586	4.5
587	5.0
588	4.0
589	4.0
590	5.0
592	4.0
593	4.0
595	3.5
619	4.5
637	4.0
648	4.0
653	4.5
656	4.0
667	4.0
670	1.0
673	5.0
691	4.0
692	4.0
704	4.0
708	4.0
733	4.5
736	4.0
737	4.0
741	4.0
762	4.5
778	5.0
780	5.0
784	4.5
786	3.5
788	4.5
802	5.0
903	4.5
913	4.0
914	3.5
923	5.0
994	2.5
1018	4.0
1036	5.0
1046	3.5
1097	5.0
1101	4.0
1105	0.5
1148	3.5
1196	5.0
1198	5.0
1200	4.0
1204	4.5
1210	5.0
1214	4.0
1218	5.0
1223	3.5
1225	4.5
1233	2.5
1240	5.0
1265	4.0
1267	4.5
1270	5.0
1274	3.0
1275	4.5
1276	3.0
1291	3.5
1320	4.0
1356	5.0
1367	3.0
1370	4.5
1371	5.0
1372	5.0
1375	4.0
1376	5.0
1377	4.5
1389	2.0
1391	2.5
1408	4.5
1445	3.5
1460	4.0
1485	5.0
1497	4.0
1499	4.0
1527	4.0
1544	4.0
1552	5.0
1556	4.0
1562	4.0
1580	5.0
1584	4.5
1587	4.0
1588	4.5
1590	4.0
1591	4.0
1597	4.0
1606	4.0
1608	4.5
1610	5.0
1616	3.5
1617	4.0
1625	3.0
1653	4.0
1676	4.0
1681	4.0
1682	5.0
1687	4.5
1690	4.0
1702	4.5
1703	4.5
1707	3.5
1722	4.0
1731	4.0
1779	4.0
1801	4.0
1806	4.5
1858	4.0
1862	4.0
1876	4.0
1882	4.5
1911	4.5
1917	4.0
1939	3.0
1954	5.0
1986	0.5
1996	1.0
2001	4.5
2002	5.0
2003	4.0
2006	4.0
2011	4.5
2012	4.5
2019	4.5
2021	4.0
2028	4.5
2036	4.5
2042	4.0
2053	4.0
2054	4.0
2058	4.5
2082	4.0
2124	4.0
2136	4.5
2167	5.0
2232	1.0
2269	4.0
2273	5.0
2278	4.0
2294	4.0
2297	5.0
2322	4.5
2324	5.0
2335	4.5
2338	3.0
2340	5.0
2353	4.5
2360	2.5
2373	3.5
2379	4.0
2380	4.0
2381	4.0
2382	3.5
2383	3.5
2384	4.0
2393	5.0
2402	4.0
2404	3.0
2409	4.5
2410	3.5
2411	3.5
2412	3.0
2420	4.0
2421	4.5
2422	4.0
2431	5.0
2470	4.5
2471	4.0
2498	4.0
2539	4.0
2540	5.0
2571	5.0
2617	4.0
2625	4.5
2628	5.0
2640	5.0
2641	4.0
2642	4.0
2643	4.0
2694	4.5
2699	0.5
2701	4.5
2710	0.5
2716	4.5
2761	4.0
2762	2.5
2807	4.0
2808	3.5
2826	5.0
2829	4.0
2843	4.0
2858	3.5
2860	4.5
2877	2.5
2916	3.5
2925	2.0
2927	2.5
2953	4.5
2959	4.5
2985	4.0
2986	4.0
2997	5.0
3030	1.0
3033	3.5
3082	4.0
3089	2.5
3114	4.0
3146	4.5
3156	5.0
3157	5.0
3175	4.5
3190	3.5
3257	4.5
3263	4.0
3300	4.5
3301	5.0
3354	4.0
3391	4.5
3438	5.0
3440	4.0
3444	4.5
3452	5.0
3489	5.0
3527	4.0
3564	4.0
3578	5.0
3623	3.0
3624	4.5
3646	5.0
3697	3.5
3698	3.0
3704	4.5
3717	5.0
3730	3.0
3744	4.5
3745	3.5
3752	3.5
3753	5.0
3755	4.5
3784	5.0
3785	4.5
3793	4.5
3802	3.0
3821	4.5
3826	4.0
3827	4.0
3844	2.0
3868	4.0
3889	3.5
3948	4.5
3968	4.5
3972	4.0
3977	3.5
3980	4.5
3981	4.0
3986	4.0
3991	4.0
3994	4.5
3996	5.0
4006	3.5
4011	4.5
4025	4.5
4054	0.5
4069	3.0
4084	4.0
4214	4.0
4215	3.5
4231	4.5
4235	2.0
4254	4.0
4270	4.0
4299	4.5
4306	5.0
4310	4.0
4327	5.0
4340	4.0
4366	4.5
4367	4.5
4368	4.0
4369	5.0
4386	4.5
4387	5.0
4388	4.5
4446	1.5
4447	3.5
4531	4.0
4558	4.5
4621	4.5
4623	4.0
4638	4.0
4643	5.0
4673	4.5
4701	5.0
4748	4.0
4823	4.5
4874	4.5
4886	5.0
4887	5.0
4896	5.0
4899	4.5
4963	4.5
4973	3.0
4974	4.5
4990	4.5
4993	5.0
4995	5.0
5008	1.5
5009	5.0
5017	2.5
5026	4.5
5040	3.5
5055	4.5
5072	4.0
5081	3.0
5107	4.0
5147	1.5
5171	4.0
5218	5.0
5219	4.0
5220	5.0
5225	3.5
5254	4.5
5264	4.0
5283	5.0
5313	4.5
5349	5.0
5378	5.0
5445	3.0
5449	5.0
5452	4.0
5459	4.5
5479	4.5
5480	4.5
5502	3.5
5504	4.0
5507	5.0
5523	3.5
5609	4.5
5618	5.0
5621	5.0
5669	4.5
5673	2.0
5803	4.0
5804	4.0
5816	5.0
5882	4.5
5942	4.0
5943	4.0
5944	4.5
5952	5.0
6156	4.5
6157	4.0
6166	4.0
6283	4.0
6287	4.5
6294	4.5
6333	3.5
6365	5.0
6373	5.0
6377	5.0
6383	5.0
6503	3.5
6534	3.0
6535	4.0
6537	3.0
6539	2.0
6541	4.0
6548	4.5
6564	5.0
6618	4.0
6624	4.0
6664	4.0
6721	5.0
6743	4.5
6754	4.0
6793	4.0
6794	4.0
6874	3.5
6879	0.5
6880	0.5
6888	4.5
6934	5.0
6936	4.0
6959	4.0
6985	1.0
6996	4.0
7000	4.0
7004	4.5
7017	3.5
7064	4.0
7090	5.0
7143	5.0
7153	5.0
7164	4.5
7293	5.0
7327	1.0
7346	4.0
7373	4.0
7381	4.0
7438	0.5
7458	4.0
7482	4.5
7573	4.5
7649	4.0
7701	3.5
7841	4.0
7842	3.0
8154	3.5
8228	4.5
8337	2.0
8360	5.0
8361	4.5
8368	5.0
8370	4.0
8371	5.0
8376	0.5
8387	5.0
8526	4.5
8528	4.0
8529	4.5
8604	5.0
8636	5.0
8638	3.0
8640	5.0
8641	4.5
8644	5.0
8666	4.0
8810	4.0
8865	4.5
8907	5.0
8961	5.0
8965	5.0
8972	5.0
8974	4.5
8983	4.0
8984	4.5
8985	4.5
27611	4.5
27706	3.5
27728	3.0
27801	5.0
27808	5.0
27839	0.5
30793	3.0
30825	5.0
31184	4.5
31427	1.0
31658	5.0
31685	4.5
31696	1.0
31878	4.0
32017	5.0
32031	5.0
32296	4.0
32587	1.0
33004	2.0
33437	4.5
33493	5.0
33499	5.0
33615	4.5
33646	5.0
33679	4.5
33794	0.5
33836	4.5
34048	1.0
34150	4.0
34405	4.0
36525	4.5
36529	5.0
37384	4.0
37386	3.0
37830	4.0
38038	3.0
38061	3.5
39183	2.5
40339	4.5
40581	4.5
40815	5.0
41566	5.0
41569	3.5
42011	3.5
42725	4.5
42734	5.0
43560	4.5
43928	4.0
44004	4.5
44022	5.0
44191	4.5
44193	4.0
44972	3.5
45186	3.5
45431	5.0
45447	3.0
45499	4.0
45517	4.5
45672	4.5
45722	2.5
45726	5.0
45732	4.5
46322	5.0
46335	5.0
46530	3.5
46972	5.0
47099	5.0
47200	4.5
47518	4.0
47640	3.5
47997	4.0
48774	2.5
48982	4.5
49272	4.0
49274	1.0
49649	0.5
49651	5.0
50189	4.0
50601	4.0
50794	3.5
50798	3.0
50872	5.0
51077	4.0
51412	4.5
51575	4.5
51662	4.5
52287	4.5
52722	4.0
53121	4.0
53464	4.0
53972	4.0
53993	4.0
53996	4.0
54286	4.0
54648	4.0
55768	3.5
58559	3.5
59315	3.5
59421	3.5
60069	4.5
62999	3.0
