1	5.0
3	3.0
6	4.0
7	5.0
10	4.0
11	4.0
16	5.0
19	3.0
21	3.0
24	3.0
25	4.0
32	2.0
34	5.0
39	3.0
42	3.0
50	5.0
58	3.0
62	4.0
66	1.0
70	3.0
86	4.0
100	4.0
101	3.0
104	4.0
105	3.0
110	4.0
111	4.0
112	3.0
132	3.0
135	2.0
141	1.0
144	3.0
145	2.0
150	5.0
153	3.0
161	4.0
162	2.0
163	3.0
165	2.0
172	2.0
173	3.0
180	3.0
185	3.0
196	3.0
204	1.0
207	2.0
208	4.0
223	3.0
230	4.0
231	4.0
235	3.0
236	4.0
246	5.0
247	4.0
260	5.0
266	4.0
270	3.0
276	3.0
281	4.0
288	2.0
293	5.0
296	3.0
300	4.0
303	3.0
316	3.0
317	4.0
318	4.0
333	4.0
337	4.0
339	3.0
340	3.0
346	3.0
348	3.0
349	5.0
350	3.0
354	3.0
356	5.0
357	4.0
360	2.0
364	4.0
367	4.0
368	3.0
371	3.0
373	4.0
376	4.0
377	4.0
380	4.0
383	3.0
408	3.0
413	3.0
416	2.0
431	3.0
432	3.0
434	4.0
438	2.0
440	4.0
441	3.0
454	5.0
457	5.0
464	3.0
466	3.0
468	3.0
480	5.0
481	4.0
494	3.0
500	3.0
519	2.0
521	3.0
524	4.0
527	5.0
539	5.0
543	3.0
552	3.0
553	4.0
555	3.0
562	3.0
574	4.0
585	5.0
586	4.0
587	4.0
588	3.0
589	4.0
590	4.0
592	4.0
593	3.0
595	4.0
597	4.0
599	4.0
608	5.0
610	3.0
647	4.0
648	4.0
653	3.0
688	2.0
695	4.0
697	3.0
700	3.0
719	3.0
733	3.0
736	4.0
743	3.0
750	4.0
762	2.0
780	4.0
783	3.0
784	3.0
785	5.0
788	3.0
798	3.0
800	3.0
818	5.0
832	4.0
833	2.0
849	3.0
852	4.0
858	5.0
866	4.0
898	4.0
899	4.0
900	4.0
903	5.0
904	4.0
908	5.0
910	5.0
912	5.0
913	4.0
918	5.0
919	5.0
920	4.0
921	3.0
922	4.0
923	5.0
940	4.0
948	4.0
949	3.0
953	5.0
996	3.0
999	3.0
1007	3.0
1010	3.0
1012	5.0
1014	4.0
1017	4.0
1019	3.0
1021	3.0
1023	4.0
1024	3.0
1027	3.0
1028	4.0
1029	4.0
1030	3.0
1031	3.0
1032	2.0
1035	5.0
1036	5.0
1042	5.0
1049	3.0
1051	3.0
1060	5.0
1061	4.0
1073	4.0
1077	4.0
1079	3.0
1080	4.0
1084	5.0
1086	3.0
1088	3.0
1089	4.0
1090	4.0
1091	3.0
1092	4.0
1093	3.0
1094	2.0
1095	4.0
1097	5.0
1101	4.0
1124	4.0
1127	4.0
1128	3.0
1129	4.0
1135	3.0
1136	4.0
1161	4.0
1171	3.0
1172	5.0
1179	4.0
1186	3.0
1188	4.0
1193	5.0
1194	3.0
1196	5.0
1197	4.0
1198	5.0
1200	5.0
1201	4.0
1204	4.0
1207	4.0
1208	3.0
1209	4.0
1210	4.0
1213	5.0
1214	5.0
1219	4.0
1220	5.0
1221	5.0
1222	4.0
1225	3.0
1227	5.0
1228	4.0
1230	4.0
1231	4.0
1233	5.0
1234	5.0
1238	5.0
1240	5.0
1242	4.0
1244	4.0
1245	5.0
1246	4.0
1247	5.0
1248	4.0
1250	5.0
1252	4.0
1256	4.0
1257	5.0
1258	4.0
1259	5.0
1262	5.0
1263	4.0
1265	4.0
1266	5.0
1267	4.0
1268	3.0
1270	5.0
1271	4.0
1272	4.0
1276	5.0
1278	5.0
1282	4.0
1283	4.0
1285	3.0
1286	3.0
1287	5.0
1288	3.0
1290	4.0
1291	4.0
1292	4.0
1297	5.0
1298	2.0
1300	5.0
1302	4.0
1304	5.0
1307	5.0
1320	4.0
1321	4.0
1327	3.0
1330	1.0
1333	4.0
1343	3.0
1345	2.0
1350	4.0
1352	3.0
1355	3.0
1357	4.0
1358	4.0
1370	3.0
1374	3.0
1375	3.0
1377	3.0
1378	3.0
1379	2.0
1380	5.0
1381	3.0
1385	4.0
1387	5.0
1388	3.0
1389	1.0
1393	4.0
1394	4.0
1395	4.0
1396	3.0
1405	3.0
1407	3.0
1408	5.0
1409	2.0
1416	3.0
1422	3.0
1431	3.0
1441	5.0
1461	2.0
1466	5.0
1479	4.0
1480	3.0
1485	3.0
1487	3.0
1488	3.0
1498	4.0
1500	4.0
1503	3.0
1513	3.0
1517	5.0
1544	3.0
1552	3.0
1556	1.0
1573	2.0
1580	4.0
1584	4.0
1586	3.0
1587	3.0
1589	5.0
1592	3.0
1597	3.0
1603	3.0
1608	4.0
1610	5.0
1611	2.0
1616	3.0
1617	4.0
1620	3.0
1625	4.0
1635	4.0
1639	3.0
1641	4.0
1642	3.0
1644	2.0
1645	3.0
1646	4.0
1648	3.0
1663	5.0
1672	3.0
1673	4.0
1674	5.0
1676	3.0
1682	3.0
1687	4.0
1711	2.0
1717	3.0
1721	5.0
1729	4.0
1732	3.0
1747	3.0
1748	3.0
1752	3.0
1753	3.0
1772	2.0
1777	4.0
1779	3.0
1783	4.0
1784	5.0
1785	3.0
1797	4.0
1804	3.0
1805	4.0
1831	3.0
1834	4.0
1845	5.0
1863	2.0
1866	3.0
1876	3.0
1883	3.0
1895	3.0
1914	4.0
1917	3.0
1918	2.0
1921	2.0
1923	5.0
1935	4.0
1939	5.0
1944	5.0
1945	4.0
1946	4.0
1947	5.0
1950	4.0
1951	4.0
1952	4.0
1953	5.0
1954	5.0
1955	4.0
1956	4.0
1957	4.0
1958	2.0
1959	3.0
1960	3.0
1961	4.0
1965	3.0
1968	5.0
1982	5.0
1983	2.0
1994	2.0
1997	5.0
2000	4.0
2001	3.0
2002	3.0
2003	2.0
2005	5.0
2011	4.0
2012	4.0
2013	3.0
2023	3.0
2024	3.0
2028	5.0
2040	3.0
2041	3.0
2054	3.0
2067	4.0
2070	4.0
2072	3.0
2076	2.0
2077	5.0
2078	4.0
2080	5.0
2081	5.0
2082	4.0
2083	3.0
2087	4.0
2088	2.0
2094	4.0
2095	3.0
2099	4.0
2100	4.0
2105	3.0
2106	3.0
2108	5.0
2109	4.0
2110	3.0
2111	3.0
2114	4.0
2115	4.0
2116	3.0
2117	3.0
2119	1.0
2124	2.0
2126	3.0
2130	4.0
2133	4.0
2134	2.0
2135	3.0
2136	4.0
2141	3.0
2143	2.0
2144	4.0
2145	5.0
2146	4.0
2150	3.0
2151	3.0
2155	4.0
2160	1.0
2161	2.0
2167	4.0
2169	2.0
2174	2.0
2193	2.0
2194	4.0
2231	4.0
2236	2.0
2240	5.0
2241	3.0
2243	3.0
2245	3.0
2247	3.0
2248	5.0
2259	3.0
2262	4.0
2268	3.0
2273	4.0
2278	4.0
2280	4.0
2288	3.0
2289	4.0
2296	3.0
2300	3.0
2301	2.0
2302	3.0
2312	2.0
2321	3.0
2324	5.0
2335	4.0
2338	2.0
2344	4.0
2349	3.0
2352	4.0
2355	4.0
2366	4.0
2367	4.0
2369	3.0
2370	3.0
2371	5.0
2372	3.0
2374	4.0
2375	3.0
2378	2.0
2379	2.0
2384	4.0
2391	5.0
2394	3.0
2395	5.0
2396	3.0
2401	5.0
2402	4.0
2404	3.0
2405	3.0
2406	4.0
2407	3.0
2409	4.0
2410	3.0
2411	2.0
2412	1.0
2413	4.0
2414	4.0
2416	4.0
2418	5.0
2420	4.0
2421	3.0
2422	2.0
2423	5.0
2424	5.0
2427	3.0
2433	3.0
2447	3.0
2450	3.0
2453	4.0
2455	4.0
2457	4.0
2458	2.0
2463	3.0
2468	1.0
2469	4.0
2470	4.0
2471	2.0
2473	3.0
2474	3.0
2475	3.0
2476	4.0
2478	4.0
2485	3.0
2490	4.0
2496	3.0
2501	5.0
2502	5.0
2517	2.0
2518	4.0
2520	4.0
2521	3.0
2524	3.0
2527	4.0
2529	4.0
2532	3.0
2540	3.0
2541	4.0
2542	4.0
2551	2.0
2553	3.0
2561	3.0
2565	4.0
2571	4.0
2572	3.0
2581	4.0
2598	4.0
2599	4.0
2605	3.0
2616	3.0
2628	3.0
2639	3.0
2640	4.0
2641	3.0
2657	1.0
2662	4.0
2668	3.0
2683	3.0
2688	4.0
2693	3.0
2699	3.0
2700	3.0
2701	1.0
2707	4.0
2710	2.0
2716	3.0
2717	2.0
2718	4.0
2722	3.0
2723	4.0
2728	4.0
2734	3.0
2735	2.0
2736	5.0
2739	3.0
2745	3.0
2746	2.0
2750	4.0
2759	4.0
2762	5.0
2763	4.0
2764	4.0
2769	4.0
2770	4.0
2772	2.0
2779	4.0
2788	4.0
2791	5.0
2792	3.0
2793	2.0
2794	2.0
2795	5.0
2796	4.0
2797	5.0
2802	3.0
2803	4.0
2804	5.0
2815	3.0
2816	1.0
2819	4.0
2827	3.0
2836	4.0
2840	1.0
2857	3.0
2858	3.0
2861	4.0
2863	5.0
2866	4.0
2867	2.0
2871	5.0
2872	3.0
2889	3.0
2890	3.0
2891	4.0
2901	3.0
2902	1.0
2912	3.0
2915	4.0
2916	4.0
2917	4.0
2918	5.0
2921	4.0
2922	4.0
2929	3.0
2941	3.0
2942	3.0
2944	4.0
2946	3.0
2950	2.0
2951	4.0
2956	4.0
2959	2.0
2968	3.0
2971	2.0
2973	3.0
2985	4.0
2986	3.0
2987	3.0
2988	4.0
2997	4.0
3006	4.0
3016	3.0
3019	3.0
3029	4.0
3033	4.0
3035	4.0
3039	4.0
3040	4.0
3044	4.0
3060	4.0
3061	5.0
3062	3.0
3063	4.0
3066	3.0
3068	3.0
3071	3.0
3072	3.0
3074	4.0
3087	3.0
3090	4.0
3098	5.0
3100	4.0
3102	4.0
3104	4.0
3107	4.0
3108	3.0
3111	4.0
3114	5.0
3130	2.0
3135	5.0
3146	3.0
3147	4.0
3148	3.0
3152	3.0
3159	4.0
3169	3.0
3173	2.0
3174	4.0
3175	5.0
3176	4.0
3189	3.0
3196	5.0
3197	3.0
3198	3.0
3201	3.0
3203	4.0
3206	3.0
3208	3.0
3210	5.0
3219	3.0
3243	3.0
3247	1.0
3253	5.0
3254	3.0
3255	5.0
3256	4.0
3262	1.0
3263	3.0
3271	5.0
3272	3.0
3273	2.0
3286	1.0
3298	5.0
3301	4.0
3308	5.0
3317	4.0
3326	3.0
3334	5.0
3342	5.0
3347	5.0
3359	5.0
3360	4.0
3361	5.0
3362	3.0
3363	5.0
3364	4.0
3365	4.0
3385	3.0
3386	4.0
3396	4.0
3408	3.0
3418	4.0
3421	5.0
3422	3.0
3424	4.0
3430	3.0
3435	4.0
3441	4.0
3448	4.0
3450	4.0
3452	3.0
3461	4.0
3467	4.0
3468	4.0
3471	4.0
3476	1.0
3477	3.0
3478	4.0
3479	4.0
3480	5.0
3481	3.0
3489	3.0
3494	5.0
3499	4.0
3500	3.0
3501	4.0
3504	3.0
3505	5.0
3506	4.0
3508	4.0
3510	4.0
3519	3.0
3524	3.0
3525	5.0
3526	3.0
3527	4.0
3528	3.0
3529	4.0
3535	2.0
3536	2.0
3543	5.0
3545	3.0
3549	3.0
3551	5.0
3552	5.0
3578	5.0
3591	3.0
3606	3.0
3608	4.0
3614	4.0
3616	3.0
3617	3.0
3623	4.0
3638	3.0
3649	3.0
3654	5.0
3671	5.0
3675	4.0
3681	4.0
3682	4.0
3683	4.0
3684	3.0
3685	3.0
3686	2.0
3688	3.0
3689	2.0
3690	1.0
3693	2.0
3697	2.0
3698	3.0
3699	4.0
3701	3.0
3702	4.0
3704	3.0
3705	1.0
3706	1.0
3707	2.0
3712	2.0
3717	3.0
3728	4.0
3733	4.0
3735	5.0
3740	5.0
3751	5.0
3752	3.0
3753	4.0
3755	4.0
3760	5.0
3763	3.0
3766	2.0
3773	3.0
3783	5.0
3785	3.0
3791	4.0
3809	4.0
3826	3.0
3836	4.0
3841	2.0
3861	2.0
3868	5.0
3869	3.0
3871	4.0
3873	5.0
3882	3.0
3897	3.0
3911	3.0
3916	5.0
3927	3.0
3946	4.0
3948	4.0
3950	4.0
3952	4.0
3959	4.0
3967	5.0
3977	3.0
3978	4.0
3980	4.0
3983	4.0
3984	3.0
3985	3.0
3997	1.0
3999	3.0
4002	5.0
4003	3.0
4007	4.0
4008	4.0
4010	2.0
4011	4.0
4014	3.0
4019	5.0
4022	4.0
4023	4.0
4027	4.0
4029	4.0
4031	3.0
4033	4.0
4034	4.0
4037	5.0
4039	4.0
4040	3.0
4041	4.0
4047	3.0
4062	4.0
4066	3.0
4067	3.0
4068	2.0
4069	4.0
4079	5.0
4082	2.0
4084	2.0
4085	4.0
4086	3.0
4091	4.0
4103	4.0
4117	4.0
4121	2.0
4124	1.0
4128	3.0
4132	3.0
4149	3.0
4159	3.0
4174	5.0
4207	2.0
4210	3.0
4214	5.0
4215	2.0
4218	2.0
4220	4.0
4223	4.0
4225	4.0
4226	5.0
4231	4.0
4234	3.0
4239	3.0
4247	3.0
4262	4.0
4276	3.0
4280	3.0
4291	2.0
4308	2.0
4310	3.0
4321	5.0
4322	3.0
4326	4.0
4327	4.0
4329	5.0
4333	3.0
4339	4.0
4356	3.0
4361	4.0
4369	3.0
4388	2.0
4396	3.0
4406	4.0
4410	5.0
4432	4.0
4447	4.0
4452	3.0
4474	3.0
4477	3.0
4478	4.0
4483	1.0
4488	3.0
4489	3.0
4492	3.0
4498	4.0
4499	3.0
4508	3.0
4526	3.0
4535	4.0
4545	3.0
4557	3.0
4558	3.0
4571	3.0
4572	3.0
4577	3.0
4587	3.0
4616	3.0
4621	3.0
4623	4.0
4638	3.0
4641	3.0
4643	4.0
4654	2.0
4661	4.0
4677	3.0
4678	3.0
4679	4.0
4686	1.0
4701	2.0
4710	4.0
4727	3.0
4728	1.0
4732	2.0
4770	3.0
4776	4.0
4787	3.0
4799	4.0
4802	4.0
4803	4.0
4812	2.0
4815	4.0
4816	3.0
4835	4.0
4845	1.0
4848	2.0
4855	5.0
4857	4.0
4867	3.0
4881	4.0
4886	4.0
4890	4.0
4901	3.0
4963	4.0
4974	3.0
4979	3.0
4990	3.0
4995	5.0
5025	3.0
5047	3.0
5060	4.0
5107	5.0
5110	2.0
5152	4.0
5363	3.0
5364	5.0
5377	4.0
5400	3.0
5418	4.0
5420	3.0
5445	4.0
5481	3.0
5502	4.0
5505	5.0
5620	3.0
5693	5.0
5956	3.0
6001	4.0
6235	3.0
