1	5.0
2	5.0
10	2.0
34	4.0
44	2.0
50	5.0
110	5.0
145	2.0
158	4.0
165	4.0
175	3.0
185	3.0
208	3.0
231	3.0
296	5.0
318	5.0
344	3.0
355	2.0
356	3.0
364	5.0
367	4.0
370	3.0
374	3.0
377	4.0
480	5.0
500	3.0
558	3.0
586	5.0
588	5.0
589	5.0
593	5.0
648	3.0
736	5.0
780	4.0
784	3.0
788	2.0
798	2.0
837	4.0
1015	4.0
1032	5.0
1033	3.0
1036	3.0
1200	4.0
1213	5.0
1214	4.0
1240	4.0
1259	5.0
1270	3.0
1342	1.0
1345	3.0
1367	4.0
1370	3.0
1380	4.0
1387	4.0
1388	3.0
1405	3.0
1407	3.0
1438	3.0
1485	3.0
1515	4.0
1517	5.0
1518	5.0
1544	3.0
1556	1.0
1580	4.0
1623	1.0
1641	1.0
1676	3.0
1681	1.0
1682	5.0
1702	2.0
1717	3.0
1721	5.0
1779	2.0
1876	3.0
1882	4.0
1909	3.0
1911	3.0
1917	4.0
1918	3.0
1923	3.0
1992	2.0
2000	3.0
2001	3.0
2002	3.0
2011	3.0
2012	3.0
2018	3.0
2028	4.0
2053	3.0
2054	4.0
2078	2.0
2085	3.0
2092	3.0
2279	3.0
2294	3.0
2321	5.0
2353	3.0
2355	4.0
2384	3.0
2387	2.0
2455	3.0
2496	4.0
2502	3.0
2539	3.0
2571	3.0
2572	4.0
2617	3.0
2640	4.0
2641	3.0
2642	2.0
2643	1.0
2683	3.0
2694	1.0
2700	3.0
2701	1.0
2706	5.0
2710	4.0
2713	2.0
2716	3.0
2720	1.0
2722	3.0
2762	5.0
2791	4.0
2805	3.0
2827	1.0
2841	4.0
2858	5.0
2871	3.0
2890	3.0
2918	1.0
2953	3.0
2961	3.0
2976	3.0
2978	3.0
2995	4.0
2997	4.0
3005	3.0
3081	3.0
3114	5.0
3146	3.0
3147	5.0
3157	2.0
3186	4.0
3258	4.0
3285	4.0
3327	4.0
3354	2.0
3408	4.0
3409	5.0
3418	3.0
3452	2.0
3481	3.0
3527	3.0
3564	1.0
3565	5.0
3616	2.0
3617	4.0
3697	3.0
3744	3.0
3752	3.0
3755	3.0
3785	4.0
3798	3.0
3826	3.0
3857	1.0
3868	3.0
3869	3.0
3948	4.0
3968	4.0
3973	3.0
3977	1.0
3991	2.0
3994	4.0
4018	4.0
4022	4.0
4143	1.0
4148	4.0
4238	3.0
4239	3.0
4246	1.0
4255	1.0
4306	4.0
4310	3.0
4367	2.0
4368	3.0
4369	3.0
4388	3.0
4447	3.0
4621	3.0
4638	3.0
4643	3.0
4718	5.0
4720	5.0
4734	3.0
4744	2.0
4814	3.0
4848	4.0
4886	5.0
4890	1.0
4975	4.0
4993	4.0
5025	3.0
5065	3.0
5151	3.0
5152	4.0
5171	3.0
5266	4.0
5283	3.0
5312	3.0
5349	3.0
5388	3.0
5414	2.0
5419	1.0
5452	3.0
5480	2.0
5481	3.0
5502	4.0
5528	3.0
5610	3.0
5630	3.0
5679	5.0
5784	2.0
5785	4.0
5810	4.0
5881	1.0
5900	3.0
5943	1.0
5952	4.0
5989	5.0
6058	4.0
6187	4.0
6188	3.0
6218	1.0
6242	4.0
6250	3.0
6264	2.0
6281	4.0
6287	1.0
6297	4.0
6323	4.0
6373	4.0
6377	4.0
6378	4.0
6379	4.0
6383	2.0
6502	5.0
6535	2.0
6539	4.0
6586	3.0
6707	3.0
6711	3.0
6763	1.0
6874	5.0
6880	3.0
6888	3.0
6936	3.0
6952	2.0
6953	5.0
6957	5.0
7137	3.0
7147	5.0
7160	3.0
7161	3.0
7163	3.0
7173	1.0
7254	4.0
7293	3.0
7317	4.0
7318	3.0
7325	3.0
7346	3.0
7360	5.0
7361	4.0
7362	3.0
7371	4.0
7376	3.0
7438	5.0
7451	4.0
7458	3.0
7701	3.0
8360	3.0
8361	4.0
8464	3.0
8528	3.0
8531	1.0
8622	4.0
8636	3.0
8644	3.0
8783	3.0
8807	4.0
8814	3.0
8870	5.0
8874	4.0
8947	3.0
8949	1.0
8957	5.0
8969	1.0
8974	4.0
27706	4.0
27772	3.0
27822	2.0
27831	3.0
27838	4.0
27839	3.0
30707	4.0
30793	3.0
30825	3.0
30894	2.0
31685	3.0
32587	4.0
33004	3.0
33166	5.0
33615	3.0
33679	3.0
33794	4.0
34048	3.0
34162	3.0
34520	3.0
35957	3.0
37384	2.0
37720	4.0
37727	3.0
37733	4.0
38798	3.0
39446	4.0
39715	2.0
40581	2.0
40614	3.0
40732	4.0
41566	4.0
42007	1.0
42723	4.0
43679	3.0
43919	1.0
44004	2.0
44193	3.0
44199	4.0
44397	4.0
44788	4.0
44972	3.0
44974	2.0
45501	3.0
45517	3.0
45668	1.0
45672	3.0
45726	3.0
45732	1.0
45950	4.0
46578	5.0
46723	4.0
46965	3.0
46972	3.0
46974	4.0
47518	3.0
47629	4.0
48322	5.0
48385	5.0
48774	5.0
48982	4.0
49272	4.0
49274	1.0
49278	4.0
50189	2.0
50601	4.0
50798	1.0
51086	3.0
51255	3.0
51412	3.0
51575	2.0
51935	3.0
52241	3.0
52245	3.0
52328	3.0
52458	5.0
52722	3.0
52973	3.0
52975	3.0
53000	3.0
53121	3.0
53318	3.0
53953	3.0
53972	3.0
53993	3.0
53996	3.0
54004	1.0
54272	3.0
54503	4.0
55118	4.0
55247	4.0
55267	3.0
55282	3.0
55290	4.0
55830	1.0
56145	4.0
56171	3.0
56174	4.0
56367	4.0
56782	2.0
57368	5.0
58025	3.0
58295	4.0
58559	5.0
58998	3.0
59369	4.0
59421	3.0
60037	3.0
60069	3.0
60074	4.0
60756	3.0
60950	1.0
61024	5.0
62081	3.0
62434	3.0
63062	4.0
63072	5.0
63082	4.0
63113	3.0
63131	3.0
63992	2.0
64497	3.0
64614	5.0
64716	3.0
64839	5.0
64969	4.0
65088	2.0
65230	5.0
66203	3.0
67087	3.0
67197	5.0
67734	3.0
68135	3.0
68358	4.0
68952	3.0
68954	4.0
69122	5.0
69306	4.0
69406	3.0
69757	4.0
69784	3.0
69951	3.0
70286	4.0
71033	3.0
71057	2.0
71135	3.0
71264	4.0
71282	4.0
71379	5.0
71520	3.0
71530	2.0
71535	5.0
71745	2.0
71838	5.0
72378	3.0
72407	1.0
72641	5.0
72998	4.0
73017	3.0
73023	4.0
73321	5.0
74458	5.0
74545	3.0
74789	3.0
76077	3.0
76251	5.0
78209	3.0
78469	3.0
78499	5.0
79091	3.0
79132	5.0
79293	3.0
79592	4.0
79695	3.0
79702	3.0
80219	4.0
80463	5.0
80489	5.0
80549	5.0
81229	4.0
81537	4.0
81562	4.0
81782	3.0
81788	4.0
81845	3.0
81847	4.0
81932	5.0
82202	1.0
82459	5.0
83613	3.0
84152	4.0
84374	3.0
84392	5.0
84601	4.0
84944	4.0
84954	5.0
85131	3.0
85414	4.0
85510	3.0
85774	4.0
86190	4.0
86911	4.0
87306	3.0
87485	3.0
87869	4.0
88129	3.0
88744	4.0
89470	4.0
89492	5.0
89864	4.0
90405	3.0
92420	5.0
93510	4.0
93840	4.0
95441	4.0
97923	4.0
101864	4.0
102123	4.0
103249	4.0
104841	4.0
106696	4.0
106782	5.0
106918	3.0
