1	5.0
2	4.0
3	3.0
4	1.0
5	4.0
7	5.0
8	4.0
10	3.0
11	4.0
15	5.0
17	3.0
19	2.0
31	4.0
34	5.0
44	2.0
48	2.0
54	2.0
60	4.0
62	5.0
64	3.0
74	5.0
95	5.0
102	2.0
105	3.0
107	5.0
110	4.0
116	4.0
126	2.0
140	5.0
151	4.0
153	2.0
163	4.0
165	5.0
168	4.0
207	5.0
208	3.0
216	2.0
222	4.0
231	1.0
236	4.0
238	5.0
239	3.0
246	3.0
252	3.0
256	4.0
258	4.0
260	5.0
261	5.0
262	3.0
267	4.0
272	3.0
275	4.0
282	4.0
289	4.0
292	5.0
316	3.0
317	5.0
318	5.0
329	5.0
339	5.0
344	3.0
349	4.0
350	4.0
351	5.0
355	5.0
356	5.0
361	5.0
362	4.0
364	4.0
367	2.0
368	5.0
370	3.0
371	4.0
374	3.0
376	4.0
377	4.0
379	3.0
380	5.0
381	4.0
405	3.0
410	2.0
413	2.0
414	4.0
416	4.0
419	3.0
421	4.0
427	1.0
434	3.0
435	4.0
438	4.0
440	5.0
450	5.0
455	4.0
457	5.0
466	3.0
473	2.0
477	4.0
480	1.0
484	4.0
485	4.0
489	5.0
491	5.0
500	3.0
502	4.0
505	1.0
509	1.0
516	4.0
519	3.0
520	4.0
524	5.0
527	5.0
529	3.0
531	4.0
534	5.0
540	2.0
546	3.0
551	1.0
552	5.0
558	2.0
575	3.0
585	4.0
586	5.0
587	4.0
588	5.0
589	3.0
590	5.0
592	3.0
593	2.0
594	5.0
595	5.0
596	5.0
597	5.0
605	5.0
608	1.0
609	3.0
616	3.0
640	2.0
647	4.0
648	4.0
650	3.0
653	3.0
661	1.0
673	4.0
674	2.0
688	3.0
691	5.0
708	4.0
709	3.0
711	3.0
719	4.0
733	4.0
736	5.0
745	5.0
747	2.0
762	4.0
780	5.0
783	4.0
785	2.0
786	4.0
788	2.0
802	5.0
805	5.0
808	4.0
810	3.0
818	3.0
830	5.0
832	1.0
837	4.0
858	3.0
861	3.0
881	3.0
898	3.0
899	5.0
900	4.0
901	4.0
902	5.0
904	3.0
910	4.0
912	5.0
914	5.0
915	5.0
916	4.0
917	5.0
918	4.0
919	5.0
920	5.0
924	2.0
932	5.0
933	4.0
938	4.0
940	5.0
942	4.0
943	4.0
945	4.0
952	5.0
953	5.0
954	5.0
968	2.0
969	5.0
971	4.0
986	4.0
1005	4.0
1007	4.0
1008	5.0
1009	3.0
1010	5.0
1011	4.0
1012	5.0
1013	5.0
1014	5.0
1015	5.0
1016	5.0
1017	5.0
1018	4.0
1019	5.0
1020	5.0
1021	5.0
1022	5.0
1023	4.0
1024	2.0
1025	5.0
1027	4.0
1028	5.0
1029	3.0
1030	5.0
1031	3.0
1032	3.0
1033	5.0
1035	5.0
1036	5.0
1037	3.0
1043	4.0
1059	5.0
1064	3.0
1066	5.0
1073	5.0
1080	2.0
1084	4.0
1085	5.0
1088	5.0
1097	5.0
1101	4.0
1124	3.0
1127	3.0
1135	4.0
1136	4.0
1148	5.0
1183	3.0
1185	4.0
1193	4.0
1196	4.0
1197	5.0
1198	4.0
1201	4.0
1204	3.0
1207	5.0
1210	3.0
1214	2.0
1222	3.0
1225	3.0
1226	5.0
1230	2.0
1231	5.0
1234	5.0
1235	4.0
1240	3.0
1242	5.0
1247	4.0
1250	5.0
1258	1.0
1262	4.0
1265	4.0
1269	5.0
1270	5.0
1271	4.0
1272	4.0
1275	4.0
1277	4.0
1278	4.0
1282	4.0
1286	4.0
1287	5.0
1291	4.0
1299	3.0
1302	4.0
1304	5.0
1307	4.0
1345	2.0
1353	5.0
1356	5.0
1359	3.0
1363	4.0
1367	5.0
1370	5.0
1371	4.0
1372	5.0
1373	4.0
1374	4.0
1375	4.0
1376	5.0
1377	3.0
1378	4.0
1380	5.0
1381	4.0
1387	4.0
1388	3.0
1391	2.0
1393	4.0
1396	3.0
1398	4.0
1405	1.0
1408	3.0
1438	5.0
1445	3.0
1453	4.0
1474	3.0
1485	3.0
1499	2.0
1500	2.0
1515	4.0
1527	4.0
1544	2.0
1552	3.0
1556	4.0
1562	4.0
1566	4.0
1569	5.0
1573	5.0
1580	5.0
1586	5.0
1588	5.0
1592	5.0
1595	3.0
1597	5.0
1606	4.0
1608	5.0
1610	5.0
1614	2.0
1621	2.0
1625	3.0
1633	3.0
1641	2.0
1644	1.0
1653	4.0
1676	1.0
1682	5.0
1688	3.0
1693	5.0
1702	4.0
1703	3.0
1704	4.0
1707	3.0
1721	4.0
1722	4.0
1731	2.0
1747	5.0
1777	1.0
1779	3.0
1784	5.0
1801	2.0
1806	3.0
1810	3.0
1831	3.0
1833	4.0
1835	5.0
1840	2.0
1848	3.0
1876	4.0
1888	4.0
1894	4.0
1907	5.0
1911	4.0
1917	5.0
1918	4.0
1919	4.0
1920	4.0
1923	2.0
1931	4.0
1947	4.0
1950	3.0
1951	5.0
1953	3.0
1954	5.0
1955	4.0
1956	3.0
1957	4.0
1959	3.0
1961	4.0
1962	4.0
1964	3.0
1997	2.0
2000	5.0
2001	4.0
2002	4.0
2003	1.0
2005	2.0
2006	5.0
2009	3.0
2011	5.0
2012	5.0
2014	4.0
2015	5.0
2016	4.0
2017	3.0
2018	5.0
2022	1.0
2028	5.0
2033	2.0
2036	3.0
2038	3.0
2040	4.0
2041	4.0
2042	4.0
2043	4.0
2046	5.0
2048	4.0
2050	4.0
2051	3.0
2052	2.0
2053	3.0
2054	3.0
2057	4.0
2059	4.0
2060	2.0
2067	3.0
2077	5.0
2078	5.0
2080	5.0
2081	3.0
2083	5.0
2084	5.0
2085	5.0
2087	5.0
2088	4.0
2089	4.0
2090	5.0
2091	3.0
2092	3.0
2094	4.0
2095	3.0
2096	5.0
2099	5.0
2100	5.0
2102	5.0
2105	2.0
2115	4.0
2123	2.0
2124	3.0
2125	5.0
2126	4.0
2135	5.0
2137	5.0
2139	3.0
2141	5.0
2142	5.0
2145	3.0
2152	4.0
2154	2.0
2161	5.0
2162	2.0
2193	2.0
2236	4.0
2240	4.0
2249	3.0
2252	4.0
2253	2.0
2266	4.0
2268	5.0
2291	3.0
2294	3.0
2302	4.0
2312	4.0
2321	4.0
2324	5.0
2335	2.0
2338	1.0
2346	4.0
2354	2.0
2355	3.0
2367	3.0
2375	4.0
2378	2.0
2384	3.0
2392	3.0
2393	5.0
2394	5.0
2396	5.0
2398	5.0
2399	3.0
2404	3.0
2405	4.0
2406	5.0
2407	5.0
2408	4.0
2409	4.0
2410	4.0
2411	4.0
2412	5.0
2420	4.0
2421	4.0
2422	3.0
2424	4.0
2429	5.0
2430	5.0
2431	4.0
2432	4.0
2450	4.0
2453	3.0
2468	4.0
2469	3.0
2470	5.0
2471	4.0
2490	4.0
2496	5.0
2498	4.0
2501	5.0
2520	4.0
2524	4.0
2528	3.0
2529	4.0
2530	3.0
2531	3.0
2532	3.0
2533	3.0
2535	3.0
2546	4.0
2558	4.0
2565	5.0
2571	5.0
2574	3.0
2598	2.0
2616	3.0
2628	4.0
2640	5.0
2641	4.0
2642	4.0
2643	3.0
2671	5.0
2687	5.0
2693	4.0
2694	2.0
2699	1.0
2700	1.0
2701	3.0
2709	4.0
2710	1.0
2716	2.0
2717	2.0
2720	3.0
2724	5.0
2728	3.0
2746	2.0
2761	2.0
2763	3.0
2764	3.0
2779	4.0
2792	2.0
2794	2.0
2797	5.0
2803	5.0
2804	4.0
2805	4.0
2815	5.0
2822	4.0
2828	4.0
2846	4.0
2870	4.0
2871	2.0
2872	3.0
2875	5.0
2877	3.0
2881	5.0
2882	5.0
2899	3.0
2941	4.0
2942	5.0
2947	3.0
2949	3.0
2950	3.0
2951	4.0
2953	3.0
2959	2.0
2961	5.0
2967	2.0
2986	3.0
2987	2.0
2996	4.0
3028	5.0
3033	4.0
3034	5.0
3035	4.0
3037	3.0
3061	5.0
3066	3.0
3074	4.0
3081	1.0
3095	5.0
3098	3.0
3099	3.0
3100	2.0
3108	3.0
3114	4.0
3147	5.0
3153	2.0
3155	5.0
3156	4.0
3157	4.0
3175	4.0
3176	1.0
3194	4.0
3213	2.0
3244	4.0
3247	5.0
3248	5.0
3249	2.0
3251	3.0
3252	4.0
3253	1.0
3255	3.0
3256	5.0
3257	4.0
3258	2.0
3259	5.0
3260	3.0
3263	2.0
3268	4.0
3269	5.0
3287	4.0
3296	5.0
3299	4.0
3330	4.0
3350	4.0
3359	3.0
3360	4.0
3361	2.0
3363	5.0
3388	4.0
3392	2.0
3396	5.0
3397	4.0
3398	4.0
3404	4.0
3412	4.0
3418	4.0
3421	2.0
3438	1.0
3448	4.0
3451	5.0
3466	5.0
3471	5.0
3479	4.0
3489	5.0
3494	5.0
3501	4.0
3506	3.0
3507	4.0
3508	4.0
3526	4.0
3536	5.0
3545	4.0
3548	4.0
3591	5.0
3608	1.0
3633	3.0
3639	3.0
3668	4.0
3671	4.0
3672	4.0
3675	5.0
3682	4.0
3684	3.0
3699	4.0
3705	4.0
3724	4.0
3733	4.0
3751	4.0
3753	5.0
3754	5.0
3809	3.0
3821	3.0
3836	4.0
3841	4.0
3844	4.0
5060	3.0
