6	5.0
10	3.5
11	3.0
16	5.0
25	4.0
32	3.0
34	4.5
36	3.0
39	3.0
47	5.0
50	4.0
62	4.0
95	3.0
105	4.5
110	5.0
111	4.5
112	3.0
123	4.0
141	4.5
145	3.5
150	4.5
151	4.0
163	4.0
165	3.5
186	2.0
193	2.0
196	3.0
215	3.0
225	2.0
231	2.5
236	3.5
293	4.0
296	5.0
303	2.0
307	4.5
315	2.5
318	5.0
344	3.0
356	5.0
357	4.5
367	3.5
370	3.5
376	4.0
377	3.0
380	3.0
431	2.0
455	2.0
457	4.0
466	3.5
480	3.5
497	5.0
500	3.5
508	4.5
515	4.5
527	5.0
539	4.5
590	5.0
593	5.0
608	5.0
628	4.5
647	4.0
648	3.5
668	4.0
670	5.0
708	3.0
733	3.0
736	2.5
778	4.5
780	3.0
786	2.5
788	3.5
852	3.0
858	5.0
904	4.5
913	3.0
916	4.5
923	2.0
1035	3.0
1036	5.0
1042	4.5
1047	4.0
1059	4.0
1086	4.0
1088	4.0
1089	4.0
1090	4.0
1092	4.0
1097	4.0
1172	5.0
1178	5.0
1183	4.5
1193	4.0
1198	3.0
1201	5.0
1203	5.0
1204	2.5
1208	4.0
1209	4.0
1213	5.0
1214	2.0
1217	5.0
1219	4.0
1221	5.0
1225	4.5
1228	5.0
1230	5.0
1231	4.0
1234	3.5
1242	3.5
1244	4.0
1246	4.5
1247	3.5
1251	2.0
1252	5.0
1259	4.5
1260	1.5
1263	3.0
1266	5.0
1271	4.5
1284	2.0
1293	4.5
1307	5.0
1393	4.0
1407	3.0
1408	4.5
1466	4.0
1479	3.0
1485	3.5
1517	4.0
1552	3.5
1569	3.0
1573	4.0
1580	3.0
1608	3.0
1610	4.5
1617	4.5
1625	4.5
1641	4.5
1644	2.0
1645	4.0
1653	4.0
1673	4.0
1674	3.0
1676	4.0
1682	4.5
1704	4.0
1721	4.5
1722	2.0
1732	4.5
1784	5.0
1805	3.0
1882	4.0
1900	5.0
1912	3.0
1923	4.5
1945	4.5
1954	4.0
1960	3.5
1961	4.5
1962	5.0
1968	4.0
2000	4.0
2006	3.0
2019	5.0
2028	5.0
2058	4.0
2194	5.0
2268	5.0
2273	4.0
2278	2.5
2324	5.0
2329	4.0
2353	4.0
2396	4.5
2403	4.5
2424	4.5
2427	2.5
2431	3.0
2490	4.5
2502	4.0
2539	4.0
2541	3.0
2542	5.0
2571	4.5
2581	3.0
2605	3.0
2617	3.0
2671	5.0
2683	4.0
2692	3.5
2706	4.0
2710	4.0
2712	2.5
2731	5.0
2762	5.0
2763	4.0
2858	5.0
2890	4.0
2949	2.0
2951	4.5
2953	4.0
2959	5.0
3006	4.0
3089	4.5
3105	5.0
3147	4.0
3148	5.0
3176	4.0
3247	4.0
3252	4.5
3275	1.0
3285	3.0
3408	5.0
3468	3.0
3508	4.5
3510	4.0
3578	5.0
3617	4.5
3623	3.5
3624	2.5
3681	4.5
3717	3.5
3730	4.5
3751	3.0
3753	4.5
3785	2.0
3793	2.0
3825	3.0
3826	3.5
3897	5.0
3916	4.0
3948	4.0
3949	5.0
3967	5.0
3968	2.0
3969	3.0
3977	2.0
3980	4.5
3994	4.5
3996	5.0
4007	4.5
4011	5.0
4014	3.0
4015	2.0
4018	3.5
4019	3.5
4020	3.5
4022	5.0
4025	3.0
4027	3.0
4144	5.0
4161	3.5
4223	5.0
4226	4.0
4235	5.0
4239	4.0
4246	4.5
4262	5.0
4270	2.0
4299	3.5
4306	3.0
4308	3.0
4310	2.5
4447	3.5
4639	2.0
4700	3.5
4701	3.0
4718	3.0
4720	4.0
4776	4.5
4848	3.0
4855	4.5
4878	3.5
4886	2.0
4890	2.5
4896	3.0
4901	5.0
4958	4.5
4963	5.0
4967	4.5
4973	4.0
4975	2.5
4993	3.0
4995	4.5
5008	4.0
5014	4.5
5064	2.0
5135	4.5
5218	3.5
5219	3.5
5225	4.5
5291	5.0
5299	4.0
5349	3.0
5378	3.0
5388	4.0
5418	5.0
5445	2.0
5459	2.5
5464	4.0
5481	3.0
5502	3.5
5574	4.0
5618	3.0
5620	2.0
5679	4.0
5690	4.5
5816	2.0
5872	2.0
5902	2.0
5945	4.5
5952	3.0
5989	4.0
5995	5.0
6016	4.5
6059	4.5
6155	3.0
6218	3.5
6281	3.0
6287	3.5
6333	2.0
6365	3.0
6373	2.5
6377	4.0
6534	3.0
6537	2.0
6539	3.0
6548	4.0
6565	5.0
6711	5.0
6776	4.5
6787	4.0
6863	3.5
6870	4.0
6874	5.0
6934	2.0
6942	4.0
7013	3.0
7090	4.0
7143	3.5
7153	3.0
7162	4.5
7173	2.5
7263	4.0
7293	4.0
7361	5.0
7438	5.0
7458	3.5
7502	1.0
7981	4.5
8014	4.5
8228	3.0
8360	2.0
8368	3.0
8529	4.0
8622	4.5
8636	3.0
8644	3.5
8665	4.5
8783	4.0
8784	4.5
8798	4.0
8807	4.0
8873	4.0
8874	4.0
8949	4.5
8958	4.0
8961	4.0
8969	4.0
8970	3.0
8972	3.0
8981	3.5
8984	3.5
26131	4.5
27773	4.5
27803	3.5
27815	4.5
30707	5.0
30749	4.5
30803	2.0
30812	4.0
30825	2.0
31410	4.0
31685	3.0
31878	4.5
32587	4.0
33166	4.5
33493	3.0
33660	5.0
33679	2.5
33794	4.0
34150	3.0
34162	3.0
37733	4.0
37741	3.5
39183	4.5
39292	4.0
40629	2.5
40815	3.0
40819	4.5
41569	3.0
41997	4.5
44195	4.5
44199	2.0
44555	5.0
45210	4.5
45447	3.0
45501	2.0
45517	4.0
45720	4.5
45722	3.0
45950	4.0
46578	5.0
46723	3.5
46972	2.5
47099	4.5
47610	4.0
48394	5.0
48516	5.0
48738	3.5
48774	3.5
48780	5.0
49272	4.0
49274	2.5
49286	3.0
49530	4.0
51255	4.5
51540	3.0
51662	3.5
52281	3.0
52458	3.5
52722	1.5
52973	4.0
53125	2.0
53322	4.5
53519	4.0
53996	3.0
54286	4.0
54995	3.0
55052	3.0
55247	4.0
55276	4.0
55280	4.5
55290	3.0
55363	4.5
55442	3.0
55721	4.0
55765	5.0
55814	4.5
55820	5.0
56171	3.0
56174	4.5
56367	5.0
56587	3.0
56757	4.0
56782	5.0
56788	5.0
57669	4.0
58559	5.0
58803	2.5
59315	4.0
59369	4.5
59784	4.0
59900	4.0
60040	2.5
60069	3.0
60072	2.0
60074	3.0
60397	3.0
60950	4.0
61024	3.0
61240	4.0
61323	4.0
62849	3.5
63062	2.0
63082	4.5
63876	4.0
63992	2.0
64034	3.5
64575	4.0
64614	4.0
64620	4.0
64622	4.0
64839	5.0
64957	2.5
65130	3.5
65514	3.5
66203	3.5
66509	3.5
67997	5.0
68157	4.5
68237	5.0
68791	2.0
68952	3.5
68954	4.5
69122	4.5
69406	2.5
69481	5.0
69757	4.5
69844	3.5
70286	5.0
71033	4.5
71057	3.0
71211	4.5
71264	3.5
71379	4.0
71464	4.0
71518	4.0
71535	3.5
71579	4.0
72011	5.0
72226	3.5
72395	4.0
72641	4.0
72733	4.0
72998	3.5
73017	3.5
73023	4.0
74458	4.0
74789	3.5
74795	4.0
76093	4.0
76251	2.0
77561	2.5
78039	4.0
78209	4.0
78469	3.0
78499	4.0
78574	4.0
78772	3.0
79132	5.0
79185	3.5
79242	5.0
79592	2.0
79702	4.0
80463	5.0
80549	4.0
81562	4.0
81591	5.0
81782	3.5
81845	5.0
81932	4.5
82202	3.0
82459	4.5
84152	4.0
84374	5.0
84392	3.0
84944	3.5
86833	4.5
86880	3.5
86898	2.0
87485	3.0
87520	2.0
88129	5.0
88744	4.0
88810	3.5
89492	4.5
89745	3.0
89774	5.0
89864	5.0
89904	3.5
90746	4.0
90866	4.0
91077	4.0
91500	3.0
91529	4.5
91630	3.0
92259	2.0
94864	3.5
94959	3.5
95088	4.0
95510	4.0
96079	3.0
96610	2.5
96821	4.5
97304	5.0
97306	3.0
97921	5.0
97938	3.5
98154	4.5
99114	5.0
99149	4.5
103042	3.5
104841	4.5
104879	4.5
104913	3.5
105504	4.5
105844	3.5
106100	4.0
106916	3.5
106920	4.0
109487	5.0
111759	4.5
112183	5.0
112290	4.0
112556	4.0
116797	3.0
