1	4.0
2	3.5
10	3.0
17	3.0
19	3.0
21	3.0
34	4.0
36	3.5
47	3.5
48	3.5
50	4.5
89	3.0
105	2.5
111	3.5
145	2.5
158	3.0
165	3.5
168	3.0
185	3.0
186	3.0
225	2.5
231	3.5
235	2.5
239	3.0
260	4.0
266	3.0
282	4.0
292	3.0
296	2.0
313	3.5
316	2.5
318	4.5
329	3.0
337	3.0
342	3.0
344	2.5
350	3.5
356	4.5
357	3.0
364	4.5
367	3.5
374	3.0
377	3.5
410	3.5
455	2.5
457	4.0
480	3.5
500	4.0
541	2.0
551	3.5
552	3.0
586	3.0
588	4.5
589	3.5
593	5.0
594	4.0
595	4.5
596	3.5
597	3.5
613	3.0
616	3.5
628	4.0
648	3.0
661	3.0
709	3.0
736	3.5
780	3.5
783	3.5
788	2.5
805	3.5
838	3.0
858	3.0
908	3.5
912	3.5
919	3.5
1022	4.5
1027	3.5
1028	3.0
1029	3.5
1032	3.0
1033	3.0
1035	4.0
1036	3.5
1059	4.0
1073	3.0
1079	3.0
1088	3.5
1089	1.5
1097	4.0
1193	3.5
1196	4.0
1198	3.5
1200	4.0
1210	4.0
1214	4.0
1225	3.5
1240	3.5
1246	2.5
1258	4.0
1265	3.0
1270	4.0
1291	3.5
1307	3.0
1320	3.0
1356	3.0
1367	3.0
1370	3.0
1371	2.5
1372	3.5
1373	3.0
1374	3.0
1375	3.5
1376	3.0
1380	4.0
1391	1.5
1393	2.5
1411	3.0
1485	3.5
1517	2.5
1544	2.5
1552	3.0
1562	3.0
1566	3.5
1569	2.5
1580	3.5
1584	4.5
1625	4.0
1641	3.5
1653	3.0
1665	3.0
1680	3.5
1682	4.0
1688	3.0
1690	3.0
1704	3.0
1721	3.0
1722	2.5
1729	3.0
1732	2.5
1748	3.0
1779	3.0
1784	3.5
1801	3.5
1805	3.0
1821	4.0
1835	3.5
1892	3.5
1907	3.5
1909	4.5
1912	3.5
1917	3.0
1923	3.0
1961	4.0
2011	3.5
2012	4.0
2018	4.0
2053	2.0
2054	2.5
2078	3.5
2080	4.0
2081	4.0
2085	3.0
2087	3.5
2089	3.5
2090	3.0
2096	3.0
2115	2.5
2117	2.0
2121	2.0
2161	3.0
2291	3.5
2294	2.0
2316	3.0
2334	3.0
2336	3.5
2353	3.5
2355	3.5
2375	3.5
2393	3.0
2394	3.5
2396	3.5
2405	3.0
2406	3.5
2424	3.0
2470	2.0
2529	3.0
2539	3.0
2541	3.5
2565	3.5
2571	4.0
2572	3.5
2628	2.0
2640	3.5
2641	3.5
2671	4.0
2683	3.5
2687	4.0
2694	2.5
2699	2.0
2701	2.5
2706	2.0
2710	2.5
2716	3.5
2724	3.0
2761	3.5
2762	4.5
2797	3.5
2803	3.5
2805	3.0
2858	3.0
2916	3.5
2997	1.5
3005	3.5
3052	2.0
3054	2.0
3081	4.0
3082	2.5
3105	2.5
3107	3.0
3114	3.0
3147	4.0
3155	3.5
3160	4.0
3174	2.5
3175	3.5
3176	3.0
3203	3.5
3225	2.0
3317	2.0
3355	2.0
3408	3.0
3418	3.5
3483	3.0
3489	3.5
3499	4.0
3615	3.5
3698	1.5
3717	2.0
3751	3.5
3752	2.5
3755	2.5
3793	3.5
3799	2.0
3948	3.0
3977	3.0
3991	2.5
3994	3.0
4011	3.5
4014	4.0
4016	3.0
4018	3.5
4020	3.5
4022	3.0
4025	3.5
4027	2.0
4039	3.5
4161	3.0
4226	3.5
4246	4.0
4267	2.5
4306	5.0
4308	4.0
4310	3.5
4366	3.0
4370	3.0
4448	3.0
4643	3.0
4681	3.0
4720	3.5
4776	2.5
4844	4.0
4874	3.5
4878	3.5
4886	4.0
4890	2.0
4896	3.5
4963	3.5
4973	4.5
4975	2.0
4992	3.0
4993	5.0
4995	3.0
5218	4.0
5219	3.0
5220	2.5
5266	3.0
5299	3.0
5349	3.5
5377	4.0
5378	2.0
5389	3.0
5418	3.5
5444	3.5
5445	3.5
5459	3.0
5481	2.0
5502	3.5
5528	2.0
5530	2.5
5618	3.5
5630	3.5
5679	3.0
5816	4.0
5872	3.0
5882	3.5
5900	2.5
5903	3.5
5944	3.0
5952	5.0
5989	2.0
5991	4.0
6059	2.5
6155	3.5
6281	3.5
6323	3.0
6333	3.5
6365	3.5
6373	4.0
6377	4.0
6378	3.5
6503	3.0
6534	2.5
6537	3.5
6539	4.0
6541	3.0
6550	3.0
6708	2.5
6711	3.0
6763	2.5
6862	2.5
6870	3.5
6874	3.5
6888	2.0
6889	3.5
6934	2.5
6942	4.0
6950	3.0
6953	4.0
7147	5.0
7153	5.0
7160	4.0
7162	3.0
7163	3.0
7254	4.0
7324	3.0
7347	2.5
7361	4.0
7438	4.0
7445	3.5
7454	3.0
7458	3.0
8014	3.0
8360	4.0
8361	3.5
8368	4.0
8372	2.5
8464	3.5
8526	3.5
8529	3.0
8533	4.5
8604	3.0
8636	3.5
8640	2.5
8644	3.5
8665	2.5
8781	3.0
8783	4.0
8784	2.0
8798	3.5
8861	2.5
8866	3.0
8874	3.5
8907	3.0
8908	3.0
8947	2.0
8958	3.5
8961	4.0
8969	3.0
8970	3.5
8972	3.0
8984	3.0
9010	3.5
26614	3.5
27721	3.0
27788	3.5
27821	3.0
30793	4.0
30812	3.5
30816	3.5
30825	2.5
31427	2.5
32587	3.0
33166	3.0
33493	3.5
33615	3.0
33679	3.5
33794	3.0
33834	2.0
34048	2.5
34072	3.5
34150	3.5
34319	3.5
34405	4.0
36401	3.0
36517	3.5
37727	3.5
37729	3.5
38038	4.0
38061	3.5
39183	4.5
39231	3.5
40629	4.0
40815	3.5
40819	4.0
41285	3.5
41566	3.0
41569	4.0
41571	4.0
41997	3.5
42734	3.5
42738	2.0
44022	3.5
44191	3.0
44199	3.5
44665	3.5
45186	3.0
45431	3.0
45447	3.5
45499	3.5
45517	3.5
45720	3.0
45722	3.0
45730	3.5
45950	2.0
46530	3.5
46578	4.0
46723	3.5
46948	3.5
47200	1.5
47610	3.5
48142	3.5
48394	2.0
48516	3.0
48774	3.5
48780	4.0
48982	3.5
49272	3.5
49274	3.0
49278	3.0
49396	3.0
49530	3.0
49824	3.0
49961	3.5
50872	3.5
51540	2.0
51662	0.5
52722	3.0
52973	3.0
52975	3.5
53000	3.0
53121	3.0
53125	3.0
53322	3.5
53464	2.5
53953	3.5
53972	3.0
54001	3.5
54259	4.5
54272	3.0
54286	2.5
55232	3.0
55269	3.5
55908	3.0
55995	2.5
56152	4.0
56171	3.5
56174	3.5
56251	3.0
56367	4.0
56757	3.5
56941	3.5
56949	3.5
57368	3.5
58047	3.5
58154	3.5
58559	4.5
58803	3.5
58998	2.5
59103	3.0
59315	3.0
59369	3.5
59615	3.5
59725	3.5
59784	4.0
60037	2.0
60040	3.0
60069	4.5
60072	3.0
60074	2.5
60126	3.5
60161	3.5
60684	3.0
60760	3.0
60937	2.0
61323	3.0
62081	3.0
62374	2.5
62394	3.0
62956	3.5
62999	3.5
63072	3.5
63113	3.0
63853	3.0
63859	4.0
63992	4.0
64497	3.0
64716	3.5
64957	3.5
64969	3.5
65088	3.0
66097	3.5
66171	2.5
66297	3.0
67197	3.0
67255	4.0
67408	3.5
68073	3.0
68157	3.0
68159	3.0
68237	3.0
68319	3.5
68358	4.0
68554	3.5
68791	3.5
68848	3.5
68954	4.0
69122	4.0
69306	2.5
69406	3.5
69640	3.0
69644	3.0
69757	4.0
69844	4.0
70183	3.5
70286	3.0
71530	3.0
71535	4.0
71899	2.5
72226	3.0
72378	3.5
72407	3.5
72720	3.5
72998	3.0
73323	3.0
74458	4.0
74510	2.5
74789	4.0
76093	4.0
76251	4.0
76293	3.5
77866	3.0
78499	3.5
78637	3.0
79091	3.5
79132	4.5
79702	4.0
80219	3.0
80549	3.5
81229	2.5
81564	3.5
81591	4.5
81788	3.0
81834	4.5
81847	3.5
82202	2.5
83349	2.0
84152	3.5
84392	3.5
84772	3.5
84954	3.5
85131	3.0
85414	3.5
85510	3.0
86190	3.0
86332	3.0
86880	3.0
86882	4.0
87222	3.5
87232	3.0
87306	3.5
87485	3.0
88125	4.0
88140	3.5
88405	3.0
88744	3.5
