1	4.5
2	2.0
3	1.5
7	3.5
10	3.0
11	3.5
21	3.5
22	3.0
23	1.5
32	3.5
34	4.0
39	2.5
44	1.5
47	3.0
48	3.0
50	5.0
52	3.0
68	3.0
95	0.5
110	4.0
145	1.5
150	1.5
153	2.0
160	1.0
165	3.5
168	2.0
172	2.0
173	2.5
185	2.0
193	0.5
204	0.5
208	1.0
231	0.5
236	3.0
253	0.5
267	1.0
277	3.0
288	0.5
292	0.5
293	2.5
296	3.0
315	3.0
318	4.0
333	0.5
339	4.0
344	1.0
349	3.0
350	4.0
355	1.5
356	1.5
357	1.0
364	4.0
367	1.5
368	2.5
372	3.0
376	1.5
377	3.5
379	2.0
380	4.0
410	2.5
420	2.0
431	1.0
434	1.5
435	0.5
440	3.0
457	4.0
474	3.5
480	3.5
485	1.5
500	2.0
516	2.5
539	3.0
541	4.5
543	2.0
551	3.5
553	1.0
585	2.0
586	1.5
587	1.5
588	3.5
589	2.5
592	4.0
593	4.0
594	3.5
595	3.5
596	2.0
597	0.5
608	4.5
648	0.5
674	0.5
708	3.0
733	3.5
736	1.5
737	0.5
743	1.0
750	3.5
762	1.0
780	3.5
785	0.5
788	1.0
832	3.5
858	4.0
899	3.0
902	3.0
903	4.5
904	4.5
908	4.5
909	2.0
911	3.5
912	4.0
915	3.0
919	3.0
920	2.0
924	3.0
928	4.0
930	4.0
933	4.0
934	3.5
952	2.5
953	4.0
969	3.0
1004	0.5
1007	1.5
1008	1.0
1015	3.5
1019	2.5
1023	4.0
1028	4.0
1029	3.0
1033	2.0
1035	3.5
1036	4.0
1064	3.0
1079	4.0
1080	3.0
1081	2.5
1083	2.5
1084	2.0
1086	5.0
1089	3.5
1090	2.0
1092	2.5
1094	2.0
1096	3.0
1097	3.0
1100	0.5
1101	0.5
1125	3.5
1127	3.5
1129	3.0
1136	4.5
1193	4.0
1196	4.0
1197	5.0
1198	5.0
1199	5.0
1200	4.0
1201	5.0
1204	2.5
1206	3.0
1207	3.5
1208	4.0
1213	3.5
1214	3.0
1219	4.5
1220	5.0
1221	2.0
1222	1.0
1225	2.0
1228	2.0
1230	3.0
1231	2.0
1234	3.0
1240	4.0
1244	3.5
1246	2.5
1247	4.0
1249	2.0
1250	3.0
1252	5.0
1259	4.5
1262	4.5
1265	5.0
1266	5.0
1269	4.0
1270	4.0
1272	1.5
1276	4.0
1279	4.5
1283	2.5
1291	5.0
1292	3.5
1293	1.0
1304	3.5
1307	4.0
1320	2.5
1333	4.0
1343	3.0
1345	3.0
1367	3.0
1370	3.0
1374	2.5
1380	2.0
1381	0.5
1387	3.0
1388	1.0
1394	4.0
1407	4.0
1466	2.5
1485	1.0
1499	0.5
1515	1.0
1517	0.5
1527	3.5
1544	3.0
1552	1.5
1566	2.5
1573	2.5
1580	5.0
1584	2.5
1588	2.5
1592	1.5
1597	3.5
1608	2.0
1610	2.5
1641	4.5
1663	2.0
1673	2.0
1674	4.0
1682	3.5
1690	2.5
1717	3.5
1721	1.5
1722	3.0
1831	1.5
1889	4.5
1911	1.5
1912	3.5
1917	3.5
1918	1.5
1919	2.5
1941	1.0
1947	0.5
1953	5.0
1954	4.5
1961	2.0
1964	3.0
1994	3.5
1997	4.0
2000	4.5
2001	3.0
2002	2.0
2003	4.0
2006	2.0
2009	1.5
2011	2.0
2012	1.0
2014	4.0
2018	4.0
2019	4.5
2025	1.0
2034	1.0
2054	2.0
2057	2.5
2064	5.0
2067	2.5
2078	2.0
2081	3.5
2085	4.0
2087	4.0
2088	0.5
2096	3.5
2100	1.5
2109	2.0
2115	5.0
2116	1.0
2135	2.5
2136	3.0
2141	2.0
2146	1.0
2160	2.5
2167	1.5
2174	0.5
2176	4.5
2178	4.0
2181	3.0
2184	5.0
2194	4.0
2204	3.5
2232	3.0
2268	2.0
2273	3.0
2278	2.0
2321	2.5
2352	5.0
2355	4.0
2366	3.0
2371	1.5
2376	2.5
2380	0.5
2383	0.5
2384	2.0
2401	3.5
2403	2.5
2405	2.5
2406	2.5
2407	3.0
2420	3.0
2424	3.0
2431	2.0
2454	3.0
2455	3.0
2470	3.0
2478	1.5
2518	2.5
2520	1.0
2521	1.0
2529	2.5
2530	1.5
2531	0.5
2532	1.5
2533	2.0
2539	2.5
2565	2.5
2571	3.0
2617	3.5
2628	0.5
2640	3.0
2657	3.0
2662	2.0
2683	0.5
2687	4.0
2692	5.0
2700	3.5
2701	1.0
2706	1.5
2716	3.5
2723	4.5
2729	2.0
2739	0.5
2762	4.0
2763	4.5
2779	2.0
2788	3.5
2791	1.0
2792	1.5
2795	2.5
2797	4.0
2808	1.5
2858	4.5
2862	0.5
2863	2.0
2871	3.5
2872	3.0
2890	2.5
2902	2.0
2915	3.5
2916	3.5
2917	2.5
2918	4.0
2921	4.0
2922	4.0
2944	3.5
2946	2.5
2947	4.0
2948	3.5
2949	3.5
2951	4.5
2959	1.0
2985	2.0
2987	3.0
2989	2.5
2990	3.0
2991	4.5
2993	3.0
3028	1.0
3039	3.0
3044	3.0
3066	1.5
3087	1.0
3088	1.5
3104	4.5
3107	2.0
3114	3.0
3155	3.0
3156	2.0
3168	3.0
3175	2.5
3176	4.0
3203	4.0
3210	2.5
3249	4.0
3253	2.5
3255	3.5
3256	3.0
3263	1.5
3271	3.0
3273	3.0
3300	2.0
3342	0.5
3355	3.0
3361	3.5
3363	2.5
3384	3.5
3396	2.5
3398	2.5
3412	4.0
3418	2.0
3421	5.0
3448	3.5
3461	2.5
3467	3.0
3468	4.0
3471	3.5
3477	3.0
3478	4.0
3481	3.5
3494	2.0
3499	4.5
3507	2.5
3508	1.0
3510	4.0
3526	3.5
3527	4.0
3535	2.5
3551	2.0
3552	2.5
3578	3.5
3615	3.0
3623	0.5
3633	3.0
3635	2.5
3638	2.0
3639	3.5
3649	1.5
3671	2.5
3675	2.0
3681	4.5
3682	4.0
3690	0.5
3697	2.0
3702	4.0
3703	1.0
3706	3.0
3724	1.5
3729	2.0
3744	2.0
3751	4.0
3763	2.5
3766	1.5
3769	1.0
3791	0.5
3793	3.5
3809	1.5
3819	4.5
3863	0.5
3868	1.5
3871	3.0
3873	0.5
3948	2.5
3977	1.5
3984	3.5
3991	3.0
3996	3.5
4002	1.5
4016	3.0
4022	2.0
4027	4.0
4034	2.0
4041	0.5
4084	3.5
4085	4.5
4178	4.0
4187	3.5
4210	4.0
4232	4.0
4254	1.5
4262	1.5
4291	2.0
4292	0.5
4306	4.5
4321	3.0
4326	4.0
4327	2.5
4329	4.0
4349	3.0
4356	1.5
4357	2.0
4361	2.0
4366	3.5
4367	2.5
4369	1.5
4386	3.5
4465	3.5
4477	2.0
4487	0.5
4489	2.0
4502	0.5
4638	1.0
4643	0.5
4661	3.0
4686	0.5
4705	3.5
4713	2.5
4720	4.0
4799	2.0
4803	5.0
4846	3.0
4855	5.0
4878	3.5
4886	4.5
4896	5.0
4901	3.0
4963	3.5
4990	3.5
4993	4.0
5004	3.5
5008	3.5
5049	4.5
5060	4.0
5254	0.5
5292	3.5
5303	0.5
5313	2.5
5349	3.5
5364	0.5
5377	3.5
5388	3.5
5418	4.5
5419	3.5
5452	0.5
5459	3.0
5481	1.0
5582	1.0
5603	2.0
5650	1.5
5669	4.5
5693	1.0
5816	5.0
5872	1.0
5882	3.0
5952	3.5
5956	4.0
5989	3.5
6104	4.0
6218	4.5
6239	4.0
6305	3.0
6323	4.5
6333	2.5
6365	1.5
6377	5.0
6378	4.5
6461	5.0
6503	1.0
6535	1.0
6537	3.5
6539	3.5
6566	1.0
6593	4.5
6659	2.5
6662	4.0
6663	3.0
6785	1.5
6807	3.0
6863	3.0
6893	3.5
6947	2.5
6966	1.0
6979	3.5
6993	1.5
7001	3.5
7018	3.0
7036	1.0
7060	4.0
7072	2.0
7076	5.0
7153	4.0
7164	3.0
7247	2.5
7325	2.0
7482	4.0
7569	3.5
7570	2.5
7701	1.0
7836	2.0
8132	3.5
8169	2.0
8228	3.5
8340	4.0
8360	2.5
8368	5.0
8492	5.0
8493	3.0
8596	2.5
8614	1.0
8623	3.0
8665	4.0
