1	4.0
2	2.0
3	2.0
5	1.0
6	4.0
7	3.0
10	4.0
11	4.0
16	4.0
17	4.0
19	1.0
21	5.0
22	4.0
28	4.0
32	3.0
34	4.0
41	2.5
43	3.5
45	4.5
50	4.0
52	3.0
58	4.0
62	3.5
95	3.0
100	2.0
110	4.0
125	1.0
135	3.0
141	3.5
144	3.0
150	4.0
151	3.0
161	3.5
164	4.0
165	2.0
176	4.0
186	2.0
198	2.0
205	2.0
222	3.5
231	2.0
232	4.5
236	2.0
237	4.0
246	4.0
249	3.0
252	3.0
260	3.0
270	4.0
272	3.5
281	4.0
296	3.0
306	5.0
316	2.0
317	3.0
329	3.0
334	4.0
339	3.0
342	3.0
348	3.5
349	4.0
355	1.0
356	3.0
357	4.0
361	2.0
367	4.0
368	2.0
370	4.0
371	3.0
372	2.0
377	3.5
380	4.0
410	2.0
419	1.0
434	3.0
440	4.0
441	4.0
454	2.0
457	4.5
459	2.0
466	3.0
468	4.0
471	4.0
474	3.0
475	4.0
480	3.0
491	3.5
492	4.0
494	3.0
497	4.0
500	3.5
506	3.0
509	4.0
514	4.0
515	4.0
527	4.0
528	2.0
529	4.0
532	4.0
535	4.0
539	3.0
540	2.0
541	4.0
549	3.0
551	5.0
556	4.0
586	3.5
587	2.0
589	4.0
592	2.0
595	2.0
608	4.0
647	3.0
671	4.0
673	1.0
708	3.0
720	5.0
728	3.0
733	3.0
736	1.0
745	4.0
750	5.0
780	3.5
788	3.5
800	4.0
804	3.5
830	1.0
832	3.0
837	4.0
838	3.0
852	2.0
858	4.0
892	3.0
898	5.0
899	5.0
900	3.0
902	2.0
903	4.0
904	5.0
905	4.0
908	5.0
910	3.5
911	4.0
912	5.0
913	4.0
914	3.0
915	3.5
916	2.0
919	4.0
920	3.0
923	5.0
926	4.0
928	4.0
930	3.0
932	2.0
933	5.0
945	4.0
948	4.5
950	3.5
951	4.0
953	3.0
955	5.0
965	4.0
968	3.5
986	4.5
991	4.0
994	4.0
1015	4.0
1034	2.0
1035	4.0
1036	5.0
1041	4.0
1050	4.0
1077	4.0
1078	3.5
1079	5.0
1080	5.0
1081	3.0
1082	4.0
1086	5.0
1088	3.0
1091	3.0
1092	3.5
1094	4.0
1095	3.5
1096	4.0
1099	4.0
1101	4.0
1135	4.0
1136	5.0
1148	4.5
1172	4.0
1173	3.0
1176	3.5
1179	3.0
1183	3.0
1185	3.0
1186	4.0
1188	4.0
1198	4.0
1203	5.0
1204	5.0
1207	4.5
1208	5.0
1213	5.0
1219	3.5
1221	5.0
1223	5.0
1224	4.0
1225	4.5
1226	2.0
1230	4.0
1231	4.5
1233	5.0
1234	4.0
1238	4.0
1240	4.0
1242	4.0
1244	5.0
1246	2.0
1247	4.5
1252	5.0
1253	4.5
1254	4.5
1256	5.0
1262	4.0
1264	4.0
1265	4.0
1266	4.0
1267	4.0
1269	4.0
1270	4.0
1272	5.0
1276	4.0
1278	5.0
1283	4.0
1284	4.0
1285	4.0
1288	4.5
1289	4.0
1291	4.0
1292	3.0
1296	4.0
1297	3.0
1299	5.0
1302	3.5
1304	4.5
1307	5.0
1333	4.0
1339	4.0
1345	4.0
1357	3.0
1370	4.0
1371	2.0
1372	4.0
1374	4.0
1375	3.0
1376	4.0
1385	4.0
1387	4.0
1391	1.0
1393	3.0
1395	3.5
1396	2.0
1408	4.0
1409	3.0
1411	4.0
1414	3.0
1425	2.0
1438	3.0
1440	3.5
1441	4.0
1442	3.5
1453	3.0
1459	3.0
1466	5.0
1485	3.0
1488	3.0
1498	3.5
1500	3.0
1513	3.0
1517	4.0
1537	4.0
1542	4.0
1552	3.0
1569	3.0
1573	3.0
1580	3.0
1584	3.0
1597	2.0
1608	3.0
1610	5.0
1614	3.5
1616	4.0
1617	4.0
1635	4.0
1639	3.5
1641	3.5
1643	3.5
1645	3.5
1663	3.5
1674	3.5
1680	4.0
1682	3.5
1683	4.5
1704	3.0
1713	4.0
1722	4.0
1735	2.0
1747	4.0
1752	3.0
1777	4.0
1784	3.0
1792	3.0
1835	3.0
1883	3.5
1885	4.0
1892	3.5
1894	2.0
1897	4.0
1912	4.0
1923	3.5
1931	4.0
1939	4.0
1940	3.5
1944	4.5
1945	4.0
1947	4.5
1948	5.0
1951	5.0
1952	4.0
1955	3.5
1956	4.0
1957	4.0
1958	2.0
1959	3.0
1961	3.0
1963	4.0
1965	4.0
1966	3.5
1968	3.0
2000	4.0
2001	3.0
2011	3.0
2012	2.0
2013	2.0
2020	4.0
2022	4.0
2025	2.0
2028	3.5
2054	4.0
2065	4.0
2070	4.5
2076	3.0
2100	3.5
2108	3.0
2112	3.0
2115	3.0
2124	2.0
2137	4.0
2144	4.0
2174	3.5
2182	4.0
2194	4.0
2206	4.0
2208	4.0
2243	4.0
2245	4.0
2247	3.5
2248	5.0
2249	2.0
2268	3.5
2278	4.0
2289	4.0
2290	4.0
2294	4.0
2300	5.0
2301	4.0
2302	4.0
2303	4.0
2321	4.0
2331	4.0
2336	3.0
2346	3.0
2349	4.0
2352	3.5
2355	4.0
2359	4.0
2366	3.0
2367	2.0
2369	3.5
2375	3.0
2396	4.0
2398	3.5
2401	4.0
2414	4.0
2416	3.0
2420	4.0
2424	3.5
2433	4.0
2437	4.0
2442	4.0
2463	4.0
2474	3.0
2475	3.0
2476	3.0
2478	3.0
2520	4.0
2524	5.0
2529	4.0
2539	3.0
2571	4.0
2583	4.0
2598	2.0
2599	4.0
2611	4.0
2613	3.5
2640	3.0
2641	3.5
2670	4.0
2671	2.5
2683	1.0
2686	4.0
2690	4.0
2692	4.0
2701	1.0
2712	3.0
2716	5.0
2717	2.0
2731	3.0
2732	3.5
2750	4.0
2763	4.0
2764	4.0
2779	4.0
2788	4.0
2791	4.5
2792	1.0
2797	4.0
2801	3.0
2802	4.0
2805	3.0
2819	4.0
2829	3.0
2840	2.5
2858	3.5
2859	4.5
2863	4.0
2870	4.0
2881	3.0
2890	5.0
2906	2.0
2908	3.0
2915	3.0
2916	4.0
2917	4.0
2918	2.0
2919	4.0
2927	3.5
2935	4.0
2944	4.0
2946	3.5
2947	4.0
2948	3.5
2949	4.0
2971	4.0
2973	4.0
2985	3.5
2987	4.0
2990	4.0
2997	4.0
3006	4.0
3022	5.0
3033	3.5
3035	5.0
3039	3.0
3040	3.0
3044	4.0
3045	3.0
3060	4.0
3061	3.0
3062	4.5
3066	4.5
3068	4.0
3072	4.5
3077	4.0
3081	4.0
3082	4.0
3087	4.0
3088	4.0
3098	3.0
3099	4.0
3101	4.0
3102	3.0
3104	4.0
3107	3.0
3111	3.0
3114	4.0
3125	4.0
3130	1.0
3135	4.5
3142	4.0
3157	4.0
3163	4.0
3167	3.5
3175	4.0
3176	4.0
3194	3.0
3197	3.0
3203	3.0
3204	4.0
3208	3.5
3253	3.0
3255	4.0
3256	3.5
3258	4.0
3260	3.0
3263	3.0
3299	1.0
3301	4.0
3308	3.0
3326	4.0
3354	2.0
3358	3.5
3359	4.0
3360	4.0
3361	4.0
3384	4.0
3385	3.0
3394	3.0
3396	4.0
3405	4.0
3408	4.0
3412	4.5
3421	4.0
3430	3.0
3435	4.0
3448	3.0
3451	4.0
3467	4.0
3481	4.0
3504	4.0
3505	3.5
3515	3.0
3519	3.0
3524	2.0
3525	3.5
3526	2.0
3536	3.5
3543	4.0
3549	4.0
3551	4.0
3552	4.0
3565	4.0
3578	2.0
3614	4.0
3618	4.0
3633	4.0
3634	4.0
3649	3.0
3653	3.5
3671	5.0
3683	4.0
3684	3.0
3685	4.0
3698	3.5
3699	4.0
3702	4.0
3703	4.0
3705	2.0
3712	3.5
3717	2.0
3729	4.0
3730	5.0
3733	4.0
3751	3.5
3753	3.0
3763	4.0
3764	3.0
3791	4.0
3811	4.0
3812	4.0
3827	2.0
3868	4.0
3871	4.5
3873	4.0
3882	4.0
3897	4.0
3911	4.5
3948	2.0
3952	5.0
3953	3.5
3983	4.5
3984	2.0
3985	4.0
3996	4.0
4002	4.0
4003	4.0
4005	4.0
4007	4.0
4010	2.0
4014	3.0
4023	4.0
4024	5.0
4025	4.0
4027	4.5
4029	4.0
4041	4.0
4047	5.0
4080	3.0
4085	3.5
4086	4.0
4174	4.0
4211	4.5
4234	4.0
4246	3.5
4262	3.0
4276	3.5
4291	3.5
4308	3.0
4318	4.0
4321	3.0
4322	4.0
4333	3.5
4361	4.0
4378	3.0
4386	2.0
4424	4.0
4447	4.0
4448	4.0
4480	3.5
4489	3.0
4498	3.0
4499	4.0
4557	4.0
4558	3.0
4571	3.0
4623	3.5
4639	1.0
4661	4.0
4681	2.5
4703	2.0
4728	3.5
4799	4.0
4802	3.5
4803	3.5
4823	4.0
4844	4.0
4848	4.0
4855	4.0
4867	4.0
4932	4.0
4973	4.0
4979	2.0
4993	4.0
4995	4.0
5008	4.0
5013	3.5
5015	2.0
5016	2.0
5049	4.0
5060	5.0
5103	4.0
5120	4.0
5247	4.0
5292	4.0
5339	4.0
5349	4.0
5377	4.0
5380	2.0
5418	4.5
5464	4.0
5524	3.5
5541	4.0
5602	4.0
5603	5.0
5617	3.0
5707	4.0
5712	4.0
5772	4.0
5796	3.0
5809	4.0
5812	4.0
5872	2.5
5876	4.5
5893	4.5
5952	4.0
5957	4.0
5989	4.0
6218	4.0
6296	3.0
6299	4.0
6331	4.5
6373	2.5
6377	4.0
6378	3.5
6538	4.0
6539	4.5
6550	3.5
6565	3.5
6593	3.5
6636	4.0
6658	3.0
6711	4.5
6765	2.5
6773	4.0
6777	4.0
6787	4.0
6791	4.0
6793	4.0
6794	1.5
6807	2.0
6863	3.5
6874	4.0
6893	4.5
6942	2.5
6947	3.5
6979	4.0
6993	5.0
7008	2.5
7017	3.0
7027	4.0
7076	4.5
7084	3.5
7091	4.5
7101	4.0
7102	3.0
7116	4.0
7121	4.0
7132	4.0
7137	4.0
7149	4.0
7153	4.0
7155	3.0
7361	4.5
7366	2.0
7367	2.0
7438	4.5
7451	3.5
7560	4.0
7566	4.5
7698	4.0
7706	4.5
7836	4.0
7934	3.5
7980	4.0
7983	4.0
8014	4.5
8183	3.5
8207	4.0
8337	4.0
8361	2.5
8366	3.5
8542	4.5
8614	3.5
8623	4.0
8636	4.0
8638	4.0
8665	4.5
8807	4.0
8866	3.5
8948	3.5
8949	3.5
8961	4.5
26242	4.0
