1	3.5
6	3.5
7	3.0
10	3.5
11	4.0
16	3.5
17	4.0
19	0.5
21	2.5
22	2.5
25	3.5
32	4.0
34	4.0
36	5.0
39	2.5
44	0.5
45	3.0
47	4.5
50	4.0
58	2.5
70	4.0
95	2.0
104	2.5
110	4.0
111	4.5
112	3.0
150	3.0
151	3.5
153	0.5
160	1.0
161	4.0
163	3.5
165	3.5
172	0.5
173	1.0
180	1.5
185	0.5
193	0.5
196	3.0
198	3.0
204	2.5
208	1.5
223	4.5
230	3.0
231	3.5
235	4.0
236	3.0
237	3.5
246	4.5
247	3.0
253	2.5
260	4.0
266	3.5
272	3.5
282	2.5
288	1.0
290	4.0
292	3.5
293	4.5
296	5.0
300	4.0
306	4.0
315	2.5
316	2.0
318	3.0
326	5.0
327	1.0
329	2.5
339	3.5
342	3.5
344	0.5
349	3.5
350	3.5
353	2.0
355	2.0
356	3.5
357	3.5
364	3.5
367	2.5
368	3.5
370	2.5
372	3.0
376	3.0
377	4.0
380	3.5
410	4.0
419	3.0
420	2.0
431	3.0
434	3.5
435	2.5
440	4.0
441	3.0
442	3.0
454	2.5
457	3.5
464	3.0
466	1.0
468	3.0
471	2.5
474	4.0
475	4.5
480	4.0
485	2.0
494	3.0
497	3.5
500	1.5
508	3.0
509	4.0
512	2.5
515	4.5
517	2.5
520	1.5
527	4.5
529	4.0
539	3.0
541	5.0
543	1.0
551	2.5
552	2.0
553	2.5
555	4.0
586	2.0
587	3.5
589	4.5
590	4.0
592	1.5
593	4.5
597	3.0
608	4.5
610	3.5
661	3.0
671	3.0
708	3.5
719	2.5
733	3.5
736	0.5
750	4.5
778	4.0
780	3.5
784	2.0
785	2.5
786	3.0
788	2.5
800	4.5
832	3.0
838	4.0
858	4.0
861	4.0
866	3.0
880	1.0
899	5.0
904	4.5
908	4.5
912	4.5
919	4.5
920	5.0
923	4.0
924	4.0
953	5.0
954	5.0
968	5.0
1027	3.0
1035	4.5
1036	4.5
1037	0.5
1041	4.5
1047	3.0
1060	3.5
1073	4.5
1079	5.0
1080	4.0
1089	5.0
1090	4.0
1093	3.0
1094	4.0
1095	4.5
1097	3.5
1101	3.5
1120	3.0
1127	3.5
1129	3.5
1136	5.0
1148	4.0
1175	2.0
1178	4.5
1179	3.0
1183	4.5
1186	4.0
1188	3.5
1193	4.0
1196	5.0
1197	4.5
1198	5.0
1200	5.0
1201	5.0
1203	5.0
1204	4.0
1206	4.5
1207	4.5
1208	4.0
1210	3.5
1213	5.0
1214	5.0
1215	3.5
1217	4.5
1218	5.0
1219	4.0
1220	3.0
1221	4.5
1222	4.0
1228	4.5
1233	4.5
1240	4.5
1242	5.0
1246	4.5
1247	4.0
1248	4.5
1249	4.0
1252	4.0
1258	3.0
1259	4.5
1261	4.5
1262	4.0
1265	4.5
1266	4.5
1270	5.0
1272	5.0
1274	1.0
1276	4.5
1278	4.5
1280	5.0
1283	4.0
1285	4.0
1288	5.0
1291	4.5
1292	4.0
1296	4.5
1302	3.5
1307	4.5
1320	1.5
1333	4.0
1343	3.0
1345	3.0
1347	4.0
1356	2.5
1370	3.0
1371	2.0
1372	3.5
1373	2.5
1374	4.0
1375	3.0
1376	4.0
1377	2.5
1378	3.5
1380	4.0
1385	3.5
1387	5.0
1391	2.5
1393	4.0
1394	4.0
1405	2.0
1407	3.5
1408	4.0
1409	2.5
1429	3.5
1441	3.0
1466	3.5
1485	3.0
1500	3.0
1513	3.0
1527	3.5
1537	4.5
1544	1.0
1562	0.5
1573	3.0
1580	3.5
1584	4.5
1587	3.0
1608	2.5
1610	4.5
1617	3.5
1620	2.5
1625	0.5
1635	3.5
1639	3.5
1641	4.0
1673	4.0
1674	4.5
1676	3.5
1678	3.5
1680	1.5
1682	2.5
1690	2.0
1704	4.0
1717	2.5
1729	4.0
1747	3.5
1748	2.5
1769	3.0
1784	4.0
1810	3.0
1858	3.0
1894	2.5
1918	3.0
1923	2.5
1939	5.0
1945	5.0
1947	2.5
1953	4.0
1954	3.5
1958	4.5
1959	3.0
1961	4.5
1967	4.0
1968	4.5
1982	5.0
1994	3.5
1997	4.0
2000	4.5
2001	4.0
2002	2.5
2003	3.0
2005	4.5
2006	3.5
2011	1.5
2012	3.5
2019	5.0
2028	4.0
2058	3.0
2081	4.0
2105	4.0
2108	3.0
2109	5.0
2115	3.0
2117	3.0
2118	4.0
2120	3.0
2124	3.0
2137	4.0
2138	4.5
2144	4.5
2161	3.5
2174	2.5
2194	5.0
2231	3.0
2245	4.5
2268	3.5
2273	3.5
2289	3.5
2291	2.5
2297	3.0
2300	3.5
2302	4.5
2329	3.0
2333	4.5
2336	4.0
2352	2.5
2355	3.5
2369	3.5
2371	4.0
2378	3.0
2395	1.0
2396	4.0
2405	2.5
2406	5.0
2407	3.0
2409	3.0
2420	5.0
2423	3.5
2455	4.5
2470	4.5
2471	2.0
2478	4.0
2502	4.5
2529	5.0
2540	2.5
2551	1.0
2571	3.5
2599	3.5
2616	3.0
2628	1.5
2642	2.0
2683	2.0
2692	3.5
2700	3.0
2706	2.5
2710	3.5
2712	4.5
2716	3.5
2717	2.0
2722	3.0
2724	2.5
2731	4.0
2746	3.0
2762	4.5
2763	3.5
2788	5.0
2791	5.0
2795	4.5
2797	2.0
2804	4.0
2858	4.0
2871	3.5
2879	3.0
2890	3.5
2915	4.0
2916	3.5
2918	4.5
2924	4.0
2947	4.5
2948	3.5
2949	4.5
2951	4.0
2959	2.5
2968	4.0
2985	4.0
2986	1.0
2987	3.0
2997	3.0
3020	3.0
3030	4.0
3033	2.5
3060	5.0
3081	2.0
3087	3.5
3100	4.5
3101	4.0
3104	3.5
3107	2.5
3108	3.0
3114	4.5
3147	4.0
3155	3.0
3168	4.0
3175	3.5
3176	4.5
3198	3.0
3210	3.0
3252	3.5
3253	4.0
3254	2.5
3256	3.0
3263	3.5
3265	4.5
3271	5.0
3273	1.5
3307	4.5
3361	4.0
3386	2.5
3409	3.0
3418	4.5
3421	2.5
3429	4.0
3435	4.0
3438	3.0
3462	4.5
3469	5.0
3471	3.5
3481	2.5
3499	3.0
3504	3.0
3526	4.0
3527	4.0
3552	5.0
3578	3.5
3608	4.5
3623	2.0
3624	3.5
3638	2.5
3697	1.5
3698	3.5
3702	3.0
3704	3.0
3728	4.0
3793	3.0
3798	2.5
3809	3.0
3869	3.5
3893	2.5
3911	3.0
3967	3.0
3972	5.0
3983	4.0
3984	2.5
3986	2.5
3994	3.5
3996	4.5
4002	3.5
4014	3.5
4018	2.0
4027	4.5
4034	4.0
4041	3.5
4084	2.5
4085	4.0
4105	4.0
4144	3.5
4148	0.5
4226	4.0
4246	4.0
4262	1.5
4280	3.5
4308	1.0
4351	3.5
4361	4.5
4370	3.5
4396	1.5
4447	3.0
4448	4.0
4489	4.5
4546	5.0
4638	2.5
4643	1.0
4701	2.0
4720	3.0
4734	0.5
4855	4.5
4886	4.5
4896	2.5
4901	3.5
4963	2.5
4973	4.5
4975	1.0
4979	4.0
4993	5.0
4995	3.0
5010	3.5
5015	4.0
5049	4.0
5135	3.5
5171	1.0
5218	2.5
5266	2.0
5291	4.0
5299	3.0
5349	1.5
5377	4.0
5378	1.0
5418	2.0
5445	3.0
5621	1.0
5669	3.0
5782	4.5
5945	4.0
5952	4.0
5989	1.0
5991	4.0
5995	4.0
6104	4.5
6156	2.0
6218	3.5
6294	1.5
6296	2.5
6303	3.0
6365	1.5
6373	3.0
6378	3.0
6385	3.0
6502	3.5
6539	2.0
6617	3.0
6669	5.0
6711	4.0
6796	3.5
6807	3.5
6874	4.0
6934	1.0
6942	4.5
6947	3.5
6957	3.0
6959	2.5
6979	4.5
7004	2.5
7143	2.5
7153	4.5
7360	4.0
7361	3.5
7386	4.5
7387	5.0
7438	2.5
7454	1.0
7482	3.5
7925	3.5
7981	3.5
8526	1.5
8622	2.5
8623	3.5
8784	2.5
8798	3.5
8807	3.0
8827	5.0
8874	3.0
8949	4.0
8961	3.5
8965	0.5
8970	4.5
8983	2.5
26133	5.0
26614	2.0
27611	4.5
27831	3.5
30707	3.5
31694	2.0
33004	1.0
33660	4.0
33679	1.0
33794	4.0
34048	3.5
34162	3.0
34319	3.0
34437	4.0
35836	4.0
37729	2.0
38798	3.0
39183	4.0
40629	3.5
41997	3.5
44199	3.5
44555	4.5
45431	2.5
45517	3.5
46578	3.5
46965	1.5
48304	3.0
48385	4.0
48516	3.5
48774	3.5
48780	2.5
49272	4.0
51255	2.5
51662	2.5
52281	3.5
52435	5.0
53000	1.0
53123	4.5
53519	1.5
54272	2.0
54881	4.5
54995	3.5
55276	3.5
55290	3.5
55820	4.5
56152	4.0
56921	3.5
58559	3.5
59103	3.0
59315	3.5
59615	2.0
59784	3.5
60069	4.0
60487	5.0
60684	0.5
61240	3.5
61729	2.5
63082	2.5
63859	3.5
64575	3.0
64614	2.5
65216	3.5
65261	2.5
68157	4.5
68952	2.5
69122	4.0
69784	2.5
