1	4.0
2	4.0
5	4.0
6	3.0
10	3.0
11	3.0
21	3.0
24	2.0
32	5.0
34	2.0
36	4.0
39	4.0
45	3.0
48	2.0
50	4.0
63	3.0
69	5.0
88	4.0
104	4.0
110	5.0
122	3.0
141	4.0
145	5.0
150	4.0
158	3.0
161	4.0
165	5.0
180	3.0
196	3.0
207	2.0
208	2.0
216	4.0
223	4.0
225	4.0
231	5.0
236	2.0
237	2.0
239	3.0
248	4.0
253	4.0
258	2.0
260	4.0
267	5.0
276	3.0
292	5.0
296	5.0
317	3.0
318	5.0
328	4.0
333	5.0
339	4.0
344	5.0
349	3.0
350	3.0
356	5.0
358	4.0
362	3.0
364	5.0
366	4.0
367	4.0
368	5.0
370	3.0
372	3.0
374	4.0
377	4.0
380	4.0
381	3.0
420	3.0
434	4.0
441	3.0
450	4.0
454	3.0
457	4.0
466	3.0
474	4.0
480	4.0
485	3.0
497	5.0
500	4.0
514	5.0
520	3.0
524	4.0
527	5.0
539	4.0
542	3.0
550	3.0
551	5.0
552	3.0
553	5.0
555	4.0
586	3.0
587	4.0
588	5.0
589	4.0
590	4.0
593	5.0
595	4.0
596	4.0
597	3.0
606	3.0
616	3.0
619	4.0
637	3.0
648	4.0
661	4.0
673	4.0
708	3.0
724	3.0
733	5.0
736	4.0
742	3.0
780	4.0
783	3.0
784	3.0
785	4.0
786	4.0
788	4.0
805	5.0
832	4.0
833	3.0
842	2.0
852	3.0
879	4.0
919	5.0
920	4.0
968	3.0
1015	3.0
1020	4.0
1022	4.0
1027	4.0
1029	3.0
1035	4.0
1036	5.0
1042	4.0
1047	3.0
1049	3.0
1059	3.0
1060	4.0
1061	4.0
1064	3.0
1089	3.0
1092	4.0
1100	4.0
1126	2.0
1196	5.0
1197	4.0
1210	4.0
1219	2.0
1220	5.0
1234	4.0
1265	4.0
1266	4.0
1270	5.0
1276	4.0
1282	4.0
1307	4.0
1320	4.0
1339	3.0
1342	4.0
1343	4.0
1347	3.0
1367	3.0
1370	4.0
1377	2.0
1379	3.0
1391	1.0
1393	4.0
1405	4.0
1407	5.0
1408	4.0
1445	1.0
1457	3.0
1468	5.0
1485	5.0
1500	4.0
1513	3.0
1517	4.0
1526	3.0
1527	4.0
1541	3.0
1552	5.0
1566	4.0
1569	3.0
1573	4.0
1580	4.0
1584	3.0
1588	2.0
1604	4.0
1608	4.0
1610	4.0
1614	3.0
1615	3.0
1617	3.0
1620	4.0
1625	4.0
1639	3.0
1644	3.0
1645	4.0
1676	4.0
1682	4.0
1688	3.0
1690	3.0
1704	5.0
1707	1.0
1711	4.0
1717	3.0
1721	3.0
1722	4.0
1732	3.0
1753	2.0
1754	4.0
1772	2.0
1777	5.0
1784	4.0
1799	4.0
1810	3.0
1835	4.0
1855	3.0
1862	2.0
1866	4.0
1876	3.0
1883	4.0
1892	4.0
1894	3.0
1907	4.0
1911	2.0
1918	4.0
1923	5.0
1968	4.0
1969	2.0
1970	4.0
1973	2.0
2002	3.0
2003	4.0
2004	4.0
2006	3.0
2011	2.0
2012	4.0
2026	3.0
2028	4.0
2058	5.0
2060	4.0
2078	4.0
2080	3.0
2081	4.0
2082	3.0
2087	4.0
2092	1.0
2096	3.0
2107	2.0
2120	3.0
2137	4.0
2167	4.0
2169	3.0
2174	4.0
2188	2.0
2231	5.0
2236	4.0
2268	5.0
2273	5.0
2279	4.0
2291	3.0
2294	3.0
2302	3.0
2315	3.0
2320	3.0
2321	4.0
2335	4.0
2338	2.0
2353	4.0
2355	4.0
2389	1.0
2392	2.0
2395	3.0
2396	4.0
2423	5.0
2424	3.0
2427	1.0
2428	4.0
2431	4.0
2433	3.0
2447	5.0
2490	4.0
2502	5.0
2539	4.0
2541	4.0
2558	2.0
2567	3.0
2568	2.0
2571	5.0
2572	4.0
2580	4.0
2581	3.0
2587	4.0
2598	3.0
2599	4.0
2605	4.0
2606	4.0
2617	5.0
2622	3.0
2628	4.0
2676	3.0
2683	5.0
2687	4.0
2688	4.0
2694	4.0
2699	4.0
2700	5.0
2701	3.0
2706	5.0
2707	3.0
2710	3.0
2713	2.0
2718	2.0
2719	3.0
2722	2.0
2723	4.0
2724	3.0
2762	5.0
2763	4.0
2770	3.0
2772	2.0
2793	2.0
2795	4.0
2797	4.0
2798	2.0
2804	4.0
2806	2.0
2826	4.0
2840	4.0
2841	4.0
2858	5.0
2861	3.0
2881	3.0
2888	2.0
2890	5.0
2916	4.0
2918	5.0
2953	2.0
2959	4.0
2961	3.0
2976	3.0
2978	4.0
2987	3.0
2995	3.0
2997	4.0
3004	3.0
3006	4.0
3052	5.0
3053	2.0
3081	3.0
3107	4.0
3114	5.0
3120	3.0
3146	5.0
3159	4.0
3174	3.0
3175	4.0
3176	3.0
3177	3.0
3178	4.0
3208	3.0
3213	4.0
3238	2.0
3243	4.0
3247	4.0
3249	4.0
3253	4.0
3254	2.0
3255	4.0
3258	3.0
3263	4.0
3264	4.0
3270	3.0
3273	3.0
3301	4.0
3316	3.0
3326	3.0
3386	4.0
3408	4.0
3409	4.0
3421	4.0
3450	4.0
3452	4.0
3471	4.0
3481	4.0
3484	3.0
3489	4.0
3499	4.0
3510	4.0
3513	3.0
3534	2.0
3535	1.0
3536	4.0
3555	4.0
3556	2.0
3578	5.0
3608	4.0
3615	4.0
3617	4.0
3624	4.0
3646	4.0
3717	4.0
3740	4.0
3744	3.0
3751	3.0
3752	4.0
3753	4.0
3755	2.0
3773	3.0
3785	5.0
3793	4.0
3798	4.0
3809	4.0
3821	3.0
3825	3.0
3826	3.0
3827	4.0
3861	4.0
3863	3.0
3865	4.0
3869	3.0
3879	3.0
3882	2.0
3893	4.0
3897	4.0
3908	3.0
3916	4.0
3955	2.0
3968	3.0
3977	4.0
3979	2.0
3980	4.0
3986	3.0
3988	3.0
3994	4.0
3996	4.0
3999	3.0
4011	4.0
4016	4.0
4018	3.0
4022	3.0
4025	2.0
4027	4.0
4034	4.0
4054	5.0
4056	2.0
4067	2.0
4148	4.0
4153	3.0
4158	1.0
4159	3.0
4161	3.0
4167	2.0
4223	3.0
4224	3.0
4226	4.0
4232	3.0
4238	3.0
4239	3.0
4246	3.0
4247	4.0
4248	3.0
4265	2.0
4270	4.0
4305	2.0
4306	4.0
4310	3.0
4321	5.0
4333	3.0
4340	3.0
4343	3.0
4344	3.0
4351	4.0
4366	4.0
4367	3.0
4369	4.0
4370	2.0
4372	4.0
4388	2.0
4446	3.0
4447	3.0
4448	4.0
4533	3.0
4587	3.0
4638	4.0
4643	3.0
4700	3.0
4701	4.0
4718	4.0
4720	4.0
4728	4.0
4734	4.0
4744	2.0
4757	3.0
4776	4.0
4814	4.0
4815	4.0
4816	3.0
4844	3.0
4865	3.0
4866	3.0
4874	4.0
4876	3.0
4886	3.0
4889	4.0
4890	4.0
4896	4.0
4899	3.0
4901	4.0
4958	4.0
4963	4.0
4975	5.0
4979	4.0
4993	4.0
4995	5.0
5009	3.0
5010	4.0
5015	3.0
5064	5.0
5092	4.0
5093	4.0
5094	2.0
5107	3.0
5110	4.0
5151	4.0
5152	4.0
5171	2.0
5214	3.0
5218	3.0
5219	3.0
5220	3.0
5254	4.0
5266	3.0
5267	3.0
5282	3.0
5293	4.0
5294	4.0
5296	3.0
5299	4.0
5312	3.0
5313	3.0
5349	4.0
5364	3.0
5378	4.0
5388	4.0
5400	4.0
5414	2.0
5418	4.0
5420	3.0
5445	4.0
5449	3.0
5459	2.0
5463	3.0
5464	4.0
5479	4.0
5481	3.0
5502	4.0
5505	4.0
5506	3.0
5507	4.0
5611	2.0
5630	4.0
