1	2.5
2	3.0
10	3.5
11	4.0
19	2.0
20	3.0
22	3.0
23	3.0
32	3.0
34	2.5
39	3.0
44	1.0
45	2.5
47	3.5
48	3.0
50	5.0
65	3.0
70	2.5
94	1.5
104	3.0
110	3.5
145	3.5
150	4.0
158	2.5
163	3.0
165	3.5
168	2.5
169	2.0
170	2.0
173	2.0
185	3.0
193	3.0
196	3.0
204	2.5
208	3.0
215	4.0
231	2.0
236	3.0
239	4.0
253	4.0
256	2.0
267	3.5
277	4.0
292	3.5
293	4.0
315	3.0
316	2.0
317	2.5
318	5.0
339	2.0
344	2.0
353	3.0
355	2.5
356	4.0
357	3.5
361	4.0
364	4.0
367	2.5
370	3.5
374	3.0
376	3.0
377	4.0
379	2.0
380	3.0
382	4.0
393	2.0
410	3.0
419	2.0
420	3.0
421	1.5
426	2.0
435	2.0
441	2.0
442	2.5
448	4.0
455	3.5
457	3.5
464	2.5
466	3.5
474	3.5
480	5.0
485	2.5
489	3.5
500	1.0
502	2.0
507	3.5
519	1.5
520	2.5
539	2.5
541	2.5
586	4.0
588	3.0
589	3.5
593	3.0
595	4.0
596	2.5
597	2.5
613	2.0
616	3.5
648	3.5
653	3.5
662	3.5
673	3.0
724	2.0
733	3.5
736	3.0
742	3.0
743	3.5
748	3.5
762	2.5
778	1.0
780	3.0
783	3.0
784	2.5
785	2.5
788	2.0
798	3.0
830	3.5
833	3.0
837	4.0
888	3.0
924	3.0
986	3.0
996	4.0
1022	3.0
1023	3.0
1027	4.0
1028	4.0
1029	3.5
1032	2.5
1035	1.5
1036	3.5
1047	3.5
1059	3.5
1061	3.5
1064	3.0
1080	2.5
1088	4.0
1089	3.5
1090	3.0
1092	3.0
1097	2.5
1101	3.0
1127	4.0
1135	3.5
1136	3.0
1188	3.5
1198	3.0
1200	4.0
1201	3.5
1203	4.5
1206	1.5
1208	3.0
1209	3.5
1213	3.0
1214	4.5
1215	3.0
1222	4.0
1240	3.0
1241	0.5
1250	3.0
1265	3.5
1266	4.0
1267	2.5
1270	3.0
1272	3.5
1281	4.0
1287	3.0
1291	2.5
1307	2.5
1320	3.0
1321	3.5
1339	4.0
1344	3.5
1347	1.0
1356	2.5
1359	3.5
1367	3.0
1370	2.5
1374	2.5
1375	2.0
1385	4.0
1387	3.5
1388	2.0
1391	4.0
1396	2.5
1407	1.0
1408	3.0
1411	3.5
1438	2.5
1479	2.5
1485	1.5
1499	2.0
1515	2.5
1527	1.5
1544	4.0
1552	3.5
1556	2.5
1562	2.0
1566	3.0
1569	3.5
1573	2.5
1580	4.0
1584	3.0
1586	3.5
1587	3.5
1588	2.0
1589	2.0
1591	2.5
1592	3.0
1597	4.0
1608	3.0
1610	3.5
1615	2.0
1617	4.0
1619	3.0
1623	3.0
1641	3.0
1644	2.0
1645	4.0
1663	3.5
1665	3.5
1672	3.5
1673	3.0
1676	4.0
1682	4.0
1687	4.0
1690	3.0
1702	2.0
1704	4.0
1707	1.5
1713	2.5
1721	3.0
1722	2.5
1735	3.5
1748	1.5
1754	3.0
1769	3.0
1779	3.5
1792	3.0
1801	4.0
1805	4.0
1831	3.5
1833	4.0
1876	3.0
1882	3.5
1884	1.5
1892	3.0
1895	4.0
1911	2.0
1917	4.5
1918	3.0
1920	3.0
1923	2.0
1954	3.0
1958	3.0
1960	3.5
1961	3.5
1962	4.0
1965	4.0
1970	0.5
1997	2.5
2000	3.0
2001	3.0
2002	2.0
2003	3.5
2004	2.5
2006	3.5
2011	3.0
2012	3.0
2013	2.5
2018	3.5
2021	3.0
2028	4.0
2052	2.5
2053	1.0
2054	1.5
2058	4.0
2059	3.0
2060	3.5
2078	3.5
2080	3.5
2081	3.0
2082	2.5
2085	3.5
2087	3.0
2092	3.0
2096	3.0
2100	2.5
2102	4.0
2115	2.5
2122	1.0
2123	3.5
2124	3.0
2126	3.0
2134	2.0
2167	3.0
2232	3.5
2268	4.0
2273	3.0
2288	2.5
2294	3.0
2322	3.5
2325	3.5
2329	3.0
2334	3.5
2353	3.5
2355	3.0
2373	3.0
2375	3.0
2376	4.0
2378	3.0
2379	3.0
2380	3.0
2381	2.5
2382	2.5
2383	3.0
2384	1.5
2389	3.0
2393	2.0
2402	3.0
2403	3.5
2404	3.0
2409	2.5
2410	2.0
2420	2.0
2424	3.5
2427	3.0
2428	4.0
2470	3.0
2471	2.5
2485	3.5
2490	3.0
2529	3.0
2539	3.5
2541	4.0
2542	3.0
2571	4.5
2572	4.0
2581	3.0
2600	2.0
2605	3.5
2617	3.5
2628	2.5
2664	3.0
2671	3.5
2687	2.0
2694	2.0
2699	2.5
2700	4.0
2701	3.0
2706	3.0
2710	0.5
2713	2.0
2716	3.0
2717	3.5
2722	4.0
2724	1.5
2728	4.0
2735	3.5
2762	4.5
2763	3.5
2788	2.0
2791	4.5
2792	3.0
2793	3.0
2797	2.5
2798	2.5
2799	2.5
2803	4.0
2807	3.0
2808	3.5
2826	3.5
2857	3.0
2858	4.0
2890	3.5
2916	3.0
2918	2.0
2947	3.0
2948	3.0
2949	3.5
2953	3.0
2959	3.5
2968	2.5
2985	3.0
2986	2.0
2987	2.0
2989	3.0
2990	3.5
3033	2.5
3034	3.5
3039	3.5
3052	2.0
3054	3.5
3062	3.5
3082	2.5
3087	3.5
3101	3.0
3114	2.0
3120	3.0
3130	4.0
3146	0.5
3176	3.5
3247	3.5
3248	3.5
3253	2.0
3257	3.5
3263	2.5
3268	3.0
3275	4.0
3298	3.0
3300	3.5
3301	4.0
3316	3.0
3354	3.5
3396	2.0
3408	3.0
3409	2.0
3421	2.0
3438	2.0
3444	3.5
3448	4.0
3450	3.0
3452	3.0
3471	3.5
3484	3.5
3489	2.0
3527	3.5
3535	3.5
3545	2.0
3555	3.5
3556	2.5
3578	4.5
3615	3.0
3617	3.0
3623	2.0
3633	3.0
3635	3.0
3638	3.5
3646	1.5
3654	3.5
3688	2.5
3689	2.5
3690	3.0
3697	3.0
3698	4.0
3702	3.0
3717	3.5
3723	4.0
3744	3.5
3753	3.5
3755	3.0
3785	3.5
3793	3.5
3798	2.5
3799	4.0
3821	1.0
3826	1.0
3827	4.0
3836	3.5
3863	2.5
3868	2.5
3869	3.0
3879	3.5
3882	4.0
3897	3.0
3916	4.0
3917	2.5
3918	2.0
3948	2.5
3949	3.0
3950	3.5
3968	3.0
3977	2.0
3979	4.0
3980	4.0
3981	3.0
3984	3.0
3986	3.5
3991	2.5
3994	4.0
3996	1.5
3997	2.0
3999	1.5
4005	3.5
4008	3.5
4010	2.5
4011	4.0
4015	3.0
4018	3.0
4020	3.5
4025	3.0
4027	3.0
4033	4.0
4034	2.5
4040	3.5
4041	3.0
4054	4.5
4069	3.5
4084	3.0
4085	4.0
4148	4.0
4149	3.0
4161	3.0
4207	3.0
4210	3.0
4214	3.5
4215	2.5
4223	3.5
4226	3.5
4232	1.5
4238	2.5
4246	3.5
4248	3.5
4254	3.0
4262	4.0
4270	3.5
4299	4.0
4306	4.0
4308	3.5
4310	3.5
4327	2.5
4343	3.5
4344	3.5
4351	3.0
4367	2.5
4368	1.0
4369	3.0
4372	4.0
4386	3.5
4387	3.0
4388	3.0
4396	3.0
4447	3.0
4448	3.0
4489	3.5
4519	4.0
4526	3.0
4613	3.5
4621	2.5
4623	2.5
4638	2.0
4641	2.0
4643	3.5
4679	3.0
4681	4.0
4700	3.5
4718	3.0
4728	4.0
4744	2.0
4754	3.5
4776	4.0
4814	4.0
4823	3.0
4844	2.5
4878	3.5
4896	2.5
4915	3.0
4958	2.0
4963	4.0
4973	3.5
4974	3.5
4975	2.5
4993	4.0
5009	4.0
5010	3.5
5025	2.5
5027	3.5
5040	3.0
5047	4.0
5066	4.0
5093	3.5
5106	2.0
5110	2.0
5128	3.0
5151	3.0
5152	4.0
5218	3.5
5219	4.0
5247	4.0
5254	3.0
5283	4.0
5293	3.5
5308	3.0
5309	3.0
5313	3.0
5349	2.5
5363	3.5
5377	4.0
5378	3.5
5400	3.5
5414	4.0
5418	4.0
5419	3.0
5420	4.0
5445	2.5
5449	3.5
5459	3.5
5463	3.0
5464	3.5
5479	3.0
5502	2.5
5505	2.0
5507	4.0
5541	4.0
5574	4.0
5620	2.0
5630	3.5
5784	3.5
5785	0.5
5803	3.5
5804	2.5
5810	3.0
5816	2.5
5833	2.5
5872	3.0
5876	2.5
5881	2.0
5900	3.5
5903	4.0
5942	3.5
5945	3.5
5952	4.0
5954	4.0
5957	3.5
5989	3.5
5991	2.5
6006	3.5
6013	3.5
6058	3.0
6059	3.5
6155	3.5
6156	4.0
6157	3.5
6166	3.0
6188	3.5
6213	4.0
6218	4.0
6238	3.5
6250	3.0
6264	3.5
6266	4.0
6281	3.5
6294	3.0
6323	3.0
6331	2.0
6333	2.5
6365	3.0
6373	3.0
6377	3.0
6378	3.5
6383	2.5
6461	3.0
6482	2.0
6502	3.0
6503	2.5
6534	3.5
6535	3.0
6537	2.5
6539	4.0
6541	3.0
6548	3.5
6550	3.5
6564	3.0
6586	3.0
6593	3.5
6595	3.5
6615	1.0
6664	3.0
6709	3.0
6711	2.0
6754	4.5
6793	3.0
6794	3.0
6807	2.5
6863	4.0
6870	2.0
6873	2.0
6874	1.5
6880	1.0
6888	3.0
6890	4.0
6934	3.5
6936	3.0
6942	3.0
6944	2.0
6947	3.5
6952	2.0
6957	3.5
6979	4.0
7000	4.0
7001	3.0
7004	3.5
7017	3.5
7022	2.5
7036	3.0
7046	2.5
7064	3.5
7090	2.5
7139	3.5
7143	4.0
7147	3.5
7149	3.5
7153	4.0
7154	3.0
7161	3.5
7163	3.5
7164	3.0
7173	3.5
7235	1.5
7254	3.0
7285	3.5
7293	3.0
7317	4.5
7318	0.5
7324	4.5
7325	3.5
7346	4.5
7348	4.0
7360	3.5
7361	4.0
7367	2.5
7369	2.5
7373	3.5
7376	3.0
7381	3.0
7438	1.5
7439	2.0
7445	3.5
7451	3.0
7454	4.0
7458	3.5
7569	3.0
7570	4.0
7573	3.0
7701	1.5
7842	2.5
7980	3.5
8207	3.0
8340	4.0
8360	3.0
8366	2.0
8368	3.0
8371	4.0
8372	1.5
8373	3.0
8376	0.5
8387	3.0
8464	3.0
8528	2.5
8529	3.5
8531	3.0
8533	3.5
8581	4.0
8636	2.0
8638	3.0
8640	4.0
8644	4.0
8665	4.0
8666	3.0
8781	3.5
8783	2.5
8798	2.5
8807	3.5
8808	3.5
8810	3.5
8860	3.5
8861	2.5
8865	1.5
8870	3.0
8874	3.5
8880	3.5
8907	4.0
8908	3.5
8916	4.0
8917	2.0
8958	2.5
8961	3.0
8969	3.0
8972	4.0
8977	3.5
8981	2.0
8983	2.0
8984	2.5
8985	2.5
27317	2.0
27611	3.0
27660	1.0
27788	3.5
27808	1.5
27821	2.5
30749	2.5
30793	3.5
30812	3.0
30825	2.5
30894	1.0
31221	3.0
31420	4.0
31685	4.0
31696	3.5
31804	4.0
32017	3.5
32296	3.5
32587	5.0
33004	3.0
33158	4.0
33162	4.0
33437	4.5
33493	1.0
33499	3.5
33615	4.0
33646	3.5
33669	2.0
33679	3.5
33794	5.0
33836	3.0
33880	3.0
34048	2.5
34072	1.5
34150	3.5
34162	3.0
34319	3.0
34334	3.0
34405	1.5
34534	4.0
35836	1.5
35957	3.5
36401	4.0
36519	3.0
36525	4.0
36527	3.5
36529	3.5
36535	2.5
37380	3.5
37384	3.5
37727	3.5
37729	2.5
37733	2.5
38061	3.5
38798	4.0
39444	2.0
39715	4.0
40278	4.0
40339	2.5
40581	2.5
40583	1.5
40629	3.5
40732	1.5
40819	2.5
41566	2.5
41569	3.0
41997	4.0
42011	3.5
42418	3.5
42738	3.0
43928	3.5
43936	4.0
44022	3.5
44191	4.0
44193	4.0
44195	3.5
44199	4.0
44665	4.0
44972	1.5
45186	2.5
45442	2.0
45447	4.0
45499	3.0
45501	2.5
45666	1.0
45668	4.0
45672	1.5
45720	4.0
45722	3.0
45726	2.0
45730	4.0
45950	2.0
46335	2.0
46578	3.5
46965	3.5
47099	4.5
47200	4.0
47518	3.5
47610	3.5
47644	4.5
48142	3.5
48304	2.5
48394	2.5
48516	4.0
48774	4.0
48780	2.5
48783	4.0
49272	4.0
49278	3.5
49286	4.0
49530	4.0
49649	2.0
49822	3.5
49824	2.5
50068	3.0
50189	3.0
50442	4.0
50685	4.0
50794	3.5
50798	2.0
51077	3.5
51080	3.5
51084	3.5
51255	3.5
51575	3.0
51662	4.0
51935	4.5
52328	3.5
52435	2.5
52604	4.0
52722	2.0
53000	2.0
53121	2.5
53125	3.0
53322	3.0
53464	3.5
53550	3.0
53894	3.0
53972	4.0
53996	4.0
54004	1.0
54259	3.5
54272	2.0
54286	3.5
54648	3.5
54736	4.0
54999	4.0
55118	4.0
55232	3.0
55276	2.0
55363	3.5
55765	4.0
55820	3.5
55995	3.0
56156	4.0
56171	3.5
56174	3.5
56587	4.5
56775	2.5
56782	3.0
56788	4.0
56801	3.0
56949	3.5
57528	3.5
57640	2.5
57669	3.0
58025	3.0
58047	4.0
58103	4.0
58154	4.0
58293	4.0
58295	3.5
58559	5.0
58803	4.0
59018	3.0
59103	3.0
59315	2.5
59369	4.0
59421	3.5
59615	2.5
59725	3.0
59900	1.0
60040	3.0
60069	4.0
60072	3.5
60074	3.0
60126	3.5
60397	4.0
60937	1.5
61132	3.0
61160	1.5
61248	4.5
61323	3.5
62394	2.5
63082	4.0
63113	3.0
64030	2.5
