6	2.5
10	3.5
18	3.0
25	4.0
27	3.0
32	3.0
47	4.5
48	1.5
50	4.5
65	0.5
70	4.0
76	3.5
111	3.0
122	2.0
145	2.5
150	2.5
163	4.0
165	3.5
172	2.0
180	2.5
185	5.0
194	2.5
198	3.5
199	3.5
216	1.5
223	3.5
225	4.0
247	3.5
288	4.0
293	4.0
296	5.0
306	5.0
307	5.0
308	5.0
316	2.5
318	3.0
319	3.5
339	3.5
355	1.5
356	4.0
364	1.0
370	2.0
373	4.0
374	0.5
377	4.5
380	1.5
390	3.5
414	2.0
434	1.5
442	2.5
481	3.5
495	2.5
521	3.5
527	4.0
555	5.0
575	3.5
586	1.5
589	3.0
593	4.0
608	3.5
648	3.5
674	2.5
680	4.5
714	4.0
733	3.0
750	4.0
778	2.5
780	3.0
781	3.0
805	3.5
858	4.0
866	4.0
899	4.0
901	3.0
902	3.5
903	4.5
904	4.5
905	3.5
908	4.0
910	3.5
911	5.0
912	4.0
913	4.5
916	4.5
922	3.5
923	3.5
924	3.0
928	4.5
930	3.5
931	3.5
933	4.5
936	4.0
946	3.5
947	3.5
950	4.0
953	3.5
965	4.0
1036	3.5
1059	2.5
1061	1.5
1069	4.5
1079	2.5
1084	4.0
1086	4.5
1089	4.5
1092	4.0
1094	3.0
1104	3.0
1136	2.5
1172	3.5
1175	3.5
1176	2.0
1186	2.5
1190	3.5
1193	2.0
1198	3.5
1199	3.5
1203	4.5
1204	3.5
1206	3.0
1212	4.5
1219	5.0
1222	3.5
1232	3.5
1234	3.5
1237	4.0
1240	3.0
1247	5.0
1248	4.0
1249	3.5
1251	4.0
1252	4.0
1253	4.0
1254	3.5
1256	4.0
1258	4.0
1260	4.0
1265	3.0
1269	3.5
1270	3.0
1273	4.0
1279	3.0
1281	3.5
1283	3.5
1284	5.0
1287	4.0
1291	3.5
1333	3.5
1348	2.5
1359	1.0
1370	3.0
1464	5.0
1479	2.5
1483	2.5
1517	3.5
1518	4.0
1527	2.5
1556	2.5
1573	3.5
1584	2.5
1617	3.5
1625	5.0
1635	2.5
1639	2.0
1641	3.0
1645	4.0
1647	3.5
1653	3.5
1682	4.0
1687	2.0
1689	3.0
1704	3.5
1722	3.0
1729	3.5
1732	3.0
1735	4.0
1834	4.0
1835	3.5
1844	3.5
1884	4.0
1888	2.5
1892	4.0
1913	4.5
1916	4.0
1921	4.5
1924	3.0
1953	4.0
1954	1.5
1964	3.5
2009	3.0
2010	4.0
2054	0.5
2066	3.5
2072	3.0
2076	3.5
2106	3.5
2115	3.5
2117	2.5
2176	4.0
2181	3.0
2182	4.5
2183	4.0
2184	3.5
2186	4.5
2202	4.0
2203	4.0
2204	4.5
2208	5.0
2212	3.5
2231	3.0
2232	5.0
2288	4.0
2291	2.5
2301	3.0
2302	2.0
2320	3.5
2321	3.0
2329	3.5
2340	3.0
2371	3.0
2375	2.5
2376	3.0
2378	0.5
2379	0.5
2380	0.5
2381	0.5
2382	0.5
2383	0.5
2387	3.0
2396	2.5
2406	2.5
2407	2.0
2409	1.0
2410	1.0
2411	1.0
2412	1.0
2413	3.5
2467	4.0
2474	2.5
2496	1.5
2505	3.5
2528	3.5
2529	4.0
2530	4.0
2542	3.5
2571	3.5
2579	5.0
2594	3.5
2600	4.5
2605	3.0
2683	2.0
2692	4.5
2696	3.5
2712	3.5
2726	3.5
2729	3.5
2732	2.5
2762	3.5
2797	2.0
2803	3.5
2806	2.5
2827	3.5
2840	3.0
2841	3.5
2843	3.5
2858	4.0
2888	2.0
2916	3.0
2927	3.0
2936	3.5
2940	3.5
2947	4.0
2948	3.5
2949	4.0
2953	1.5
2959	5.0
2966	1.5
2989	3.5
2990	3.5
2991	3.5
2993	3.0
2997	3.0
3022	4.0
3052	3.5
3053	3.5
3082	4.0
3083	3.5
3089	3.5
3102	1.5
3120	0.5
3147	3.0
3148	2.5
3176	3.0
3186	3.0
3198	4.0
3219	3.0
3238	2.0
3255	2.0
3266	4.0
3267	4.0
3272	3.5
3275	3.5
3307	4.0
3310	3.5
3316	4.0
3334	3.5
3355	4.0
3364	3.5
3394	3.0
3409	3.0
3418	4.0
3435	4.0
3462	4.0
3510	3.0
3534	2.5
3546	3.5
3557	4.5
3614	1.5
3623	1.0
3629	3.5
3633	4.0
3634	3.5
3635	4.0
3638	3.5
3639	4.0
3671	3.0
3683	4.5
3702	3.0
3707	1.5
3717	2.0
3742	3.5
3785	3.5
3788	4.5
3801	3.5
3869	2.0
3895	2.5
3925	4.0
3949	5.0
3984	4.0
3992	2.5
4005	3.5
4011	3.5
4018	1.0
4020	3.0
4022	3.5
4023	1.5
4025	3.0
4037	3.5
4144	3.5
4226	5.0
4235	4.0
4262	3.0
4267	4.0
4308	3.5
4317	2.0
4344	3.5
4359	4.0
4380	4.0
4432	3.5
4489	1.0
4526	1.5
4546	3.5
4621	1.0
4720	4.5
4776	3.5
4848	5.0
4865	3.5
4874	3.0
4878	3.0
4881	3.5
4914	3.5
4928	3.0
4973	4.5
4975	3.5
4995	2.5
5008	4.0
5013	3.5
5017	3.5
5026	3.5
5049	2.0
5051	3.5
5081	3.5
5147	3.5
5219	3.0
5225	4.0
5266	3.5
5291	3.5
5312	4.0
5319	3.5
5364	4.5
5379	1.5
5388	3.5
5418	3.5
5445	3.0
5452	1.5
5477	3.0
5502	3.0
5613	3.5
5617	3.0
5666	3.0
5679	3.5
5784	4.0
5796	2.5
5872	2.5
5878	3.5
5902	4.0
5903	3.0
6016	4.0
6058	3.0
6059	3.0
6187	4.0
6197	3.0
6235	3.0
6266	1.0
6281	3.0
6286	3.5
6291	3.5
6305	3.0
6323	4.0
6378	3.0
6482	0.5
6502	4.0
6538	2.0
6541	1.5
6552	3.0
6639	4.5
6711	3.0
6773	3.0
6867	3.5
6874	4.0
6953	3.0
6987	4.0
7000	2.5
7004	0.5
7013	3.5
7034	4.0
7044	3.5
7045	0.5
7072	3.5
7116	4.0
7121	3.0
7143	3.0
7215	3.5
7254	3.5
7265	4.0
7317	1.0
7327	3.5
7347	4.0
7361	1.5
7362	3.0
7419	3.5
7438	3.5
7460	4.0
7569	3.0
7570	3.5
7573	3.0
7587	4.0
7701	1.5
7827	3.5
8340	3.0
8477	3.5
8491	3.5
8542	3.5
8604	3.5
8638	4.0
8645	3.0
8783	2.5
8914	3.0
8950	4.5
8951	3.0
8957	5.0
8983	2.5
25771	2.5
25788	4.0
26242	2.5
26555	2.0
27801	2.5
27831	3.5
27904	3.5
30707	2.5
30793	2.5
30803	4.0
31804	3.0
32019	1.5
32587	3.5
32596	3.0
33162	3.5
33166	3.5
33679	3.0
33794	2.0
33880	3.5
33903	3.0
34319	3.0
34437	3.0
34534	2.5
36276	3.5
36517	3.0
37727	3.5
37733	4.0
39446	4.0
41863	2.5
44191	3.0
44665	4.0
44694	4.0
44761	4.0
44974	4.0
46723	3.5
48043	3.0
48142	4.0
48516	3.5
48774	4.0
48997	3.5
49272	4.0
49530	3.0
49932	3.0
49961	5.0
51540	4.0
51662	3.0
52281	3.0
52319	3.0
53123	3.0
53519	3.5
54995	1.5
55069	4.0
55269	3.0
55442	4.0
55444	3.0
55820	3.5
56782	3.5
57669	2.5
58559	3.0
60950	3.0
61323	3.5
63113	4.0
71464	3.0
71579	4.0
71899	3.5
72226	3.5
72720	1.5
73017	3.0
73023	2.5
74545	3.5
79132	4.0
89904	4.5
91630	3.0
95088	3.5
96079	4.0
109374	3.0
112556	4.0
