1	4.0
2	4.0
4	2.0
10	4.0
11	4.0
12	2.0
18	4.0
19	3.0
21	4.0
24	3.0
26	3.0
32	5.0
34	4.0
39	4.0
44	2.0
48	2.0
50	5.0
58	4.0
60	4.0
65	4.0
70	1.0
73	4.0
88	4.0
95	3.0
104	4.0
105	3.0
107	3.0
110	5.0
111	4.0
118	3.0
126	0.5
135	4.0
141	4.0
150	4.0
153	3.0
157	4.0
158	4.0
161	3.0
165	4.0
168	1.0
170	1.0
171	4.0
173	1.0
180	4.0
181	3.0
186	3.0
188	4.0
196	2.0
203	4.0
207	4.0
208	3.0
223	5.0
231	4.0
235	4.0
237	2.0
239	4.0
252	5.0
253	5.0
256	2.0
260	5.0
261	4.0
275	3.0
277	3.0
282	3.0
292	4.0
296	3.0
303	3.0
312	4.0
316	3.0
317	4.0
318	5.0
325	4.0
329	3.0
333	4.0
339	4.0
344	4.0
345	3.0
355	4.0
356	4.0
364	5.0
367	4.0
368	4.0
370	4.0
374	4.0
379	1.0
380	3.0
393	1.0
410	4.0
413	3.0
419	4.0
420	1.0
429	3.0
432	3.0
434	0.5
435	4.0
440	4.5
441	3.0
442	1.0
450	3.0
454	4.0
455	2.0
466	4.0
480	4.0
489	2.0
492	4.0
494	2.0
500	3.0
505	4.0
508	5.0
518	3.0
520	4.0
527	5.0
532	4.0
533	3.0
534	4.0
535	4.0
536	4.0
539	5.0
541	5.0
542	4.0
543	4.0
546	3.0
551	5.0
552	2.0
558	3.0
575	2.0
585	4.0
586	3.0
587	4.0
588	5.0
589	3.0
590	4.0
592	4.0
593	5.0
594	4.0
595	5.0
596	4.0
597	4.0
608	5.0
610	3.0
616	4.0
648	2.0
653	2.0
661	4.0
663	4.0
671	5.0
674	2.0
708	4.0
709	3.0
719	3.0
720	5.0
724	3.0
733	3.0
736	2.0
743	3.0
745	4.0
748	3.0
750	5.0
765	3.0
780	3.0
783	4.0
784	4.0
801	4.0
802	4.0
805	4.0
818	4.0
836	2.0
837	4.0
849	0.5
858	5.0
898	5.0
900	2.0
902	5.0
910	5.0
912	5.0
913	4.0
914	5.0
919	5.0
922	5.0
923	4.0
924	5.0
926	4.0
932	3.0
934	4.0
938	4.0
940	4.0
943	4.0
953	5.0
954	5.0
969	5.0
986	4.0
1008	3.0
1009	4.0
1010	4.0
1011	3.0
1012	3.0
1013	4.0
1014	4.0
1015	4.0
1016	4.0
1017	4.0
1018	4.0
1019	4.0
1020	3.0
1021	3.0
1022	4.0
1023	5.0
1025	4.0
1027	3.0
1028	4.0
1029	4.0
1030	2.0
1031	3.0
1032	5.0
1033	3.0
1035	5.0
1036	3.0
1037	3.0
1042	5.0
1059	4.0
1060	4.0
1073	4.0
1079	5.0
1080	5.0
1081	4.0
1084	4.0
1091	3.0
1093	4.0
1097	4.0
1101	3.0
1103	3.0
1104	5.0
1120	4.0
1126	2.0
1127	4.0
1136	4.0
1148	5.0
1188	4.0
1193	4.0
1196	4.0
1197	5.0
1198	4.0
1199	5.0
1200	5.0
1201	2.0
1203	4.0
1204	5.0
1208	4.0
1210	4.0
1214	5.0
1215	4.0
1220	4.0
1221	5.0
1223	5.0
1225	5.0
1228	4.0
1230	5.0
1234	5.0
1240	3.0
1242	4.0
1243	5.0
1246	5.0
1247	5.0
1252	5.0
1253	5.0
1254	5.0
1257	5.0
1259	4.0
1261	4.0
1265	4.0
1266	4.0
1269	5.0
1270	4.0
1271	4.0
1272	5.0
1274	5.0
1278	5.0
1282	5.0
1284	4.0
1286	4.0
1288	4.0
1291	4.0
1292	5.0
1293	5.0
1297	4.0
1302	4.0
1304	5.0
1307	4.5
1320	4.0
1339	3.0
1350	4.0
1356	4.0
1357	4.0
1358	4.0
1366	3.0
1367	3.0
1370	4.0
1371	3.0
1372	5.0
1373	4.0
1374	3.0
1375	3.0
1376	4.0
1377	4.0
1380	4.0
1381	1.0
1387	4.0
1390	1.0
1391	4.0
1393	4.0
1394	5.0
1396	4.0
1405	4.0
1407	5.0
1408	2.0
1416	5.0
1425	3.0
1431	3.0
1449	4.0
1457	4.0
1464	3.0
1466	4.0
1476	4.0
1479	3.0
1485	4.0
1513	4.0
1517	4.0
1527	3.0
1541	4.0
1544	2.0
1562	1.0
1566	3.0
1569	4.0
1573	4.0
1580	4.0
1584	5.0
1588	3.0
1590	3.0
1591	3.0
1597	2.0
1608	4.0
1610	5.0
1614	4.0
1617	5.0
1619	4.0
1625	4.0
1629	3.0
1633	4.0
1639	5.0
1641	4.0
1644	3.0
1645	2.0
1653	4.0
1663	4.0
1665	3.0
1672	3.0
1676	3.0
1682	4.0
1688	4.0
1690	2.0
1693	4.0
1702	3.0
1704	4.0
1707	1.0
1717	4.0
1721	3.0
1722	4.0
1726	2.0
1730	4.0
1732	5.0
1747	4.0
1748	4.0
1760	1.0
1784	5.0
1810	4.0
1821	3.0
1831	4.0
1835	2.0
1848	3.0
1855	3.0
1862	2.0
1873	4.0
1876	3.0
1882	2.0
1883	5.0
1884	4.0
1895	2.0
1907	3.0
1909	3.0
1917	1.0
1918	2.0
1919	2.0
1920	3.0
1921	4.0
1923	4.0
1924	3.0
1927	3.0
1947	5.0
1948	4.0
1950	5.0
1954	4.0
1960	4.0
1961	5.0
1967	4.0
1968	3.0
1982	4.0
2000	4.0
2001	4.0
2002	3.0
2003	2.0
2004	4.0
2005	4.0
2006	4.0
2009	4.0
2011	4.0
2012	4.0
2013	3.0
2014	3.0
2015	4.0
2017	3.0
2018	5.0
2023	4.0
2028	5.0
2033	4.0
2038	4.0
2040	4.0
2041	2.0
2042	3.0
2043	5.0
2046	3.0
2048	4.0
2050	3.0
2051	3.0
2052	4.0
2053	3.0
2054	4.0
2057	2.0
2059	4.0
2067	3.0
2072	3.0
2077	3.0
2078	4.0
2080	4.0
2081	5.0
2082	4.0
2083	4.0
2084	3.0
2085	4.0
2087	4.0
2088	3.0
2089	4.0
2090	4.0
2091	2.0
2092	1.0
2093	4.0
2094	4.0
2096	5.0
2100	3.0
2102	5.0
2105	4.0
2106	4.0
2108	4.0
2109	4.0
2114	3.0
2115	3.0
2116	2.0
2123	3.0
2124	3.0
2125	4.0
2132	5.0
2133	4.0
2135	3.0
2137	4.0
2139	5.0
2140	5.0
2141	5.0
2142	3.0
2143	4.0
2144	4.0
2145	3.0
2150	4.0
2153	2.0
2161	5.0
2162	2.0
2174	5.0
2193	4.0
2194	4.0
2195	2.0
2231	4.0
2249	4.0
2252	4.0
2253	3.0
2261	4.0
2266	4.0
2273	3.0
2291	5.0
2294	4.0
2297	3.0
2300	5.0
2301	5.0
2303	5.0
2316	3.0
2321	4.0
2324	4.0
2336	5.0
2338	1.0
2340	3.0
2354	4.0
2355	4.0
2371	4.0
2372	4.0
2375	4.0
2378	4.0
2379	3.0
2380	4.0
2381	4.0
2382	2.0
2383	2.0
2385	3.5
2393	3.0
2394	4.0
2395	4.0
2396	5.0
2398	5.0
2399	3.0
2405	4.0
2406	4.0
2407	4.0
2413	4.0
2414	4.0
2420	3.0
2421	2.0
2422	1.0
2423	4.0
2424	4.0
2428	3.0
2431	3.0
2432	2.0
2437	4.0
2450	1.0
2470	4.0
2471	3.0
2478	4.5
2490	2.0
2496	3.0
2498	3.0
2528	3.0
2529	5.0
2530	4.0
2531	4.0
2533	4.0
2539	4.0
2565	4.0
2571	3.0
2574	3.0
2599	5.0
2600	2.0
2616	3.0
2617	3.0
2622	4.0
2628	2.0
2640	5.0
2641	4.0
2642	2.0
2643	1.0
2657	4.0
2662	3.0
2671	3.0
2683	4.0
2687	4.0
2693	5.0
2699	4.0
2700	4.0
2701	1.0
2706	4.0
2709	4.0
2710	5.0
2716	4.0
2717	2.0
2718	2.0
2720	2.0
2724	3.0
2746	4.0
2761	5.0
2762	4.0
2770	4.0
2779	4.0
2789	4.0
2791	5.0
2794	3.0
2797	4.0
2798	3.0
2799	2.0
2804	5.0
2805	2.0
2806	3.0
2808	1.0
2846	4.0
2857	5.0
2858	5.0
2863	5.0
2866	5.0
2872	4.0
2882	2.0
2890	5.0
2915	3.0
2916	3.0
2918	5.0
2946	4.0
2947	4.0
2948	4.0
2949	4.0
2950	3.0
2953	2.0
2959	3.0
2961	3.0
2967	4.0
2968	4.0
2985	2.0
2987	5.0
2990	4.0
2993	4.0
2997	5.0
3000	4.0
3006	4.0
3033	5.0
3034	4.0
3037	4.0
3039	4.0
3052	4.0
3054	3.0
3066	4.0
3071	4.0
3072	5.0
3081	3.0
3082	2.0
3087	4.0
3088	5.0
3097	4.0
3099	3.0
3100	3.0
3105	4.0
3107	3.0
3108	4.0
3114	5.0
3120	4.0
3148	3.0
3155	3.0
3156	2.0
3159	5.0
3160	5.0
3163	4.0
3174	4.0
3175	4.0
3176	5.0
3181	5.0
3189	4.0
3213	4.0
3243	3.0
3244	5.0
3247	5.0
3249	4.0
3250	3.0
3252	4.0
3253	4.0
3254	3.0
3255	4.0
3258	3.0
3259	4.0
3261	3.0
3264	4.0
3269	4.0
3271	3.0
3273	2.0
3287	4.0
3301	3.0
3317	5.0
3347	4.0
3358	5.0
3359	4.0
3361	3.0
3363	5.0
3386	5.0
3387	4.5
3388	3.0
3396	5.0
3397	5.0
3398	4.0
3408	4.0
3412	2.0
3421	4.0
3429	5.0
3438	4.0
3439	2.0
3440	1.0
3448	4.0
3450	4.0
3451	4.0
3466	3.0
3471	5.0
3477	3.0
3479	3.0
3481	5.0
3489	4.0
3499	5.0
3500	4.0
3525	2.0
3526	4.0
3527	3.0
3534	3.0
3545	5.0
3548	4.0
3551	4.0
3556	5.0
3565	2.0
3578	2.0
3591	3.0
3593	1.0
3608	4.0
3614	3.0
3624	4.0
3629	5.0
3638	2.0
3668	4.0
3671	5.0
3675	4.0
3686	2.0
3698	1.0
3699	4.0
3702	3.0
3733	5.0
3745	4.0
3751	5.0
3753	2.0
3785	4.0
3793	4.0
3809	4.0
3812	4.0
3826	1.0
3831	4.0
3835	3.0
3852	3.0
3868	4.5
3869	3.0
3877	3.0
3893	3.0
3897	5.0
3911	4.0
3948	3.0
3953	0.5
3967	4.0
3968	4.0
3977	3.0
3984	3.0
3996	5.0
4002	4.0
4006	5.0
4007	4.0
4010	4.0
4011	4.0
4016	4.0
4018	2.0
4019	3.0
4025	2.0
4027	5.0
4033	5.0
4034	5.0
4039	3.0
4040	3.0
4063	3.0
4080	3.0
4084	2.0
4085	4.0
4090	4.0
4091	3.0
4104	4.0
4105	3.0
4121	3.0
4132	2.0
4133	2.0
4148	2.0
4210	4.0
4214	4.0
4215	3.0
4232	4.0
4239	3.0
4246	4.0
4248	2.0
4270	2.0
4275	2.0
4306	4.0
4333	4.0
4343	3.0
4361	5.0
4366	3.0
4370	4.0
4378	4.0
4427	5.0
4447	4.0
4467	4.0
4474	3.0
4477	2.0
4499	4.0
4502	3.0
4509	3.0
4519	4.0
4544	2.0
4545	3.0
4558	2.0
4563	2.0
4564	3.0
4571	4.0
4587	1.0
4639	2.0
4641	5.0
4643	1.0
4677	2.0
4678	4.0
4679	4.0
4686	1.0
4700	3.0
4718	4.0
4719	3.5
4728	4.0
4734	4.0
4748	1.0
4799	4.0
4816	3.0
4823	2.0
4844	2.0
4857	5.0
4874	3.0
4886	4.5
4890	2.0
4896	4.0
4941	3.0
4963	4.0
4974	3.0
4975	3.0
4979	5.0
4980	1.0
4993	4.0
4994	3.0
4995	4.0
5013	5.0
5025	4.0
5060	5.0
5074	4.0
5103	4.0
5159	4.0
5218	3.0
5237	3.0
5265	5.0
5303	5.0
5308	3.0
5309	1.0
5349	4.0
5377	5.0
5378	3.0
5444	4.0
5459	3.0
5481	3.0
5500	5.0
5505	4.0
5541	3.0
5568	4.0
5577	4.0
5582	2.0
5650	4.0
5693	4.0
5792	4.0
5804	3.0
5816	4.0
5902	5.0
5944	3.0
5970	3.0
5989	4.0
5991	4.0
6003	4.0
6093	4.0
6166	3.0
6296	4.0
6299	4.0
6333	4.0
6365	1.0
6373	3.0
6377	5.0
6440	4.0
6534	4.0
6586	3.0
6620	4.0
6636	4.0
6658	3.0
6659	4.0
6711	5.0
6755	4.0
6773	5.0
6785	4.0
6793	3.0
6794	1.0
6807	4.0
6874	4.0
6932	4.0
6947	4.5
7090	4.0
7147	4.0
7153	4.5
7156	4.0
7247	3.0
7361	5.0
7366	4.0
7373	3.0
7438	5.0
7444	3.5
7451	4.0
7454	1.0
7458	4.0
8360	4.0
8366	4.0
8368	4.0
8622	4.0
8636	4.0
8784	4.0
8874	4.0
8949	5.0
8961	5.0
8965	3.0
8974	4.0
30812	4.0
30816	3.0
30822	4.0
33004	4.0
33166	4.0
33493	3.0
33615	3.0
42002	3.5
