1	3.5
19	2.5
20	3.0
21	2.5
23	4.0
32	3.0
34	3.0
44	4.0
47	3.5
50	3.5
66	1.0
69	3.0
70	4.0
88	4.0
93	3.0
95	4.0
104	3.5
111	5.0
112	4.0
135	2.5
150	3.0
153	2.0
157	2.0
160	3.0
163	3.5
165	4.0
172	1.5
173	1.5
180	3.0
181	1.0
185	3.0
204	3.5
208	4.0
216	3.5
223	2.5
231	3.5
235	4.5
253	4.0
260	4.5
274	2.0
288	4.0
290	4.0
293	5.0
296	3.5
316	4.0
318	4.0
327	3.0
333	3.5
338	4.0
353	4.0
356	4.0
364	4.5
367	3.0
370	1.0
377	3.5
379	3.0
393	3.0
405	3.0
413	3.5
431	4.0
432	2.0
434	4.0
457	3.5
464	4.0
471	3.5
480	4.5
485	2.5
493	3.0
522	4.0
541	4.5
546	3.5
551	4.0
555	3.0
585	3.0
588	4.0
589	4.0
592	5.0
593	3.5
595	3.5
608	3.5
611	3.5
637	3.0
648	3.5
653	2.5
673	2.0
710	3.5
719	3.5
724	4.0
741	3.5
750	4.5
761	2.5
778	3.5
780	2.5
782	4.5
784	4.0
786	3.5
788	3.0
798	3.0
799	4.0
818	2.5
829	3.0
833	3.0
839	3.0
842	3.0
858	4.5
861	4.0
879	4.0
880	4.0
886	3.5
891	3.5
899	4.0
908	4.5
919	3.5
924	5.0
941	3.5
943	4.0
968	4.0
1029	3.5
1036	5.0
1037	3.5
1047	4.0
1049	4.0
1073	4.0
1080	4.0
1089	4.0
1090	4.0
1097	3.5
1125	3.0
1127	3.5
1129	3.5
1136	4.5
1193	4.5
1196	5.0
1197	3.5
1198	5.0
1200	4.5
1206	5.0
1208	3.5
1210	4.5
1213	4.0
1214	5.0
1215	4.0
1218	5.0
1220	3.5
1221	4.5
1222	4.5
1227	4.0
1228	3.5
1240	4.5
1241	4.0
1245	4.5
1246	4.0
1249	4.5
1250	4.0
1252	4.5
1255	3.5
1258	4.5
1259	4.5
1261	4.0
1262	4.0
1263	4.5
1265	4.0
1270	4.5
1274	4.5
1275	4.5
1285	3.0
1291	4.5
1302	3.5
1321	4.0
1339	4.0
1343	4.0
1345	3.5
1350	3.5
1358	3.5
1370	4.0
1387	3.5
1407	3.5
1409	4.0
1422	4.5
1429	3.5
1438	3.5
1453	2.5
1464	4.0
1485	3.0
1499	3.5
1500	3.5
1515	3.0
1517	2.5
1527	4.0
1544	3.5
1552	3.5
1556	2.0
1573	3.5
1580	4.0
1584	4.0
1590	4.0
1591	3.0
1597	3.0
1603	3.0
1604	3.5
1606	3.5
1625	4.0
1641	3.5
1653	4.0
1665	2.0
1667	3.5
1681	1.0
1682	4.0
1686	4.0
1687	3.5
1726	3.5
1729	3.5
1732	4.0
1748	4.5
1752	3.5
1753	4.0
1754	4.0
1762	4.0
1769	4.0
1779	3.5
1785	4.0
1792	3.5
1799	3.5
1809	4.5
1833	4.0
1858	3.0
1882	3.5
1884	4.5
1885	2.5
1909	2.5
1918	4.0
1921	4.5
1924	4.0
1961	4.5
1969	3.0
1974	4.0
1975	4.0
1976	4.5
1977	4.0
1978	4.0
1979	5.0
1980	4.0
1981	4.0
1982	4.0
1983	4.0
1985	3.5
1994	4.0
1997	4.0
2000	3.5
2002	3.0
2005	4.0
2011	4.0
2012	3.5
2013	4.0
2018	3.5
2019	5.0
2023	3.0
2028	4.0
2041	4.0
2050	3.5
2051	4.0
2053	1.0
2058	3.5
2078	4.0
2081	3.5
2082	3.0
2087	3.5
2105	4.0
2107	3.5
2115	4.0
2122	3.5
2124	3.5
2134	4.5
2137	4.0
2143	3.0
2150	4.0
2160	4.5
2161	4.0
2174	4.5
2194	4.0
2232	4.0
2273	4.0
2278	3.5
2279	3.5
2288	4.0
2291	4.5
2294	2.5
2321	3.5
2322	3.0
2324	5.0
2329	4.0
2334	2.5
2353	3.5
2354	2.0
2355	3.5
2364	4.0
2371	3.5
2376	3.5
2378	2.5
2387	4.0
2394	3.5
2402	4.0
2403	4.0
2404	4.0
2406	3.0
2427	4.5
2428	3.0
2448	3.5
2459	4.5
2468	3.0
2490	4.0
2513	4.0
2542	4.0
2548	3.0
2560	4.0
2571	4.0
2572	3.5
2580	3.0
2606	4.0
2617	4.0
2640	3.0
2672	4.0
2694	3.5
2699	3.5
2700	3.5
2701	2.0
2713	3.5
2716	4.0
2718	4.0
2719	2.5
2728	4.0
2761	4.0
2762	4.0
2788	3.5
2793	2.0
2807	3.0
2808	3.5
2810	4.5
2827	3.5
2841	3.5
2846	4.0
2858	4.0
2867	4.0
2871	4.5
2890	4.0
2891	4.0
2916	4.0
2918	3.5
2924	4.0
2944	3.5
2947	4.0
2948	3.5
2949	3.5
2953	3.5
2959	3.5
2985	3.5
2990	4.0
2991	4.5
2993	3.5
2995	4.0
3000	4.5
3006	4.0
3018	4.0
3030	4.5
3032	4.0
3033	3.5
3039	3.5
3052	3.0
3054	1.0
3066	4.0
3081	4.0
3082	2.0
3087	3.5
3114	3.0
3146	3.5
3147	4.0
3174	4.0
3177	3.0
3197	3.0
3204	4.5
3253	1.5
3254	2.0
3258	4.0
3265	5.0
3267	4.0
3273	2.5
3275	4.0
3300	4.0
3301	3.5
3316	3.5
3328	3.5
3354	3.5
3355	4.0
3362	4.0
3409	3.5
3421	4.0
3424	3.5
3438	4.0
3440	1.0
3448	4.0
3466	4.5
3471	3.5
3476	5.0
3489	4.5
3499	4.0
3510	3.5
3513	4.0
3524	4.0
3527	4.5
3535	4.0
3555	3.5
3578	4.5
3617	3.0
3624	4.0
3633	3.0
3635	3.0
3639	3.5
3654	4.0
3693	4.0
3697	4.0
3702	4.0
3703	4.5
3705	3.5
3706	4.0
3717	2.5
3723	4.0
3726	3.5
3740	4.0
3745	4.0
3753	4.0
3766	3.5
3793	3.5
3798	3.5
3826	3.5
3836	3.5
3879	3.5
3893	3.0
3896	4.0
3897	4.5
3919	3.0
3943	3.0
3948	3.5
3949	4.0
3950	3.5
3955	3.0
3972	4.5
3979	3.5
3984	4.0
3986	3.5
3994	3.5
3996	4.0
4002	2.0
4005	3.0
4006	4.5
4011	3.5
4015	1.5
4016	4.0
4025	3.5
4027	4.0
4030	3.5
4085	3.5
4102	4.0
4105	3.5
4128	4.0
4149	3.5
4159	3.5
4214	4.5
4215	3.5
4223	4.0
4224	3.5
4225	3.5
4226	4.5
4247	3.0
4251	4.0
4262	4.0
4306	4.5
4308	3.5
4310	2.5
4327	4.0
4343	3.0
4367	3.0
4369	2.0
4383	4.0
4388	3.0
4446	4.0
4452	4.5
4489	3.5
4502	3.5
4531	3.5
4553	4.0
4571	3.5
4638	2.5
4678	3.5
4679	2.5
4720	4.5
4725	4.0
4732	3.5
4734	3.5
4735	3.5
4745	3.0
4756	4.0
4776	4.0
4821	4.0
4848	4.0
4866	4.0
4873	4.0
4876	3.0
4878	3.5
4887	4.0
4902	4.5
4954	3.0
4963	2.5
4974	3.5
4979	1.0
4992	4.0
4993	4.5
5010	4.0
5026	4.0
5047	4.0
5049	2.5
5064	4.0
5093	3.5
5094	1.0
5103	2.5
5108	3.5
5110	4.0
5111	4.0
5128	3.0
5146	4.5
5152	4.0
5159	3.0
5220	3.0
5254	3.5
5266	4.0
5267	3.5
5283	3.0
5293	3.0
5294	4.0
5313	4.0
5316	3.5
5323	3.0
5349	4.5
5378	3.5
5388	3.5
5414	3.0
5418	4.0
5420	3.5
5445	3.5
5459	3.5
5464	4.0
5479	4.0
5502	3.5
5507	2.5
5608	4.0
5610	3.5
5618	4.5
5621	3.5
5669	4.5
5679	3.0
5803	2.5
5810	3.0
5872	4.0
5903	4.0
5952	4.5
5956	3.5
5959	4.0
5971	4.0
5995	4.5
6003	4.0
6016	4.5
6058	3.5
6104	4.0
6157	3.5
6213	3.0
6218	4.0
6242	4.5
6294	2.5
6323	4.0
6333	4.0
6377	3.5
6502	4.5
6503	3.5
6534	3.5
6537	3.5
6539	3.5
6541	3.5
6564	4.0
6615	2.5
6618	3.5
6659	3.5
6662	4.5
6663	4.0
6669	4.5
6708	4.0
6754	2.5
6755	2.5
6764	3.5
6796	4.0
6800	3.5
6807	3.0
6857	3.5
6862	4.0
6863	3.0
6874	4.0
6880	2.0
6936	2.0
6947	3.5
6952	3.5
6957	4.5
6996	1.0
7004	3.5
7007	3.5
7017	3.5
7022	4.5
7045	3.5
7090	4.0
7143	4.0
7147	4.5
7153	4.5
7228	2.0
7325	3.0
7348	3.5
7360	3.5
7361	4.0
7367	4.0
7373	2.5
7387	4.5
7438	4.0
7439	3.5
7454	3.5
7458	3.5
7482	4.0
7569	3.5
7570	4.0
7573	2.5
7766	4.5
7827	4.0
8253	3.5
8360	4.5
8370	4.0
8371	3.5
8376	4.0
8528	2.5
8531	2.5
8596	3.5
8604	3.5
8622	4.5
8636	4.0
8640	3.5
8641	4.0
8665	4.0
8781	4.0
8798	4.5
8807	4.0
8810	2.5
8860	3.0
8865	3.5
8874	4.0
8907	3.0
8908	2.5
8917	4.0
8949	5.0
8957	3.0
8961	4.0
8970	4.5
8983	4.0
27317	4.0
27731	4.0
27772	4.5
27773	4.5
27801	4.5
27821	3.5
30810	4.0
30812	4.0
31420	3.0
31694	4.0
31878	3.5
32296	3.5
32596	3.5
33004	4.0
33158	3.0
33162	2.5
33166	4.0
33493	4.5
