1	3.0
3	1.0
18	4.0
19	1.0
21	2.0
24	3.0
26	4.0
39	3.0
44	4.0
45	3.0
47	5.0
50	5.0
54	3.0
62	1.0
63	5.0
65	1.0
69	5.0
71	1.0
72	4.0
88	3.0
95	3.0
101	4.0
104	5.0
111	4.0
135	3.0
141	1.0
145	3.0
147	2.0
150	3.0
153	3.0
158	3.0
165	4.0
173	1.0
174	3.0
177	2.0
180	5.0
181	3.0
185	1.0
187	3.0
191	2.0
193	1.0
204	4.0
216	5.0
217	1.0
218	1.0
223	5.0
225	2.0
231	3.0
234	1.0
236	1.0
237	2.0
246	5.0
248	3.0
250	3.0
253	2.0
256	3.0
258	3.0
267	4.0
274	2.0
275	2.0
276	1.0
277	1.0
282	1.0
288	1.0
291	2.0
292	2.0
296	5.0
300	2.0
303	2.5
312	1.0
317	1.0
318	5.0
322	5.0
330	1.0
333	5.0
339	1.0
344	3.0
350	2.0
351	1.0
355	1.0
356	4.0
358	3.0
361	2.0
364	3.0
366	1.0
367	4.0
368	4.0
370	1.0
371	2.0
372	4.0
374	3.0
376	1.0
377	3.0
378	3.0
379	4.0
380	3.0
393	3.0
410	2.0
413	4.0
414	4.0
419	1.0
420	4.0
424	4.0
432	1.0
433	2.0
435	2.0
436	4.0
440	3.0
442	2.0
445	1.0
454	3.0
455	1.0
456	3.0
457	4.0
460	1.0
466	2.0
471	2.0
473	3.0
474	4.0
480	4.0
493	3.0
494	3.0
500	3.0
502	1.0
504	1.0
505	1.0
508	5.0
511	3.0
516	1.0
517	3.0
520	4.0
524	2.0
528	3.0
529	4.0
532	1.0
537	3.0
539	2.0
540	2.0
542	4.0
543	5.0
546	1.0
550	2.0
551	3.0
569	4.0
575	1.0
585	4.0
586	4.0
587	1.0
588	3.0
589	2.0
592	3.0
594	1.0
595	1.0
596	1.0
597	2.0
606	1.0
608	5.0
612	1.0
616	1.0
656	3.0
673	4.0
710	1.0
724	1.0
736	1.0
762	1.0
765	3.0
780	3.0
784	4.0
785	3.0
788	4.0
801	2.0
802	4.0
805	3.0
810	3.0
818	3.0
833	1.0
852	4.0
858	5.0
881	3.0
903	4.0
908	4.0
912	4.0
913	4.0
919	2.0
923	5.0
1005	2.0
1009	1.0
1010	1.0
1013	3.0
1014	1.0
1017	1.0
1018	1.0
1020	3.0
1021	2.0
1022	1.0
1023	1.0
1024	1.0
1025	3.0
1028	3.0
1029	1.0
1030	1.0
1031	1.0
1032	2.0
1033	1.0
1035	1.0
1036	5.0
1060	5.0
1073	3.0
1084	4.0
1088	1.0
1089	4.0
1091	1.0
1092	2.5
1095	5.0
1097	3.0
1100	4.0
1101	5.0
1126	4.0
1136	1.0
1179	4.5
1186	4.0
1197	1.0
1207	3.0
1208	5.0
1215	1.0
1220	1.0
1230	4.0
1247	5.0
1252	5.0
1257	5.0
1259	3.0
1265	3.0
1268	5.0
1270	5.0
1278	4.0
1282	1.0
1284	4.0
1285	4.0
1288	1.0
1291	3.0
1302	5.0
1304	5.0
1342	3.0
1359	1.0
1370	4.0
1377	1.0
1380	3.0
1381	1.0
1385	3.0
1387	2.0
1391	3.0
1393	4.0
1394	4.0
1407	5.0
1409	4.0
1422	4.0
1431	3.0
1449	5.0
1457	3.0
1461	1.0
1468	4.0
1476	3.0
1485	4.0
1500	5.0
1513	3.0
1517	4.0
1527	3.0
1544	2.0
1552	4.0
1562	4.0
1566	4.0
1573	4.0
1580	3.0
1588	3.0
1590	1.0
1592	1.0
1593	3.0
1597	3.0
1598	2.0
1604	4.0
1608	3.0
1614	2.0
1625	3.0
1639	5.0
1642	2.0
1644	1.0
1645	5.0
1663	3.5
1672	4.0
1673	5.0
1676	3.0
1682	5.0
1704	4.0
1717	5.0
1721	2.0
1729	4.0
1747	5.0
1753	4.0
1777	3.0
1792	5.0
1805	2.0
1810	4.0
1840	5.0
1845	5.0
1866	4.0
1876	1.0
1883	4.0
1894	1.0
1895	5.0
1907	3.0
1911	3.0
1917	1.0
1923	4.0
1947	2.0
1954	3.0
1967	4.0
1968	5.0
2003	3.0
2004	3.0
2005	3.0
2011	5.0
2012	4.0
2017	2.0
2018	1.0
2026	1.0
2027	1.0
2028	4.0
2036	3.0
2042	4.0
2046	4.0
2048	3.0
2052	1.0
2053	1.0
2054	3.0
2058	5.0
2060	4.0
2072	1.0
2078	1.0
2080	1.0
2081	1.0
2082	3.0
2085	1.0
2087	2.0
2088	1.0
2090	1.0
2093	2.0
2094	3.0
2096	1.0
2099	3.0
2100	3.0
2102	1.0
2105	2.0
2108	1.0
2115	3.0
2123	1.0
2124	2.0
2126	3.0
2133	4.0
2134	5.0
2137	2.0
2139	1.0
2141	2.0
2144	5.0
2145	5.0
2146	5.0
2150	1.0
2161	4.0
2162	2.0
2169	4.0
2174	2.0
2188	3.0
2193	3.0
2195	4.0
2231	5.0
2248	5.0
2249	2.0
2252	2.0
2253	1.0
2261	3.0
2262	2.0
2273	4.0
2279	4.0
2289	3.0
2291	3.0
2296	1.0
2302	4.0
2320	4.0
2321	5.0
2325	4.0
2335	1.0
2338	1.0
2352	1.0
2353	4.0
2354	1.0
2371	1.0
2374	1.0
2379	1.0
2380	1.0
2381	3.0
2382	1.0
2383	1.0
2391	4.0
2395	4.0
2399	4.0
2408	1.0
2411	2.0
2413	2.0
2416	1.0
2420	5.0
2421	3.0
2422	3.0
2423	1.0
2424	2.0
2428	2.0
2431	1.0
2432	2.0
2433	4.0
2447	5.0
2450	1.0
2453	1.0
2458	1.0
2468	1.0
2470	1.0
2471	1.0
2473	2.0
2478	3.0
2485	4.0
2490	4.0
2491	2.0
2496	3.5
2502	5.0
2504	4.0
2518	1.0
2528	2.0
2541	4.0
2549	1.0
2558	2.0
2567	4.0
2571	4.0
2572	5.0
2580	5.0
2581	1.0
2587	4.0
2598	4.0
2599	5.0
2606	4.0
2616	3.0
2628	2.0
2657	1.0
2683	5.0
2694	3.0
2700	5.0
2701	1.0
2706	5.0
2707	4.0
2712	2.0
2716	3.0
2717	2.0
2718	1.0
2720	3.0
2723	4.0
2724	1.0
2746	3.0
2752	1.0
2762	4.0
2763	3.0
2770	5.0
2791	2.0
2792	1.0
2794	2.0
2795	2.0
2796	1.0
2797	4.0
2798	1.0
2799	1.0
2803	3.0
2804	3.0
2841	4.0
2857	5.0
2858	5.0
2860	4.0
2863	5.0
2883	4.0
2888	4.0
2889	4.0
2890	4.0
2891	4.0
2915	3.0
2916	3.0
2918	5.0
2922	2.0
2946	5.0
2953	2.0
2959	4.0
2978	3.0
2987	4.0
2997	4.0
3033	4.0
3034	2.0
3039	4.0
3044	1.0
3052	5.0
3054	1.5
3087	2.0
3098	2.0
3101	2.0
3120	5.0
3146	3.0
3147	4.0
3160	4.0
3173	5.0
3177	1.0
3208	1.0
3210	4.0
3225	4.0
3243	4.0
3247	2.0
3248	1.0
3253	4.0
3254	4.0
3255	3.0
3257	1.0
3258	1.0
3263	5.0
3264	4.0
3270	4.0
3273	4.0
3298	4.0
3301	4.0
3316	3.0
3317	5.0
3327	2.0
3354	2.0
3359	4.0
3360	4.0
3361	3.0
3387	1.0
3388	2.0
3392	1.0
3396	3.0
3397	2.0
3398	3.0
3409	4.0
3418	3.0
3421	4.0
3424	4.0
3438	4.0
3439	4.0
3440	2.0
3444	3.0
3450	2.0
3452	3.0
3476	1.0
3478	1.0
3480	3.0
3481	5.0
3484	4.0
3489	3.0
3499	2.0
3524	1.0
3526	1.0
3534	2.0
3536	3.0
3552	4.0
3578	4.0
3591	2.0
3594	4.0
3608	4.0
3614	3.0
3616	2.0
3617	5.0
3646	3.0
3668	4.0
3671	4.0
3698	5.0
3707	3.0
3717	3.0
3730	4.0
3740	2.0
3755	2.0
3760	1.0
3773	4.5
3785	5.0
3786	3.5
3791	4.0
3793	4.5
3809	3.0
3825	3.0
3826	2.0
3835	2.0
3844	3.0
3852	4.0
3861	4.0
3865	4.0
3868	2.0
3869	1.0
3879	4.0
3882	4.0
3893	4.0
3895	2.0
3897	5.0
3908	3.0
3911	4.0
3916	1.0
3943	4.0
3948	4.0
3952	4.0
3955	1.0
3959	1.0
3969	4.0
3972	5.0
3977	1.5
3978	3.0
3979	3.0
3994	5.0
3996	5.0
4002	2.0
4006	2.0
4010	3.0
4011	4.0
4015	4.0
4018	4.0
4019	4.0
4020	4.0
4022	4.0
4023	3.0
4025	3.0
4027	4.0
4029	4.0
4034	4.0
4040	4.0
4041	3.0
4052	4.0
4054	4.0
4063	4.0
4066	4.0
4068	4.0
4080	1.0
4085	4.0
4090	1.0
4091	4.0
4104	1.0
4121	2.0
4132	4.0
4133	1.0
4143	2.0
4149	1.0
4153	4.0
4205	1.0
4214	4.0
4215	2.0
4224	4.0
4226	5.0
4228	4.0
4246	3.0
4247	3.0
4248	3.0
4255	3.0
4267	4.0
4299	5.0
4306	3.0
4321	3.0
4333	1.0
4340	1.0
4344	3.0
4369	4.0
4372	4.0
4388	3.0
4446	4.0
4447	3.0
4448	4.0
4452	5.0
4477	1.0
4487	4.0
4489	5.0
4509	3.0
4519	3.0
4544	2.0
4558	4.0
4571	4.0
4616	3.0
4621	4.0
4623	4.0
4639	3.0
4641	5.0
4643	4.0
4649	3.0
4676	4.0
4677	4.0
4678	5.0
4679	3.0
4686	1.0
4701	4.0
4718	5.0
4719	3.0
4728	4.0
4734	5.0
4744	1.0
4745	5.0
4748	2.0
4757	4.0
4770	4.0
4776	5.0
4812	2.0
4816	4.0
4821	4.0
4823	4.0
4844	4.5
4845	2.0
4874	4.0
4878	4.0
4887	1.0
4889	3.0
4890	3.0
4896	4.0
4899	4.0
4929	3.0
4963	4.0
4974	4.0
4975	4.0
4979	5.0
4980	2.0
5010	4.0
5025	5.0
5060	3.0
5064	4.0
5066	4.0
5093	4.0
5094	2.0
5102	4.0
5103	5.0
5106	1.0
5110	4.0
5139	4.0
5151	4.0
5220	5.0
5222	5.0
5264	4.0
5265	3.0
5266	5.0
5283	4.0
5293	5.0
5294	5.0
5296	3.0
5303	1.0
5308	4.0
5309	2.0
5312	4.0
5349	5.0
5363	4.0
5387	0.5
5401	5.0
5418	5.0
5419	4.0
5421	4.0
5438	2.0
5445	5.0
5449	5.0
5452	1.0
5481	5.0
5502	4.0
5505	4.0
5507	5.0
5541	4.0
5564	4.0
5568	3.0
5572	5.0
5577	5.0
5582	1.0
5666	4.0
5669	4.0
5673	5.0
5679	2.0
5693	5.0
5785	1.0
5810	5.0
5816	5.0
5843	4.0
5879	3.0
5902	5.0
5941	5.0
5957	3.0
5969	2.0
5970	3.0
6155	4.0
6157	3.0
6166	3.0
6188	5.0
6212	2.0
6287	4.0
6296	5.0
6323	4.5
6333	5.0
6365	3.0
6373	4.0
6378	5.0
6385	4.0
6502	4.0
6539	4.5
6548	4.0
6586	4.0
6587	3.0
6618	3.5
6624	4.0
6636	4.0
6708	4.5
6711	4.5
6743	1.5
6764	4.5
6863	4.5
6873	4.0
6874	5.0
6879	4.0
6936	4.0
6957	5.0
7022	4.5
7090	5.0
7137	4.5
7147	4.5
7149	2.0
7160	4.0
7263	4.0
7285	3.5
7293	4.0
7317	3.5
7325	4.0
7361	5.0
7366	5.0
7373	4.0
7438	5.0
7451	4.0
8368	4.0
8528	4.5
8622	4.5
8636	5.0
8641	4.5
8644	4.0
8665	4.5
8783	3.5
8784	5.0
8798	4.5
8807	4.5
8917	4.5
8937	4.5
8949	5.0
8958	5.0
8984	4.5
26152	2.0
30793	5.0
30810	5.0
30822	4.5
30825	4.0
31685	4.0
32587	5.0
32598	3.0
33646	4.0
33679	4.0
33794	5.0
33836	2.5
34162	4.5
35836	5.0
40815	4.5
44193	3.5
44195	5.0
44972	2.0
45447	3.5
45499	4.5
45722	5.0
48385	5.0
