2	4.0
16	4.0
21	4.0
25	4.0
34	3.0
47	1.0
50	5.0
58	4.0
62	4.0
101	3.5
110	5.0
150	4.0
151	5.0
161	5.0
164	4.0
168	4.0
208	2.0
224	4.0
230	4.0
260	4.0
266	4.0
272	3.0
281	4.0
288	3.0
292	3.0
296	4.0
300	3.0
316	4.0
318	5.0
329	4.0
342	3.0
349	4.0
350	4.0
353	3.0
356	4.0
362	3.0
364	4.0
367	4.0
368	3.0
377	4.0
380	4.0
381	4.0
383	4.0
410	3.0
432	3.0
434	1.0
438	4.0
452	4.0
454	3.0
457	5.0
458	5.0
474	4.0
475	4.0
480	4.0
485	3.0
491	4.0
500	3.0
508	5.0
515	4.0
527	5.0
539	4.0
541	3.0
551	2.0
553	5.0
569	4.0
586	3.5
587	5.0
588	2.0
590	5.0
592	4.0
593	1.0
594	4.0
595	4.0
597	4.0
599	3.0
608	4.0
613	4.5
616	4.0
637	3.0
647	5.0
653	4.0
708	4.0
733	4.0
736	4.0
780	4.0
800	4.0
832	4.0
858	5.0
898	5.0
899	4.0
902	4.0
903	4.0
904	4.0
908	5.0
909	4.0
911	5.0
912	5.0
913	5.0
914	4.0
915	3.5
916	4.0
919	3.0
920	3.0
923	4.0
924	3.0
930	4.0
932	5.0
933	4.0
938	4.0
943	4.0
951	5.0
953	5.0
954	5.0
969	4.0
986	4.0
991	4.0
996	3.0
1009	4.0
1012	4.0
1013	3.0
1016	3.0
1017	4.0
1019	3.0
1022	4.0
1023	4.0
1028	4.0
1029	4.0
1030	4.0
1032	3.0
1035	5.0
1036	5.0
1041	2.0
1049	4.0
1064	2.5
1073	4.0
1079	4.0
1081	3.0
1082	4.0
1084	2.0
1085	4.0
1088	4.0
1090	5.0
1094	4.0
1097	4.0
1101	4.0
1103	4.0
1124	3.0
1127	4.0
1136	3.0
1147	3.5
1172	5.0
1186	4.0
1196	4.0
1197	5.0
1198	5.0
1200	4.0
1201	4.0
1203	5.0
1204	3.5
1207	5.0
1208	4.0
1209	3.0
1210	4.0
1213	4.0
1214	4.0
1219	4.0
1220	4.0
1221	5.0
1225	4.0
1226	4.0
1227	5.0
1231	4.0
1233	4.0
1234	5.0
1242	5.0
1246	4.0
1247	3.0
1250	4.0
1252	4.0
1253	4.0
1259	4.0
1262	5.0
1265	4.0
1266	5.0
1267	5.0
1269	4.5
1270	5.0
1271	4.0
1272	4.0
1276	4.0
1282	3.0
1283	5.0
1287	4.5
1288	3.0
1291	5.0
1292	3.0
1293	5.0
1296	4.0
1302	5.0
1304	5.0
1307	5.0
1327	3.0
1334	3.0
1343	3.0
1356	4.0
1358	4.0
1370	2.0
1371	3.0
1372	4.0
1374	5.0
1375	4.0
1376	3.5
1385	4.0
1387	4.0
1388	3.5
1393	4.0
1394	4.0
1396	4.0
1401	4.0
1408	4.0
1411	4.0
1438	3.0
1459	4.0
1466	4.0
1479	3.0
1485	4.0
1488	3.0
1500	4.0
1544	4.0
1552	4.0
1580	4.0
1584	4.0
1586	4.0
1597	3.0
1608	4.0
1610	5.0
1616	3.0
1617	4.0
1619	4.0
1625	5.0
1641	4.0
1645	4.0
1653	4.0
1672	3.0
1674	4.0
1676	4.0
1680	4.0
1682	4.0
1688	3.0
1694	3.0
1704	4.0
1747	3.0
1772	3.0
1784	5.0
1834	5.0
1876	4.0
1894	4.0
1907	3.0
1917	4.0
1918	4.0
1923	4.0
1940	4.0
1944	4.0
1947	4.0
1949	5.0
1950	4.0
1951	4.0
1953	4.0
1954	5.0
1957	5.0
1958	4.0
1960	4.0
1961	4.0
1962	4.0
1994	4.0
2000	5.0
2001	4.0
2002	4.0
2006	4.0
2009	4.0
2011	4.0
2012	3.0
2013	4.0
2015	2.0
2018	3.0
2019	2.5
2020	4.0
2023	4.5
2024	4.0
2028	5.0
2043	3.0
2046	4.0
2054	3.0
2058	3.0
2064	2.0
2065	4.0
2067	3.0
2070	5.0
2072	3.0
2078	4.0
2080	4.0
2081	3.0
2085	3.0
2087	4.0
2090	4.0
2093	4.0
2096	4.0
2099	4.0
2105	3.0
2106	4.0
2108	4.0
2110	4.0
2112	5.0
2115	3.0
2124	3.0
2126	4.0
2139	4.0
2140	3.0
2141	3.0
2161	4.0
2174	4.0
2194	4.0
2206	4.0
2245	4.0
2266	4.0
2268	5.0
2278	4.0
2302	4.0
2324	4.0
2336	4.0
2340	4.0
2353	4.0
2366	4.0
2371	4.0
2372	4.0
2374	3.0
2378	3.0
2379	2.0
2380	2.0
2381	2.0
2382	2.0
2383	2.0
2394	2.5
2395	4.0
2398	5.0
2401	4.0
2403	3.5
2405	3.0
2406	3.0
2407	4.0
2409	5.0
2410	4.0
2411	4.0
2412	4.0
2420	5.0
2421	4.0
2422	4.0
2424	4.0
2432	4.0
2433	3.0
2436	4.0
2468	4.0
2469	5.0
2470	4.0
2471	4.0
2478	3.0
2490	2.0
2520	4.0
2527	4.0
2528	4.0
2529	4.0
2539	4.5
2565	4.0
2571	4.5
2598	3.0
2605	4.0
2615	3.0
2617	2.0
2628	4.0
2640	4.0
2641	4.0
2662	3.5
2683	3.0
2688	4.0
2699	3.0
2701	4.0
2712	3.0
2716	5.0
2717	4.0
2724	3.0
2728	5.0
2734	3.0
2735	4.0
2746	3.0
2761	4.0
2762	5.0
2763	4.0
2764	3.0
2779	5.0
2791	4.0
2792	4.0
2797	4.0
2803	4.0
2804	3.0
2819	5.0
2822	3.0
2840	4.0
2852	4.0
2861	5.0
2866	4.0
2870	3.5
2872	5.0
2881	5.0
2890	4.0
2906	3.0
2916	4.0
2918	4.0
2924	2.0
2929	2.0
2941	5.0
2944	4.0
2947	4.0
2948	3.0
2949	3.0
2951	3.0
2953	3.0
2959	4.0
2985	4.0
2987	3.0
2993	3.0
2997	2.0
3006	5.0
3028	5.0
3032	4.0
3033	3.0
3037	4.0
3044	5.0
3052	4.0
3062	5.0
3066	5.0
3068	5.0
3070	3.0
3072	5.0
3087	5.0
3088	4.0
3098	4.0
3100	4.0
3101	4.0
3107	3.0
3147	5.0
3153	3.0
3155	4.0
3157	3.0
3159	3.0
3168	3.0
3175	4.0
3178	5.0
3198	4.0
3244	4.0
3247	4.0
3250	4.0
3251	3.0
3252	3.0
3255	5.0
3256	4.5
3258	4.0
3259	3.0
3268	4.0
3269	4.0
3296	3.5
3301	4.0
3328	5.0
3334	5.0
3341	4.0
3347	4.0
3359	4.0
3360	4.0
3361	4.0
3386	3.0
3392	2.0
3408	4.0
3412	4.0
3418	4.0
3420	4.0
3430	4.0
3436	4.0
3438	3.0
3441	3.0
3448	3.0
3451	3.0
3452	4.0
3468	4.0
3471	5.0
3476	4.0
3478	4.0
3479	4.0
3484	4.0
3489	4.0
3494	4.0
3499	4.0
3500	3.0
3501	4.5
3503	4.0
3508	5.0
3510	5.0
3512	5.0
3513	4.0
3543	3.0
3578	4.5
3591	3.0
3598	4.0
3615	3.0
3654	4.0
3668	4.0
3671	4.0
3672	4.0
3682	3.0
3684	3.0
3685	4.0
3686	3.0
3705	3.0
3723	4.0
3733	4.0
3735	5.0
3740	4.0
3753	4.5
3755	4.0
3784	5.0
3786	4.0
3799	2.0
3801	4.0
3809	3.0
3827	5.0
3841	3.0
3844	5.0
3873	3.0
3893	4.0
3897	4.0
3911	3.0
3916	4.0
3927	3.0
3948	1.0
3952	4.0
3953	2.0
3959	4.0
3969	5.0
3980	4.0
3988	2.0
3994	5.0
3996	4.0
3998	4.0
4008	4.0
4010	3.0
4016	4.0
4018	4.0
4019	4.0
4022	4.5
4023	4.0
4025	3.0
4027	4.0
4031	3.0
4033	5.0
4034	5.0
4039	4.0
4041	5.0
4161	4.0
4211	4.0
4226	4.0
4232	2.0
4246	3.0
4263	4.0
4291	3.5
4292	4.0
4305	4.0
4306	4.0
4308	4.0
4310	5.0
4321	4.0
4326	4.0
4327	5.0
4329	5.0
4339	4.5
4344	3.0
4361	4.0
4366	3.0
4368	3.0
4396	3.5
4406	4.0
4427	2.0
4447	3.0
4448	4.0
4465	4.0
4498	3.0
4499	4.0
4535	5.0
4557	3.5
4564	5.0
4623	4.0
4638	3.0
4643	4.0
4654	3.5
4661	4.0
4678	3.0
4679	3.0
4700	3.0
4718	4.0
4734	2.0
4776	3.5
4812	3.0
4815	4.0
4816	3.0
4835	4.0
4848	4.0
4857	5.0
4874	4.5
4880	5.0
4881	3.5
4886	4.0
4890	3.0
4896	4.0
4901	3.0
4912	4.0
4954	4.0
4963	4.0
4975	4.0
4979	4.0
4990	3.0
4992	3.0
4993	4.0
4994	4.0
4995	4.5
5008	4.0
5010	3.5
5013	4.0
5016	4.0
5021	2.0
5034	3.5
5055	4.0
5064	5.0
5093	3.0
5107	4.0
5108	3.0
5127	4.0
5152	5.0
5214	4.0
5218	4.0
5220	4.0
5222	4.0
5237	3.0
5267	5.0
5282	4.0
5293	4.0
5296	3.0
5299	3.0
5303	4.0
5316	4.0
5349	4.0
5364	4.0
5377	4.0
5378	3.0
5380	3.0
5385	3.0
5388	4.0
5400	4.0
5415	4.0
5418	4.0
5420	5.0
5444	4.0
5445	5.0
5450	4.0
5459	4.0
5464	5.0
5478	3.0
5479	3.0
5502	5.0
5506	5.0
5507	4.0
5524	4.0
5541	4.0
5572	3.0
5610	3.0
5620	3.0
5693	4.0
5707	5.0
5791	4.0
5816	4.0
5881	4.0
5882	4.0
5941	3.0
5944	4.0
5945	3.0
5952	3.0
5955	4.0
5970	4.0
5991	5.0
6013	3.0
6059	4.0
6155	4.0
6157	4.0
6170	4.0
6212	3.0
6213	5.0
6218	3.5
6238	3.0
6239	3.0
6281	4.0
6287	3.0
6303	4.0
6322	4.0
6323	2.5
6365	4.0
6367	3.0
6377	4.0
6378	4.0
6385	4.0
6484	4.0
6539	4.0
6541	2.5
6565	5.0
6591	4.0
6593	2.5
6595	3.5
6617	4.5
6624	3.5
6639	4.0
6711	3.5
6753	4.5
6777	4.0
6787	4.0
6863	3.5
6870	4.0
6873	4.0
6889	3.0
6936	4.0
6947	4.5
6950	4.5
6974	4.0
6979	4.0
6986	5.0
6993	3.5
7000	3.5
7018	4.5
7027	4.0
7073	4.0
7076	3.5
7102	4.0
7143	5.0
7149	4.0
7153	3.5
7160	5.0
7247	3.5
7263	4.5
7369	3.0
7445	5.0
7458	4.0
7560	4.0
7698	3.5
8228	5.0
8360	4.0
8368	4.5
8373	3.0
8493	4.0
8633	3.0
8636	4.0
8665	5.0
8783	4.0
