1	4.5
6	4.5
10	4.5
11	3.5
16	3.5
19	4.0
32	4.0
34	4.0
47	4.5
50	5.0
62	3.5
87	3.0
101	3.5
104	4.5
145	4.0
165	4.5
168	3.5
180	3.5
216	4.0
223	3.5
231	5.0
260	4.5
293	4.5
296	4.0
317	5.0
318	4.5
333	4.5
344	4.0
356	4.0
364	4.5
368	4.5
374	4.0
377	3.5
413	3.0
457	4.5
474	4.0
484	3.5
500	4.0
541	3.0
575	4.0
586	5.0
588	4.0
589	4.5
592	4.0
593	4.0
594	4.5
595	4.5
596	4.0
648	5.0
673	4.5
733	4.5
780	4.0
784	3.5
836	4.0
837	3.5
858	4.0
881	3.5
912	5.0
913	4.5
919	4.5
953	3.5
954	3.0
1005	4.0
1012	3.5
1013	3.0
1020	4.0
1021	4.0
1022	4.0
1028	4.0
1033	4.0
1035	4.5
1036	4.5
1061	3.5
1073	5.0
1077	3.5
1079	3.0
1089	3.5
1101	5.0
1136	3.5
1193	3.0
1196	5.0
1197	3.5
1198	5.0
1213	4.0
1225	3.5
1230	4.0
1234	5.0
1240	4.0
1262	4.5
1265	4.0
1266	3.5
1270	4.0
1291	5.0
1302	4.0
1304	4.0
1359	3.5
1367	4.5
1370	4.5
1371	3.5
1374	4.0
1387	4.0
1393	4.5
1438	4.0
1459	4.5
1466	3.5
1485	4.0
1488	3.5
1552	4.5
1573	4.0
1580	4.0
1592	3.5
1597	4.0
1608	4.5
1617	4.5
1619	3.0
1639	3.5
1665	4.0
1672	4.5
1682	3.5
1702	3.0
1704	5.0
1721	4.0
1722	5.0
1732	3.0
1753	2.5
1777	3.5
1784	4.0
1883	3.5
1884	2.0
1911	3.0
1918	4.0
1921	4.0
1923	3.5
1961	4.5
2000	4.5
2001	4.0
2002	4.0
2019	3.5
2042	4.5
2051	4.0
2054	3.5
2057	4.0
2059	3.5
2078	4.0
2080	4.0
2082	4.5
2087	4.0
2094	3.5
2115	5.0
2135	3.0
2142	3.5
2169	4.0
2194	4.0
2195	4.0
2231	4.5
2268	4.0
2273	4.0
2291	3.5
2329	4.0
2335	3.5
2340	4.0
2353	4.0
2371	4.0
2394	4.0
2431	4.0
2502	4.0
2539	4.0
2541	4.0
2542	4.0
2571	5.0
2605	4.0
2622	3.0
2628	4.5
2694	4.0
2701	4.0
2702	4.0
2707	3.5
2712	3.5
2716	3.5
2717	3.5
2762	4.0
2763	5.0
2804	2.5
2846	4.0
2858	4.0
2915	3.0
2947	4.0
2948	4.0
2949	4.5
2953	5.0
2959	5.0
2997	4.0
3006	4.0
3033	3.5
3039	3.5
3052	4.0
3081	4.0
3087	4.0
3114	3.5
3146	3.5
3157	2.5
3159	3.5
3160	3.5
3174	4.0
3176	3.5
3275	3.5
3298	3.5
3300	4.0
3301	4.0
3316	4.0
3360	4.0
3448	4.0
3481	3.5
3484	4.5
3489	4.5
3510	4.0
3552	3.5
3578	4.5
3608	4.0
3623	4.5
3633	3.5
3702	3.0
3751	2.5
3752	4.0
3753	4.0
3793	4.5
3916	3.5
3948	4.0
3949	3.0
3979	3.5
3988	4.0
3994	3.5
3996	3.5
4007	4.5
4011	4.5
4014	4.0
4018	4.0
4027	4.0
4034	3.0
4226	3.5
4232	4.0
4234	3.5
4239	4.0
4247	3.5
4262	4.0
4270	3.0
4299	4.0
4306	4.5
4308	4.0
4310	4.0
4344	4.5
4369	4.5
4370	3.5
4448	4.0
4502	3.5
4519	4.0
4701	3.5
4728	3.5
4734	4.0
4816	4.0
4844	4.0
4865	3.5
4874	4.0
4878	4.0
4886	4.0
4889	4.0
4890	3.5
4901	4.5
4958	4.0
4963	4.5
4975	3.5
4979	3.5
4993	4.5
4995	4.5
5014	4.0
5064	4.5
5066	3.5
5102	4.0
5108	4.0
5110	4.0
5219	4.0
5265	4.5
5282	4.0
5293	3.5
5299	4.0
5349	4.5
5364	3.5
5378	4.0
5388	5.0
5414	4.0
5418	5.0
5445	4.0
5449	4.0
5464	4.5
5480	2.0
5481	3.5
5502	4.5
5504	3.5
5507	5.0
5528	4.0
5574	4.5
5611	3.5
5621	2.0
5785	4.0
5803	3.5
5804	4.0
5872	4.5
5902	4.5
5942	3.5
5952	4.5
5954	3.5
5956	4.5
5989	4.5
6016	3.5
6059	4.0
6156	4.0
6188	4.0
6287	3.5
6294	3.5
6323	3.5
6333	4.0
6365	4.0
6373	4.5
6377	4.5
6378	4.5
6383	4.0
6482	2.5
6484	3.5
6534	3.5
6537	4.0
6539	4.0
6548	4.0
6550	4.0
6593	3.5
6595	4.0
6708	3.5
6709	3.5
6711	3.5
6743	4.0
6753	3.0
6754	4.0
6764	4.0
6793	3.5
6863	3.5
6870	3.5
6874	4.5
6879	4.0
6887	4.0
6934	4.0
6936	4.0
6947	3.5
6951	3.0
6952	4.0
6957	3.5
7090	4.5
7143	4.0
7147	4.0
7153	4.5
7163	3.5
7173	3.0
7254	4.0
7317	3.5
7318	4.5
7325	4.0
7361	4.0
7366	4.0
7367	2.0
7376	4.0
7381	4.0
7438	4.0
7439	4.0
7445	4.0
7451	4.0
7454	3.5
7458	4.5
7569	4.5
8228	4.0
8360	4.0
8371	3.5
8376	3.5
8528	3.5
8529	4.0
8533	3.5
8636	4.0
8641	4.0
8644	4.0
8665	5.0
8781	3.5
8783	3.0
8784	3.5
8798	3.5
8810	3.5
8860	4.0
8861	3.5
8865	3.0
8910	3.0
8917	3.0
8947	3.0
8949	3.5
8957	3.5
8961	4.0
8965	3.5
8968	4.0
8970	4.0
8972	4.5
8981	3.0
8983	4.5
8984	3.5
27706	3.5
27808	4.0
27821	4.0
27831	3.5
30707	4.0
30793	4.0
30810	3.0
30812	4.5
30816	3.5
30825	4.0
31225	4.0
31427	3.0
31685	4.0
32017	3.0
32587	4.0
32596	3.0
33004	2.5
33158	3.5
33166	4.5
33493	5.0
33615	4.0
33646	3.5
33679	4.5
33794	5.0
33836	3.5
34150	4.0
34162	4.5
34319	4.0
34338	3.0
34405	4.5
34532	3.0
34534	4.0
35836	4.5
35957	4.5
36519	4.0
36525	3.5
36529	4.0
36708	3.5
37384	3.0
37727	4.0
37729	3.5
37733	3.5
38061	3.5
39444	3.5
40583	3.5
40614	4.0
41569	4.5
41716	4.0
42002	3.5
42007	3.5
42011	4.0
42738	4.0
43836	3.5
43871	4.0
44004	3.5
44191	4.5
44195	4.5
44199	4.5
44665	4.5
45186	4.5
45447	3.5
45499	4.5
45517	4.0
45720	4.0
45722	4.0
45726	4.0
45728	3.5
46335	3.0
46530	4.0
46723	3.5
46972	3.5
47099	4.0
47200	3.5
47518	3.5
48043	3.5
48142	2.5
48322	4.0
48385	4.0
48394	3.5
48516	4.5
48738	3.5
48774	2.5
48780	4.0
49272	5.0
49278	4.0
49530	4.5
50601	3.5
50794	3.5
50872	4.5
51077	3.5
51086	3.5
51091	3.5
51255	3.5
51412	4.0
51540	4.0
51662	4.5
51935	4.0
52245	3.5
52604	4.5
52722	4.5
52973	4.5
53121	3.5
53123	3.5
53129	3.5
53322	4.5
53972	4.5
53993	4.0
53996	3.5
54004	3.5
54272	4.0
54286	5.0
54503	3.5
54648	3.5
54997	3.5
54999	3.5
55094	3.5
55118	3.5
55247	3.5
55267	4.0
55276	4.0
55290	5.0
55363	3.0
55765	4.0
55805	3.5
55820	4.0
55830	3.0
55995	3.5
56145	3.0
56156	4.0
56174	4.0
56333	3.0
56367	4.0
56757	4.0
56775	4.5
56782	3.5
56788	4.5
57640	3.5
57669	4.0
58154	3.5
58295	4.5
58559	4.5
58803	4.0
58998	4.0
59022	3.5
59315	5.0
59369	4.5
59421	4.0
59501	4.5
59615	4.0
59784	4.0
60069	4.5
60072	4.0
60074	4.0
60126	4.0
60684	3.5
60756	3.5
61024	3.0
61132	3.0
61248	3.5
61323	4.0
61350	4.0
61729	3.5
62081	4.0
62374	4.5
62394	4.0
62434	4.0
62849	4.0
62999	3.5
63082	4.0
63113	4.5
63131	4.0
63992	3.0
64030	4.5
64614	4.5
64716	4.0
64839	4.0
64957	4.0
64969	4.5
64983	3.0
65088	3.5
65230	4.0
65682	4.0
66171	4.0
66203	4.0
66509	4.0
67087	4.0
67197	3.0
67734	3.0
67923	4.5
68135	3.5
68157	4.5
68159	5.0
68205	3.5
68319	4.5
68358	5.0
68791	4.5
68954	4.5
69122	4.5
69306	4.0
69481	4.0
69526	3.5
69640	4.0
69784	3.5
69951	4.0
70183	4.0
70286	4.0
70336	3.5
71264	3.5
71520	3.5
71535	4.0
71838	4.0
72011	4.5
72226	3.5
72395	4.0
72407	4.0
72733	4.0
73017	4.5
73266	3.5
74458	4.5
74789	4.0
76093	4.5
78499	4.5
78637	4.0
79132	5.0
79592	4.5
80489	4.0
81591	4.0
81845	4.5
82459	4.0
86880	4.0
