1	5.0
2	3.5
3	4.0
5	2.0
10	5.0
11	2.0
13	2.5
16	4.5
19	3.0
21	4.0
24	4.0
32	1.0
34	0.5
36	4.0
39	2.0
44	5.0
47	2.0
48	2.0
62	0.5
69	4.0
104	5.0
107	3.5
110	1.0
111	2.0
112	4.5
145	4.5
153	4.5
158	3.0
165	5.0
170	2.5
180	3.5
185	2.0
186	1.0
208	0.5
215	5.0
216	4.0
223	3.0
231	2.5
235	4.0
239	4.5
252	4.5
256	1.5
260	5.0
293	5.0
296	5.0
317	3.0
318	4.0
333	4.5
337	4.5
344	5.0
353	2.0
355	1.5
356	3.5
361	2.5
362	1.0
364	5.0
367	4.5
370	5.0
374	3.0
377	5.0
410	2.0
413	1.5
420	3.0
434	4.0
435	2.0
457	4.5
480	3.0
500	4.5
502	4.5
519	3.0
520	3.5
524	3.0
527	5.0
539	1.5
541	5.0
543	3.0
551	5.0
558	4.5
585	2.0
586	3.5
587	4.0
588	5.0
589	4.0
590	0.5
592	5.0
594	5.0
595	4.5
596	5.0
597	4.0
608	4.0
616	3.0
631	2.5
648	5.0
653	2.0
661	3.5
673	2.0
708	2.5
709	3.5
720	1.0
736	4.5
741	5.0
743	2.5
745	1.0
750	4.0
762	4.5
780	4.0
783	2.5
784	2.0
785	3.0
788	4.0
805	3.5
837	1.5
849	2.5
858	4.0
880	4.0
888	3.0
899	4.5
909	3.0
919	5.0
924	5.0
986	1.5
1017	4.0
1020	1.5
1021	1.0
1022	1.5
1024	5.0
1025	3.5
1028	1.0
1029	1.5
1030	2.5
1031	3.0
1032	3.5
1033	5.0
1036	5.0
1049	2.5
1059	3.5
1060	3.0
1064	3.5
1073	3.0
1080	5.0
1088	3.5
1089	5.0
1090	4.5
1097	3.5
1101	2.0
1125	3.5
1129	3.0
1136	5.0
1148	1.0
1196	5.0
1198	5.0
1200	3.5
1210	5.0
1213	4.5
1214	4.0
1215	4.5
1220	1.5
1221	4.0
1223	0.5
1240	4.0
1241	3.0
1255	3.0
1258	4.0
1259	0.5
1261	4.0
1263	3.5
1265	4.5
1270	5.0
1274	5.0
1276	5.0
1278	3.5
1282	5.0
1291	5.0
1307	2.0
1333	1.0
1339	2.0
1350	2.5
1367	0.5
1370	3.0
1374	3.0
1377	3.0
1380	4.5
1387	2.0
1391	4.5
1405	2.0
1407	2.0
1459	3.5
1485	4.0
1517	5.0
1527	3.0
1544	3.5
1562	0.5
1566	4.0
1569	1.5
1580	5.0
1591	3.0
1592	0.5
1608	5.0
1610	3.5
1617	2.5
1625	3.0
1639	3.0
1644	3.0
1645	3.0
1646	0.5
1665	2.0
1676	3.5
1682	4.0
1688	3.5
1693	1.0
1704	3.5
1717	1.5
1721	4.5
1722	4.0
1729	3.5
1732	4.5
1777	5.0
1784	2.5
1801	4.5
1805	3.0
1831	2.0
1882	2.0
1884	4.0
1907	4.5
1911	4.5
1917	4.5
1918	4.0
1920	4.5
1923	4.0
1927	3.5
1954	5.0
1961	4.5
1967	5.0
1968	5.0
1991	2.5
1992	2.5
1993	2.5
2000	4.0
2001	4.5
2002	3.5
2003	5.0
2004	4.0
2005	5.0
2006	3.5
2011	4.5
2012	3.0
2013	1.0
2018	1.0
2023	2.0
2028	2.5
2033	4.0
2048	5.0
2053	0.5
2054	3.5
2060	2.0
2078	4.5
2080	2.5
2081	5.0
2082	0.5
2083	4.0
2085	5.0
2087	4.0
2089	2.0
2090	5.0
2092	2.5
2093	3.0
2096	1.5
2099	3.5
2100	3.0
2102	5.0
2105	4.5
2114	4.5
2115	5.0
2116	3.0
2123	4.0
2124	3.5
2133	5.0
2137	2.5
2139	4.5
2140	5.0
2141	3.5
2142	4.0
2152	0.5
2153	2.0
2154	3.0
2161	5.0
2167	4.5
2170	3.5
2174	5.0
2186	2.5
2268	4.0
2273	5.0
2291	5.0
2294	5.0
2302	5.0
2311	2.5
2313	1.0
2329	5.0
2335	4.0
2338	3.0
2353	4.5
2354	3.5
2355	5.0
2363	3.5
2378	3.5
2379	2.0
2380	1.5
2381	1.0
2382	0.5
2383	0.5
2384	1.5
2394	3.5
2403	4.0
2406	3.5
2409	4.5
2413	3.5
2420	5.0
2421	4.0
2422	3.0
2423	4.5
2424	3.5
2431	5.0
2470	4.5
2471	4.0
2485	3.0
2490	3.5
2501	4.0
2502	5.0
2529	4.5
2530	2.5
2539	4.0
2542	0.5
2555	0.5
2571	5.0
2572	3.0
2605	3.5
2606	3.0
2617	4.5
2628	4.0
2640	5.0
2641	3.0
2648	3.0
2683	3.5
2687	5.0
2693	2.0
2694	3.5
2700	5.0
2701	0.5
2706	5.0
2710	1.0
2716	5.0
2717	2.5
2720	2.0
2722	2.5
2723	2.0
2761	4.5
2762	3.0
2791	5.0
2792	4.0
2795	4.5
2797	3.0
2798	1.0
2799	1.0
2804	5.0
2808	4.0
2810	4.5
2846	1.0
2857	3.5
2858	4.5
2871	2.5
2872	4.0
2899	4.0
2916	4.0
2918	4.0
2924	3.0
2947	5.0
2948	4.5
2953	0.5
2959	5.0
2985	4.5
2986	2.5
2987	5.0
3000	5.0
3020	3.5
3033	5.0
3034	5.0
3054	2.5
3072	0.5
3081	2.0
3082	4.5
3087	4.0
3114	4.5
3146	3.0
3147	5.0
3157	0.5
3159	4.5
3174	2.0
3175	3.0
3179	3.5
3186	4.5
3189	2.5
3210	3.0
3247	0.5
3253	1.5
3254	1.5
3273	0.5
3275	3.5
3300	3.0
3301	2.0
3396	3.5
3397	4.0
3398	4.0
3408	3.0
3409	3.5
3421	3.0
3438	5.0
3448	2.5
3450	5.0
3452	4.5
3461	2.5
3469	4.0
3471	4.0
3478	2.0
3483	3.0
3489	4.5
3507	4.5
3527	3.0
3535	3.5
3552	4.0
3554	3.5
3578	4.5
3593	0.5
3608	0.5
3615	3.5
3617	4.5
3623	4.5
3624	5.0
3697	3.5
3702	3.5
3703	4.5
3717	3.5
3744	2.5
3745	2.5
3751	4.0
3752	3.0
3753	3.5
3754	1.5
3773	3.0
3785	4.5
3793	5.0
3798	1.0
3799	3.0
3825	2.0
3826	3.0
3861	3.5
3868	5.0
3869	4.5
3882	2.5
3911	2.0
3916	3.0
3948	5.0
3949	4.5
3968	3.0
3972	3.5
3977	3.5
3981	1.5
3986	4.0
3988	4.5
3990	4.0
3994	3.5
3996	5.0
3999	5.0
4002	1.5
4006	3.0
4011	3.0
4015	3.5
4016	4.0
4018	2.5
4019	4.5
4022	5.0
4023	2.5
4025	2.5
4027	5.0
4052	1.5
4054	3.0
4069	1.0
4084	3.0
4085	4.0
4090	5.0
4102	4.0
4105	3.5
4158	2.5
4214	3.5
4215	3.0
4218	4.0
4223	4.5
4232	2.5
4239	4.5
4246	3.5
4262	3.5
4270	4.0
4299	1.5
4306	5.0
4308	3.5
4310	3.0
4340	0.5
4343	3.0
4344	3.0
4366	4.0
4367	4.0
4369	4.0
4370	4.5
4388	2.5
4446	4.5
4447	1.5
4519	3.5
4558	0.5
4571	2.5
4616	0.5
4621	1.5
4638	2.5
4643	4.5
4679	2.5
4701	4.5
4718	4.0
4720	1.0
4728	3.0
4734	4.5
4816	2.0
4846	3.5
4878	2.0
4886	5.0
4887	4.0
4890	4.0
4896	4.0
4963	5.0
4973	4.0
4979	3.0
4980	0.5
4990	4.0
4993	5.0
5009	1.5
5010	3.5
5014	4.0
5025	3.5
5039	2.5
5047	3.5
5049	3.5
5055	5.0
5066	3.5
5072	2.5
5093	3.5
5110	4.0
5135	0.5
5146	2.0
5151	1.5
5159	4.0
5171	4.5
5218	5.0
5219	4.5
5254	4.0
5264	3.0
5266	4.0
5292	0.5
5299	4.0
5313	3.5
5349	5.0
5378	5.0
5388	3.5
5400	3.0
5418	5.0
5419	3.0
5444	5.0
5445	4.0
5449	4.5
5452	2.0
5459	3.0
5463	3.5
5464	2.0
5481	4.0
5500	3.0
5502	5.0
5507	5.0
5508	4.5
5523	0.5
5528	5.0
5572	1.0
5574	3.0
5609	0.5
5618	5.0
5620	3.0
5650	3.5
5669	2.5
5673	0.5
5679	2.5
5693	2.0
5785	4.0
5803	3.0
5810	4.5
5816	4.0
5872	5.0
5879	5.0
5882	4.5
5900	2.5
5902	3.5
5903	5.0
5945	4.5
5952	5.0
5956	5.0
5971	5.0
5989	3.5
5991	4.0
5995	4.5
6016	1.0
6155	3.0
6156	5.0
6157	4.5
6188	5.0
6218	3.5
6242	2.5
6281	5.0
6283	5.0
6287	4.0
6294	4.5
6297	5.0
6333	5.0
6350	5.0
6365	5.0
6373	4.0
6377	5.0
6378	4.0
6383	0.5
6482	2.0
6484	0.5
6502	2.5
6503	4.0
6534	0.5
6537	1.5
6539	5.0
6541	5.0
6548	4.5
6550	0.5
6564	4.0
6566	1.0
6586	4.0
6587	0.5
6593	3.0
6595	3.5
6615	0.5
6618	5.0
6645	4.5
6659	3.0
6663	2.0
6708	3.0
6709	4.5
6711	4.5
6721	5.0
6731	2.5
6753	4.5
6754	4.5
6764	5.0
6793	0.5
6794	0.5
6807	4.5
6857	5.0
6862	1.5
6863	5.0
6870	3.0
6874	5.0
6880	1.5
6887	3.5
6888	3.0
6889	3.5
6934	4.5
6936	5.0
6944	4.0
6947	0.5
6950	2.5
6951	2.0
6952	0.5
6957	4.5
6959	1.5
6987	3.0
7004	0.5
7022	4.5
7036	3.0
7073	3.5
7090	5.0
7099	5.0
7104	1.0
7143	5.0
7147	5.0
7149	3.0
7150	3.0
7153	5.0
7154	1.0
7158	4.0
7160	3.0
7161	2.5
7162	4.5
7163	3.5
7164	3.5
7173	3.5
7247	3.5
7254	5.0
7255	0.5
7263	0.5
7285	4.0
7293	5.0
7317	1.0
7318	3.5
7323	2.5
7325	5.0
7346	4.5
7360	4.5
7361	3.5
7362	0.5
7367	4.5
7369	0.5
7373	5.0
7376	0.5
7381	1.0
7386	2.5
7387	3.5
7438	5.0
7439	2.5
7444	3.5
7445	4.0
7451	3.0
7454	5.0
7482	5.0
7569	3.0
7570	4.0
7618	4.0
7701	1.5
7802	1.0
7934	3.0
7981	4.5
8132	2.0
8253	4.0
8360	5.0
8361	4.0
8368	4.0
8371	4.0
8372	3.5
8376	3.5
8464	5.0
8526	2.0
8528	5.0
8529	5.0
8622	3.0
8636	5.0
8638	4.0
8640	4.0
8641	5.0
8644	5.0
8665	4.0
8666	1.0
8783	1.0
8784	4.0
8798	5.0
8807	5.0
8810	4.5
8814	1.0
8860	4.0
8861	4.0
8865	0.5
8874	5.0
8907	4.0
8910	5.0
8914	5.0
8917	5.0
8947	4.0
8950	5.0
8957	3.0
8958	4.0
8961	5.0
8965	1.0
8968	3.5
8970	2.5
8972	5.0
8974	3.5
8977	1.5
8983	5.0
8984	4.0
8985	4.0
26152	1.0
26662	5.0
26776	5.0
27660	4.5
27706	3.0
27728	5.0
27772	4.0
27801	5.0
27808	5.0
27821	4.5
27837	4.0
27838	5.0
27839	3.0
27904	4.5
30707	5.0
30749	4.5
30793	2.0
30810	4.5
30812	4.0
30816	4.5
30822	4.5
30825	4.5
31184	3.0
31221	3.0
31225	3.5
31420	2.0
31658	5.0
31685	5.0
31696	5.0
31878	5.0
32019	1.5
32029	5.0
32031	4.0
32587	5.0
32598	2.0
33004	4.0
33085	0.5
33162	5.0
33166	5.0
33437	5.0
33493	5.0
33615	3.5
33646	3.5
33660	1.0
33679	5.0
33794	5.0
33836	2.0
34048	5.0
34150	3.5
34162	5.0
34319	5.0
34332	3.5
34336	2.5
34338	0.5
34405	2.0
34437	3.0
34520	3.0
34532	0.5
34534	4.0
35836	5.0
35957	4.0
36519	4.0
36527	2.5
36529	4.5
36535	4.5
36708	4.5
37380	4.0
37382	3.5
37384	5.0
37386	3.5
37720	3.5
37727	2.5
37729	5.0
37733	2.5
37741	5.0
37830	5.0
38038	1.0
38061	4.5
38886	5.0
39183	0.5
39292	1.0
39381	4.5
39435	3.5
39444	4.0
39446	1.5
39715	3.5
40278	3.0
40581	4.0
40583	3.0
40614	4.0
40815	4.5
40819	0.5
41566	3.5
41569	5.0
41571	5.0
41716	4.5
41997	0.5
42004	2.5
42007	2.5
42011	4.5
42718	5.0
42725	5.0
42734	0.5
42738	5.0
43396	3.5
43560	1.0
43679	3.0
43836	1.5
43871	3.0
43919	2.5
43936	4.5
44004	1.0
44022	4.0
44191	5.0
44195	4.0
44199	5.0
44397	3.5
44665	5.0
44788	2.0
44828	1.0
44972	4.0
44974	3.5
45081	3.5
45186	5.0
45210	1.0
45431	5.0
45442	4.5
45447	4.5
45499	5.0
45501	3.0
45517	4.0
45666	5.0
45672	5.0
45720	1.0
45722	5.0
45726	2.0
45728	4.5
45730	0.5
45732	2.5
45928	2.0
45950	1.0
46322	5.0
46335	5.0
46530	5.0
46578	4.5
46723	4.5
46948	2.0
46965	5.0
46970	4.0
46972	0.5
46974	5.0
46976	3.5
47044	2.5
47099	5.0
47200	5.0
47518	5.0
47610	5.0
47644	1.0
48043	3.5
48082	4.0
48142	5.0
48304	0.5
48322	5.0
48385	4.5
48394	2.5
48516	4.5
48696	3.5
48738	3.5
48774	5.0
48780	4.5
48877	3.5
48982	1.0
48997	1.5
49272	5.0
49274	4.0
49278	5.0
49286	3.5
49396	5.0
49530	4.5
49651	5.0
49772	1.5
49822	4.0
49961	4.0
50189	0.5
50442	4.0
50794	5.0
50798	0.5
50872	4.0
50912	4.0
51077	4.5
51080	0.5
51086	4.5
51091	0.5
51255	5.0
51412	1.5
51575	2.0
51662	2.5
51709	2.5
51931	2.0
51935	0.5
52245	0.5
52281	5.0
52287	1.5
52328	5.0
52458	4.5
52722	0.5
52885	3.0
52973	5.0
52975	4.0
53000	4.0
53121	1.0
53125	4.0
53322	4.5
53464	3.5
53519	3.5
53550	4.0
53894	4.0
53953	3.5
53972	2.0
53993	0.5
53996	4.5
54004	4.5
54190	5.0
54272	5.0
54281	3.5
54286	4.5
54503	3.5
54648	1.5
54881	2.0
54995	4.5
54997	4.5
54999	3.0
55232	1.5
55267	4.5
55269	5.0
55280	4.5
55577	2.0
55765	2.5
55768	1.5
55805	2.5
55820	4.0
55830	3.0
56174	2.5
56251	4.5
56367	3.0
56587	2.5
56782	4.5
56805	3.0
57368	3.0
57528	2.0
57669	4.0
58025	1.5
58103	2.0
58162	4.0
58299	1.5
58559	5.0
58803	3.5
58998	3.5
59022	1.5
59315	3.5
59421	1.0
59615	3.5
59900	0.5
60037	1.5
60040	3.0
60069	4.5
60072	4.5
60074	3.5
60126	3.0
