2	2.0
18	3.0
21	3.0
25	4.0
29	4.0
32	3.5
45	3.5
47	4.5
50	4.5
70	3.5
97	4.5
110	3.5
123	4.0
152	3.0
153	2.0
161	3.5
170	3.0
172	2.0
175	4.0
235	4.0
247	3.0
253	3.0
260	4.0
280	3.5
288	3.5
290	4.0
296	4.5
300	3.5
307	3.0
318	5.0
319	3.5
332	2.5
356	2.0
412	4.0
474	3.5
475	3.5
480	4.0
485	3.5
522	3.5
527	4.0
541	4.0
551	3.0
590	4.0
592	3.0
593	4.0
599	3.5
610	2.5
648	3.5
665	4.0
714	3.5
741	3.5
750	3.5
765	1.5
778	4.5
799	2.5
851	4.0
903	4.0
904	3.5
910	4.0
923	3.5
924	4.5
968	3.5
991	3.5
996	3.5
1059	3.0
1061	2.5
1080	3.5
1082	3.5
1089	3.5
1090	3.5
1094	3.5
1111	3.5
1120	3.5
1129	3.5
1136	4.0
1175	4.0
1178	3.5
1196	4.0
1198	3.5
1199	4.5
1200	3.5
1201	4.5
1206	4.0
1208	4.0
1209	3.5
1210	4.0
1213	4.0
1214	5.0
1215	3.0
1222	4.5
1228	3.5
1241	4.5
1244	2.5
1251	3.5
1255	3.5
1258	3.5
1261	4.0
1266	4.0
1273	3.0
1274	3.5
1277	3.5
1280	4.0
1288	3.5
1289	4.0
1320	3.5
1345	4.5
1348	3.5
1377	4.0
1393	3.0
1394	3.0
1405	3.0
1464	4.0
1466	4.0
1483	3.5
1485	2.0
1500	3.0
1513	1.5
1517	3.5
1527	4.0
1562	1.5
1588	3.0
1590	3.5
1591	2.0
1617	4.5
1625	3.5
1627	3.5
1653	4.0
1673	4.0
1676	2.0
1690	3.5
1701	3.0
1704	3.0
1729	4.0
1732	4.0
1747	2.5
1748	3.5
1754	3.5
1779	2.0
1784	3.0
1809	4.0
1831	2.0
1844	4.0
1883	3.5
1884	4.0
1904	3.0
1909	3.5
1916	3.5
1917	3.0
1921	4.0
1923	4.0
1960	4.0
1980	1.5
1982	2.5
1994	3.0
1997	3.0
2006	3.5
2010	4.0
2019	3.5
2020	3.5
2021	2.5
2028	3.5
2058	4.0
2076	3.5
2126	3.0
2153	1.5
2160	4.0
2167	4.0
2174	3.5
2176	3.5
2232	3.5
2273	3.0
2278	3.0
2288	3.5
2291	3.0
2311	3.0
2313	4.0
2318	3.5
2324	3.0
2325	2.5
2328	3.5
2329	5.0
2334	3.0
2353	3.0
2356	3.0
2391	3.5
2395	4.0
2427	4.0
2455	3.5
2459	4.0
2467	4.0
2488	3.5
2492	1.0
2505	4.0
2529	4.0
2541	2.5
2561	3.5
2571	5.0
2572	2.0
2594	4.5
2600	4.0
2628	2.5
2641	1.5
2660	3.5
2683	3.5
2692	4.5
2700	4.5
2701	1.5
2702	4.0
2706	2.5
2710	4.0
2712	3.5
2713	3.0
2719	2.0
2732	3.5
2761	3.5
2762	4.0
2769	3.0
2788	2.5
2826	2.0
2858	5.0
2890	4.0
2951	3.5
2959	4.0
2966	3.0
2976	3.5
2995	3.0
2997	4.0
3000	3.5
3005	3.0
3006	3.5
3018	3.5
3052	2.0
3053	3.0
3075	3.5
3081	4.0
3114	3.5
3115	3.0
3146	2.0
3147	3.5
3160	4.0
3173	4.0
3174	3.0
3178	3.0
3181	3.0
3198	3.0
3204	3.5
3285	3.0
3300	3.5
3317	3.5
3328	4.0
3355	3.5
3386	4.0
3462	3.0
3481	3.5
3503	4.0
3510	3.0
3521	3.5
3527	3.5
3535	4.0
3556	3.0
3578	4.0
3617	2.5
3623	3.5
3676	4.0
3677	3.5
3681	3.5
3693	3.0
3717	2.5
3740	4.0
3744	2.5
3745	3.5
3751	3.5
3752	2.5
3753	2.0
3785	3.5
3793	4.0
3825	1.0
3826	3.0
3858	2.0
3863	3.5
3897	4.5
3916	2.5
3917	2.0
3949	4.0
3968	2.5
3977	3.5
3981	3.0
3986	3.0
3993	3.0
3994	3.5
3996	4.5
4011	4.0
4020	3.0
4022	3.0
4025	2.0
4034	3.5
4036	3.5
4077	3.0
4105	3.0
4144	2.5
4148	3.0
4223	3.0
4226	4.5
4235	3.5
4255	2.5
4299	3.0
4306	4.0
4308	3.5
4310	2.0
4340	1.5
4344	3.5
4366	2.5
4367	2.0
4369	3.0
4370	3.5
4388	2.0
4446	3.0
4448	2.0
4624	4.0
4639	1.0
4641	3.0
4642	3.5
4643	3.0
4701	3.0
4718	1.5
4720	4.0
4728	2.5
4734	2.5
4744	3.5
4757	3.0
4776	4.0
4846	3.0
4848	4.0
4874	3.5
4878	4.0
4881	4.0
4886	4.0
4887	1.5
4889	2.5
4890	3.0
4896	3.0
4901	3.0
4902	3.5
4963	3.5
4973	4.5
4975	2.5
4979	4.5
4993	4.5
4995	2.5
5010	3.5
5014	3.5
5025	2.5
5026	4.0
5064	3.0
5074	3.0
5094	2.0
5108	3.0
5128	2.0
5152	3.0
5171	1.5
5218	2.5
5219	3.5
5254	3.0
5265	3.0
5266	3.5
5298	3.0
5349	2.5
5378	3.0
5379	3.0
5388	4.0
5418	3.0
5420	3.5
5445	3.5
5449	2.5
5463	2.5
5464	4.0
5481	2.5
5502	4.5
5508	3.5
5528	3.5
5530	3.0
5613	2.5
5618	4.0
5630	2.5
5666	3.5
5669	4.0
5673	3.0
5679	4.0
5690	3.5
5784	2.0
5785	2.5
5792	3.5
5810	3.0
5833	2.0
5878	3.5
5881	4.0
5902	3.5
5903	3.0
5952	3.5
5954	4.0
5989	3.5
5992	3.5
5995	3.0
6016	3.5
6058	2.5
6157	2.0
6187	3.0
6197	3.0
6214	3.5
6242	4.5
6263	3.0
6281	3.5
6290	2.0
6333	3.5
6365	2.5
6370	3.0
6377	3.0
6440	4.0
6502	3.5
6534	3.0
6538	3.0
6539	2.5
6541	2.5
6550	3.0
6618	4.0
6620	3.5
6645	3.5
6695	3.0
6707	3.0
6708	3.5
6709	2.5
6711	3.5
6721	2.0
6731	3.0
6754	3.0
6773	3.5
6786	3.0
6807	3.0
6870	3.5
6873	3.0
6874	4.0
6880	2.5
6890	3.0
6932	3.0
6934	2.5
6947	3.0
6952	2.0
6953	3.5
7007	3.0
7022	4.0
7044	3.5
7090	4.0
7123	3.0
7143	3.0
7150	3.0
7153	4.0
7235	4.0
7254	3.0
7265	3.5
7318	3.5
7323	3.0
7325	3.0
7347	2.5
7361	4.5
7362	2.5
7367	3.0
7373	3.0
7387	3.5
7419	3.5
7438	4.0
7827	3.5
7981	3.0
8014	3.0
8360	3.0
8361	2.5
8370	3.0
8371	2.5
8376	3.5
8477	4.0
8528	2.0
8607	3.5
8622	3.5
8640	2.0
8644	3.0
8783	3.5
8784	3.0
8798	4.0
8810	1.5
8874	4.0
8917	2.5
8949	4.0
8950	3.5
8957	2.5
8961	3.0
8966	3.0
8970	3.0
8981	2.5
8983	3.0
8984	3.0
8985	2.0
27266	3.0
27317	4.5
27592	3.5
27660	4.0
27721	3.0
27741	3.5
27772	2.5
27773	4.0
27803	3.0
27839	2.5
30707	3.0
30810	4.0
30820	4.0
31410	3.5
31696	3.0
31878	3.5
32587	3.0
33166	3.0
33493	3.5
33834	3.0
34162	3.0
34319	2.5
35836	3.0
36529	3.0
37380	1.5
37729	3.5
37731	3.5
38038	3.0
39231	2.5
39292	3.5
39444	3.0
39446	2.5
40278	3.5
40819	3.0
41569	3.0
41997	3.5
42718	2.5
44974	3.5
45210	2.0
45666	3.0
46530	3.5
47200	2.5
48142	2.5
48997	3.0
