1	4.0
3	4.0
5	3.0
6	3.0
7	4.0
9	3.0
10	4.0
11	4.0
14	5.0
16	4.0
17	3.0
21	3.0
22	5.0
25	5.0
31	2.0
32	4.0
34	4.0
36	4.0
41	2.0
45	3.0
47	4.0
50	5.0
52	3.0
58	4.0
62	4.0
64	2.0
66	1.0
70	3.0
73	3.0
79	3.0
81	3.0
85	2.0
86	3.0
89	3.0
92	1.0
94	3.0
95	3.0
100	4.0
104	1.0
105	5.0
110	4.0
111	5.0
113	3.0
123	1.0
135	3.0
140	4.0
141	5.0
144	4.0
150	5.0
153	3.0
160	3.0
161	5.0
162	5.0
164	3.0
165	5.0
172	3.0
173	3.0
185	3.0
186	2.0
194	3.0
196	3.0
198	4.0
204	3.0
205	3.0
207	4.0
208	4.0
215	4.0
222	5.0
224	4.0
229	3.0
230	3.0
231	2.5
232	2.0
233	3.0
236	4.0
237	3.0
246	5.0
247	3.0
249	4.0
252	2.0
253	3.0
256	3.0
257	4.0
260	5.0
261	4.0
265	4.0
266	4.0
276	4.0
279	4.0
280	4.0
288	3.0
292	4.0
293	4.0
294	5.0
296	2.0
299	5.0
300	4.0
314	3.0
316	3.0
318	5.0
329	3.0
334	3.0
339	3.0
340	4.0
342	3.0
344	4.0
348	2.0
349	5.0
350	5.0
356	5.0
357	4.0
367	5.0
376	3.0
377	4.0
378	4.0
380	3.0
382	4.0
410	2.0
412	2.0
417	4.0
428	4.0
431	4.0
434	4.0
440	4.0
442	3.0
454	5.0
457	5.0
474	5.0
480	5.0
481	3.0
485	3.0
494	2.0
497	4.0
500	5.0
508	5.0
509	3.0
515	4.0
517	4.0
524	3.0
527	5.0
529	4.0
534	4.0
539	4.0
540	4.0
541	5.0
556	4.0
586	4.5
587	5.0
589	5.0
590	5.0
592	3.0
593	5.0
595	4.0
597	5.0
608	3.0
628	5.0
635	4.0
640	3.0
647	5.0
648	5.0
653	2.0
671	3.0
678	5.0
707	3.0
708	2.0
719	4.0
728	1.0
731	3.0
733	3.0
736	4.0
750	4.0
778	2.0
780	2.0
782	3.0
785	4.0
786	3.0
798	2.0
800	4.0
802	3.0
805	5.0
808	2.0
830	1.0
832	3.0
836	3.0
838	2.0
848	4.0
852	3.0
858	5.0
866	5.0
880	1.0
903	5.0
904	4.0
908	4.0
912	4.0
919	3.5
923	4.0
924	5.0
953	4.0
991	4.0
994	5.0
996	2.0
1003	4.0
1034	2.0
1035	5.0
1036	4.0
1037	2.0
1041	3.0
1042	5.0
1047	4.0
1049	3.0
1050	5.0
1057	4.0
1060	3.0
1061	4.0
1073	2.0
1079	2.5
1080	3.0
1088	5.0
1089	4.0
1090	4.0
1092	4.0
1093	4.0
1094	3.0
1095	4.5
1097	5.0
1101	5.0
1120	4.0
1124	4.0
1127	4.0
1129	3.0
1136	3.0
1171	2.0
1172	3.0
1179	4.0
1183	5.0
1185	4.0
1186	4.0
1187	3.0
1188	1.0
1189	5.0
1191	2.0
1193	5.0
1194	3.0
1196	5.0
1198	5.0
1200	5.0
1201	4.0
1203	4.0
1204	3.5
1206	2.0
1207	5.0
1208	4.0
1210	5.0
1213	5.0
1214	5.0
1219	3.0
1220	5.0
1221	5.0
1222	5.0
1224	4.0
1225	5.0
1227	4.0
1228	4.0
1230	2.0
1231	5.0
1233	4.0
1234	5.0
1240	5.0
1242	4.0
1245	5.0
1246	5.0
1247	5.0
1249	4.0
1250	5.0
1252	5.0
1259	4.0
1262	5.0
1263	5.0
1265	4.0
1266	3.0
1267	4.0
1270	5.0
1271	4.0
1272	4.0
1275	4.0
1276	5.0
1280	4.0
1286	5.0
1287	4.0
1291	5.0
1292	5.0
1293	5.0
1295	3.0
1296	2.0
1299	5.0
1302	4.5
1303	5.0
1304	5.0
1307	5.0
1320	4.0
1333	4.0
1343	5.0
1353	2.0
1354	4.0
1356	4.0
1357	3.0
1358	5.0
1363	2.0
1370	5.0
1372	4.0
1374	5.0
1376	4.0
1377	2.0
1380	3.0
1381	1.0
1385	3.0
1387	5.0
1388	4.0
1390	4.0
1393	5.0
1394	4.0
1396	3.0
1399	3.0
1407	1.0
1408	4.0
1409	3.0
1410	1.0
1411	3.0
1416	2.0
1422	3.0
1427	3.0
1438	2.0
1449	2.0
1459	4.0
1464	3.0
1465	1.0
1466	5.0
1468	2.0
1479	3.0
1480	4.0
1483	2.0
1485	5.0
1488	4.0
1500	4.0
1515	2.0
1517	3.0
1518	4.0
1527	4.0
1542	4.0
1544	2.0
1552	3.0
1556	2.0
1573	4.0
1580	4.0
1584	4.0
1586	3.0
1589	3.0
1590	3.0
1593	2.0
1597	3.0
1598	2.0
1603	2.0
1605	2.0
1608	5.0
1610	5.0
1615	3.0
1616	3.0
1617	3.0
1619	3.0
1620	4.0
1625	4.0
1626	3.0
1633	4.0
1635	2.0
1639	3.0
1641	2.0
1645	4.0
1647	2.0
1653	4.0
1663	4.0
1667	3.0
1672	4.0
1673	3.0
1674	4.0
1676	1.0
1678	4.0
1680	4.0
1682	3.0
1683	2.0
1686	4.0
1687	3.0
1689	3.0
1690	3.0
1693	3.0
1694	3.0
1704	5.0
1711	3.0
1721	5.0
1722	3.0
1727	4.0
1729	2.0
1732	2.0
1747	4.0
1748	4.0
1752	2.0
1754	4.0
1772	3.0
1777	3.0
1779	3.0
1783	3.0
1784	4.0
1792	3.0
1805	3.0
1810	4.0
1834	4.0
1835	4.0
1845	2.0
1876	3.0
1888	2.0
1889	4.0
1892	3.0
1894	2.0
1909	4.0
1911	3.0
1912	3.0
1917	3.0
1918	3.0
1923	4.0
1952	4.5
1953	4.0
1954	5.0
1955	4.0
1956	4.0
1957	4.0
1960	3.5
1961	5.0
1962	4.0
1968	3.5
1997	4.0
2000	4.0
2006	2.0
2009	4.0
2011	4.5
2012	4.0
2024	2.0
2028	5.0
2046	3.0
2054	3.5
2058	4.0
2059	2.0
2064	3.0
2076	3.0
2081	4.0
2115	5.0
2126	3.0
2130	3.5
2134	4.0
2150	3.0
2174	4.0
2188	2.0
2194	4.0
2231	4.0
2268	5.0
2278	4.0
2280	3.0
2291	3.0
2297	4.0
2302	4.0
2306	2.0
2313	4.0
2324	5.0
2325	2.0
2329	3.0
2330	5.0
2334	3.0
2336	4.0
2352	4.5
2353	3.0
2359	2.0
2389	1.0
2391	2.0
2395	2.0
2396	5.0
2420	4.0
2424	3.0
2427	2.0
2431	2.0
2432	3.0
2433	4.0
2439	2.0
2442	3.0
2447	3.0
2497	2.0
2501	4.0
2502	3.0
2505	3.0
2539	3.0
2542	3.0
2561	3.0
2563	4.0
2567	3.0
2570	2.5
2571	5.0
2572	3.0
2599	3.0
2600	4.0
2605	3.0
2617	3.0
2622	2.0
2628	3.0
2671	3.0
2672	4.0
2676	3.0
2682	3.0
2683	3.0
2686	4.0
2688	4.0
2692	3.0
2694	3.0
2702	2.0
2706	4.0
2707	3.0
2710	4.0
2712	4.0
2716	5.0
2718	3.0
2724	1.0
2745	4.0
2762	4.0
2763	3.0
2769	3.0
2770	2.0
2791	4.0
2797	5.0
2804	4.0
2805	3.0
2826	2.0
2836	3.0
2841	3.0
2858	3.0
2861	3.0
2871	5.0
2881	3.0
2889	3.0
2908	4.0
2912	3.0
2915	4.5
2916	5.0
2918	4.5
2947	4.5
2966	3.0
2976	2.0
2987	3.5
2997	3.0
3006	4.0
3007	2.0
3039	3.5
3044	4.0
3052	3.0
3060	4.5
3066	4.0
3068	5.0
3078	4.0
3079	3.0
3081	4.0
3082	3.0
3098	5.0
3100	4.0
3105	4.0
3107	3.5
3108	3.0
3113	3.0
3125	2.0
3147	4.0
3148	4.0
3160	3.0
3168	4.0
3173	3.0
3174	3.0
3175	2.0
3176	3.0
3179	3.0
3185	4.0
3186	4.0
3189	3.0
3198	5.0
3201	4.0
3203	4.0
3238	2.0
3246	4.0
3252	4.0
3255	3.5
3256	4.0
3263	3.0
3274	3.5
3285	2.0
3296	3.5
3298	4.0
3301	2.0
3317	3.0
3354	1.0
3355	4.0
3359	4.0
3360	5.0
3361	4.5
3386	4.5
3408	4.0
3409	3.0
3418	4.0
3421	4.5
3448	3.5
3471	3.0
3477	3.0
3481	2.0
3498	5.0
3505	5.0
3510	4.0
3512	3.0
3513	3.0
3535	3.0
3536	3.0
3551	4.5
3552	4.0
3555	3.0
3556	3.0
3566	4.0
3578	4.0
3594	2.0
3617	3.0
3623	4.0
3654	4.0
3671	3.5
3675	3.5
3683	4.0
3702	4.0
3717	2.0
3733	4.0
3735	5.0
3745	2.0
3752	1.0
3753	3.0
3755	4.0
3763	4.0
3770	3.0
3783	3.0
3784	1.0
3794	2.0
3798	3.0
3809	4.0
3811	4.0
3826	3.0
3827	2.0
3844	3.5
3861	2.0
3863	3.0
3879	3.0
3893	3.0
3897	3.0
3909	1.0
3911	3.0
3916	4.0
3948	3.0
3949	4.0
3952	5.0
3953	3.0
3967	2.0
3968	3.0
3978	3.0
3980	4.0
3983	3.0
3986	3.0
3987	3.0
3993	4.0
3994	3.0
3996	5.0
3998	4.0
3999	2.0
4007	4.0
4008	3.0
4011	3.0
4014	4.0
4017	4.0
4018	3.0
4019	4.0
4020	4.0
4022	3.0
4023	3.0
4024	1.0
4027	3.0
4029	4.0
4031	3.0
4033	5.0
4034	4.0
4036	2.0
4037	4.0
4041	4.0
4047	4.0
4054	3.0
4055	3.0
4069	1.0
4077	1.0
4085	4.5
4148	4.0
4161	3.0
4167	3.0
4174	3.0
4210	4.0
4211	4.0
4223	2.0
4225	4.0
4226	4.0
4234	3.0
4235	1.0
4238	3.0
4239	3.0
4246	3.0
4265	3.0
4267	3.0
4270	3.0
4299	3.0
4304	4.0
4306	3.0
4308	2.0
4310	4.0
4321	4.5
4326	4.0
4344	3.0
4345	3.0
4361	4.5
4370	3.0
4446	4.0
4447	2.0
4448	4.0
4452	2.0
4464	3.5
4641	3.0
4718	3.0
4720	2.0
4776	3.0
4783	5.0
4815	4.0
4823	3.0
4844	3.0
4848	4.0
4855	4.0
4865	2.0
4873	3.0
4874	4.0
4881	3.0
4886	3.0
4889	3.0
4890	2.0
4896	3.0
4901	3.0
4903	4.0
4958	3.0
4963	3.0
4973	3.0
4975	4.0
4976	3.0
4978	3.0
4979	3.0
4992	2.0
4993	3.0
4994	2.0
4995	4.0
5010	3.0
5013	3.0
5014	3.0
5015	3.0
5016	4.0
5051	2.0
5060	4.0
5065	3.5
5074	2.0
5081	3.0
5135	3.0
5152	4.0
5222	3.0
5266	2.0
5269	1.0
5282	3.0
5293	4.0
5294	3.0
5296	2.0
5299	4.0
5312	3.0
5316	4.0
5329	1.0
5349	2.0
5364	4.0
5377	2.0
5388	3.0
5400	3.0
5417	2.0
5418	4.0
5420	2.0
5445	4.0
5459	2.0
5464	4.0
5479	3.0
5502	3.0
5505	3.0
5506	2.0
5524	3.0
5528	4.0
5530	1.0
5572	3.0
5577	4.0
5668	3.0
5669	5.0
5679	3.5
5685	2.5
5782	4.5
5791	3.5
5792	3.0
5803	2.0
5812	4.0
5872	2.5
5876	3.0
5902	3.0
5903	2.5
5941	4.0
5945	3.0
5952	4.0
5955	3.5
5957	2.0
5989	4.0
5991	5.0
5992	3.0
5995	4.5
6059	3.5
6187	3.0
6213	2.0
6250	3.0
6323	3.0
6331	4.5
6373	2.0
6378	2.5
6385	3.5
6539	3.0
6565	4.5
6586	3.0
6620	2.0
6708	2.0
6711	4.0
6787	5.0
6863	3.0
6870	4.5
6874	2.0
6879	4.0
6934	3.5
6942	4.0
6947	3.0
6979	3.5
7018	4.5
7137	2.5
7139	3.5
7143	3.0
7147	3.5
7149	2.0
7153	5.0
7156	4.5
7158	3.0
7160	2.5
7256	3.5
7263	4.0
7318	2.0
7346	3.0
7361	5.0
7366	2.5
7502	5.0
8337	5.0
8376	4.0
8530	3.0
8622	3.0
8623	4.5
8636	3.5
8638	4.0
8641	3.5
8665	3.5
8798	3.5
8949	3.5
8958	3.5
8968	2.0
9018	4.0
27846	4.5
30707	4.5
30749	4.5
30812	4.0
33154	3.5
33166	4.5
33660	4.5
33794	3.5
34405	3.0
36517	3.0
37240	4.0
37741	4.0
38061	3.0
39183	4.0
39292	3.5
40583	3.5
40819	3.0
41285	3.5
41997	4.5
44195	4.0
44199	4.5
44555	5.0
44665	3.5
44709	4.0
45210	4.0
45447	4.0
45928	4.5
45950	4.0
46578	3.0
46723	3.5
46850	4.0
46976	3.0
47099	3.5
47610	5.0
47629	4.5
48385	3.5
48516	4.5
48738	4.0
48774	3.0
48780	4.5
48783	3.0
49272	4.0
49278	4.0
49286	3.0
49530	3.0
49961	3.0
50068	4.5
50872	4.0
51080	4.5
51084	3.5
51540	3.0
52973	2.5
52975	3.0
53123	4.0
53550	0.5
53894	3.5
53993	2.5
54286	4.5
54503	3.5
55052	3.5
55118	4.0
55276	5.0
55290	4.5
55765	4.0
55820	4.5
55872	4.0
56333	3.0
56367	3.0
56607	4.0
56782	3.5
56788	4.5
57669	4.0
58295	4.0
58559	3.5
59018	4.5
59126	4.0
59615	3.0
60069	4.0
60074	3.5
60397	2.5
60950	3.0
61132	3.0
61323	3.5
61729	4.0
62081	3.5
63062	4.0
63082	4.5
63876	4.0
64575	4.0
64614	3.5
64620	4.0
64622	4.0
64839	3.5
64957	4.0
65130	2.0
65216	3.5
66203	3.0
67087	3.0
67255	4.0
67997	3.0
68157	3.5
68159	3.5
68237	3.5
68554	4.0
69122	4.5
69481	4.0
70293	4.0
72641	3.5
72720	2.0
72998	5.0
73017	3.0
74458	4.0
74545	4.0
74795	4.0
78574	3.5
79132	4.5
80463	4.0
80489	4.0
80549	3.5
80906	4.0
81229	3.5
81591	3.5
81845	4.0
81932	3.5
82202	3.5
82459	2.5
84152	3.5
84392	3.5
84772	3.0
84954	2.5
85414	4.5
86833	4.0
86882	4.0
86911	4.0
87306	3.5
87485	3.0
87869	3.5
88129	3.5
88163	2.5
88810	4.5
89470	3.0
89492	4.5
89753	3.0
89804	4.0
89864	3.0
89904	4.5
90866	3.0
91077	3.0
91529	4.0
91630	4.0
91658	4.5
92259	4.0
94959	4.0
96079	4.5
96610	4.0
97304	5.0
97752	3.0
97921	3.5
97923	4.5
98154	5.0
98961	5.0
99114	2.0
102123	2.0
102445	4.0
102903	4.0
103042	3.5
104374	3.0
104841	3.5
104913	4.0
105504	3.5
106100	4.0
106782	3.5
106916	3.0
