1	4.0
4	3.0
5	3.0
6	4.0
7	4.0
10	3.0
11	4.0
16	4.0
17	4.0
18	2.0
21	4.0
23	2.0
24	3.0
25	5.0
27	3.0
28	4.0
29	4.0
32	5.0
34	4.0
35	4.0
39	5.0
41	4.0
46	2.0
47	4.0
50	5.0
57	4.0
64	3.0
70	4.0
71	1.0
76	2.0
79	3.0
81	3.0
85	5.0
86	4.0
89	4.0
94	4.0
95	4.0
101	4.0
110	3.0
111	4.0
113	3.0
117	4.0
118	4.0
122	3.0
125	4.0
132	2.0
135	4.0
141	3.0
150	4.0
151	3.0
152	2.0
153	2.0
156	3.0
157	4.0
161	3.0
163	4.0
164	4.0
165	3.0
171	4.0
172	2.0
173	3.0
176	5.0
177	4.0
180	4.0
182	3.0
185	2.0
187	5.0
188	5.0
190	3.0
193	1.0
194	4.0
195	3.0
196	2.0
198	3.0
204	3.0
208	2.0
216	3.0
218	3.0
223	4.0
225	3.0
227	4.0
229	4.0
230	4.0
231	2.0
232	5.0
233	3.0
235	4.0
236	4.0
242	4.0
247	4.0
253	2.0
259	3.0
260	5.0
261	3.0
270	3.0
288	3.0
289	4.0
290	4.0
293	4.0
296	5.0
303	4.0
312	4.0
315	3.0
316	4.0
318	4.0
319	5.0
322	4.0
327	3.0
328	3.0
329	3.0
337	2.0
338	4.0
339	5.0
342	5.0
344	4.0
348	5.0
350	3.0
353	4.0
356	3.0
357	4.0
360	3.0
364	4.0
366	4.0
368	4.0
372	3.0
373	4.0
377	4.0
379	4.0
380	4.0
382	4.0
384	3.0
407	4.0
410	4.0
412	4.0
416	2.0
417	4.0
434	4.0
435	4.0
438	2.0
440	4.0
441	4.0
442	4.0
451	2.0
453	3.0
457	4.0
464	4.0
468	4.0
474	3.0
480	4.0
482	3.0
485	4.0
490	4.0
492	4.0
494	2.0
497	3.0
500	2.0
501	4.0
505	3.0
512	2.0
515	4.0
516	3.0
517	3.0
518	4.0
521	3.0
527	4.0
529	4.0
533	3.0
539	3.0
541	5.0
543	4.0
544	3.0
548	3.0
550	3.0
551	4.0
553	4.0
555	3.0
562	4.0
565	3.0
574	4.0
581	5.0
585	4.0
587	4.0
588	4.0
589	5.0
590	3.0
592	4.0
593	5.0
594	4.0
595	4.0
596	4.0
597	2.0
605	3.0
608	4.0
610	2.0
611	2.0
612	2.0
627	4.0
628	4.0
640	4.0
647	3.0
648	2.0
661	3.0
662	4.0
671	4.0
674	3.0
692	2.0
695	3.0
697	2.0
707	3.0
708	3.0
719	4.0
720	4.0
724	4.0
728	5.0
733	4.0
735	3.0
736	3.0
742	3.0
745	5.0
748	3.0
778	4.0
780	3.0
783	3.0
788	3.0
798	3.0
799	5.0
800	4.0
801	4.0
804	3.0
809	4.0
818	4.0
829	4.0
835	4.0
836	2.0
837	5.0
838	5.0
842	3.0
848	4.0
849	3.0
852	4.0
858	4.0
866	5.0
879	2.0
880	2.0
882	4.0
898	4.0
899	5.0
900	3.0
902	4.0
903	4.0
904	4.0
905	5.0
906	5.0
907	5.0
908	4.0
910	5.0
912	5.0
913	5.0
914	3.0
915	5.0
919	5.0
920	5.0
921	4.0
922	4.0
923	5.0
924	3.0
928	5.0
932	3.0
933	4.0
934	4.0
936	5.0
938	3.0
940	4.0
945	5.0
950	5.0
953	4.0
955	4.0
965	4.0
968	3.0
969	5.0
990	2.0
994	4.0
996	3.0
1009	4.0
1013	4.0
1022	4.0
1028	5.0
1032	3.0
1034	5.0
1035	4.0
1036	5.0
1037	2.0
1041	5.0
1043	3.0
1047	5.0
1056	4.0
1057	3.0
1060	5.0
1061	4.0
1073	3.0
1077	4.0
1079	5.0
1080	4.0
1081	4.0
1084	5.0
1086	4.0
1088	3.0
1089	5.0
1090	4.0
1092	3.0
1094	4.0
1095	3.0
1096	4.0
1100	2.0
1101	3.0
1104	4.0
1126	3.0
1127	4.0
1128	4.0
1129	5.0
1130	3.0
1135	4.0
1136	4.0
1148	5.0
1173	5.0
1179	4.0
1183	3.0
1186	5.0
1188	5.0
1192	5.0
1193	4.0
1196	5.0
1197	5.0
1198	5.0
1199	5.0
1200	5.0
1202	3.0
1206	4.0
1208	3.0
1210	4.0
1212	4.0
1213	4.0
1214	5.0
1215	4.0
1217	4.0
1218	4.0
1219	5.0
1220	4.0
1221	4.0
1222	4.0
1223	5.0
1225	4.0
1230	4.0
1231	4.0
1233	5.0
1234	5.0
1240	5.0
1243	5.0
1244	4.0
1245	4.0
1248	4.0
1249	5.0
1252	5.0
1255	4.0
1257	5.0
1258	3.0
1259	5.0
1261	4.0
1263	4.0
1264	4.0
1265	5.0
1266	4.0
1269	4.0
1270	5.0
1271	4.0
1275	3.0
1278	5.0
1280	4.0
1282	5.0
1284	5.0
1285	5.0
1288	5.0
1290	3.0
1291	4.0
1298	3.0
1299	4.0
1304	5.0
1306	4.0
1307	5.0
1320	3.0
1321	5.0
1327	4.0
1330	5.0
1332	4.0
1333	4.0
1339	3.0
1342	5.0
1343	4.0
1345	4.0
1347	4.0
1348	5.0
1350	4.0
1352	3.0
1353	3.0
1354	4.0
1356	3.0
1358	5.0
1366	4.0
1367	3.0
1370	3.0
1371	4.0
1372	5.0
1373	2.0
1374	5.0
1375	3.0
1376	4.0
1377	5.0
1378	3.0
1380	5.0
1381	2.0
1387	4.0
1388	3.0
1390	4.0
1391	3.0
1392	4.0
1393	3.0
1394	4.0
1396	5.0
1405	3.0
1407	5.0
1408	3.0
1409	4.0
1414	4.0
1422	3.0
1425	3.0
1427	3.0
1432	3.0
1441	4.0
1445	3.0
1446	4.0
1449	4.0
1453	4.0
1454	4.0
1459	4.0
1464	2.0
1466	3.0
1479	3.0
1480	4.0
1483	2.0
1484	5.0
1487	2.0
1488	3.0
1499	1.0
1500	5.0
1513	5.0
1517	5.0
1527	4.0
1535	4.0
1541	3.0
1544	3.0
1552	4.0
1556	2.0
1562	2.0
1566	4.0
1569	5.0
1573	4.0
1580	4.0
1584	3.0
1586	4.0
1589	3.0
1590	2.0
1591	3.0
1593	3.0
1594	4.0
1597	3.0
1598	3.0
1600	3.0
1601	3.0
1603	3.0
1606	3.0
1608	2.0
1610	5.0
1615	4.0
1616	3.0
1617	5.0
1619	3.0
1623	3.0
1625	3.0
1627	3.0
1629	3.0
1633	4.0
1635	4.0
1639	5.0
1641	4.0
1644	1.0
1645	4.0
1648	4.0
1649	4.0
1653	4.0
1655	4.0
1658	4.0
1660	4.0
1673	4.0
1674	5.0
1676	3.0
1678	4.0
1680	4.0
1682	4.0
1689	4.0
1690	4.0
1699	3.0
1711	4.0
1713	4.0
1717	4.0
1721	3.0
1722	3.0
1726	2.0
1727	2.0
1729	3.0
1732	5.0
1735	3.0
1748	4.0
1754	4.0
1760	4.0
1762	4.0
1769	3.0
1777	4.0
1779	2.0
1783	4.0
1784	4.0
1792	4.0
1805	4.0
1816	3.0
1821	3.0
1831	3.0
1833	3.0
1834	3.0
1836	4.0
1845	4.0
1875	4.0
1876	3.0
1882	2.0
1883	4.0
1885	4.0
1892	3.0
1894	2.0
1895	4.0
1897	4.0
1909	3.0
1912	5.0
1917	3.0
1920	4.0
1921	3.0
1923	4.0
1924	3.0
1947	4.0
1948	5.0
1952	3.0
1953	4.0
1958	3.0
1959	4.0
1961	3.0
1962	4.0
1964	3.0
1966	4.0
1968	3.0
1975	3.0
1982	4.0
1983	3.0
1994	5.0
1995	3.0
1997	3.0
2000	4.0
2001	4.0
2002	3.0
2005	4.0
2006	4.0
2011	3.0
2012	3.0
2018	4.0
2019	5.0
2020	4.0
2021	3.0
2023	4.0
2026	3.0
2065	4.0
2067	4.0
2076	4.0
2078	3.0
2080	4.0
2081	4.0
2085	4.0
2087	4.0
2091	4.0
2093	4.0
2096	5.0
2100	4.0
2105	4.0
2106	3.0
2107	3.0
2108	5.0
2110	4.0
2114	3.0
2115	4.0
2116	2.0
2117	4.0
2118	3.0
2119	1.0
2120	4.0
2122	3.0
2124	4.0
2125	4.0
2126	3.0
2132	4.0
2133	4.0
2134	4.0
2135	3.0
2137	5.0
2143	3.0
2144	4.0
2145	3.0
2146	3.0
2148	4.0
2155	4.0
2159	5.0
2160	3.0
2161	3.0
2165	3.0
2167	5.0
2171	5.0
2174	3.0
2183	5.0
2184	4.0
2186	5.0
2188	3.0
2194	5.0
2204	4.0
2206	5.0
2208	5.0
2232	3.0
2243	3.0
2247	3.0
2248	2.0
2259	1.0
2261	4.0
2262	4.0
2263	4.0
2266	2.0
2268	3.0
2273	3.0
2279	2.0
2282	4.0
2288	5.0
2289	4.0
2291	3.0
2296	4.0
2302	3.0
2311	3.0
2312	3.0
2315	4.0
2316	4.0
2320	4.0
2321	3.0
2327	2.0
2328	2.0
2331	3.0
2335	4.0
2336	5.0
2337	4.0
2340	3.0
2346	3.0
2348	4.0
2349	4.0
2352	4.0
2355	4.0
2360	5.0
2369	5.0
2374	3.0
2376	3.0
2377	2.0
2387	3.0
2391	4.0
2393	2.0
2394	3.0
2395	4.0
2396	3.0
2398	4.0
2405	4.0
2406	5.0
2407	4.0
2413	3.0
2414	4.0
2423	1.0
2424	3.0
2428	4.0
2448	2.0
2450	2.0
2451	4.0
2453	4.0
2455	5.0
2459	3.0
2463	4.0
2467	4.0
2469	4.0
2470	4.0
2471	3.0
2478	4.0
2490	3.0
2495	5.0
2496	4.0
2497	1.0
2502	4.0
2504	4.0
2505	2.0
2513	3.0
2517	2.0
2527	4.0
2528	4.0
2529	3.0
2539	3.0
2541	2.0
2542	4.0
2550	5.0
2551	4.0
2561	3.0
2571	5.0
2572	5.0
2581	4.0
2594	3.0
2598	4.0
2599	5.0
2600	3.0
2605	2.0
2612	5.0
2613	4.0
2617	5.0
2628	1.0
2640	4.0
2641	3.0
2657	5.0
2664	5.0
2671	4.0
2672	3.0
2683	4.0
2686	3.0
2692	4.0
2693	4.0
2699	4.0
2700	4.0
2706	2.0
2710	4.0
2712	1.0
2713	1.0
2716	5.0
2717	3.0
2718	4.0
2719	1.0
2722	5.0
2723	3.0
2728	4.0
2734	3.0
2735	3.0
2736	4.0
2739	4.0
2748	2.0
2750	4.0
2757	4.0
2761	4.0
2762	5.0
2763	4.0
2779	4.0
2787	2.0
2788	4.0
2789	3.0
2791	4.0
2793	1.0
2794	3.0
2795	3.0
2797	5.0
2802	4.0
2803	2.0
2804	5.0
2808	3.0
2822	4.0
2827	3.0
2840	3.0
2841	4.0
2858	4.0
2867	3.0
2872	4.0
2875	2.0
2877	4.0
2889	4.0
2890	4.0
2898	4.0
2901	3.0
2906	3.0
2912	5.0
2915	3.0
2916	3.0
2917	5.0
2918	5.0
2940	4.0
2941	3.0
2942	3.0
2950	1.0
2952	3.0
2959	5.0
2968	4.0
2971	4.0
2973	4.0
2985	5.0
2986	4.0
2987	4.0
2995	3.0
2997	5.0
3005	1.0
3016	2.0
3017	3.0
3019	4.0
3033	3.0
3034	5.0
3039	4.0
3040	5.0
3044	4.0
3045	5.0
3052	4.0
3060	5.0
3061	5.0
3070	4.0
3072	5.0
3081	4.0
3087	5.0
3088	5.0
3101	4.0
3102	4.0
3104	4.0
3108	4.0
3130	3.0
3147	4.0
3160	4.0
3175	5.0
3176	4.0
3186	2.0
3203	4.0
3204	4.0
3206	3.0
3210	3.0
3213	4.0
3219	3.0
3243	2.0
3247	3.0
3250	3.0
3251	3.0
3253	4.0
3254	4.0
3255	3.0
3256	3.0
3257	2.0
3259	2.0
3260	3.0
3261	4.0
3262	3.0
3263	4.0
3264	3.0
3266	3.0
3267	5.0
3273	3.0
3274	4.0
3300	5.0
3316	3.0
3317	4.0
3328	3.0
3334	5.0
3342	4.0
3354	1.0
3355	3.0
3358	5.0
3361	5.0
3363	3.0
3385	4.0
3386	3.0
3391	3.0
3396	5.0
3405	4.0
3421	4.0
3426	3.0
3429	5.0
3435	5.0
3441	2.0
3448	3.0
3451	3.0
3471	3.0
3476	4.0
3477	3.0
3479	4.0
3481	5.0
3489	1.0
3499	4.0
3500	3.0
3505	4.0
3507	5.0
3510	4.0
3512	4.0
3521	4.0
3524	4.0
3526	3.0
3527	4.0
3528	3.0
3535	3.0
3545	4.0
3548	4.0
3549	5.0
3550	5.0
3551	4.0
3552	3.0
3557	2.0
3593	1.0
3614	3.0
3623	3.0
3633	4.0
3654	4.0
3671	3.0
3672	3.0
3682	3.0
3683	4.0
3684	5.0
3685	5.0
3688	3.0
3699	5.0
3701	4.0
3705	2.0
3706	4.0
3707	3.0
3709	2.0
3712	3.0
3727	5.0
3730	5.0
3735	3.0
3740	5.0
3763	5.0
3785	2.0
3793	5.0
3798	4.0
3809	3.0
3814	5.0
3819	4.0
3825	2.0
3826	2.0
3835	1.0
3844	2.0
3863	2.0
3868	4.0
3873	4.0
3897	5.0
3911	5.0
3917	4.0
3918	3.0
3919	3.0
3927	4.0
3968	3.0
3977	3.0
3981	2.0
3984	3.0
3994	5.0
3996	4.0
4007	3.0
4011	4.0
4014	1.0
4015	3.0
4017	5.0
4020	5.0
4022	3.0
4027	4.0
4031	1.0
4034	4.0
4036	4.0
4037	3.0
4041	2.0
4055	4.0
4056	3.0
4062	2.0
4063	4.0
4066	3.0
4067	4.0
4069	1.0
4082	5.0
4084	4.0
4086	5.0
4091	3.0
4105	4.0
4121	4.0
4128	4.0
4132	3.0
4143	2.0
4148	3.0
4149	3.0
4207	3.0
4211	4.0
4214	4.0
4218	4.0
4226	5.0
4231	3.0
4234	4.0
4238	4.0
4246	3.0
4248	2.0
4262	3.0
4270	3.0
4275	3.0
4285	4.0
4296	3.0
4318	3.0
4321	4.0
4326	3.0
4356	4.0
4357	4.0
4361	4.0
4367	2.0
4370	4.0
4378	5.0
4396	4.0
4410	5.0
4427	5.0
4443	5.0
4446	3.0
4447	5.0
4464	3.0
4465	4.0
4478	4.0
4480	2.0
4487	2.0
4492	4.0
4498	3.0
4499	5.0
4506	4.0
4526	3.0
4535	4.0
4541	3.0
4546	5.0
4553	4.0
4587	4.0
4621	3.0
4623	4.0
4638	2.0
4641	4.0
4661	4.0
4678	4.0
4679	4.0
4720	5.0
4723	4.0
4725	4.0
4728	4.0
4734	4.0
4735	1.0
4744	2.0
4754	4.0
4812	2.0
4815	3.0
4844	4.0
4848	4.0
4855	3.0
4876	2.0
4878	5.0
4887	4.0
4896	4.0
4901	3.0
4932	5.0
4936	4.0
4963	4.0
4969	3.0
4979	5.0
4980	4.0
4993	5.0
5008	5.0
5013	3.0
5015	4.0
5034	4.0
5049	4.0
5055	2.0
5065	4.0
5105	5.0
5151	3.0
5214	3.0
5219	3.0
5247	4.0
5254	3.0
5266	4.0
5294	5.0
5303	4.0
5308	2.0
5309	3.0
5329	3.0
5339	4.0
5349	4.0
5378	1.0
5388	3.0
5452	2.0
5478	4.0
5502	4.0
5544	4.0
5553	4.0
5679	4.0
