1	5.0
3	4.0
6	4.0
14	3.0
16	3.0
17	4.0
18	4.0
19	1.0
21	4.0
22	4.0
23	3.0
24	3.0
25	3.0
26	4.0
27	3.0
32	4.0
34	4.0
36	5.0
39	3.0
41	5.0
47	5.0
50	5.0
52	4.0
62	3.0
64	2.0
70	1.0
81	3.0
86	3.0
88	2.0
89	3.0
100	2.0
101	4.0
104	4.0
105	3.0
111	4.0
112	4.0
122	3.0
145	4.0
150	5.0
151	4.0
153	3.0
160	2.0
161	4.0
163	3.0
164	5.0
165	4.0
168	3.0
173	1.0
175	1.0
176	4.0
179	2.0
180	3.0
185	2.0
186	3.0
204	3.0
207	3.0
216	2.0
223	4.0
227	3.0
231	4.0
236	3.0
253	2.0
257	3.0
259	3.0
260	5.0
266	4.0
273	3.0
276	2.0
280	4.0
282	3.0
288	2.0
289	3.0
292	4.0
293	4.0
296	5.0
300	4.0
303	3.0
305	2.0
315	2.0
316	3.0
317	3.0
318	5.0
322	5.0
327	1.0
329	3.0
333	4.0
338	3.0
346	4.0
349	4.0
356	5.0
360	2.0
361	3.0
364	5.0
367	4.0
370	3.0
377	4.0
378	3.0
379	3.0
380	5.0
381	3.0
382	3.0
383	2.0
387	2.0
405	1.0
410	3.0
413	1.0
415	3.0
419	3.0
420	2.0
423	3.0
424	3.0
432	2.0
434	4.0
435	1.0
436	2.0
440	4.0
442	4.0
450	3.0
454	4.0
456	4.0
457	4.0
464	1.0
473	1.0
474	4.0
480	5.0
482	3.0
485	2.0
491	3.0
492	4.0
494	3.0
497	4.0
500	4.0
504	3.0
507	3.0
509	4.0
514	4.0
517	3.0
520	1.0
527	5.0
534	5.0
538	4.0
539	3.0
541	4.0
542	3.0
543	4.0
546	1.0
548	2.0
551	4.0
552	3.0
553	3.0
555	4.0
562	4.0
587	3.0
588	5.0
589	5.0
592	5.0
593	5.0
594	5.0
595	5.0
596	4.0
605	3.0
608	5.0
610	2.0
616	3.0
628	4.0
637	3.0
647	4.0
648	4.0
653	1.0
671	4.0
673	3.0
707	1.0
709	3.0
719	3.0
736	3.0
737	1.0
742	1.0
750	5.0
765	1.0
778	4.0
780	4.0
783	4.0
784	3.0
785	4.0
786	4.0
799	2.0
800	4.0
802	2.0
805	3.0
829	2.0
836	2.0
839	1.0
849	1.0
852	4.0
858	5.0
880	1.0
902	5.0
903	5.0
904	5.0
912	5.0
919	5.0
923	5.0
924	5.0
930	5.0
932	4.0
953	5.0
965	5.0
999	3.0
1003	4.0
1004	1.0
1005	1.0
1006	3.0
1007	4.0
1012	5.0
1013	4.0
1016	4.0
1017	4.0
1019	4.0
1020	2.0
1022	5.0
1025	4.0
1027	4.0
1028	5.0
1029	4.0
1030	4.0
1031	4.0
1032	4.0
1033	4.0
1035	5.0
1036	5.0
1037	2.0
1042	1.0
1047	3.0
1049	3.0
1059	4.0
1060	4.0
1061	4.0
1073	4.0
1079	4.0
1080	4.0
1084	5.0
1086	3.0
1088	3.0
1089	4.0
1090	5.0
1091	2.0
1097	4.0
1101	4.0
1126	1.0
1127	4.0
1130	2.0
1136	4.0
1179	3.0
1183	5.0
1185	5.0
1193	5.0
1196	5.0
1197	4.0
1198	5.0
1199	4.0
1200	5.0
1201	5.0
1206	5.0
1207	5.0
1208	5.0
1210	5.0
1211	4.0
1213	5.0
1214	4.0
1218	4.0
1219	5.0
1220	5.0
1222	4.0
1224	4.0
1226	4.0
1228	5.0
1230	5.0
1231	3.0
1234	5.0
1237	5.0
1240	5.0
1242	5.0
1246	5.0
1252	5.0
1257	3.0
1258	4.0
1265	4.0
1266	5.0
1270	5.0
1271	4.0
1275	4.0
1276	5.0
1278	4.0
1282	5.0
1283	4.0
1288	4.0
1291	5.0
1293	4.0
1297	2.0
1302	4.0
1307	5.0
1320	3.0
1339	3.0
1343	4.0
1352	3.0
1358	5.0
1359	3.0
1372	3.0
1373	2.0
1374	4.0
1375	2.0
1376	3.0
1377	4.0
1378	4.0
1379	4.0
1380	3.0
1385	4.0
1387	5.0
1388	3.0
1389	2.0
1391	3.0
1393	4.0
1394	4.0
1396	4.0
1407	4.0
1408	4.0
1432	2.0
1438	2.0
1440	3.0
1441	3.0
1449	5.0
1459	3.0
1461	1.0
1476	2.0
1484	4.0
1485	4.0
1488	2.0
1499	1.0
1500	5.0
1513	2.0
1515	2.0
1527	4.0
1544	4.0
1550	3.0
1552	2.0
1562	1.0
1566	4.0
1569	4.0
1573	2.0
1580	4.0
1584	4.0
1587	3.0
1588	3.0
1589	4.0
1591	2.0
1594	4.0
1597	2.0
1598	2.0
1604	2.0
1606	1.0
1608	4.0
1610	5.0
1614	3.0
1615	4.0
1616	3.0
1617	5.0
1620	4.0
1625	4.0
1626	1.0
1627	1.0
1633	4.0
1635	4.0
1644	1.0
1645	1.0
1653	5.0
1660	4.0
1663	4.0
1665	2.0
1672	4.0
1674	5.0
1676	2.0
1680	4.0
1681	1.0
1682	5.0
1688	2.0
1690	3.0
1693	5.0
1701	4.0
1702	1.0
1703	3.0
1704	5.0
1711	3.0
1713	3.0
1717	4.0
1719	5.0
1721	4.0
1722	3.0
1729	4.0
1732	4.0
1747	4.0
1748	4.0
1769	2.0
1772	1.0
1777	4.0
1784	4.0
1792	2.0
1799	4.0
1810	4.0
1831	1.0
1834	4.0
1840	4.0
1841	3.0
1845	3.0
1882	1.0
1884	1.0
1885	4.0
1892	3.0
1895	1.0
1907	4.0
1912	5.0
1917	2.0
1918	1.0
1921	4.0
1923	4.0
1927	4.0
1945	5.0
1950	5.0
1953	4.0
1954	5.0
1961	5.0
1968	4.0
1994	3.0
2000	4.0
2001	4.0
2002	4.0
2003	4.0
2004	2.0
2005	4.0
2006	4.0
2011	4.0
2012	4.0
2014	3.0
2015	4.0
2018	5.0
2028	5.0
2033	2.0
2034	3.0
2046	3.0
2048	4.0
2053	1.0
2054	3.0
2058	4.0
2060	3.0
2067	4.0
2072	2.0
2076	4.0
2078	4.0
2080	4.0
2081	4.0
2082	3.0
2085	4.0
2087	4.0
2088	2.0
2093	2.0
2094	3.0
2095	3.0
2096	4.0
2100	2.0
2105	3.0
2106	2.0
2109	4.0
2110	3.0
2111	3.0
2115	4.0
2116	3.0
2123	3.0
2124	4.0
2133	3.0
2134	2.0
2137	4.0
2139	4.0
2140	3.0
2141	3.0
2150	3.0
2153	1.0
2161	3.0
2167	1.0
2174	4.0
2176	4.0
2178	4.0
2183	5.0
2186	4.0
2193	3.0
2194	5.0
2231	4.0
2236	3.0
2245	3.0
2248	4.0
2249	3.0
2252	3.0
2253	2.0
2265	1.0
2268	4.0
2273	2.0
2278	2.0
2291	4.0
2294	3.0
2297	1.0
2301	3.0
2302	4.0
2314	3.0
2320	3.0
2321	3.0
2324	5.0
2329	5.0
2333	4.0
2334	4.0
2336	5.0
2353	4.0
2354	3.0
2355	4.0
2356	3.0
2366	4.0
2371	4.0
2373	2.0
2374	2.0
2375	4.0
2376	4.0
2378	4.0
2379	3.0
2380	3.0
2381	3.0
2382	2.0
2383	2.0
2387	1.0
2393	3.0
2394	5.0
2395	5.0
2396	5.0
2398	3.0
2401	4.0
2402	3.0
2403	4.0
2404	1.0
2405	2.0
2406	4.0
2409	4.0
2410	3.0
2411	4.0
2412	2.0
2413	4.0
2420	4.0
2421	3.0
2422	1.0
2423	4.0
2433	3.0
2450	1.0
2458	2.0
2463	4.0
2470	4.0
2471	3.0
2473	2.0
2474	4.0
2478	3.0
2490	4.0
2502	4.0
2524	4.0
2529	5.0
2539	4.0
2541	2.0
2567	3.0
2571	5.0
2572	2.0
2580	4.0
2587	4.0
2598	3.0
2599	5.0
2600	3.0
2605	1.0
2616	3.0
2628	4.0
2640	4.0
2641	4.0
2642	3.0
2643	1.0
2671	4.0
2683	4.0
2686	4.0
2687	4.0
2692	5.0
2694	2.0
2699	3.0
2700	4.0
2701	1.0
2706	4.0
2707	4.0
2710	4.0
2712	5.0
2716	5.0
2717	3.0
2718	4.0
2719	2.0
2722	2.0
2723	3.0
2735	2.0
2739	5.0
2745	4.0
2746	4.0
2752	3.0
2759	3.0
2761	5.0
2762	4.0
2770	4.0
2779	4.0
2791	4.0
2794	3.0
2795	4.0
2796	3.0
2797	5.0
2798	2.0
2799	1.0
2803	4.0
2815	3.0
2816	1.0
2819	4.0
2822	3.0
2841	3.0
2858	5.0
2860	1.0
2861	2.0
2879	3.0
2891	3.0
2898	3.0
2908	5.0
2912	4.0
2916	4.0
2918	5.0
2921	4.0
2922	4.0
2947	5.0
2948	4.0
2949	3.0
2951	5.0
2959	5.0
2973	5.0
2985	3.0
2986	2.0
2987	4.0
2989	4.0
2990	3.0
2991	4.0
2993	4.0
2997	5.0
3006	3.0
3016	2.0
3020	4.0
3033	4.0
3034	4.0
3037	4.0
3039	4.0
3044	4.0
3070	3.0
3081	3.0
3082	4.0
3087	3.0
3088	4.0
3098	5.0
3100	3.0
3104	4.0
3105	4.0
3107	4.0
3108	5.0
3113	1.0
3114	5.0
3120	4.0
3145	4.0
3147	4.0
3156	1.0
3157	4.0
3160	4.0
3173	2.0
3174	4.0
3175	4.0
3176	5.0
3178	5.0
3203	3.0
3208	1.0
3210	2.0
3213	5.0
3219	3.0
3243	2.0
3247	2.0
3249	3.0
3250	3.0
3252	5.0
3253	4.0
3254	4.0
3255	3.0
3256	4.0
3258	3.0
3259	3.0
3261	4.0
3263	4.0
3264	1.0
3265	4.0
3273	4.0
3274	2.0
3285	3.0
3354	1.0
3360	4.0
3361	4.0
3363	4.0
3365	5.0
3385	2.0
3386	4.0
3387	2.0
3388	3.0
3394	3.0
3396	4.0
3397	4.0
3398	3.0
3408	4.0
3412	3.0
3418	3.0
3421	4.0
3424	5.0
3439	1.0
3441	3.0
3444	3.0
3448	5.0
3450	4.0
3468	5.0
3471	5.0
3479	3.0
3481	4.0
3489	4.0
3494	5.0
3499	4.0
3500	3.0
3505	3.0
3508	5.0
3526	4.0
3527	4.0
3551	4.0
3552	4.0
3566	5.0
3578	3.0
3608	4.0
3614	2.0
3615	3.0
3623	3.0
3624	4.0
3629	5.0
3633	3.0
3635	4.0
3638	4.0
3639	3.0
3668	3.0
3671	4.0
3681	4.0
3688	1.0
3697	3.0
3698	3.0
3702	4.0
3705	3.0
3710	2.0
3723	4.0
3740	3.0
3745	4.0
3752	2.0
3753	4.0
3763	3.0
3791	2.0
3793	4.0
3798	3.0
3809	5.0
3835	1.0
3868	4.0
3869	3.0
3877	1.0
3893	4.0
3911	4.0
3948	5.0
3977	4.0
3984	3.0
4006	4.0
