1	4.0
2	4.0
6	4.0
7	3.0
10	4.0
19	4.0
21	4.0
29	3.5
31	4.0
32	3.0
47	4.5
50	5.0
62	4.5
95	4.0
104	4.5
117	4.0
121	4.0
141	0.5
150	4.0
161	4.0
185	4.5
193	3.5
216	4.5
223	4.0
230	5.0
231	4.0
260	4.5
288	3.0
292	4.0
293	4.5
296	4.5
318	4.5
333	4.0
337	4.0
344	3.0
350	4.5
356	4.5
364	4.5
367	3.0
480	4.5
493	4.0
494	4.0
500	4.0
508	5.0
509	4.0
527	5.0
529	5.0
539	4.0
586	4.0
587	4.0
590	4.5
593	5.0
597	4.0
608	4.0
612	0.5
628	4.5
648	4.0
678	4.5
708	3.5
733	4.0
736	4.0
780	4.0
784	3.0
788	3.5
802	4.5
805	5.0
849	3.0
852	4.5
858	5.0
886	4.0
902	4.0
912	4.0
923	3.5
1012	4.0
1021	3.5
1028	4.0
1035	4.0
1061	3.0
1073	4.0
1089	4.0
1090	4.0
1097	4.0
1101	4.0
1136	4.5
1193	4.0
1196	4.0
1198	4.5
1207	4.0
1210	4.5
1213	4.5
1221	4.5
1222	4.5
1242	4.0
1246	4.5
1258	4.0
1259	4.5
1265	2.5
1266	3.5
1270	4.0
1291	4.0
1302	4.5
1345	4.0
1358	4.5
1391	3.0
1393	4.5
1407	4.0
1466	4.5
1485	4.0
1517	4.0
1518	4.0
1527	2.5
1544	4.0
1573	4.0
1580	4.0
1589	3.5
1597	5.0
1598	3.5
1610	4.5
1627	3.0
1641	4.0
1645	4.5
1653	4.5
1672	4.0
1682	4.0
1693	4.5
1704	5.0
1717	3.0
1719	4.0
1721	5.0
1722	4.0
1732	3.0
1747	3.5
1754	3.5
1777	4.5
1784	4.5
1831	2.5
1834	5.0
1876	4.0
1882	2.5
1907	4.0
1917	3.0
1921	3.0
1923	4.0
1954	4.0
1961	4.0
1962	4.5
1968	4.0
2000	4.0
2011	3.5
2012	3.0
2023	4.0
2028	4.5
2046	4.0
2053	2.0
2054	3.5
2058	3.5
2060	2.0
2100	3.5
2115	4.0
2116	4.0
2195	3.5
2231	5.0
2236	5.0
2278	4.5
2291	4.0
2294	3.5
2302	4.0
2318	4.5
2321	4.0
2324	5.0
2329	5.0
2333	3.5
2335	4.5
2340	4.0
2353	4.0
2355	3.5
2391	4.0
2394	4.5
2396	4.0
2421	4.0
2424	3.0
2427	4.0
2433	3.0
2470	4.0
2501	5.0
2505	4.5
2539	4.0
2546	4.5
2571	4.0
2580	4.5
2599	3.0
2605	3.0
2617	4.0
2628	4.5
2683	4.0
2686	5.0
2692	4.0
2694	4.0
2700	4.0
2706	4.0
2710	4.0
2722	3.5
2762	5.0
2771	4.0
2791	3.5
2804	4.0
2858	5.0
2918	4.5
2953	3.0
2959	4.5
2997	2.0
3005	4.0
3006	4.0
3082	3.5
3105	4.0
3114	4.0
3147	5.0
3148	5.0
3157	3.5
3160	4.0
3174	3.5
3176	5.0
3178	4.0
3179	4.0
3185	4.0
3247	4.0
3252	5.0
3255	4.0
3256	4.0
3271	4.5
3298	4.5
3301	4.0
3317	4.0
3408	4.5
3448	4.0
3499	4.5
3534	3.0
3535	4.0
3552	3.5
3555	4.5
3556	4.0
3578	4.5
3744	3.0
3809	3.5
3863	3.5
3868	4.5
3869	4.0
3897	3.0
3911	2.0
3916	4.0
3948	4.5
3949	3.5
3969	4.0
3977	2.5
3978	5.0
3994	5.0
3996	4.0
4011	3.0
4015	3.0
4018	4.0
4019	4.0
4020	3.5
4022	4.0
4023	4.0
4027	4.5
4029	3.5
4033	5.0
4034	4.5
4054	4.5
4061	4.0
4069	3.5
4148	4.0
4153	2.5
4223	4.5
4226	4.0
4239	4.0
4246	3.5
4255	3.0
4270	3.0
4299	4.5
4304	3.5
4306	4.0
4308	4.5
4310	4.5
4340	2.5
4344	3.0
4367	3.0
4369	4.0
4370	4.0
4447	3.0
4448	4.0
4450	3.5
4508	4.5
4613	3.5
4638	3.5
4700	4.0
4718	4.0
4720	4.0
4725	3.0
4728	4.0
4745	4.0
4776	4.0
4815	4.0
4821	4.0
4823	2.0
4844	4.5
4874	4.0
4878	4.0
4880	5.0
4886	3.5
4896	4.0
4901	4.0
4958	4.0
4963	4.5
4973	3.5
4975	3.0
4992	4.0
4993	4.0
4994	5.0
4995	4.0
5010	4.0
5013	4.0
5014	3.5
5015	3.0
5016	4.0
5066	3.0
5220	3.0
5292	4.0
5293	4.0
5313	3.5
5349	4.0
5378	4.0
5400	4.0
5418	4.0
5445	4.0
5459	3.0
5464	5.0
5481	4.0
5502	4.5
5506	3.5
5507	4.0
5528	3.0
5564	3.0
5618	3.5
5620	3.0
5630	3.5
5669	4.5
5673	3.0
5679	4.0
5785	3.0
5810	3.5
5816	4.0
5900	3.5
5902	4.0
5943	3.0
5945	3.0
5952	4.0
5954	4.0
5989	4.0
5992	4.0
5995	4.0
6188	3.5
6287	3.5
6323	4.0
6331	3.5
6365	3.5
6373	4.0
6377	3.0
6378	4.5
6380	3.0
6503	2.5
6539	3.5
6564	4.0
6565	4.5
6586	4.5
6595	3.5
6620	3.5
6707	3.5
6708	5.0
6711	4.0
6753	5.0
6863	3.5
6870	4.0
6874	4.5
6879	3.5
6936	3.5
6942	4.5
6947	4.0
6950	4.0
6952	4.0
6953	3.0
6959	3.5
6979	4.5
7139	3.5
7143	4.0
7147	4.0
7153	3.5
7154	4.0
7155	3.5
7156	4.5
7158	4.0
7160	4.0
7161	3.5
7162	4.5
7254	4.5
7293	4.0
7318	3.5
7361	3.5
7366	4.0
7367	4.0
7438	4.0
7444	4.0
7445	5.0
7451	4.0
8132	4.5
8360	4.0
8361	4.0
8366	4.0
8368	4.0
8372	3.0
8373	3.5
8376	3.5
8464	4.0
8492	4.5
8528	4.0
8529	4.0
8533	4.5
8622	4.0
8636	4.0
8641	3.5
8644	4.0
8665	4.0
8783	4.0
8784	4.0
8798	4.0
8814	3.0
8860	4.0
8870	4.0
8937	4.0
8949	3.5
8950	3.5
8961	4.0
8970	4.5
8972	3.5
8981	4.0
26614	4.0
27706	4.5
27808	4.5
30707	4.0
30793	3.5
30812	4.0
30820	4.0
30825	4.0
31410	4.0
33166	4.5
33493	4.0
33660	4.0
33679	4.0
33794	4.0
34048	4.0
34153	4.0
34162	4.0
35836	4.0
37741	4.0
39183	4.0
40815	4.0
40819	4.5
41566	4.0
44191	4.0
44195	4.0
45517	4.0
45722	3.0
45726	3.5
45950	4.0
46578	4.0
46970	4.0
46972	4.0
47099	3.5
47629	4.0
48322	3.5
48385	3.5
48394	4.0
48516	4.0
48738	3.0
49530	4.0
49822	4.5
49961	4.0
50601	4.0
51080	4.0
52973	4.0
53894	4.5
53996	4.0
54001	4.0
54286	4.0
54503	4.0
55267	4.0
55276	4.0
55290	4.5
55765	4.5
55820	3.5
56152	3.5
56174	4.0
56367	4.0
56782	4.0
57368	4.0
58047	4.0
58105	4.0
58559	4.0
58998	4.0
59315	4.0
59369	4.0
59421	3.5
59501	4.0
60040	3.5
60756	3.5
61132	1.0
62155	4.0
63062	4.5
63082	4.5
63131	4.0
64614	4.5
64620	4.0
64622	4.0
64957	4.0
65230	4.0
67087	4.0
67255	4.0
67734	4.0
67923	3.0
68135	3.5
68157	4.5
68159	4.0
68793	3.0
68952	4.0
68954	4.0
69122	5.0
69481	4.5
69757	4.5
69844	4.5
69951	3.5
70286	4.0
70293	4.0
71211	4.0
71282	4.5
71520	4.0
71535	4.5
71745	1.0
72011	4.0
72395	4.0
72407	3.5
72641	4.0
72720	4.0
72998	4.0
73023	4.0
73266	4.0
73268	3.5
74789	4.0
74795	4.0
76077	3.5
76093	4.5
76251	4.5
76293	3.0
77561	4.0
78039	3.0
78209	3.0
78499	4.0
78574	4.0
78772	3.5
79091	4.0
79132	4.0
79293	4.0
79702	3.0
80463	4.5
80489	4.0
80549	3.5
81591	4.0
81782	4.0
81834	4.0
81845	4.0
81847	4.0
81932	4.0
82459	4.0
84392	4.0
84772	4.0
84944	4.0
84954	3.5
85414	4.0
86833	4.0
87232	4.0
87306	4.5
87869	4.0
88125	4.5
88163	4.0
88405	4.0
88810	4.0
89492	4.0
89864	4.0
91077	4.0
91500	4.0
91529	4.0
91535	4.0
93510	4.0
93840	3.0
94959	4.0
95088	4.0
95167	4.0
95441	4.0
96610	3.5
96821	4.0
97304	4.0
97921	4.5
97923	4.0
97938	4.0
98809	3.5
98961	4.0
99114	4.5
102125	3.5
103141	3.5
103249	4.0
103253	4.0
104841	4.0
104879	4.0
105504	4.0
105844	3.5
106002	3.5
106100	4.0
106487	4.0
106696	4.0
106782	4.5
106916	4.0
106920	4.0
108932	3.5
109374	3.5
109487	4.5
111759	4.0
112183	2.0
112290	3.5
112556	4.0
112852	4.0
116797	4.0
