1	5.0
3	3.0
4	2.0
5	3.0
6	3.0
7	4.0
10	3.0
11	5.0
16	4.0
17	5.0
19	1.0
21	5.0
24	3.0
25	3.0
27	3.0
34	3.0
39	3.0
43	4.0
45	4.0
50	4.0
52	4.0
57	3.0
58	4.0
62	3.0
65	1.0
71	2.0
73	3.0
74	3.0
92	2.0
95	2.0
100	4.0
102	1.0
105	3.0
110	5.0
111	4.0
122	2.0
132	2.0
135	2.0
140	3.0
141	3.0
144	4.0
147	4.0
150	5.0
153	2.0
160	3.0
161	4.0
163	3.0
165	3.0
168	3.0
173	2.0
185	2.0
186	3.0
195	2.0
196	2.0
207	4.0
208	2.0
209	2.0
222	4.0
225	4.0
231	4.0
234	2.0
236	3.0
237	3.0
246	4.0
252	2.0
256	2.0
260	5.0
265	4.0
266	4.0
270	3.0
276	2.0
277	3.0
278	3.0
281	3.0
282	3.0
288	2.0
289	2.0
292	4.0
296	4.0
300	4.0
315	2.0
316	4.0
317	4.0
329	3.0
333	3.0
339	4.0
342	4.0
344	4.0
349	5.0
350	3.0
354	4.0
355	2.0
356	5.0
357	4.0
361	3.0
362	3.0
364	4.0
367	3.0
368	4.0
370	2.0
371	4.0
376	3.0
377	4.0
380	4.0
382	2.0
383	2.0
412	4.0
413	2.0
415	2.0
420	3.0
424	4.0
428	5.0
431	3.0
432	2.0
434	3.0
435	2.0
440	5.0
442	2.0
445	2.0
450	2.0
454	4.0
457	5.0
466	2.0
468	2.0
472	2.0
474	5.0
477	3.0
480	5.0
485	2.0
489	2.0
491	4.0
494	4.0
500	4.0
504	2.0
507	3.0
508	3.0
511	3.0
515	2.0
517	3.0
520	2.0
524	5.0
527	5.0
528	2.0
529	5.0
532	2.0
533	2.0
534	3.0
535	3.0
539	4.0
541	4.0
543	2.0
553	2.0
569	3.0
585	2.0
586	3.0
587	4.0
589	4.0
590	5.0
592	2.0
593	4.0
594	3.0
595	4.0
596	3.0
597	4.0
605	3.0
608	4.0
609	3.0
612	3.0
616	4.0
637	2.0
647	4.0
648	4.0
650	3.0
653	3.0
656	2.0
688	3.0
708	4.0
719	2.0
725	1.0
733	5.0
736	4.0
743	2.0
748	3.0
762	3.0
780	4.0
784	2.0
785	4.0
786	3.0
788	3.0
798	2.0
800	4.0
802	4.0
805	3.0
818	2.0
828	2.0
830	2.0
832	4.0
835	3.0
838	4.0
849	2.0
852	4.0
858	5.0
897	3.0
898	4.0
899	4.0
902	5.0
908	4.0
910	5.0
914	4.0
916	4.0
919	3.0
920	4.0
924	5.0
934	5.0
940	4.0
948	5.0
952	3.0
953	5.0
954	4.0
965	4.0
969	4.0
971	4.0
994	3.0
996	2.0
1005	2.0
1006	3.0
1009	3.0
1015	4.0
1017	3.0
1019	3.0
1021	3.0
1022	4.0
1025	4.0
1027	4.0
1028	3.0
1029	3.0
1031	2.0
1035	5.0
1036	5.0
1037	3.0
1042	4.0
1061	3.0
1073	3.0
1079	4.0
1080	2.0
1081	4.0
1083	3.0
1088	4.0
1090	4.0
1091	2.0
1092	3.0
1093	3.0
1095	3.0
1097	4.0
1099	4.0
1100	4.0
1101	4.0
1104	5.0
1120	3.0
1124	3.0
1125	4.0
1126	1.0
1127	4.0
1129	3.0
1135	3.0
1136	2.0
1171	3.0
1179	3.0
1183	5.0
1185	4.0
1186	3.0
1188	4.0
1193	4.0
1196	5.0
1197	4.0
1198	5.0
1200	5.0
1201	4.0
1204	5.0
1207	5.0
1208	4.0
1210	5.0
1213	4.0
1214	5.0
1220	4.0
1221	4.0
1222	4.0
1225	5.0
1226	5.0
1228	4.0
1231	4.0
1233	5.0
1234	5.0
1238	4.0
1240	4.0
1242	4.0
1244	3.0
1246	5.0
1247	4.0
1250	5.0
1252	4.0
1253	3.0
1258	4.0
1259	4.0
1262	5.0
1265	3.0
1266	3.0
1267	4.0
1268	3.0
1270	5.0
1271	4.0
1272	5.0
1276	5.0
1285	3.0
1287	5.0
1290	3.0
1291	5.0
1293	4.0
1296	2.0
1302	5.0
1303	4.0
1304	4.0
1307	4.0
1320	3.0
1321	4.0
1343	4.0
1345	3.0
1346	2.0
1347	3.0
1350	4.0
1356	3.0
1357	4.0
1359	2.0
1367	2.0
1370	4.0
1371	4.0
1374	3.0
1376	5.0
1377	2.0
1380	4.0
1381	1.0
1387	5.0
1388	3.0
1389	1.0
1390	3.0
1391	2.0
1393	5.0
1396	4.0
1408	4.0
1409	2.0
1410	2.0
1416	2.0
1422	3.0
1425	1.0
1438	3.0
1453	2.0
1457	3.0
1459	3.0
1461	2.0
1465	3.0
1466	4.0
1476	3.0
1479	2.0
1485	2.0
1487	3.0
1488	4.0
1500	3.0
1513	3.0
1515	2.0
1517	3.0
1518	4.0
1544	3.0
1552	4.0
1556	2.0
1562	2.0
1566	3.0
1569	4.0
1573	3.0
1580	3.0
1584	5.0
1587	3.0
1589	4.0
1590	3.0
1591	2.0
1593	3.0
1597	3.0
1608	5.0
1610	5.0
1614	3.0
1616	4.0
1617	5.0
1619	4.0
1625	2.0
1641	4.0
1645	3.0
1653	4.0
1663	3.0
1672	4.0
1673	2.0
1674	4.0
1676	3.0
1682	3.0
1686	3.0
1687	4.0
1688	3.0
1693	3.0
1694	3.0
1704	5.0
1707	1.0
1711	4.0
1713	3.0
1721	5.0
1722	3.0
1727	4.0
1730	3.0
1747	3.0
1752	2.0
1760	2.0
1772	2.0
1777	4.0
1779	3.0
1784	5.0
1792	3.0
1804	3.0
1810	2.0
1821	1.0
1831	2.0
1836	4.0
1862	2.0
1863	2.0
1873	3.0
1876	3.0
1882	3.0
1883	2.0
1892	4.0
1894	4.0
1909	3.0
1911	3.0
1912	3.0
1917	5.0
1918	3.0
1919	3.0
1923	4.0
1927	4.0
1931	4.0
1939	5.0
1944	4.0
1945	4.0
1946	4.0
1947	3.0
1951	5.0
1953	4.0
1954	5.0
1955	4.0
1956	3.0
1957	5.0
1958	4.0
1959	4.0
1961	4.0
1962	4.0
1968	3.0
1974	3.0
1982	3.0
1997	4.0
2000	4.0
2001	4.0
2002	3.0
2003	3.0
2004	2.0
2006	4.0
2011	3.0
2012	4.0
2013	3.0
2015	3.0
2018	4.0
2021	3.0
2023	3.0
2027	1.0
2028	5.0
2034	4.0
2042	2.0
2046	3.0
2050	2.0
2052	3.0
2053	2.0
2054	3.0
2057	4.0
2058	3.0
2064	2.0
2067	5.0
2071	3.0
2072	2.0
2078	3.0
2080	3.0
2081	3.0
2082	3.0
2084	2.0
2085	4.0
2087	3.0
2088	1.0
2094	3.0
2096	4.0
2100	3.0
2105	3.0
2108	3.0
2109	3.0
2112	5.0
2114	3.0
2115	3.0
2123	3.0
2124	2.0
2125	3.0
2135	4.0
2136	3.0
2144	3.0
2145	3.0
2146	4.0
2153	2.0
2174	3.0
2194	5.0
2231	3.0
2241	3.0
2243	4.0
2245	4.0
2247	4.0
2248	4.0
2249	2.0
2252	3.0
2259	2.0
2262	4.0
2266	2.0
2268	5.0
2269	3.0
2289	2.0
2291	3.0
2296	3.0
2297	2.0
2302	4.0
2306	2.0
2311	3.0
2313	3.0
2321	4.0
2324	3.0
2349	3.0
2352	3.0
2353	3.0
2354	2.0
2355	3.0
2359	2.0
2369	3.0
2371	3.0
2372	2.0
2375	2.0
2376	3.0
2377	3.0
2378	4.0
2379	2.0
2380	1.0
2381	1.0
2382	1.0
2383	1.0
2384	2.0
2396	5.0
2398	4.0
2402	4.0
2403	4.0
2404	2.0
2405	3.0
2406	4.0
2407	5.0
2408	3.0
2409	4.0
2410	4.0
2411	3.0
2412	2.0
2413	3.0
2414	3.0
2420	3.0
2421	3.0
2422	2.0
2423	3.0
2424	3.0
2427	4.0
2433	3.0
2447	3.0
2455	3.0
2457	3.0
2467	4.0
2468	2.0
2469	4.0
2470	5.0
2471	4.0
2473	2.0
2474	3.0
2476	4.0
2478	2.0
2490	4.0
2497	4.0
2501	5.0
2513	2.0
2517	3.0
2518	2.0
2524	4.0
2528	4.0
2529	4.0
2533	3.0
2539	2.0
2551	3.0
2565	5.0
2571	4.0
2581	4.0
2598	3.0
2605	3.0
2616	3.0
2628	3.0
2640	4.0
2641	3.0
2642	2.0
2643	2.0
2662	4.0
2671	5.0
2683	2.0
2687	3.0
2701	1.0
2706	4.0
2716	3.0
2717	2.0
2724	2.0
2728	5.0
2734	2.0
2735	2.0
2739	4.0
2746	2.0
2752	3.0
2761	3.0
2762	4.0
2763	4.0
2764	5.0
2789	3.0
2791	3.0
2792	2.0
2794	4.0
2797	4.0
2798	2.0
2802	4.0
2803	3.0
2805	2.0
2822	4.0
2826	3.0
2861	4.0
2866	4.0
2870	4.0
2871	4.0
2875	4.0
2877	3.0
2881	4.0
2906	3.0
2915	4.0
2916	4.0
2917	3.0
2918	3.0
2919	4.0
2926	2.0
2941	5.0
2942	3.0
2944	4.0
2947	3.0
2948	4.0
2949	3.0
2950	3.0
2951	4.0
2953	1.0
2987	3.0
2989	3.0
2990	2.0
2993	4.0
3006	4.0
3007	4.0
3019	3.0
3020	2.0
3029	3.0
3033	2.0
3035	4.0
3039	4.0
3044	4.0
3045	2.0
3060	3.0
3072	4.0
3074	3.0
3088	3.0
3098	5.0
3099	3.0
3100	4.0
3101	4.0
3105	3.0
3107	4.0
3108	3.0
3111	3.0
3114	5.0
3120	3.0
3130	2.0
3148	4.0
3153	4.0
3157	3.0
3176	4.0
3185	4.0
3194	5.0
3197	3.0
3198	5.0
3206	3.0
3208	2.0
3219	2.0
3243	2.0
3246	3.0
3247	3.0
3248	2.0
3249	3.0
3250	4.0
3251	3.0
3252	4.0
3253	3.0
3254	1.0
3255	4.0
3256	4.0
3257	4.0
3260	3.0
3261	4.0
3263	2.0
3269	3.0
3274	3.0
3308	3.0
3358	3.0
3360	4.0
3361	5.0
3362	4.0
3363	5.0
3365	5.0
3386	5.0
3387	3.0
3391	2.0
3392	1.0
3394	2.0
3418	3.0
3421	4.0
3424	4.0
3436	3.0
3448	4.0
3450	4.0
3466	4.0
3468	4.0
3471	5.0
3478	3.0
3489	2.0
3494	4.0
3499	4.0
3500	3.0
3504	4.0
3505	4.0
3524	3.0
3526	4.0
3527	4.0
3528	4.0
3529	3.0
3543	4.0
3551	4.0
3578	5.0
3591	3.0
3614	4.0
3633	5.0
3638	4.0
3649	3.0
3671	3.0
3675	4.0
3682	3.0
3684	3.0
3686	3.0
3688	3.0
3689	2.0
3690	1.0
3697	3.0
3698	3.0
3699	3.0
3701	3.0
3702	4.0
3703	4.0
3704	3.0
3705	2.0
3707	3.0
3712	3.0
3733	4.0
3735	4.0
3751	3.0
3753	5.0
3763	4.0
3764	3.0
3841	3.0
3869	3.0
3877	3.0
3927	3.0
3959	4.0
