1	4.0
2	4.0
3	3.0
7	4.5
10	4.0
11	4.0
12	4.0
21	3.0
23	3.0
25	5.0
26	4.0
29	5.0
32	4.0
34	4.0
36	4.0
39	3.0
44	4.0
47	2.0
50	4.5
52	4.0
66	4.0
70	4.0
86	3.0
95	4.0
105	4.0
107	5.0
110	4.5
112	4.0
150	4.0
151	4.0
153	3.0
155	4.0
160	4.0
161	4.0
163	4.0
165	4.0
168	4.0
170	4.5
172	3.0
173	4.0
177	3.0
180	3.5
185	4.0
188	3.0
196	5.0
198	5.0
207	4.5
208	4.0
218	4.0
222	3.0
223	4.0
233	5.0
237	4.5
249	3.0
253	3.5
260	4.0
262	4.0
265	4.0
267	0.5
273	4.0
288	1.0
293	4.5
296	5.0
299	5.0
300	4.0
303	3.0
307	4.0
314	4.0
315	4.0
316	4.0
317	4.0
318	5.0
319	4.0
327	3.0
328	4.0
329	3.0
338	4.0
339	4.0
342	4.0
344	4.0
349	4.0
350	4.0
353	5.0
355	3.0
356	3.0
357	4.0
362	3.0
364	4.0
367	4.0
368	4.0
370	4.0
372	3.0
377	4.0
380	4.0
381	3.0
393	3.0
405	3.0
410	4.0
423	2.0
434	4.0
435	3.0
440	4.0
442	4.0
450	4.0
453	4.0
454	3.0
457	4.0
464	2.0
466	4.0
468	4.0
475	4.0
480	4.0
481	4.0
491	4.0
494	4.0
497	4.5
500	3.0
509	4.0
514	4.5
527	5.0
531	4.0
534	4.0
537	4.0
539	3.5
541	5.0
542	3.0
544	4.0
546	3.0
548	4.0
551	5.0
553	5.0
586	2.0
587	3.0
588	4.0
589	4.0
592	5.0
593	4.0
594	4.0
595	5.0
597	4.0
610	4.0
612	4.0
628	4.0
648	3.0
653	4.0
661	5.0
674	3.0
691	3.5
708	4.5
719	3.0
724	4.0
731	3.0
733	4.0
736	3.0
737	2.0
741	5.0
745	5.0
748	3.0
761	4.0
762	2.0
778	3.0
780	3.0
781	4.0
786	4.0
788	4.0
799	4.5
802	4.0
804	4.0
836	3.0
837	4.0
879	4.0
882	0.5
903	4.0
919	3.5
920	4.0
923	4.0
924	3.0
953	4.0
955	4.0
996	4.0
1003	4.0
1009	4.0
1019	4.0
1021	3.0
1022	4.0
1025	4.0
1027	4.0
1028	4.0
1030	4.0
1031	4.0
1032	4.0
1033	4.0
1036	4.0
1037	4.0
1042	4.0
1047	4.0
1049	4.0
1057	4.0
1073	4.0
1077	4.0
1080	3.5
1088	3.0
1092	4.5
1097	3.0
1101	4.0
1104	3.0
1126	3.0
1127	4.5
1136	5.0
1148	5.0
1167	3.5
1171	4.0
1173	4.5
1183	2.5
1185	1.0
1196	4.0
1197	5.0
1198	4.0
1199	5.0
1200	4.0
1206	3.0
1210	4.0
1214	4.0
1215	4.0
1219	5.0
1223	4.5
1226	5.0
1231	2.5
1240	4.0
1243	5.0
1246	5.0
1249	4.5
1253	3.0
1259	4.0
1261	4.0
1265	4.0
1266	5.0
1268	5.0
1269	4.5
1270	4.0
1274	4.0
1275	5.0
1276	4.0
1277	4.0
1278	4.0
1282	4.5
1286	3.0
1291	4.0
1293	5.0
1297	4.0
1302	4.0
1307	4.5
1320	3.0
1321	4.0
1330	3.0
1339	4.0
1340	2.5
1347	4.0
1356	5.0
1370	4.0
1371	4.0
1372	4.0
1373	4.0
1374	4.0
1375	4.0
1376	3.5
1377	4.0
1378	4.0
1387	2.0
1393	1.5
1396	4.0
1398	4.0
1407	4.0
1409	4.0
1411	4.5
1438	4.0
1441	4.0
1449	2.5
1459	3.5
1476	4.0
1479	4.0
1498	4.0
1517	4.0
1527	4.0
1544	4.0
1562	3.0
1566	4.0
1580	4.5
1584	4.0
1586	4.0
1588	4.0
1590	3.0
1591	3.0
1603	4.0
1610	4.0
1639	4.0
1641	4.0
1653	4.0
1658	4.0
1665	4.0
1673	2.0
1674	4.0
1676	4.5
1680	5.0
1681	3.0
1682	4.0
1688	4.0
1704	4.0
1711	4.0
1717	4.0
1721	3.0
1722	4.0
1748	5.0
1769	4.0
1779	3.0
1784	4.0
1801	4.0
1805	5.0
1831	4.0
1835	3.0
1845	4.0
1876	4.0
1907	3.5
1909	3.0
1917	3.0
1921	5.0
1923	4.0
1949	4.0
1967	5.0
1968	5.0
1970	4.0
1971	4.0
1994	3.0
1997	3.0
2000	4.0
2003	4.5
2004	4.0
2005	4.0
2006	4.0
2011	4.0
2012	4.0
2020	4.0
2021	4.0
2033	4.0
2034	3.0
2038	4.0
2046	4.0
2060	4.0
2071	4.0
2072	4.0
2077	4.0
2078	3.0
2081	4.0
2082	3.0
2087	4.0
2091	5.0
2094	4.0
2095	4.0
2096	4.0
2097	4.0
2100	4.0
2105	4.0
2106	4.0
2109	4.0
2115	4.0
2116	3.0
2120	4.0
2124	4.0
2125	4.0
2134	4.0
2138	5.0
2139	4.0
2140	5.0
2143	4.0
2150	4.0
2160	3.0
2161	4.0
2167	4.0
2174	4.0
2183	4.0
2193	4.0
2194	4.0
2212	4.0
2245	4.0
2248	4.0
2252	4.0
2263	4.0
2266	3.0
2268	4.0
2279	4.0
2291	4.0
2294	4.0
2297	4.5
2311	4.0
2316	4.0
2321	4.0
2324	5.0
2328	1.0
2333	3.5
2336	1.0
2340	5.0
2353	4.0
2355	4.0
2359	5.0
2369	3.0
2371	4.0
2372	4.0
2389	4.0
2393	4.5
2394	4.0
2396	5.0
2402	4.0
2403	4.0
2404	4.0
2405	4.0
2406	4.0
2413	4.0
2414	5.0
2420	4.0
2421	4.0
2422	2.5
2424	4.0
2431	4.0
2443	4.0
2445	3.0
2450	3.0
2453	3.0
2455	4.0
2470	3.5
2478	4.0
2491	4.0
2496	4.0
2497	4.0
2502	5.0
2505	0.5
2527	4.0
2528	4.0
2529	4.0
2541	4.0
2542	4.5
2549	4.0
2550	5.0
2558	4.0
2571	5.0
2575	0.5
2581	4.0
2594	5.0
2599	3.0
2605	4.0
2606	4.0
2612	4.0
2616	4.0
2617	4.0
2622	4.0
2628	4.0
2640	3.0
2641	3.0
2642	3.0
2643	3.0
2648	2.0
2657	4.0
2662	4.0
2671	4.0
2672	4.5
2683	4.0
2687	4.0
2699	3.0
2700	1.0
2706	4.0
2710	4.5
2712	5.0
2716	4.0
2718	4.0
2719	4.0
2720	2.5
2722	4.0
2723	5.0
2728	4.0
2734	4.0
2745	4.0
2748	4.0
2761	4.0
2762	5.0
2793	4.0
2796	4.5
2797	4.0
2803	4.0
2804	4.0
2810	5.0
2815	4.0
2822	4.0
2841	4.5
2863	4.0
2867	4.0
2871	3.0
2903	4.0
2915	4.0
2916	4.0
2918	4.0
2944	4.0
2946	4.0
2947	4.0
2950	3.5
2959	4.5
2968	4.0
2985	4.0
2987	4.0
2995	4.0
3000	5.0
3033	4.0
3034	4.0
3040	4.0
3044	4.0
3060	5.0
3061	4.0
3067	4.0
3070	3.5
3081	5.0
3082	4.0
3083	4.0
3098	5.0
3100	4.0
3105	4.0
3107	4.0
3108	4.0
3157	4.0
3159	4.5
3175	4.5
3208	4.0
3213	4.0
3246	4.0
3247	4.0
3248	4.0
3249	4.0
3252	3.0
3253	3.0
3254	3.0
3255	3.0
3256	4.0
3258	4.0
3264	4.0
3269	4.0
3270	4.0
3285	2.0
3300	4.5
3354	4.0
3355	4.5
3385	4.0
3387	4.0
3396	5.0
3397	4.0
3398	3.5
3429	5.0
3441	4.0
3448	4.0
3450	3.0
3452	3.0
3466	4.0
3471	3.0
3477	4.0
3479	3.0
3483	4.0
3484	4.0
3489	4.0
3512	4.0
3526	3.0
3527	4.0
3534	4.0
3535	4.0
3548	3.0
3557	4.0
3578	4.0
3594	4.0
3608	4.0
3615	4.0
3623	4.0
3624	4.0
3654	4.0
3671	4.0
3675	4.0
3686	5.0
3688	4.0
3697	3.5
3699	4.0
3702	3.0
3707	4.5
3723	4.0
3740	3.0
3745	5.0
3751	4.5
3753	4.0
3763	4.5
3764	4.0
3785	1.5
3793	5.0
3802	4.0
3809	4.0
3825	4.5
3857	4.0
3863	4.5
3877	3.5
3882	4.0
3889	5.0
3949	4.5
3968	3.0
3981	4.0
3994	5.0
3996	5.0
3997	4.0
4006	4.0
4011	3.5
4014	5.0
4015	4.5
4020	4.0
4025	4.0
4027	4.0
4030	4.0
4052	4.0
4104	4.0
4105	4.5
4128	5.0
4226	5.0
4232	5.0
4246	4.0
4270	4.5
4299	4.0
4306	4.0
4366	3.5
4367	5.0
4386	3.0
4387	2.5
4437	3.0
4446	5.0
4447	3.5
4467	5.0
4509	3.5
4544	3.0
4545	3.0
4564	3.5
4571	4.0
4643	3.0
4699	4.5
4700	4.0
4703	5.0
4718	4.0
4720	4.5
4735	3.5
4744	4.0
4814	4.0
4865	4.5
4876	4.5
4878	4.5
4886	4.0
4896	3.5
4902	4.5
4941	4.0
4973	5.0
4980	4.0
4990	4.0
4992	3.5
4993	5.0
4995	3.5
5026	5.0
5039	4.0
5055	4.5
5060	4.0
5065	4.5
5072	3.5
5128	2.5
5146	5.0
5171	4.5
5218	4.0
5219	4.0
5225	4.0
5254	4.0
5267	3.0
5303	5.0
5349	4.0
5363	4.0
5378	4.0
5380	4.0
5418	4.0
5445	4.0
5459	4.5
5463	4.0
5481	4.0
5501	3.5
5502	4.5
5504	4.0
5507	4.5
5602	5.0
5609	4.0
5618	4.0
5650	4.5
5669	4.0
5784	4.0
5816	4.0
5872	4.0
5882	3.0
5893	3.5
5903	4.0
5943	3.5
5944	4.5
5952	5.0
5957	4.0
5989	4.0
5991	3.5
6157	4.0
6170	3.5
6218	4.0
6283	3.5
6305	3.0
6333	4.0
6350	4.0
6365	4.5
6373	4.5
6377	4.0
6385	5.0
6502	4.0
6539	4.0
6541	4.5
6564	4.0
6709	4.5
6754	5.0
6773	3.5
6874	5.0
6934	5.0
6950	3.5
6952	4.0
6959	3.5
7023	4.0
7090	4.5
7101	4.0
7147	4.5
7153	5.0
7163	4.0
7173	3.0
7317	4.5
7346	4.0
7347	4.0
7367	4.0
7373	4.0
7438	5.0
7454	4.0
7481	2.5
7841	4.5
7842	4.0
8360	5.0
8361	4.0
8368	4.0
8371	4.5
8372	4.0
8464	5.0
8644	3.5
8665	4.0
8783	5.0
8807	4.5
8810	4.0
8861	4.0
8865	4.5
8874	4.5
8917	3.5
8969	4.0
8972	4.0
8973	3.5
26662	4.0
27706	4.5
27728	4.0
30793	4.5
31221	3.5
31696	4.0
32587	4.5
33004	2.5
33493	4.5
33679	5.0
33794	5.0
33836	2.0
34332	3.5
34334	3.5
34405	5.0
34520	3.5
36401	4.5
37386	4.0
38038	4.5
41566	5.0
41569	4.5
42738	5.0
43836	3.5
43928	4.0
44191	4.5
44828	4.0
45499	4.0
45517	4.5
45722	3.5
45880	3.5
46530	4.0
46976	5.0
48304	2.5
49649	4.0
50601	4.0
50685	3.5
50872	4.0
51077	3.5
51086	4.5
52975	3.5
53125	4.0
53996	4.5
54259	5.0
54286	2.5
60684	4.5
72998	4.5
74458	4.5
89745	5.0
112852	4.0
