1	3.0
2	3.0
3	3.0
4	3.0
7	1.0
10	3.0
11	3.0
14	3.0
15	3.0
17	4.0
19	2.0
21	3.0
22	3.0
26	3.0
28	3.0
29	2.5
30	3.0
31	3.0
32	3.0
34	1.0
35	3.0
39	4.0
41	4.0
43	3.0
45	4.0
46	3.0
47	2.0
50	4.0
52	3.0
55	3.0
57	3.0
58	5.0
60	3.0
62	3.0
74	3.0
82	3.0
85	4.0
87	3.0
92	1.0
95	2.0
105	3.0
111	4.0
121	4.0
123	3.0
125	3.0
140	1.0
141	2.0
144	4.0
150	3.0
153	2.0
154	5.0
156	3.0
157	3.0
162	4.0
163	3.5
164	4.0
165	2.0
168	1.0
170	3.0
172	2.0
176	3.0
182	3.0
185	3.0
186	3.0
194	3.0
195	3.0
198	2.0
199	3.0
203	3.0
205	3.0
207	2.0
213	4.0
215	3.0
218	3.0
222	4.0
223	4.0
224	4.0
225	2.5
230	4.0
232	4.0
233	3.0
235	4.0
236	2.0
237	2.0
247	5.0
249	3.0
252	4.0
253	3.0
260	2.0
261	3.0
265	4.0
266	3.0
270	2.0
272	4.0
273	3.0
278	3.0
279	3.0
281	3.0
282	3.0
289	3.0
290	4.0
294	2.0
296	3.0
300	4.0
302	4.0
303	2.5
305	3.0
314	3.0
316	4.0
318	4.0
319	3.0
326	3.0
329	3.0
337	4.0
338	3.0
339	3.0
342	3.0
344	2.0
345	4.0
346	4.0
348	3.0
350	3.0
351	3.0
352	3.0
353	3.0
354	3.0
356	0.5
357	4.0
360	3.0
361	3.0
363	5.0
365	3.0
367	3.0
368	4.0
369	3.0
371	3.0
372	3.0
373	3.0
376	2.0
377	4.0
378	2.0
380	1.0
382	3.0
410	4.0
412	3.0
416	3.0
417	3.0
425	3.0
432	3.0
435	3.0
440	3.0
446	4.0
452	4.0
454	3.0
457	3.0
466	3.0
468	4.0
471	4.0
475	4.0
480	3.0
485	3.0
489	1.0
492	3.0
497	4.0
500	3.0
506	3.0
508	3.0
509	4.0
515	4.0
516	2.0
518	2.0
520	3.5
521	3.0
523	3.0
529	4.0
531	3.5
532	3.0
534	3.0
535	3.0
536	2.0
537	3.0
538	3.0
539	3.0
541	4.0
549	4.0
551	4.0
553	3.0
558	3.0
562	4.0
581	4.0
585	3.0
586	2.0
587	3.5
589	3.0
590	3.0
592	3.0
593	3.0
594	4.0
596	4.0
597	2.0
599	5.0
608	4.5
615	4.0
635	3.0
647	3.0
648	3.0
653	3.0
668	5.0
670	4.0
674	3.0
678	4.0
691	3.0
697	1.0
707	2.0
708	4.0
728	4.0
736	3.0
742	2.0
750	5.0
762	2.0
766	4.0
778	5.0
780	3.0
781	3.0
784	4.0
799	3.0
800	4.0
804	3.0
805	3.0
830	3.0
838	4.0
848	2.0
851	3.0
852	3.0
858	5.0
897	3.0
898	5.0
899	5.0
900	4.0
901	4.0
902	5.0
903	4.0
904	5.0
905	4.0
906	4.0
907	5.0
908	5.0
909	5.0
910	5.0
911	4.0
912	5.0
913	5.0
914	4.0
915	5.0
916	4.0
918	4.0
919	4.0
920	4.0
921	5.0
922	5.0
923	5.0
924	5.0
926	5.0
927	4.0
928	4.0
929	4.0
930	5.0
931	4.5
932	3.0
933	4.0
934	3.0
936	5.0
938	4.0
940	5.0
941	4.0
942	5.0
943	4.0
944	4.0
945	5.0
946	4.0
947	3.0
948	2.0
949	5.0
950	5.0
951	4.0
952	3.0
953	2.0
954	4.0
955	5.0
965	4.0
969	5.0
971	4.0
973	3.0
986	3.0
991	4.0
994	4.0
1008	3.0
1009	3.0
1012	3.0
1013	3.0
1014	3.0
1019	3.0
1022	4.0
1027	2.0
1028	4.0
1029	3.0
1035	2.0
1036	4.0
1041	4.0
1047	3.0
1049	2.0
1050	4.0
1051	3.0
1054	3.0
1060	3.0
1061	2.5
1066	5.0
1069	4.0
1073	3.0
1077	4.0
1078	4.0
1079	4.0
1080	3.0
1081	3.0
1082	4.0
1083	3.0
1084	5.0
1085	3.0
1086	4.0
1088	4.0
1090	4.0
1093	3.0
1094	5.0
1095	3.0
1096	3.0
1097	4.0
1099	4.0
1103	5.0
1104	5.0
1124	3.0
1125	4.0
1129	3.0
1130	4.0
1131	4.0
1132	4.0
1135	1.0
1136	3.0
1147	4.0
1150	4.0
1161	2.0
1162	5.0
1171	4.0
1172	4.0
1177	3.0
1178	5.0
1179	5.0
1183	4.5
1184	3.0
1185	4.0
1186	4.0
1187	3.0
1188	5.0
1189	5.0
1191	3.0
1194	3.0
1196	2.0
1197	4.0
1198	4.0
1199	4.0
1200	4.0
1201	3.0
1203	4.0
1204	5.0
1206	5.0
1207	5.0
1208	2.0
1209	3.0
1210	2.0
1211	4.0
1212	5.0
1213	3.0
1214	4.0
1217	4.0
1219	5.0
1220	3.0
1221	5.0
1222	3.0
1224	4.0
1225	3.0
1226	4.0
1227	3.0
1228	4.0
1230	5.0
1231	4.0
1233	4.0
1234	4.0
1235	4.0
1237	5.0
1238	4.0
1240	4.0
1242	4.0
1243	3.0
1244	3.0
1245	4.0
1246	4.0
1247	4.0
1248	5.0
1249	4.0
1250	1.0
1251	5.0
1252	5.0
1253	4.0
1254	5.0
1256	5.0
1258	2.0
1259	4.0
1260	5.0
1262	4.0
1263	3.0
1264	3.0
1265	3.0
1266	3.0
1267	5.0
1269	4.0
1270	3.0
1271	4.0
1273	3.0
1277	4.0
1278	4.0
1279	4.0
1280	5.0
1281	5.0
1282	5.0
1283	3.0
1284	5.0
1285	4.0
1286	4.0
1287	1.0
1288	4.0
1289	3.0
1291	3.0
1292	4.0
1293	3.0
1295	2.0
1296	4.0
1299	4.0
1300	4.0
1301	4.0
1302	3.0
1303	5.0
1304	4.0
1305	2.0
1307	4.0
1321	4.0
1327	2.0
1332	2.0
1333	3.0
1334	3.0
1339	3.0
1340	4.0
1343	3.0
1345	3.0
1346	3.0
1348	5.0
1353	2.0
1354	3.0
1356	3.0
1357	4.0
1358	4.0
1370	2.0
1371	2.0
1372	2.0
1373	2.0
1374	3.0
1375	3.0
1376	4.0
1377	2.0
1378	3.0
1380	3.0
1387	2.0
1391	2.0
1393	3.0
1394	4.0
1395	3.0
1396	3.0
1399	3.0
1408	3.0
1409	4.0
1411	4.0
1414	3.0
1416	2.0
1417	3.0
1419	4.0
1422	3.0
1441	4.0
1449	4.0
1475	4.0
1484	4.0
1498	3.0
1500	3.0
1527	3.0
1537	4.0
1541	2.0
1542	4.0
1562	2.0
1569	4.0
1580	3.0
1584	4.0
1587	3.0
1589	2.0
1597	3.0
1610	3.0
1611	3.0
1614	4.0
1617	3.0
1621	3.0
1625	3.0
1629	2.0
1633	3.0
1635	3.0
1639	4.0
1641	5.0
1643	3.0
1645	3.0
1647	1.0
1653	3.0
1660	3.0
1672	3.0
1673	4.0
1674	3.0
1676	3.0
1678	3.0
1680	3.0
1682	3.0
1683	3.0
1690	3.0
1693	3.0
1694	4.0
1699	5.0
1704	4.0
1711	1.0
1719	4.0
1722	3.0
1727	3.0
1732	2.0
1734	5.0
1747	3.0
1748	4.0
1777	3.0
1784	2.0
1794	3.0
1805	4.0
1810	4.0
1821	3.0
1831	3.0
1834	3.0
1836	4.0
1883	3.0
1884	1.0
1885	4.0
1888	2.5
1889	4.0
1894	3.0
1897	4.0
1909	3.0
1913	3.0
1914	4.0
1916	3.0
1918	4.0
1921	4.0
1923	2.0
1924	4.0
1927	5.0
1929	4.0
1931	4.0
1934	4.0
1935	4.0
1936	3.0
1938	4.0
1939	5.0
1940	4.0
1941	5.0
1942	4.0
1944	5.0
1945	4.0
1946	5.0
1947	4.0
1948	4.0
1949	3.0
1950	4.0
1951	2.0
1952	5.0
1953	3.0
1954	3.0
1955	3.0
1956	3.0
1957	3.0
1958	3.0
1959	3.0
1960	3.0
1961	3.0
1962	2.0
1963	4.0
1964	4.0
1965	4.0
1966	4.0
1968	3.0
1994	3.0
2000	4.0
2001	4.0
2002	4.0
2003	3.0
2006	3.0
2009	3.0
2010	5.0
2011	3.0
2012	3.0
2018	4.0
2019	5.0
2020	3.0
2021	3.0
2023	1.0
2052	2.0
2053	3.0
2054	3.0
2064	4.0
2065	3.0
2066	4.0
2067	5.0
2068	4.0
2069	3.0
2070	4.0
2071	3.0
2072	3.0
2076	5.0
2080	3.0
2082	3.0
2085	3.0
2087	4.0
2088	2.0
2096	3.0
2097	1.0
2099	3.0
2102	4.0
2105	3.0
2106	3.0
2109	2.0
2110	3.0
2111	3.0
2112	3.0
2114	3.0
2115	1.0
2116	3.0
2117	3.0
2118	3.0
2124	4.0
2130	4.0
2132	3.0
2144	3.0
2145	3.0
2146	3.0
2147	1.0
2150	4.0
2153	1.0
2154	3.0
2155	3.0
2160	4.0
2163	4.0
2171	4.0
2173	4.0
2174	4.0
2176	3.0
2178	3.0
2181	3.0
2182	3.0
2183	3.0
2184	4.0
2186	5.0
2193	3.0
2194	2.0
2202	4.0
2203	5.0
2204	4.0
2205	4.0
2206	4.0
2208	4.0
2212	4.0
2231	2.5
2239	2.0
2240	3.0
2243	4.0
2245	2.0
2247	3.0
2248	3.5
2249	1.0
2252	2.0
2262	3.0
2266	2.0
2268	3.0
2269	2.0
2272	3.0
2287	3.0
2289	4.0
2290	2.0
2291	4.0
2294	3.0
2300	5.0
2302	3.0
2303	5.0
2311	2.0
2312	3.0
2313	3.0
2314	3.0
2316	3.0
2321	3.0
2324	4.0
2333	3.0
2336	3.0
2344	3.5
2346	3.0
2348	4.0
2349	5.0
2351	5.0
2352	3.0
2353	3.0
2355	3.0
2359	4.0
2366	5.0
2369	4.0
2375	3.5
2390	3.0
2393	2.0
2395	3.5
2396	5.0
2398	4.0
2405	4.0
2406	4.0
2407	3.0
2408	2.0
2409	2.0
2410	1.0
2413	1.0
2414	4.0
2420	3.0
2424	3.0
2430	3.0
2431	3.0
2433	3.0
2436	3.0
2442	3.0
2443	3.5
2453	3.0
2454	4.0
2455	3.0
2463	3.0
2467	3.0
2468	4.0
2469	1.0
2470	4.0
2471	3.0
2474	3.0
2478	3.0
2488	4.0
2495	4.0
2497	1.0
2501	3.0
2511	4.0
2518	3.0
2519	3.0
2520	3.0
2524	3.0
2527	2.0
2528	3.0
2529	4.0
2539	4.0
2546	1.0
2550	3.0
2551	4.0
2558	2.0
2560	2.0
2565	4.0
2567	2.0
2570	3.0
2571	3.0
2580	3.0
2583	3.0
2598	3.0
2599	3.5
2600	3.5
2611	2.0
2612	5.0
2613	3.0
2616	2.0
2617	2.5
2622	3.0
2624	4.0
2628	2.0
2633	4.0
2639	3.0
2640	4.0
2641	3.0
2642	3.0
2643	3.0
2644	5.0
2648	5.0
2654	5.0
2657	4.0
2664	5.0
2668	3.0
2670	4.0
2671	3.0
2677	4.0
2686	3.0
2688	2.5
2690	4.0
2699	3.0
2701	3.0
2702	3.0
2712	2.0
2716	4.0
2717	3.0
2718	4.0
2728	5.0
2729	4.0
2730	3.0
2731	5.0
2732	5.0
2734	3.0
2735	2.0
2736	3.0
2739	2.0
2745	3.0
2746	2.0
2747	4.0
2750	3.0
2752	4.0
2759	3.0
2762	4.0
2764	4.0
2779	2.0
2782	3.0
2791	4.0
2792	3.0
2797	3.0
2801	3.0
2802	3.0
2803	1.0
2804	4.0
2805	1.0
2819	4.0
2829	3.0
2836	3.0
2852	3.0
2857	3.0
2858	5.0
2863	4.0
2866	4.0
2870	3.0
2871	4.0
2872	2.0
2877	3.0
2905	4.0
2906	1.0
2908	4.0
2912	4.0
2915	3.0
2916	4.0
2917	5.0
2918	4.0
2919	4.0
2920	5.0
2925	5.0
2926	4.0
2927	5.0
2929	4.0
2932	5.0
2935	5.0
2936	4.0
2937	4.0
2940	5.0
2941	3.0
2942	3.0
2946	4.0
2947	4.0
2948	4.0
2949	4.0
2951	3.0
2953	1.0
2956	3.0
2959	3.0
2966	4.0
2967	4.0
2968	3.0
2969	3.0
2970	4.0
2971	3.0
2973	3.0
2983	3.0
2985	5.0
2986	3.0
2987	3.0
2988	4.0
2989	3.0
2990	2.0
2991	3.0
2993	3.0
2997	5.0
3000	4.0
3006	4.0
3011	4.0
3015	3.0
3019	4.0
3022	5.0
3028	3.0
3030	5.0
3035	4.0
3036	3.0
3037	5.0
3039	3.0
3044	4.0
3045	3.0
3051	3.0
3052	3.0
3060	4.0
3061	3.0
3062	3.0
3063	3.0
3067	4.0
3068	3.0
3070	5.0
3071	3.0
3072	4.0
3074	4.0
3075	3.0
3078	4.0
3079	3.0
3081	3.0
3082	2.0
3083	5.0
3088	4.0
3089	5.0
3091	4.0
3093	5.0
3095	5.0
3096	3.0
3097	5.0
3098	3.0
3099	4.0
3100	3.0
3102	4.0
3104	3.0
3105	3.0
3107	3.0
3108	4.0
3111	3.0
3125	3.0
3129	3.0
3134	5.0
3135	3.0
3145	4.0
3148	3.0
3152	4.0
3153	3.0
3155	3.0
3160	3.0
3163	4.0
3167	3.0
3168	5.0
3175	4.0
3176	4.0
3186	3.0
3189	4.0
3194	3.0
3196	5.0
3197	2.0
3198	4.0
3200	3.0
3201	2.0
3203	3.0
3206	4.0
3210	3.0
3219	3.0
3224	5.0
3244	2.0
3247	4.0
3248	3.0
3251	3.0
3252	2.0
3253	3.0
3255	3.0
3258	1.0
3259	3.0
3260	4.0
3261	3.0
3264	3.0
3267	4.0
3269	3.0
3296	3.0
3299	2.0
3307	5.0
3308	3.0
3310	4.0
3317	3.0
3328	4.0
3330	3.0
3334	5.0
3341	4.0
3342	4.0
3347	4.0
3350	4.0
3358	3.0
3359	4.0
3360	4.0
3361	4.0
3362	1.0
3363	4.0
3364	4.0
3365	4.0
3386	3.0
3388	3.0
3392	2.0
3394	1.0
3396	3.0
3405	3.0
3408	4.0
3418	2.0
3420	3.0
3421	3.0
3422	4.0
3424	3.0
3435	5.0
3448	3.0
3450	3.0
3451	2.0
3461	4.0
3462	5.0
3467	4.0
3468	4.0
3469	3.0
3470	4.0
3471	1.0
3475	4.5
3477	3.0
3478	4.0
3479	3.0
3481	4.0
3489	1.0
3494	3.0
3498	1.0
3500	3.0
3501	3.0
3503	4.5
3504	4.0
3505	3.0
3506	4.0
3507	3.0
3510	4.0
3512	2.0
3516	3.0
3521	3.0
3524	1.0
3526	3.0
3527	2.0
3534	2.5
3538	4.0
3543	4.0
3545	4.0
3546	4.0
3548	3.0
3549	3.0
3550	4.0
3556	3.0
3565	3.0
3566	2.0
3578	3.0
3591	3.0
3598	3.0
3606	4.0
3608	3.0
3614	3.0
3618	3.0
3623	3.0
3629	5.0
3634	4.0
3635	3.0
3638	3.0
3639	3.0
3649	3.0
3653	4.0
3668	4.0
3671	4.0
3675	3.0
3683	5.0
3684	4.0
3685	4.0
3686	3.0
3693	3.0
3697	1.0
3698	3.0
3699	4.0
3701	3.0
3705	2.0
3706	3.0
3712	4.0
3723	4.0
3724	4.0
3730	5.0
3733	4.0
3735	4.0
3740	1.0
3741	5.0
3742	5.0
3744	3.0
3755	4.0
3763	4.0
3764	3.0
3783	4.0
3785	2.0
3788	5.0
3789	5.0
3791	3.0
3793	3.0
3794	3.0
3798	3.0
3801	4.0
3809	3.0
3811	5.0
3812	4.0
3814	4.0
3819	5.0
3831	4.0
3844	3.0
3852	4.0
3858	2.0
3871	5.0
3873	4.0
3893	3.0
3897	4.0
3909	4.0
3910	2.0
3911	3.0
3915	3.5
3916	4.0
3925	4.0
3930	3.0
3932	4.0
3952	4.0
3953	3.0
3959	3.0
3967	4.0
3978	3.0
3980	3.5
3983	3.0
3984	4.0
3987	3.0
3994	3.0
3996	5.0
4005	3.0
4007	4.0
4008	4.0
4009	4.0
4011	3.0
4014	4.0
4017	4.0
4018	4.0
4019	4.0
4021	4.0
4022	2.0
4024	4.0
4025	4.0
4027	5.0
4029	3.0
4036	3.0
4037	3.0
4039	3.0
4041	3.0
4062	4.0
4067	3.0
4080	4.0
4082	3.0
4084	3.0
4085	4.0
4086	4.0
4090	4.0
4103	2.0
4117	5.0
4121	4.0
4128	3.0
4132	3.0
4144	3.0
4174	4.0
4187	4.0
4191	5.0
4205	3.0
4211	4.0
4218	4.0
4220	3.0
4225	3.0
4226	3.0
4232	4.0
4234	3.0
4246	4.0
4263	4.0
4276	3.0
4280	4.0
4285	2.0
4291	4.0
4292	5.0
4296	3.0
4299	3.0
4304	4.0
4305	4.0
4308	4.0
4318	3.0
4321	4.0
4322	4.0
4327	5.0
4329	3.0
4333	2.0
4349	2.0
4356	4.0
4357	3.0
4359	4.0
4361	4.0
4367	3.0
4370	4.0
4378	2.5
4406	4.0
4407	4.5
4410	4.0
4422	4.5
4424	5.0
4427	4.0
4432	4.0
4443	4.0
4447	4.0
4464	4.0
4465	4.0
4467	3.0
4474	3.0
4478	4.0
4489	3.0
4499	4.0
4506	2.0
4529	5.0
4531	3.0
4557	4.0
4558	4.0
4564	1.0
4587	4.0
4616	3.5
4621	3.0
4623	3.0
4639	4.0
4641	4.0
4642	4.0
4661	4.0
4676	4.0
4681	4.0
4703	4.0
4705	4.0
4710	3.0
4713	4.0
4720	4.0
4723	3.0
4727	2.0
4733	2.0
4783	4.5
4784	3.0
4787	3.0
4792	3.0
4799	4.0
4802	3.0
4803	3.0
4809	5.0
4815	4.0
4823	3.0
4835	4.0
4855	3.0
4867	3.0
4873	4.0
4878	4.0
4881	3.0
4890	3.0
4896	3.0
4901	4.0
4903	3.0
4912	4.0
4914	5.0
4928	4.0
4932	2.0
4936	4.0
4954	3.0
4956	4.0
4963	3.0
4969	4.0
4970	5.0
4971	4.0
4973	4.0
4975	4.0
4976	4.0
4978	4.0
4979	3.0
4992	2.5
4993	5.0
4994	4.0
4995	4.0
5004	3.0
5008	5.0
5013	4.0
5015	4.0
5016	4.0
5017	5.0
5021	2.0
5026	3.0
5034	4.0
5049	4.0
5051	3.0
5055	3.0
5060	5.0
5065	0.5
5081	2.0
5092	3.0
5103	4.0
5105	3.0
5120	3.0
5135	5.0
5139	4.0
5147	5.0
5177	5.0
5222	4.0
5225	5.0
5266	3.0
5267	3.0
5291	5.0
5299	4.0
5303	2.0
5308	2.0
5312	2.5
5316	4.0
5325	4.0
5339	3.0
5349	4.0
5367	5.0
5377	5.0
5378	3.0
5388	3.0
5391	5.0
5410	4.0
5415	4.0
5417	4.0
5418	3.0
5420	3.0
5421	3.0
5445	3.0
5446	4.0
5450	3.0
5459	2.0
5464	3.0
5489	4.0
5500	4.0
5502	1.5
5504	4.0
5505	3.0
5522	4.0
5528	3.0
5540	3.0
5541	4.0
5544	4.0
5548	3.0
5574	2.5
5577	3.0
5603	4.0
5610	2.0
5613	0.5
5617	4.0
5620	3.0
5667	3.0
5668	4.0
5669	4.0
5673	2.0
5685	4.0
5693	4.0
5707	4.0
5712	2.0
5747	4.0
5772	5.0
5782	3.5
5791	4.0
5792	3.0
5810	4.0
5812	5.0
5816	4.0
5872	3.0
5876	5.0
5878	4.0
5890	4.0
5899	5.0
5900	4.0
5902	3.0
5941	4.0
5943	4.0
5944	4.0
5952	5.0
5955	3.0
5956	1.0
5957	3.0
5989	3.0
5991	4.0
5992	4.0
5995	5.0
6001	3.0
6003	3.5
6016	4.5
6155	4.0
6170	4.0
6183	3.0
6184	4.0
6197	4.0
6216	4.5
6218	4.0
6235	4.0
6238	3.0
6239	3.0
6266	4.0
6286	4.0
6296	4.0
6297	4.0
6303	3.0
6305	4.0
6331	4.0
6333	3.0
6365	3.0
6367	4.5
6377	4.0
6378	3.5
6380	4.0
6385	4.5
6440	4.5
6461	3.5
6484	3.0
6537	3.0
6538	3.5
6539	4.0
6541	2.5
6552	4.0
6564	4.0
6565	4.0
6591	5.0
6620	4.5
6639	4.0
6645	4.5
6658	2.0
6659	4.0
6662	5.0
6663	4.0
6666	4.5
6669	5.0
6708	3.0
6711	3.5
6724	3.0
6753	3.5
6755	2.0
6765	3.0
6773	4.0
6774	3.0
6776	4.0
6777	5.0
6783	5.0
6785	3.0
6786	4.5
6787	4.5
6791	5.0
6810	3.5
6832	3.0
6852	4.5
6862	3.0
6863	3.0
6867	5.0
6870	4.0
6873	3.5
6874	3.5
6879	3.0
6881	3.5
6932	3.5
6934	2.5
6942	4.0
6944	3.0
6947	4.0
6952	3.0
6953	3.5
6954	4.5
6957	2.5
6966	3.0
6974	3.0
6979	4.0
6985	5.0
6987	5.0
6993	4.0
7001	3.0
7004	4.0
7008	3.0
7013	5.0
7018	4.0
7023	4.5
7027	3.5
7044	3.0
7045	3.5
7046	3.5
7063	5.0
7064	5.0
7072	4.0
7073	4.5
7076	4.0
7084	4.0
7089	4.0
7090	3.0
7091	4.5
7101	3.5
7102	3.0
7116	4.5
7121	5.0
7132	4.5
7137	3.5
7139	4.0
7143	3.5
7147	4.0
7149	4.0
7151	4.0
7153	4.0
7154	3.0
7155	4.0
7156	5.0
7158	4.0
7160	4.0
7162	3.5
7163	3.5
7215	4.5
7234	5.0
7265	3.5
7293	3.0
7303	3.5
7323	3.5
7324	3.0
7327	5.0
7347	3.5
7361	4.5
7367	1.5
7371	3.0
7386	2.5
7419	1.0
7438	3.0
7445	3.0
7451	3.5
7481	4.0
7560	4.0
7569	3.0
7570	3.0
7573	3.0
7618	3.5
7619	4.0
7649	3.0
7669	4.5
7698	4.5
7706	4.5
7757	3.0
7766	4.5
7836	4.0
7925	4.0
7934	3.0
7980	3.0
7983	3.5
8042	4.5
8128	4.0
8154	5.0
8183	4.0
8337	4.0
8361	3.5
8368	4.0
8370	4.0
8373	3.5
8464	4.5
8477	4.5
8491	5.0
8492	4.0
8493	3.0
8529	2.0
8542	4.5
8596	3.5
8610	3.5
8614	2.5
8622	4.0
8623	3.5
8636	4.0
8638	4.5
8644	3.0
8645	4.0
8665	3.5
8690	3.0
8781	3.0
8783	1.5
8784	3.0
8827	4.0
8865	4.0
8870	2.5
8873	4.0
8879	3.0
8880	4.0
8910	3.5
8949	3.5
8951	4.5
8958	4.0
8961	3.5
8966	4.5
8969	3.0
8970	3.5
8972	3.5
8973	4.0
8981	3.0
8983	3.5
8984	3.5
9018	4.5
25788	4.5
26084	4.5
26242	2.5
26680	3.0
26729	4.0
27706	3.0
27721	4.5
27790	3.0
27808	2.5
27821	3.5
27878	4.5
27904	4.0
30707	4.5
30749	4.5
30793	3.5
30810	1.0
30812	3.5
30816	3.0
30822	3.5
30825	3.5
30850	4.0
31410	4.0
31685	3.5
31694	3.5
32019	3.0
32296	3.0
32587	3.0
32596	3.0
33154	4.0
33166	3.5
33493	2.5
33499	3.0
33660	3.0
33669	3.5
33794	3.5
33880	4.5
34072	4.0
34162	3.0
34336	3.0
34405	4.0
34437	4.0
34528	4.0
35957	3.0
36517	4.0
36525	3.5
36535	4.0
37727	3.0
37729	4.0
37733	3.5
37741	4.5
38061	3.5
38304	4.5
38798	3.0
39183	4.5
39292	4.0
39414	3.5
40583	4.5
40629	3.5
40815	4.0
40819	4.0
40826	3.5
41285	2.5
41566	3.0
41569	4.0
41571	3.0
41573	4.0
41997	4.0
42002	3.0
42004	4.0
42007	4.0
42418	4.5
44004	1.5
44191	4.0
44195	4.0
44555	5.0
44694	4.0
44709	4.0
44761	4.0
44974	2.5
45028	4.0
45447	2.5
45499	3.5
45668	3.0
45720	4.0
45722	3.5
45880	3.0
45928	4.0
45950	4.5
46578	4.0
46850	3.5
46967	2.0
46976	4.0
47099	3.0
47610	4.0
47629	4.5
48043	3.5
48082	2.5
48142	2.0
48394	5.0
48696	3.5
48780	4.0
49272	4.0
49274	3.0
49278	3.5
49286	3.0
49772	3.0
49822	4.5
49824	3.0
49961	4.0
50068	4.5
50685	4.0
50872	4.0
50912	4.0
51080	4.0
51084	3.0
52722	3.0
52975	4.0
53123	3.5
53125	3.5
53322	3.0
53894	4.0
53956	4.0
54001	3.5
54190	4.0
54259	4.0
54272	3.0
54286	4.0
55052	4.0
55094	4.0
55118	4.0
55276	3.5
55280	4.0
55290	4.0
55765	3.0
55820	4.5
55872	2.5
55995	2.0
56152	4.0
56171	3.0
56367	4.0
56607	4.5
56715	4.0
56757	4.5
56775	2.5
56782	4.5
56788	4.0
57669	4.0
58154	2.0
58559	4.0
59018	4.0
60950	3.0
61323	3.0
63082	4.0
63876	4.0
64575	3.5
64614	3.5
64620	3.5
64622	4.0
64839	3.5
65130	4.0
66097	4.0
66665	4.0
67267	4.0
67734	3.5
68073	4.0
68358	4.5
68793	2.5
68848	4.0
69757	4.0
69844	3.5
70183	2.5
70293	4.0
70599	3.0
71156	3.5
71464	3.5
71518	3.5
71579	4.5
72011	3.5
72226	4.0
72641	4.0
72720	3.0
72998	3.0
73017	3.5
73023	4.0
73323	3.5
74545	3.5
74789	3.0
76093	3.5
78039	3.5
78499	4.0
78574	4.0
79132	4.0
80463	4.0
80489	3.5
80549	4.0
80969	3.5
81229	3.0
81834	3.5
81932	4.0
82459	3.0
84954	3.0
85414	3.0
86882	4.0
88125	3.5
88163	3.5
88810	3.5
89904	4.0
90866	2.5
91077	4.0
91500	3.5
91529	2.5
91542	3.5
91658	3.0
94959	4.0
95088	3.5
96079	4.0
96610	3.5
96821	4.0
97304	4.0
97752	3.5
97938	4.0
98154	3.5
98809	3.5
102445	4.0
106072	3.0
106100	4.0
106487	4.0
106489	4.0
106916	5.0
106920	3.0
