1	3.5
6	5.0
17	5.0
21	3.0
34	5.0
36	3.0
50	5.0
81	2.5
110	5.0
111	4.0
163	3.5
238	3.5
247	5.0
260	5.0
293	4.0
296	5.0
303	3.5
318	4.0
328	3.0
342	4.0
349	4.5
353	4.0
356	4.5
357	4.5
363	5.0
377	4.0
380	4.5
390	3.0
440	4.5
457	4.5
474	4.5
480	5.0
485	4.0
509	3.0
515	5.0
524	4.0
527	5.0
539	4.5
555	3.5
586	5.0
589	4.0
590	4.5
592	4.5
593	4.0
594	4.0
595	4.0
608	4.0
733	4.0
762	4.0
802	4.0
832	4.0
858	5.0
897	4.0
903	5.0
904	5.0
905	4.0
908	5.0
909	4.5
910	4.0
911	3.0
912	5.0
914	5.0
915	4.5
917	5.0
919	5.0
922	4.0
923	4.0
927	5.0
928	5.0
933	5.0
940	5.0
941	4.5
942	5.0
953	5.0
954	5.0
969	4.0
973	4.5
986	4.0
1019	5.0
1028	5.0
1035	5.0
1036	5.0
1069	4.5
1073	3.5
1084	4.0
1089	5.0
1094	4.5
1095	3.0
1096	4.0
1097	5.0
1124	4.5
1127	5.0
1172	3.0
1178	3.0
1193	4.0
1196	5.0
1197	5.0
1198	5.0
1200	5.0
1201	4.0
1203	5.0
1204	5.0
1207	5.0
1208	4.0
1209	4.5
1210	4.5
1213	4.0
1214	5.0
1215	3.0
1219	5.0
1220	3.5
1221	5.0
1222	4.0
1225	5.0
1226	5.0
1230	4.5
1231	5.0
1233	4.5
1234	4.0
1240	4.5
1242	3.5
1245	4.0
1247	4.0
1249	5.0
1259	4.0
1262	4.0
1263	3.0
1266	4.5
1267	4.0
1269	3.5
1270	3.5
1275	4.5
1276	3.5
1280	4.0
1283	4.5
1287	5.0
1291	5.0
1293	4.0
1302	4.0
1304	3.5
1356	4.0
1358	4.0
1370	4.5
1374	4.0
1376	3.5
1387	4.5
1408	4.5
1449	3.5
1517	3.0
1544	4.5
1580	3.5
1603	3.0
1610	4.5
1617	5.0
1625	5.0
1682	3.0
1704	4.5
1711	3.5
1912	4.0
1917	4.0
1923	5.0
1931	4.0
1936	4.5
1939	5.0
1942	5.0
1947	5.0
1949	3.0
1953	4.5
1954	4.5
1961	5.0
1978	2.0
1980	1.5
1982	4.0
2000	4.0
2012	3.5
2028	5.0
2054	4.0
2058	4.0
2064	0.5
2096	4.0
2115	5.0
2159	1.0
2162	3.0
2194	4.5
2268	4.5
2278	3.5
2288	4.0
2289	4.0
2300	5.0
2311	3.0
2324	3.0
2329	2.0
2353	4.0
2355	4.0
2366	3.5
2396	4.0
2406	5.0
2423	3.0
2470	5.0
2529	4.0
2565	4.5
2571	4.0
2612	5.0
2617	4.5
2628	4.0
2640	4.5
2660	4.0
2662	5.0
2672	5.0
2683	3.0
2692	2.5
2710	0.5
2716	4.5
2762	5.0
2763	4.0
2770	3.0
2795	4.0
2797	4.5
2804	3.0
2829	3.0
2858	3.5
2861	3.0
2871	4.0
2881	4.0
2883	4.0
2890	2.0
2908	4.0
2916	5.0
2918	4.5
2944	4.0
2947	4.5
2948	5.0
2949	4.5
2951	4.0
2967	4.0
2978	3.0
2985	4.0
2987	3.0
2993	4.5
2995	3.0
2997	2.0
3004	1.0
3006	5.0
3035	5.0
3039	4.0
3053	3.5
3061	4.0
3062	4.5
3070	3.5
3074	3.5
3088	4.0
3089	2.0
3096	4.0
3097	4.0
3101	5.0
3104	3.5
3114	4.0
3147	4.0
3153	4.0
3156	3.5
3175	4.0
3176	4.5
3185	2.0
3189	3.0
3238	3.0
3252	5.0
3253	3.0
3256	4.5
3269	5.0
3300	3.0
3301	4.0
3307	1.0
3317	4.0
3326	2.0
3361	3.5
3364	4.0
3365	5.0
3384	3.5
3386	4.0
3408	5.0
3418	4.0
3421	5.0
3435	5.0
3467	4.0
3468	4.0
3469	3.5
3471	5.0
3479	4.0
3481	1.0
3494	3.5
3507	5.0
3508	3.5
3510	4.0
3512	4.0
3527	4.0
3534	4.0
3536	3.0
3548	5.0
3555	5.0
3556	4.0
3578	5.0
3618	3.0
3623	3.0
3624	3.0
3633	4.0
3634	4.0
3635	4.5
3639	5.0
3653	4.0
3654	5.0
3685	4.5
3700	3.0
3702	5.0
3703	4.5
3717	2.0
3723	2.0
3726	3.5
3733	4.0
3752	2.0
3753	5.0
3755	4.0
3763	4.5
3784	3.0
3789	3.5
3793	4.5
3798	5.0
3801	4.5
3821	1.0
3825	3.0
3827	4.0
3831	3.0
3836	4.0
3852	1.0
3868	2.5
3882	4.0
3893	3.0
3895	1.0
3897	4.0
3909	3.0
3911	4.0
3916	4.0
3927	4.0
3948	3.0
3949	1.0
3952	4.0
3953	1.0
3959	4.0
3967	5.0
3969	4.0
3977	2.0
3978	4.0
3979	1.0
3980	3.0
3983	4.0
3984	4.5
3996	5.0
3998	4.0
4007	5.0
4014	5.0
4019	4.0
4020	4.0
4022	4.0
4023	3.0
4025	4.0
4027	1.0
4029	4.0
4033	4.0
4034	3.0
4052	2.0
4056	2.0
4069	3.0
4085	4.5
4086	5.0
4128	4.0
4148	4.0
4153	1.0
4161	2.0
4210	4.0
4223	4.0
4226	3.0
4228	2.0
4232	3.0
4239	4.0
4246	4.0
4254	2.0
4262	4.5
4263	3.5
4270	3.0
4299	1.0
4305	4.0
4306	5.0
4308	1.0
4310	5.0
4327	5.0
4359	3.5
4361	4.5
4369	4.0
4372	3.0
4406	4.0
4407	4.0
4427	4.0
4432	4.0
4447	5.0
4464	4.5
4508	5.0
4553	3.5
4700	4.0
4720	4.0
4733	3.0
4776	4.0
4815	3.0
4823	3.0
4844	1.0
4848	2.0
4855	5.0
4886	4.5
4896	5.0
4901	2.0
4912	5.0
4956	4.0
4963	2.0
4970	3.0
4973	5.0
4993	5.0
4995	4.0
5008	4.0
5010	3.5
5049	4.5
5064	4.0
5103	2.0
5266	3.0
5299	4.5
5349	4.0
5388	4.0
5418	3.5
5445	4.0
5470	3.5
5577	0.5
5602	3.5
5603	3.0
5618	4.0
5673	0.5
5685	4.0
5816	4.0
5876	3.0
5899	4.0
5952	3.0
5970	5.0
5989	5.0
5991	4.0
5992	3.0
6093	3.0
6104	2.0
6170	4.5
6296	2.5
6297	4.0
6322	4.0
6333	2.5
6365	3.0
6377	4.5
6378	3.0
6385	4.0
6461	4.0
6502	3.5
6537	5.0
6539	5.0
6565	5.0
6593	3.0
6617	3.0
6636	4.0
6639	4.0
6650	4.0
6711	0.5
6724	4.5
6743	4.0
6765	4.0
6777	4.0
6791	5.0
6807	3.0
6808	5.0
6852	4.5
6863	3.5
6867	4.5
6873	4.0
6879	4.0
6893	3.5
7008	3.0
7013	3.5
7018	4.5
7063	3.5
7072	4.5
7073	3.5
7076	4.5
7121	3.5
7132	3.5
7139	3.0
7153	4.5
7158	4.5
7215	4.5
7303	3.0
7386	5.0
7387	1.0
7438	4.5
7560	4.5
7569	5.0
7619	5.0
7802	4.0
7842	4.5
8042	4.0
8228	5.0
8368	3.5
8492	4.5
8507	4.0
