1	4.0
2	2.0
16	3.5
19	0.5
21	4.5
25	4.5
32	3.5
34	4.0
36	4.5
39	4.5
47	4.0
50	5.0
62	3.0
101	3.5
104	1.5
110	4.0
111	4.0
141	4.0
144	4.0
150	4.0
162	4.0
165	2.5
185	4.0
208	2.0
223	4.0
231	1.5
246	4.0
253	3.5
260	4.0
265	4.0
288	3.0
292	3.5
293	5.0
296	5.0
300	4.0
303	1.0
316	3.5
318	5.0
337	4.0
344	1.5
345	5.0
356	4.0
357	4.0
367	2.5
368	3.0
377	4.0
380	4.0
432	2.0
434	2.0
440	3.5
454	4.0
457	3.5
474	3.5
480	3.5
500	4.0
508	3.5
509	4.0
518	3.5
527	4.5
539	4.0
541	4.5
551	4.0
586	3.5
587	3.5
589	2.0
590	4.5
592	3.0
593	4.5
597	4.0
608	5.0
648	4.0
665	4.0
678	4.0
714	5.0
733	3.0
736	2.5
745	4.5
750	4.5
778	5.0
784	1.5
800	4.0
858	4.5
903	4.0
904	4.5
906	4.0
908	4.5
912	3.5
919	4.0
920	4.0
923	4.0
953	3.5
955	4.0
965	4.0
971	4.5
994	4.0
1028	3.0
1036	2.5
1060	3.5
1073	4.0
1079	4.0
1080	4.5
1089	5.0
1097	4.0
1101	2.5
1103	4.0
1120	4.0
1124	4.0
1136	5.0
1148	4.5
1179	2.0
1188	4.5
1193	4.0
1197	5.0
1198	4.0
1199	4.0
1201	4.5
1203	3.5
1206	4.0
1207	5.0
1208	4.0
1213	4.0
1214	4.0
1219	4.0
1220	3.5
1221	4.0
1222	3.0
1223	4.0
1225	4.0
1226	4.0
1228	5.0
1233	3.0
1234	4.0
1235	4.0
1238	4.0
1240	3.5
1245	4.0
1246	4.0
1247	5.0
1249	5.0
1252	4.5
1258	4.0
1259	4.5
1263	4.0
1265	4.0
1266	5.0
1267	4.0
1270	4.0
1272	4.0
1276	5.0
1278	3.5
1280	4.5
1283	4.0
1285	4.5
1288	5.0
1292	4.5
1293	5.0
1300	4.5
1302	4.0
1304	4.0
1307	4.0
1358	5.0
1379	1.0
1380	2.0
1387	4.0
1393	3.5
1394	5.0
1446	4.0
1449	4.0
1485	3.5
1500	4.0
1513	2.0
1517	3.5
1573	1.5
1580	4.0
1610	3.5
1617	4.0
1625	4.0
1635	4.0
1641	4.5
1653	4.0
1673	4.0
1680	4.0
1682	3.5
1704	4.0
1721	4.0
1729	4.5
1732	5.0
1777	3.5
1784	4.0
1788	4.0
1914	4.5
1923	3.5
1939	4.0
1952	4.0
1954	4.0
1960	4.0
1961	3.0
1968	3.5
2000	3.0
2011	3.5
2012	3.0
2013	4.0
2028	4.0
2064	4.0
2067	4.0
2109	3.5
2134	2.5
2144	5.0
2146	3.5
2150	4.0
2155	4.0
2174	4.0
2194	4.5
2212	4.0
2248	4.0
2268	4.0
2289	4.0
2291	4.0
2302	4.0
2324	5.0
2335	2.0
2355	4.0
2359	4.5
2391	4.0
2395	5.0
2405	4.0
2406	4.0
2421	1.0
2424	4.0
2467	4.0
2502	4.5
2529	4.0
2542	3.0
2599	5.0
2683	4.0
2692	4.0
2699	3.0
2700	2.5
2701	3.0
2712	3.0
2716	3.5
2762	4.0
2769	3.0
2788	4.0
2791	4.0
2797	4.0
2804	1.5
2858	5.0
2871	4.5
2916	4.0
2917	4.5
2918	3.5
2921	4.0
2959	4.0
2968	4.0
2985	3.5
2987	3.0
2997	5.0
3006	3.5
3019	4.0
3037	5.0
3052	3.0
3074	4.5
3081	2.0
3114	4.0
3147	4.5
3148	3.5
3176	4.0
3182	4.0
3189	4.0
3253	4.0
3254	3.0
3255	4.0
3316	2.0
3317	4.5
3328	4.5
3359	5.0
3361	4.0
3362	4.0
3363	4.0
3408	4.0
3418	4.0
3462	4.0
3467	4.0
3468	4.0
3471	4.0
3481	4.0
3494	4.5
3508	4.0
3521	3.0
3556	5.0
3566	4.0
3578	1.0
3623	4.0
3624	4.0
3671	4.0
3683	4.0
3704	3.5
3706	3.0
3717	1.0
3744	2.0
3747	4.0
3751	4.0
3794	4.0
3809	3.0
3825	1.0
3827	3.0
3852	4.0
3873	4.5
3893	4.5
3897	4.5
3911	5.0
3948	4.0
3949	4.0
3952	4.0
3967	4.5
3968	3.0
3969	4.0
3977	2.0
3978	4.0
3983	3.0
3987	3.0
3994	1.0
3996	5.0
4011	4.0
4014	4.0
4015	2.0
4016	4.0
4017	4.0
4018	3.0
4022	4.0
4023	4.0
4025	3.0
4027	4.0
4029	2.0
4031	4.0
4034	3.0
4041	2.5
4085	2.5
4149	3.0
4158	1.0
4159	1.0
4161	3.0
4220	4.0
4225	4.0
4226	5.0
4235	3.0
4239	4.0
4246	3.5
4262	3.5
4306	3.0
4321	4.0
4327	4.0
4345	4.0
4351	1.0
4361	4.0
4369	1.0
4378	4.0
4406	5.0
4447	3.0
4464	4.0
4571	3.0
4641	4.0
4642	4.0
4710	4.0
4720	5.0
4734	3.5
4848	3.0
4866	3.0
4874	4.0
4878	4.0
4881	4.0
4886	4.0
4896	3.0
4901	3.0
4903	5.0
4963	3.0
4967	4.0
4973	5.0
4975	4.0
4978	4.0
4979	4.0
4993	2.5
4995	4.0
5010	2.0
5013	4.0
5015	4.0
5060	3.5
5093	1.0
5135	4.0
5225	4.5
5264	4.0
5265	3.0
5266	3.0
5299	4.0
5303	3.0
5319	4.0
5349	2.5
5377	4.0
5388	4.0
5415	1.0
5418	4.0
5445	5.0
5446	4.0
5452	0.5
5459	3.5
5464	4.0
5481	4.0
5502	3.0
5505	4.5
5506	3.0
5528	4.0
5577	4.0
5617	5.0
5618	4.0
5630	4.0
5669	4.5
5673	4.5
5679	3.0
5782	5.0
5876	3.5
5878	3.5
5902	4.0
5945	4.0
5952	2.5
5989	4.0
5995	2.5
6016	4.0
6156	4.0
6218	4.0
6296	4.0
6297	3.5
6301	4.0
6323	3.5
6331	4.5
6373	3.5
6377	4.0
6378	4.0
6380	4.0
6385	4.0
6440	3.5
6539	3.5
6552	4.0
6565	4.0
6617	4.5
6620	4.0
6708	3.5
6711	5.0
6755	3.5
6764	4.0
6773	4.0
6776	2.0
6807	4.0
6820	3.5
6852	3.5
6863	3.5
6867	4.5
6870	4.0
6874	4.5
6881	4.0
6942	4.0
6947	4.0
6950	3.5
6953	4.0
6957	2.5
7137	4.0
7139	3.5
7147	4.0
7153	3.0
7155	4.0
7160	4.0
7162	4.0
7173	4.0
7263	4.0
7285	4.0
7361	4.0
7438	4.5
7451	4.0
8207	4.0
8337	4.0
8360	4.0
8366	3.5
8368	3.5
8373	3.5
8376	4.0
8464	4.0
8492	4.0
8530	4.0
8622	4.0
8623	4.5
8638	3.5
8644	3.0
8784	4.0
8798	4.0
8874	4.5
8910	1.0
8949	4.5
8961	4.0
26152	3.5
30707	4.0
30749	3.5
30810	4.5
30820	3.5
30825	4.0
32587	4.0
33166	3.5
33794	4.0
34072	3.0
36529	3.5
37741	4.5
38038	3.5
38061	4.0
39292	3.5
41863	4.0
42004	4.0
43396	4.0
44191	3.5
46578	4.0
48516	4.0
48774	4.5
49272	4.0
50068	4.0
50872	3.5
52973	4.0
53322	3.5
54286	3.5
54503	4.0
54997	3.5
55247	3.5
55269	4.0
55280	4.5
55290	3.5
55820	4.5
56152	2.5
56174	4.0
56367	4.5
56782	4.5
56788	4.0
58559	3.0
59784	3.0
60069	4.5
60766	3.5
63082	4.5
63113	4.0
64839	4.5
64957	4.0
68954	2.0
88129	3.0
96079	3.5
