1	4.0
17	4.0
21	2.0
22	3.0
25	3.0
29	2.0
34	4.0
35	3.0
36	4.0
45	3.0
46	3.0
50	3.0
52	3.0
55	3.0
58	3.0
74	3.0
82	4.0
105	4.0
110	4.0
111	5.0
125	4.0
141	3.0
144	3.0
151	4.0
153	1.0
154	5.0
162	4.0
163	1.0
166	1.0
171	3.0
175	3.0
176	3.0
190	3.0
191	1.0
194	4.0
199	5.0
207	2.0
213	4.0
214	3.0
215	4.5
222	3.0
223	3.0
225	2.0
230	4.0
233	3.0
235	4.0
247	4.0
249	3.0
253	2.0
261	3.0
265	3.0
273	2.0
280	2.0
281	3.0
282	3.0
288	2.0
290	4.0
293	4.0
296	4.0
299	3.0
300	3.0
302	3.0
306	5.0
307	4.0
308	4.0
314	3.0
318	4.0
319	4.0
321	3.0
329	3.0
342	4.0
345	3.0
348	4.0
350	3.0
353	3.0
356	2.0
357	3.0
369	3.0
372	3.0
376	3.0
377	3.0
410	3.0
412	4.5
423	2.0
441	3.0
444	1.0
448	4.0
452	3.0
454	3.0
457	3.0
458	3.0
465	3.0
469	2.0
474	4.0
475	4.0
477	4.0
480	3.0
492	3.0
497	4.0
500	3.0
501	5.0
506	4.0
508	3.0
509	5.0
515	4.0
521	2.0
522	3.0
527	5.0
529	3.0
531	4.0
535	4.5
538	4.0
541	3.0
551	4.0
555	3.0
562	4.0
574	3.0
581	4.0
586	3.0
587	3.0
589	4.0
590	3.0
592	4.0
593	5.0
594	4.0
595	4.0
596	4.0
597	2.0
608	4.0
613	3.0
628	3.0
648	3.0
661	4.0
708	4.0
720	4.0
743	2.0
745	4.0
766	4.0
778	4.0
785	3.0
802	2.0
805	1.0
851	3.0
858	5.0
866	4.0
898	4.0
899	5.0
902	4.0
903	5.0
904	4.0
905	4.0
906	3.0
908	4.0
909	5.0
910	5.0
912	4.0
914	4.0
916	4.0
919	5.0
920	5.0
922	5.0
923	5.0
924	4.0
926	5.0
928	5.0
929	4.0
930	5.0
931	4.0
933	3.5
942	4.0
946	4.0
947	4.0
953	4.0
954	4.0
955	4.0
965	4.5
968	3.5
971	4.0
973	4.0
991	3.0
1022	4.0
1028	4.0
1032	4.0
1033	3.0
1035	5.0
1041	5.0
1046	3.0
1056	3.0
1057	4.0
1059	2.0
1060	3.0
1069	4.0
1073	4.0
1077	5.0
1078	3.0
1079	4.0
1084	3.0
1086	4.0
1088	3.0
1089	4.0
1091	1.0
1094	5.0
1096	3.0
1097	4.0
1103	4.0
1104	5.0
1120	4.0
1124	4.0
1126	3.0
1136	3.0
1148	4.0
1172	4.0
1173	4.0
1176	4.0
1177	3.0
1179	4.0
1183	3.0
1185	4.0
1186	5.0
1187	3.0
1190	3.0
1193	4.0
1197	4.0
1198	4.0
1199	3.0
1200	4.0
1203	3.0
1206	4.0
1207	5.0
1208	5.0
1211	4.0
1212	4.0
1213	5.0
1214	4.0
1217	4.5
1219	5.0
1221	4.0
1223	4.0
1224	4.0
1225	5.0
1226	3.0
1228	4.0
1230	5.0
1235	4.0
1237	4.0
1240	4.0
1242	4.0
1243	3.0
1244	5.0
1245	3.0
1246	4.0
1247	5.0
1248	5.0
1251	4.5
1252	5.0
1254	4.0
1258	4.0
1259	4.0
1260	4.0
1263	5.0
1270	4.0
1271	4.0
1273	3.0
1278	3.0
1279	4.0
1282	4.5
1285	4.0
1287	4.0
1289	5.0
1291	3.0
1292	3.0
1295	5.0
1296	4.0
1298	5.0
1300	3.0
1333	3.0
1339	3.0
1340	4.0
1343	3.0
1344	3.0
1345	4.0
1347	3.0
1348	4.0
1354	5.0
1357	3.0
1358	3.0
1366	2.0
1372	3.0
1377	3.0
1380	3.0
1391	3.0
1392	4.0
1393	3.0
1394	4.0
1399	3.0
1407	3.0
1408	4.0
1416	3.0
1417	2.0
1419	5.0
1449	3.0
1461	3.0
1466	3.0
1475	2.0
1483	3.0
1517	4.0
1526	2.0
1535	3.0
1541	3.0
1542	3.0
1554	4.0
1562	1.0
1566	3.0
1569	4.0
1580	3.0
1584	3.0
1591	2.0
1594	4.0
1600	3.0
1608	2.0
1611	4.0
1617	4.0
1633	3.0
1635	4.0
1639	4.0
1641	3.0
1643	3.0
1648	3.0
1649	3.0
1653	4.0
1658	2.0
1660	3.0
1663	3.0
1673	4.0
1674	4.0
1678	4.0
1682	3.0
1683	4.0
1693	2.0
1694	3.0
1699	3.0
1701	2.0
1704	3.0
1719	4.0
1721	3.0
1727	2.0
1729	3.0
1730	3.0
1732	2.0
1734	4.0
1748	3.0
1760	1.0
1784	4.0
1794	3.0
1810	3.0
1821	3.0
1834	4.0
1844	4.0
1883	3.0
1885	4.0
1889	3.0
1892	3.0
1894	3.0
1897	4.0
1900	3.0
1904	1.0
1907	4.0
1909	3.0
1912	3.0
1913	3.0
1916	4.0
1921	3.0
1923	1.0
1934	4.0
1938	3.0
1941	4.5
1944	5.0
1945	4.0
1947	5.0
1951	4.0
1952	4.0
1953	3.0
1955	5.0
1956	4.0
1958	4.0
1959	4.0
1961	4.0
1962	4.0
1963	3.0
1964	4.0
1967	4.0
1968	4.0
1969	2.0
1970	1.0
1971	2.0
1997	4.0
2003	3.0
2004	4.0
2005	3.0
2010	5.0
2011	2.0
2012	3.0
2018	4.0
2019	5.0
2020	4.0
2022	2.0
2023	3.5
2024	4.0
2028	4.0
2033	3.0
2053	2.0
2054	3.0
2064	4.0
2065	5.0
2066	4.5
2068	5.0
2069	3.0
2071	3.0
2072	2.0
2076	5.0
2080	4.0
2081	4.0
2083	3.0
2085	3.0
2088	3.0
2096	4.0
2100	3.0
2109	3.0
2114	3.0
2115	3.0
2117	4.0
2121	2.0
2130	4.0
2132	5.0
2134	1.0
2137	3.0
2140	3.0
2141	3.0
2144	3.0
2145	3.0
2160	5.0
2161	3.0
2165	3.0
2171	3.0
2174	4.0
2176	3.0
2178	4.0
2181	4.0
2182	4.0
2183	4.0
2184	3.0
2186	4.0
2188	1.0
2202	4.0
2203	4.0
2204	4.0
2205	3.5
2206	4.0
2208	4.5
2239	4.0
2243	5.0
2245	4.0
2247	3.0
2248	4.0
2252	3.0
2272	3.0
2282	3.0
2289	4.0
2290	2.0
2291	4.0
2294	4.0
2302	3.0
2303	5.0
2312	4.0
2313	3.0
2314	3.0
2318	3.0
2320	2.0
2321	4.0
2324	4.0
2329	3.0
2331	3.0
2333	3.0
2336	3.0
2337	3.0
2348	5.0
2349	4.0
2351	5.0
2352	3.0
2357	4.0
2359	4.0
2360	4.0
2369	4.0
2375	3.0
2379	1.0
2380	2.0
2381	1.0
2384	3.0
2389	1.0
2390	4.0
2391	4.0
2395	4.0
2396	3.0
2405	3.0
2406	3.0
2420	3.0
2421	3.0
2423	3.0
2424	2.0
2427	4.0
2432	2.0
2435	3.0
2437	3.0
2439	4.0
2442	4.0
2443	3.0
2450	1.0
2451	2.0
2453	3.0
2454	3.0
2455	4.0
2463	3.0
2468	1.0
2470	4.0
2471	3.0
2478	2.0
2488	3.0
2502	3.0
2504	2.0
2517	3.0
2541	2.0
2542	3.0
2551	3.0
2570	3.0
2571	3.0
2575	4.0
2580	4.0
2583	4.0
2594	4.0
2599	5.0
2600	3.0
2611	3.0
2616	4.0
2624	4.0
2628	2.0
2640	4.0
2641	4.0
2642	2.0
2644	3.0
2657	3.0
2671	3.0
2677	4.0
2682	3.0
2683	3.0
2686	3.0
2690	3.0
2692	4.0
2700	3.0
2702	2.0
2706	3.0
2710	3.0
2712	3.0
2716	3.0
2717	3.0
2721	3.0
2723	3.0
2725	3.0
2731	4.0
2739	5.0
2750	3.0
2757	3.0
2761	4.0
2762	3.0
2797	3.0
2836	2.0
2840	2.0
2857	3.0
2858	4.0
2859	4.0
2871	4.0
2872	4.0
2890	4.0
2908	4.0
2912	2.0
2916	3.0
2917	3.0
2918	4.0
2919	3.0
2920	3.0
2927	4.5
2929	3.0
2935	4.0
2936	4.0
2937	4.0
2943	3.0
2947	4.0
2949	3.0
2952	4.0
2959	4.0
2966	4.0
2973	5.0
2987	4.0
2997	4.0
3000	4.0
3006	3.0
3019	5.0
3020	2.0
3022	4.0
3044	4.0
3052	3.0
3060	4.0
3067	3.0
3071	3.0
3072	4.0
3075	4.0
3081	2.0
3083	4.0
3087	2.0
3089	4.0
3094	3.0
3101	3.0
3108	4.0
3114	4.0
3125	3.0
3129	4.0
3145	3.0
3146	2.0
3148	3.0
3152	4.0
3157	3.0
3160	1.0
3163	4.0
3168	4.0
3176	4.0
3178	4.0
3179	3.0
3182	4.0
3186	3.0
3200	4.0
3201	4.0
3203	3.0
3210	4.0
3224	4.0
3244	3.0
3246	3.0
3247	3.0
3249	2.0
3251	3.0
3253	3.0
3255	3.0
3258	3.0
3260	5.0
3262	2.0
3267	3.5
3271	3.0
3272	3.0
3274	3.0
3298	3.0
3307	4.0
3310	3.0
3317	3.0
3328	3.0
3358	3.0
3359	3.0
3361	3.0
3362	5.0
3386	4.0
3392	2.0
3396	4.0
3397	4.0
3398	4.0
3408	3.0
3418	5.0
3421	3.0
3424	5.0
3426	3.0
3435	5.0
3448	3.0
3451	2.0
3461	3.0
3462	5.0
3471	4.0
3475	4.0
3478	3.0
3480	3.0
3481	3.0
3489	3.0
3498	4.0
3499	4.0
3503	4.0
3504	4.0
3515	3.0
3524	3.0
3526	3.0
3528	4.0
3535	2.0
3545	3.0
3546	3.0
3550	3.0
3556	3.0
3569	3.0
3578	3.0
3608	4.0
3618	4.0
3635	4.0
3683	4.0
3707	2.0
3708	2.0
3723	3.0
3724	4.0
3730	4.0
3735	4.0
3741	4.0
3742	4.0
3747	3.0
3751	4.0
3752	3.0
3783	3.0
3786	3.0
3788	3.0
3791	3.0
3794	3.0
3809	3.0
3812	3.0
3814	3.0
3831	3.0
3844	3.0
3852	3.0
3865	3.0
3877	2.0
3893	4.0
3897	4.0
3910	5.0
3911	4.0
3915	3.0
3925	3.0
3927	3.0
3949	4.0
3950	4.0
3952	3.0
3983	4.0
3993	3.0
3996	4.0
4008	4.0
4011	3.0
4017	3.0
4021	4.0
4024	4.0
4033	3.0
4034	4.0
4036	2.0
4039	3.0
4041	3.0
4055	4.0
4056	3.0
4062	3.0
4077	3.0
4117	4.0
4121	3.0
4128	3.0
4133	2.0
4144	2.0
4148	2.0
4205	3.0
4211	4.0
4218	4.0
4226	4.0
4235	5.0
4239	3.0
4246	3.0
4280	5.0
4306	4.0
4308	3.0
4318	4.0
4334	4.0
4345	4.0
4361	5.0
4370	4.0
4378	3.0
4380	4.0
4406	4.0
4422	5.0
4432	4.0
4447	3.0
4450	4.0
4464	5.0
4465	2.0
4545	3.0
4546	3.0
4558	3.0
4564	3.0
4571	3.0
4587	2.0
4616	3.0
4621	3.0
4624	3.0
4641	4.0
4642	4.0
4676	3.0
4679	2.0
4681	4.0
4720	3.5
4723	2.0
4733	3.0
4734	3.0
4741	4.0
4776	3.5
4784	3.0
4787	4.0
4809	4.0
4816	3.0
4835	4.0
4848	4.0
4873	4.0
4878	4.0
4880	2.0
4881	4.0
4886	4.0
4896	4.0
4903	4.0
4914	4.0
4928	3.0
4932	2.0
4963	4.0
4967	4.0
4973	4.0
4976	3.0
4978	4.0
4979	3.0
4993	4.0
4995	3.0
5013	4.0
5014	3.0
5015	3.0
5051	4.0
5060	4.0
5105	4.0
5120	4.0
5128	2.0
5135	3.0
5147	4.0
5177	3.5
5222	4.0
5225	4.0
5266	3.0
5269	3.0
5299	2.0
5308	3.0
5309	3.0
5339	5.0
5349	4.0
5364	3.0
5367	3.0
5377	3.0
5378	2.0
5379	3.0
5388	4.0
5391	4.0
5417	4.0
5421	3.5
5444	3.0
5445	3.0
5450	3.0
5464	3.0
5481	4.0
5502	3.0
5505	4.0
5508	3.0
5528	4.0
5577	3.0
5608	3.0
5613	4.0
5617	4.0
5618	4.0
5630	4.0
5668	4.0
5669	4.0
5673	4.0
5679	3.5
5772	3.0
5791	3.0
5792	3.5
5810	3.0
5812	4.5
5816	3.0
5872	2.0
5878	4.5
5881	3.0
5893	3.5
5902	3.0
5945	4.0
5952	4.5
5954	4.0
5956	3.0
5970	3.0
5989	3.5
5991	4.0
5992	5.0
5995	4.0
6184	3.0
6214	4.5
6235	4.0
6281	3.0
6291	4.0
6299	4.0
6331	4.0
6365	3.5
6367	3.5
6373	3.0
6377	4.0
6380	4.0
6502	3.5
6537	2.5
6538	3.5
6539	3.5
6565	3.0
6591	4.0
6620	4.0
6666	4.0
6669	4.5
6707	3.0
6708	3.5
6709	2.5
6711	4.0
6773	3.5
6777	4.0
6783	4.5
6786	4.0
6787	4.5
6796	4.0
6863	4.0
6870	4.0
6873	3.5
6874	4.5
6890	3.5
6932	4.0
6954	4.0
7008	5.0
7046	4.0
7072	4.0
7089	3.5
7090	4.5
7116	5.0
7153	4.5
7156	3.5
7158	3.5
7160	4.0
7234	5.0
7265	3.0
7285	4.0
7318	2.5
7323	4.0
7327	5.0
7361	3.0
7371	5.0
7419	3.5
7438	4.5
7458	3.0
7460	2.5
7700	4.5
7766	4.5
7836	4.0
8042	4.5
8154	5.0
8368	4.0
8464	4.0
8622	4.5
8638	4.5
8645	4.0
8783	2.5
8784	3.5
8865	3.0
8873	3.5
8910	3.0
8917	4.0
8949	4.5
8951	4.0
8958	3.0
8966	4.0
8970	4.0
8973	4.5
8981	4.0
8983	4.5
9018	3.5
27721	3.5
30749	3.5
30812	3.5
30822	3.5
31685	3.5
