1	4.0
2	2.0
4	3.0
6	4.0
7	3.0
10	4.0
11	4.0
16	4.0
17	5.0
21	4.0
24	3.0
25	4.0
28	5.0
34	4.0
35	4.0
36	4.0
39	4.0
41	2.0
43	4.0
45	4.0
46	3.0
47	4.0
50	4.0
52	4.0
57	4.0
58	4.0
60	3.0
62	3.0
63	1.0
70	1.0
73	1.0
74	3.0
82	3.0
85	4.0
89	3.0
99	1.0
105	2.0
110	4.0
111	4.0
116	1.0
125	3.0
140	3.0
141	4.0
144	4.0
150	3.0
151	4.0
161	4.0
162	2.0
163	3.0
164	5.0
165	4.0
168	2.0
186	1.0
187	4.0
198	2.0
199	4.0
205	4.0
206	3.0
208	2.0
213	4.0
215	3.0
218	4.0
222	4.0
223	2.0
224	5.0
230	4.0
231	1.0
232	5.0
235	2.0
236	4.0
237	2.0
238	4.0
246	1.0
249	3.0
253	4.0
260	5.0
261	4.0
262	3.0
265	5.0
266	5.0
271	3.0
272	4.0
278	4.0
279	4.0
280	4.0
281	4.0
282	5.0
292	3.0
296	5.0
300	4.0
302	3.0
306	4.0
307	4.0
308	3.0
314	4.0
317	3.0
318	4.0
319	1.0
337	4.0
339	4.0
340	4.0
342	3.0
345	5.0
348	4.0
349	4.0
350	4.0
351	3.0
356	4.0
357	5.0
361	4.0
363	1.0
364	3.0
367	1.0
368	3.0
373	4.0
376	3.0
377	4.0
380	4.0
381	4.0
382	2.0
407	2.0
410	3.0
412	4.0
425	5.0
431	4.0
441	2.0
446	4.0
452	4.0
454	4.0
457	4.0
465	3.0
468	2.0
469	3.0
474	4.0
475	4.0
477	5.0
480	5.0
481	4.0
491	3.0
493	4.0
497	4.0
500	1.0
506	3.0
507	4.0
508	4.0
509	5.0
515	5.0
517	3.0
523	3.0
527	4.0
529	5.0
531	4.0
534	4.0
535	3.0
538	4.0
539	4.0
541	3.0
555	4.0
581	2.0
586	4.0
587	4.0
590	5.0
593	5.0
595	3.0
597	5.0
608	5.0
628	4.0
647	3.0
648	3.0
678	3.0
707	4.0
708	4.0
719	4.0
720	1.0
728	4.0
778	1.0
780	3.0
800	4.0
802	3.0
805	4.0
808	3.0
830	4.0
832	4.0
837	3.0
838	5.0
852	4.0
858	5.0
892	3.0
898	5.0
903	5.0
904	4.0
908	5.0
909	4.0
910	5.0
912	4.0
913	5.0
916	4.0
919	4.0
920	5.0
922	4.0
923	5.0
924	3.0
928	5.0
944	5.0
949	3.5
953	4.0
986	4.0
991	4.0
994	4.0
999	3.0
1015	4.0
1035	2.0
1036	4.0
1041	5.0
1042	1.0
1043	2.0
1049	3.0
1050	2.0
1056	4.0
1059	1.0
1073	1.0
1079	4.0
1084	4.0
1089	1.0
1092	4.0
1093	3.0
1094	4.0
1095	4.0
1097	5.0
1103	3.5
1104	4.0
1113	4.0
1120	1.0
1131	5.0
1148	1.0
1172	4.0
1176	4.0
1177	5.0
1179	4.0
1183	4.0
1187	3.0
1193	4.0
1196	1.0
1197	2.0
1198	5.0
1199	3.0
1200	4.0
1204	4.5
1207	5.0
1208	4.0
1210	1.0
1211	3.0
1212	4.0
1213	4.0
1214	4.0
1217	4.0
1219	5.0
1221	4.0
1224	2.0
1225	5.0
1228	5.0
1230	4.0
1231	4.0
1233	3.0
1234	5.0
1242	4.0
1243	1.0
1247	5.0
1250	4.0
1252	5.0
1259	4.0
1262	4.0
1266	4.0
1269	4.0
1270	3.0
1271	5.0
1276	4.0
1277	2.0
1280	4.0
1283	4.0
1287	4.0
1291	4.0
1293	4.0
1296	4.0
1299	5.0
1302	3.0
1304	5.0
1307	4.0
1343	4.0
1344	4.0
1353	3.0
1354	4.0
1357	5.0
1358	3.0
1361	1.0
1365	4.0
1366	3.0
1367	2.0
1370	4.0
1377	3.0
1385	2.0
1387	3.0
1392	3.0
1393	4.0
1394	4.0
1399	3.0
1401	3.0
1405	1.0
1407	3.0
1408	5.0
1409	4.0
1410	3.0
1416	3.0
1417	3.0
1425	3.0
1441	3.0
1446	5.0
1449	2.0
1459	3.0
1465	4.0
1466	4.0
1476	1.0
1484	3.0
1485	1.0
1487	2.0
1500	4.0
1517	1.0
1518	4.0
1535	4.0
1537	5.0
1554	1.0
1569	4.0
1573	3.0
1580	4.0
1584	3.0
1601	4.0
1608	4.0
1610	4.0
1614	4.0
1615	4.0
1617	5.0
1625	4.0
1633	4.0
1635	3.0
1641	4.0
1643	4.0
1645	3.0
1660	3.0
1670	4.0
1672	4.0
1673	2.0
1674	4.0
1678	5.0
1680	3.0
1682	4.0
1683	5.0
1694	4.0
1699	2.0
1704	5.0
1711	3.0
1719	3.0
1721	5.0
1722	3.0
1726	4.0
1727	3.0
1729	3.0
1734	4.0
1747	3.0
1754	2.0
1784	5.0
1792	2.0
1801	3.0
1810	4.0
1821	4.0
1834	3.0
1835	4.0
1840	4.0
1845	4.0
1882	1.0
1883	3.0
1885	1.0
1888	2.0
1889	3.0
1894	4.0
1912	4.0
1913	3.0
1914	3.0
1935	4.0
1945	4.0
1952	5.0
1956	5.0
1957	4.0
1960	4.0
1961	5.0
1962	5.0
1994	4.0
1997	4.0
2006	4.0
2019	4.0
2020	4.0
2022	2.0
2023	4.0
2028	5.0
2058	5.0
2059	3.0
2068	3.0
2069	4.0
2080	5.0
2087	5.0
2112	4.0
2125	2.0
2132	5.0
2150	5.0
2166	4.0
2171	3.0
2194	4.0
2236	3.0
2268	4.0
2269	3.0
2272	3.0
2282	1.0
2289	4.0
2291	4.0
2302	5.0
2316	4.0
2321	4.0
2324	5.0
2331	3.0
2333	4.0
2336	4.0
2340	3.0
2352	4.0
2355	4.0
2357	5.0
2359	5.0
2369	3.0
2385	3.0
2390	5.0
2391	5.0
2395	2.0
2396	5.0
2424	4.0
2432	3.0
2433	3.0
2436	4.0
2437	4.0
2439	1.0
2442	4.0
2496	3.0
2497	2.0
2501	4.0
2554	1.0
2558	3.0
2563	3.0
2567	4.0
2571	3.0
2581	2.0
2583	4.0
2594	3.0
2598	3.0
2599	4.0
2611	4.0
2622	4.0
2628	5.0
2671	4.0
2683	1.0
2686	5.0
2690	5.0
2699	2.0
2700	1.0
2707	3.0
2709	1.0
2710	1.0
2712	1.0
2723	3.0
2724	4.0
2739	5.0
2762	5.0
2763	4.0
2801	3.0
2803	3.0
2858	5.0
2906	1.0
2908	4.0
2917	4.0
2918	3.0
2943	4.0
2952	2.0
2966	4.0
2976	2.0
2997	4.0
3005	4.0
3006	5.0
3035	4.5
3044	2.0
3051	3.0
3082	3.0
3088	5.0
3095	4.0
3100	4.0
3105	3.0
3114	4.0
3125	3.0
3147	5.0
3148	4.0
3155	4.0
3160	1.0
3174	1.0
3176	4.0
3178	5.0
3179	3.0
3185	3.0
3186	3.0
3189	4.0
3201	5.0
3219	3.0
3247	3.0
3252	5.0
3256	4.0
3257	4.0
3260	4.0
3261	2.0
3274	3.0
3301	3.0
3316	2.0
3317	4.0
3334	4.5
3350	5.0
3355	3.0
3358	4.0
3359	4.0
3365	3.5
3408	5.0
3418	5.0
3426	3.0
3451	4.0
3466	4.0
3468	5.0
3471	5.0
3476	5.0
3481	5.0
3499	4.0
3510	4.0
3515	3.0
3528	3.0
3556	1.0
3557	3.0
3565	3.0
3566	2.0
3578	5.0
3593	1.0
3614	3.0
3623	3.0
3671	4.0
3735	4.0
3751	3.0
3753	3.0
3784	3.0
3798	3.0
3824	1.0
3827	4.0
3831	4.0
3893	4.0
3897	3.0
3910	1.0
3911	5.0
3948	3.0
3949	3.0
3952	4.0
3953	2.0
3967	2.0
3969	3.0
3978	2.0
3983	4.0
3987	2.0
3992	3.0
3993	4.0
3994	4.0
3996	5.0
3998	3.0
3999	2.0
4011	2.0
4014	4.0
4017	4.0
4018	5.0
4019	4.0
4020	3.0
4021	3.0
4023	3.0
4024	4.0
4025	4.0
4027	5.0
4029	4.0
4031	3.0
4033	3.0
4034	5.0
4036	4.0
4055	3.0
4056	3.0
4069	4.0
4077	3.0
4144	4.0
4187	4.0
4225	4.0
4226	4.0
4231	3.0
4234	2.0
4246	5.0
4263	5.0
4306	4.0
4308	3.0
4334	4.0
4361	5.0
4378	4.0
4381	5.0
4406	4.0
4424	3.0
4447	4.0
4448	3.0
4546	4.0
4639	3.0
4641	2.0
4642	3.0
4700	2.0
4720	4.0
4723	5.0
4727	2.0
4732	1.0
4776	3.0
4783	4.0
4803	4.0
4809	4.0
4815	3.0
4816	1.0
4823	4.0
4844	4.0
4845	1.0
4848	3.0
4857	4.0
4865	4.0
4874	3.0
4880	4.0
4881	2.0
4886	4.0
4889	3.0
4890	1.0
4896	4.0
4901	4.0
4902	3.0
4903	5.0
4963	2.0
4967	4.0
4973	5.0
4975	1.0
4976	3.0
4978	4.0
4979	5.0
4992	4.0
4993	5.0
4994	1.0
4995	4.0
5009	3.0
5010	4.0
5013	5.0
5014	3.0
5015	2.0
5016	3.0
5025	3.0
5051	3.0
5060	5.0
5064	4.0
5107	4.0
5128	1.0
5135	2.0
5146	1.0
5152	3.0
5214	3.0
5218	4.0
5220	3.0
5222	3.0
5225	3.0
5237	3.0
5266	3.0
5267	4.0
5282	3.0
5292	4.0
5294	4.0
5299	5.0
5303	3.0
5308	3.0
5316	3.0
5319	4.0
5349	3.0
5364	3.0
5377	3.0
5378	4.0
5380	2.0
5388	4.0
5391	2.0
5400	4.0
5415	3.0
5418	3.0
5445	4.0
5459	3.0
5464	4.0
5479	3.0
5480	2.0
5502	4.0
5505	1.0
5506	3.0
5577	3.0
5610	4.0
5620	3.0
5630	4.0
5667	1.0
5791	4.0
5809	4.0
5812	4.0
5816	5.0
5872	4.0
5876	5.0
5902	3.0
5943	4.0
5945	5.0
5952	4.0
5989	5.0
5991	5.0
5992	5.0
6003	4.0
6155	4.0
6183	4.0
6197	2.5
6238	3.0
6301	3.5
6323	5.0
6367	3.0
8530	3.5
30707	5.0
55052	3.5
55363	4.0
55820	4.5
56339	3.5
56587	4.0
56607	3.0
56782	4.5
56788	3.5
