1	3.0
2	3.0
6	3.5
10	3.0
24	2.5
29	5.0
32	5.0
34	3.0
39	3.0
45	3.5
47	5.0
50	4.0
62	3.0
70	3.5
78	4.0
95	2.5
101	3.0
104	1.0
110	1.0
111	3.5
141	3.0
147	3.0
150	3.0
153	2.5
160	2.5
165	3.5
166	3.5
173	0.5
177	2.5
185	2.0
194	3.0
198	3.5
203	2.5
223	2.5
225	2.0
230	3.0
231	1.5
233	4.0
247	4.0
249	3.0
253	4.0
260	3.0
273	3.5
288	3.0
293	4.0
296	4.5
306	5.0
307	5.0
308	4.0
316	3.0
318	4.0
319	4.0
337	4.0
345	3.5
350	4.0
352	2.0
353	0.5
356	0.5
366	3.0
367	2.0
370	1.5
376	1.5
377	3.0
380	3.0
410	2.5
426	2.5
427	4.0
431	4.0
454	3.5
455	2.5
457	3.0
471	2.5
480	2.5
481	4.0
500	2.5
507	3.5
508	1.5
509	0.5
527	3.5
529	3.0
538	3.5
541	3.0
543	3.0
546	2.5
551	2.5
555	3.5
562	3.5
574	2.5
585	2.0
586	2.5
587	0.5
588	0.5
589	3.5
592	2.5
593	4.5
597	0.5
599	4.0
606	2.5
608	5.0
628	3.5
648	3.5
653	2.5
661	3.5
662	3.0
680	3.5
714	3.0
736	2.0
745	3.5
750	3.5
778	3.5
780	1.0
799	1.0
805	2.5
832	2.5
840	2.5
852	2.0
858	5.0
866	4.5
902	3.5
903	3.5
904	4.0
905	4.0
906	4.0
908	4.0
912	4.0
913	4.0
919	4.0
923	4.5
924	4.0
926	3.5
933	4.0
942	4.0
944	3.0
951	4.0
965	4.0
999	4.0
1031	2.5
1035	3.5
1036	3.5
1059	3.0
1061	4.0
1073	3.5
1079	2.0
1080	1.5
1084	4.0
1086	4.5
1089	3.5
1090	1.0
1094	4.0
1097	3.5
1101	0.5
1104	4.5
1125	4.0
1127	1.5
1128	3.0
1136	4.5
1148	3.0
1172	4.0
1173	5.0
1188	3.0
1190	3.5
1193	3.5
1196	3.5
1197	4.0
1198	4.5
1199	4.5
1200	4.0
1201	3.5
1203	4.0
1206	3.5
1207	4.0
1208	1.5
1210	3.5
1213	4.0
1214	3.0
1215	3.0
1216	4.0
1218	4.5
1219	4.5
1221	4.0
1222	4.0
1223	3.0
1225	3.0
1228	3.5
1233	5.0
1237	4.0
1240	4.0
1242	2.5
1245	4.0
1246	3.0
1247	4.0
1248	4.5
1249	3.5
1250	3.5
1251	3.5
1252	4.0
1253	4.0
1258	3.5
1259	3.5
1260	4.5
1261	4.0
1262	4.0
1263	3.0
1265	2.5
1267	3.5
1270	0.5
1271	2.5
1275	3.0
1278	3.5
1282	4.0
1285	4.0
1287	3.0
1288	1.5
1291	1.0
1292	3.5
1293	1.0
1301	3.5
1303	4.0
1305	3.5
1307	2.0
1320	2.5
1321	3.0
1332	2.5
1333	4.0
1334	2.5
1339	3.5
1340	3.0
1342	2.5
1343	3.5
1344	3.5
1346	2.5
1347	3.5
1354	4.0
1357	3.0
1358	3.5
1361	4.0
1370	3.5
1371	3.5
1372	3.5
1373	0.5
1374	3.0
1375	3.0
1376	3.5
1377	3.0
1380	2.5
1387	3.5
1391	2.0
1394	4.0
1396	3.0
1405	0.5
1407	2.5
1408	2.5
1464	4.5
1485	2.5
1500	1.5
1503	4.0
1513	3.0
1527	4.5
1562	2.5
1573	4.0
1580	1.0
1584	2.0
1590	2.5
1608	3.5
1610	3.5
1617	4.0
1625	3.5
1639	2.5
1641	2.5
1644	2.0
1648	4.0
1653	4.0
1673	4.0
1674	4.0
1676	2.5
1682	4.0
1690	2.0
1699	4.0
1704	2.0
1719	4.5
1721	0.5
1722	3.0
1732	2.0
1735	3.0
1747	1.0
1748	4.5
1784	2.0
1805	3.0
1876	2.5
1884	0.5
1889	4.0
1892	2.0
1909	3.5
1913	4.0
1917	0.5
1921	4.0
1923	2.0
1927	3.5
1945	4.0
1954	0.5
1957	1.0
1961	2.0
1968	4.0
1982	3.5
1994	5.0
1995	0.5
1997	4.5
2002	2.5
2003	3.0
2005	3.0
2009	3.0
2010	3.0
2013	4.0
2019	4.0
2021	3.0
2022	3.5
2023	3.0
2028	1.5
2040	2.5
2054	1.5
2064	1.5
2067	4.0
2076	4.5
2097	4.0
2105	3.0
2115	4.0
2121	0.5
2124	2.5
2132	4.0
2133	1.0
2150	4.0
2151	2.5
2167	1.0
2174	3.5
2176	4.5
2178	4.0
2183	4.5
2184	4.5
2194	3.5
2203	4.0
2208	4.0
2212	3.0
2232	4.5
2278	4.0
2288	4.5
2291	3.5
2294	2.0
2297	3.5
2301	2.5
2302	3.5
2313	4.0
2318	4.0
2320	4.0
2321	1.5
2329	4.0
2333	3.5
2337	3.0
2352	0.5
2353	2.5
2355	2.0
2361	4.5
2376	3.0
2395	3.5
2427	3.5
2428	2.0
2454	3.0
2455	4.5
2456	2.5
2460	1.0
2467	4.0
2470	0.5
2502	3.0
2505	3.0
2524	3.0
2529	1.5
2541	2.5
2542	4.0
2550	3.0
2567	3.5
2571	4.0
2572	3.0
2579	4.0
2580	4.0
2594	3.5
2599	3.0
2600	3.5
2617	1.0
2640	2.5
2648	4.0
2664	3.0
2672	3.5
2686	3.5
2692	5.0
2696	4.0
2699	2.5
2700	3.5
2702	3.0
2706	2.0
2707	3.0
2710	3.0
2712	4.5
2716	0.5
2719	1.5
2730	4.0
2731	4.0
2739	2.5
2746	2.5
2762	4.5
2791	4.5
2792	2.0
2794	1.0
2797	2.0
2804	3.0
2826	2.0
2841	4.0
2858	5.0
2871	4.0
2890	1.5
2891	3.0
2905	4.0
2916	3.5
2918	3.0
2927	4.5
2932	4.0
2947	3.5
2948	3.0
2949	3.0
2952	4.0
2959	4.5
2966	4.5
2968	3.5
2973	2.5
2976	2.0
2987	1.0
2995	1.5
2997	3.5
3000	3.5
3006	1.0
3015	3.5
3030	4.0
3033	2.0
3053	4.0
3072	2.5
3081	2.5
3101	4.0
3108	3.0
3114	2.5
3130	3.0
3134	4.0
3142	3.0
3147	1.5
3148	0.5
3160	4.5
3173	2.0
3175	4.0
3176	4.0
3185	4.0
3198	4.5
3203	3.5
3249	3.5
3253	0.5
3258	2.5
3262	5.0
3265	4.5
3266	3.5
3271	4.0
3272	3.0
3285	3.5
3300	4.0
3324	2.5
3328	4.5
3354	1.0
3355	2.0
3408	1.0
3409	3.0
3421	3.5
3424	1.5
3426	2.5
3435	4.0
3448	1.5
3461	3.5
3471	3.5
3481	2.0
3498	4.0
3499	3.5
3521	4.0
3535	3.0
3546	3.5
3555	2.5
3556	4.0
3566	1.5
3578	4.0
3623	3.5
3633	3.5
3649	3.0
3671	2.0
3676	4.5
3683	4.5
3698	3.5
3706	4.5
3726	1.0
3730	5.0
3742	5.0
3751	2.5
3753	2.0
3755	0.5
3760	3.5
3783	3.5
3785	2.5
3786	3.0
3791	2.5
3793	4.0
3794	4.0
3809	3.0
3826	2.5
3844	2.0
3852	3.0
3863	3.5
3868	4.0
3869	2.0
3893	3.0
3897	3.5
3910	5.0
3911	4.0
3925	4.0
3930	2.5
3947	4.0
3949	5.0
3959	3.0
3967	3.5
3981	1.0
3984	3.0
3986	2.0
3994	4.5
3996	3.0
4002	1.0
4011	4.0
4021	3.0
4024	4.0
4025	2.5
4027	2.5
4029	3.0
4034	3.5
4037	4.0
4047	3.0
4077	4.5
4079	3.0
4085	0.5
4090	3.0
4121	2.0
4148	3.0
4161	2.5
4178	3.5
4210	3.0
4223	4.0
4226	4.0
4235	5.0
4238	2.5
4262	4.0
4304	3.0
4306	1.5
4308	4.0
4333	1.0
4345	3.5
4349	3.5
4351	3.0
4370	3.5
4422	5.0
4447	2.5
4450	4.0
4465	3.0
4467	4.0
4474	0.5
4480	2.5
4506	2.5
4546	4.0
4558	1.0
4571	3.5
4577	3.0
4641	3.5
4642	3.5
4713	4.0
4720	5.0
4723	4.0
4754	4.5
4770	3.0
4787	3.0
4799	4.0
4848	5.0
4874	3.5
4876	0.5
4878	5.0
4881	4.0
4886	2.5
4889	4.0
4896	3.0
4902	4.0
4903	4.5
4932	4.0
4951	2.5
4973	4.0
4975	3.0
4979	4.0
4993	4.5
4995	1.5
5013	4.0
5014	3.0
5015	3.5
5060	3.0
5072	3.0
5081	3.0
5103	3.0
5127	2.5
5218	2.0
5222	3.0
5265	3.0
5266	4.0
5269	4.0
5294	4.0
5312	2.5
5349	3.0
5378	2.5
5388	3.5
5391	4.0
5417	3.0
5418	3.5
5420	2.5
5421	3.5
5445	4.0
5446	4.0
5502	4.0
5577	4.0
5617	4.0
5618	3.0
5666	3.0
5673	4.0
5679	4.0
5712	4.0
5782	4.0
5809	3.0
5812	4.0
5833	4.0
5872	3.0
5890	3.5
5902	2.0
5945	1.0
5952	4.5
5954	3.0
5992	4.0
5995	4.5
6016	4.5
6214	4.5
6242	4.0
6281	3.0
6301	4.5
6303	3.0
6333	4.0
6365	3.5
6377	2.0
6378	3.0
6440	3.0
6502	4.0
6534	2.5
6537	2.5
6538	5.0
6620	2.5
6662	4.5
6663	4.0
6669	4.5
6707	2.5
6711	3.5
6786	4.0
6807	2.5
6867	4.0
6873	2.5
6874	5.0
6890	4.0
6934	3.5
6947	3.5
6953	4.0
6974	3.5
6987	3.0
7001	4.0
7044	4.0
7064	3.5
7089	3.0
7147	3.5
7151	3.5
7153	4.5
7160	4.0
7161	2.5
7163	3.0
7247	2.5
7254	2.5
7265	3.0
7318	3.5
7323	4.0
7348	4.5
7367	1.5
7371	4.0
7373	3.5
7387	3.5
7438	5.0
7460	2.5
7560	4.0
7925	3.5
7980	3.0
8207	4.0
8228	4.0
8337	4.5
8361	0.5
8368	3.0
8376	4.0
8501	3.5
8644	2.5
8665	3.5
8783	4.5
8784	2.5
8807	3.5
8865	4.0
8874	4.0
8910	2.0
8947	3.0
8949	1.5
8957	4.0
8966	2.5
8973	4.0
27317	3.5
27822	4.0
27838	5.0
30820	3.5
