1	4.5
2	3.5
6	4.0
10	3.5
16	4.5
21	4.0
25	5.0
32	5.0
34	4.0
47	4.5
50	5.0
70	3.5
95	3.5
101	4.0
104	3.5
110	4.5
111	5.0
123	4.5
141	3.5
145	2.5
147	4.0
150	4.5
153	2.0
154	4.5
158	3.5
159	4.0
160	2.0
161	4.0
163	3.5
165	4.0
168	3.0
172	4.0
173	2.0
185	3.5
196	2.0
208	2.5
215	5.0
223	4.5
233	4.0
246	5.0
247	4.5
253	4.0
256	2.5
260	4.0
288	4.0
290	4.5
292	3.0
293	5.0
296	5.0
300	4.0
306	4.5
307	5.0
308	4.5
318	5.0
319	4.0
339	3.0
344	2.0
349	3.0
353	3.0
356	5.0
357	4.0
364	5.0
367	3.5
368	3.0
370	4.0
377	3.0
382	2.5
428	4.5
431	4.0
434	3.5
435	4.0
441	4.0
442	4.0
454	4.0
457	4.0
466	3.5
474	3.5
475	4.0
480	4.0
494	3.0
508	5.0
520	3.5
522	4.0
527	5.0
541	5.0
553	4.0
555	4.5
588	4.0
589	5.0
592	3.5
593	5.0
595	4.0
596	4.5
597	4.5
599	5.0
608	5.0
647	3.5
648	3.5
653	2.5
665	5.0
668	4.0
733	4.0
736	3.0
750	4.5
762	3.0
778	5.0
780	2.0
784	4.0
785	4.5
786	3.0
788	2.0
800	5.0
802	3.0
832	4.0
849	2.0
851	4.0
852	3.0
858	5.0
866	4.0
899	5.0
902	3.5
903	5.0
904	5.0
908	5.0
909	5.0
910	5.0
912	5.0
923	4.5
924	5.0
926	5.0
933	4.0
953	5.0
955	5.0
1020	4.5
1029	5.0
1036	4.5
1037	1.5
1047	2.5
1059	4.5
1060	4.5
1080	5.0
1084	5.0
1086	4.5
1089	5.0
1090	4.0
1092	3.0
1095	5.0
1096	4.5
1097	4.5
1129	4.0
1136	5.0
1148	5.0
1172	5.0
1173	4.5
1179	4.0
1186	4.5
1189	4.5
1193	5.0
1194	4.0
1196	5.0
1197	5.0
1198	4.5
1199	5.0
1200	5.0
1201	5.0
1203	5.0
1206	5.0
1207	4.5
1208	5.0
1209	5.0
1210	1.5
1211	5.0
1212	5.0
1213	5.0
1214	5.0
1215	4.0
1217	4.5
1218	4.0
1219	5.0
1221	5.0
1222	4.5
1225	4.0
1227	5.0
1228	5.0
1231	4.0
1234	5.0
1236	4.5
1237	5.0
1238	5.0
1240	4.0
1241	4.5
1244	4.5
1245	5.0
1246	4.5
1247	4.5
1252	5.0
1253	4.5
1258	5.0
1259	5.0
1261	5.0
1262	5.0
1263	5.0
1265	5.0
1266	5.0
1270	5.0
1272	4.5
1274	4.0
1275	4.0
1276	5.0
1278	4.5
1282	5.0
1287	4.0
1288	5.0
1291	4.0
1299	4.5
1304	5.0
1305	5.0
1321	4.0
1333	5.0
1337	5.0
1343	4.0
1344	5.0
1350	4.5
1358	5.0
1370	3.5
1377	4.0
1387	4.5
1393	4.0
1394	4.0
1407	4.0
1419	4.5
1449	5.0
1466	4.0
1485	3.5
1500	4.5
1527	4.5
1552	3.0
1573	2.5
1580	4.0
1608	3.5
1610	4.0
1615	3.5
1617	4.5
1625	4.5
1641	4.0
1645	4.0
1653	4.5
1673	5.0
1674	5.0
1676	4.0
1682	4.5
1690	4.0
1704	4.0
1721	3.0
1729	3.5
1732	5.0
1748	4.5
1777	3.5
1840	4.0
1876	1.5
1884	5.0
1917	3.5
1921	5.0
1923	3.5
1927	4.5
1945	5.0
1952	5.0
1953	4.5
1954	5.0
1957	4.0
1961	4.5
1968	4.0
1982	4.0
1997	5.0
2006	3.5
2011	4.5
2012	2.0
2019	5.0
2021	3.5
2023	3.5
2028	4.0
2054	4.0
2058	4.0
2066	4.5
2076	5.0
2078	5.0
2081	4.0
2090	5.0
2105	4.0
2115	4.5
2117	5.0
2132	5.0
2138	4.5
2144	4.0
2167	4.0
2174	4.5
2176	4.0
2182	5.0
2183	5.0
2184	4.5
2186	4.5
2193	4.0
2194	5.0
2232	4.0
2268	4.5
2273	3.0
2275	2.5
2278	4.0
2288	5.0
2291	4.5
2294	4.0
2302	3.5
2313	5.0
2318	4.5
2321	4.0
2324	4.5
2329	4.0
2336	3.0
2349	4.5
2353	4.0
2355	4.0
2360	5.0
2391	4.5
2395	5.0
2409	4.0
2427	4.5
2435	3.0
2455	4.0
2470	4.0
2476	3.5
2478	3.5
2488	5.0
2490	4.0
2495	5.0
2502	4.0
2524	3.5
2542	3.5
2551	4.5
2560	3.5
2571	5.0
2572	3.0
2598	3.5
2599	4.5
2617	2.0
2624	5.0
2628	2.0
2662	4.5
2683	3.5
2694	3.0
2699	3.0
2700	4.0
2701	1.5
2706	3.5
2710	2.0
2716	5.0
2718	4.0
2723	4.0
2728	4.0
2730	4.0
2732	5.0
2762	4.0
2763	4.0
2791	5.0
2797	4.0
2857	4.0
2858	5.0
2871	5.0
2872	4.5
2890	4.0
2908	5.0
2912	3.5
2916	4.0
2918	4.5
2921	4.0
2922	4.5
2924	4.5
2925	5.0
2927	5.0
2944	4.5
2951	5.0
2952	4.0
2959	5.0
2968	4.0
2970	5.0
2973	5.0
2983	5.0
2985	4.0
2987	4.5
2997	5.0
3000	5.0
3018	2.5
3037	3.5
3039	4.5
3052	4.0
3081	4.0
3104	4.5
3114	4.0
3129	4.5
3147	4.0
3160	5.0
3174	4.0
3175	3.5
3176	4.5
3181	4.5
3196	4.5
3198	4.5
3200	3.5
3252	4.0
3253	4.5
3256	2.5
3267	4.5
3271	4.5
3272	4.5
3296	4.5
3327	3.5
3328	4.0
3363	4.5
3365	3.5
3384	4.5
3386	4.0
3408	4.0
3424	5.0
3435	4.5
3468	5.0
3479	3.5
3498	4.5
3499	4.5
3504	4.5
3508	4.0
3535	4.5
3550	4.0
3551	5.0
3552	4.5
3578	4.5
3581	4.5
3623	1.5
3654	5.0
3671	4.5
3677	5.0
3681	4.5
3682	4.5
3683	4.0
3702	5.0
3703	5.0
3706	4.0
3717	2.0
3726	4.5
3730	4.5
3735	4.5
3741	5.0
3742	4.0
3751	3.5
3752	4.0
3760	3.5
3785	3.0
3788	4.0
3793	2.5
3814	5.0
3826	2.5
3863	3.5
3910	4.5
3911	4.5
3916	3.5
3947	4.5
3948	3.0
3949	4.5
3950	4.0
3977	3.0
3985	4.0
3993	4.5
3994	4.0
3996	5.0
4002	5.0
4011	4.0
4014	4.0
4018	2.0
4022	4.5
4027	4.0
4029	3.0
4034	4.0
4047	4.0
4056	4.5
4105	5.0
4144	5.0
4223	3.0
4226	5.0
4239	4.0
4251	4.0
4262	5.0
4298	5.0
4299	3.0
4306	4.5
4327	5.0
4329	4.5
4349	5.0
4367	2.0
4369	3.0
4378	5.0
4406	4.0
4447	3.5
4450	2.5
4467	3.5
4571	3.0
4638	2.0
4642	1.5
4643	2.0
4720	4.0
4741	4.5
4776	5.0
4803	4.0
4816	4.5
4855	4.5
4878	5.0
4881	4.0
4886	4.5
4902	4.0
4914	5.0
4963	3.0
4967	4.5
4973	4.0
4975	3.0
4979	4.5
4993	4.0
4995	3.5
5010	3.5
5015	5.0
5017	4.5
5055	2.5
5060	4.5
5105	4.0
5218	4.0
5266	4.0
5291	5.0
5349	2.0
5367	4.5
5378	2.0
5388	4.0
5417	4.0
5418	4.5
5445	4.0
5446	4.5
5459	2.0
5464	4.5
5481	1.5
5502	3.5
5508	5.0
5522	4.5
5602	4.5
5617	4.5
5618	5.0
5649	3.5
5669	3.0
5673	4.0
5690	4.5
5693	4.0
5853	3.5
5902	5.0
5903	4.0
5952	4.5
5956	4.0
5989	4.0
6001	5.0
6016	5.0
6184	4.0
6188	4.0
6242	4.5
6281	3.5
6286	4.0
6301	4.0
6303	4.0
6331	5.0
6365	4.0
6373	3.5
6377	4.5
6378	2.5
6502	4.5
6537	1.5
6539	3.0
6552	5.0
6567	4.0
6658	4.0
6659	4.0
6711	4.0
6724	4.5
6773	5.0
6796	5.0
6807	5.0
6863	4.0
6870	5.0
6874	4.0
6890	4.5
6893	4.5
6934	3.0
6947	3.5
6953	5.0
7013	3.5
7022	4.5
7063	5.0
7076	4.5
7090	5.0
7143	2.5
7147	4.0
7153	4.0
7158	5.0
7160	4.5
7162	4.0
7235	4.0
7254	3.0
7327	4.5
7361	4.0
7373	3.5
7387	5.0
7438	4.0
7445	5.0
7458	1.0
7482	5.0
7700	5.0
7757	4.5
7802	5.0
7836	5.0
7981	4.5
8014	5.0
8042	4.0
8340	4.5
8360	5.0
8361	1.5
8370	4.5
8376	4.0
8501	4.0
8507	4.0
8528	3.0
8604	3.5
8622	3.5
8638	4.5
8641	3.5
8665	4.5
8798	4.0
8874	5.0
8910	3.5
8949	4.5
8957	3.0
8958	4.5
8961	4.5
8970	4.0
8983	4.5
25788	4.5
27266	5.0
27317	4.5
27592	5.0
27773	5.0
27790	4.0
27801	3.5
27831	3.5
27878	5.0
30707	4.0
30749	4.0
30803	4.5
30810	4.0
30812	3.5
31410	4.0
31420	2.5
31658	4.5
31878	4.0
32031	3.5
32587	3.5
33493	2.5
33794	4.0
34153	4.0
34162	3.5
34405	4.0
34542	4.5
35836	3.0
36517	3.5
36529	3.5
37729	4.5
37733	3.0
38038	5.0
38061	2.0
39292	5.0
40278	4.0
40732	1.5
40819	4.0
41997	3.0
42004	4.0
44191	3.5
44195	2.5
44204	4.5
44555	5.0
44665	4.0
45447	3.0
46578	4.5
46723	3.5
46970	3.0
46976	4.5
47997	3.0
48043	4.0
48082	3.5
48394	4.5
48516	4.0
48738	4.0
48780	4.0
48783	3.5
49272	3.0
49932	3.5
50068	4.0
50872	4.5
51255	4.0
51662	4.0
52042	3.0
52328	4.5
52885	4.0
52952	4.5
53996	1.0
54259	4.0
54272	4.0
54286	4.5
54372	5.0
54503	4.0
54997	4.0
55069	4.5
55247	2.5
55276	4.0
55290	4.0
55442	4.0
55444	4.5
55765	4.5
55820	4.0
55908	3.5
56152	4.5
56174	2.5
56333	3.5
56339	4.5
56782	5.0
57368	3.0
57669	4.5
58303	4.5
58559	4.0
59315	4.0
59369	3.0
59784	4.5
60069	5.0
60766	4.5
61024	2.0
61240	4.5
62511	5.0
63062	3.0
63082	4.0
64614	4.5
64620	3.0
64622	4.5
64839	4.0
65261	4.5
66097	4.5
67255	4.0
67997	4.5
68157	3.5
68237	5.0
68358	3.5
68952	3.0
68954	4.0
69122	3.5
69481	4.5
69640	2.5
70286	4.0
71211	3.0
71464	3.0
71535	2.0
71838	2.5
71899	4.5
72226	3.5
72395	4.5
72733	3.0
72998	3.5
73023	4.0
73323	3.0
73344	5.0
74510	3.5
76093	4.0
76251	3.5
78499	4.5
78574	4.5
79008	4.0
79091	3.5
79132	4.0
79702	2.0
80219	3.5
80463	3.0
80969	4.0
81591	4.5
81845	4.0
81932	3.5
83134	3.5
84392	3.5
84772	3.0
85414	4.0
85774	5.0
86320	3.5
86898	3.5
88129	4.5
88744	4.0
89753	4.0
89774	3.5
89904	4.0
90405	2.0
90866	3.5
91077	2.5
91529	3.5
93510	4.0
94959	3.0
95441	3.5
96821	3.0
98809	3.0
99114	4.0
104841	4.5
104913	4.0
106100	3.0
106489	2.0
106916	3.0
106920	3.0
108932	4.0
109374	4.0
112556	2.5
