1	4.0
2	4.0
3	4.0
5	2.0
6	3.5
10	3.5
11	3.5
19	2.0
24	4.0
34	3.5
39	3.5
50	3.0
60	3.5
62	4.0
95	3.5
104	3.5
105	4.0
107	3.5
110	4.0
135	3.5
141	4.0
145	2.5
150	4.0
151	2.0
153	3.5
158	3.5
160	3.5
165	3.5
168	3.5
170	3.5
172	3.0
173	3.0
185	3.5
194	4.0
203	3.5
204	3.5
207	3.5
208	3.0
223	3.0
230	4.0
231	1.0
235	3.0
246	3.0
256	2.5
260	4.0
265	4.0
266	3.5
277	3.0
282	2.0
292	3.5
293	4.0
300	3.5
303	3.5
315	3.0
316	3.0
317	3.5
318	5.0
329	3.5
333	3.5
339	3.5
344	2.0
345	3.5
349	3.5
350	3.5
353	3.0
355	2.5
356	4.0
357	3.5
364	3.5
367	3.0
368	3.5
370	3.5
377	4.0
379	3.5
380	4.0
381	4.0
383	3.5
410	3.5
420	3.0
432	3.5
434	3.5
435	3.5
440	3.5
442	3.0
454	3.5
455	3.0
457	3.5
466	2.0
468	3.5
471	2.0
474	4.0
480	4.0
485	2.5
491	3.5
494	3.5
500	4.0
508	4.0
515	3.5
519	3.0
520	4.0
524	4.0
527	5.0
539	4.0
541	4.0
551	4.0
552	3.5
553	3.5
586	3.5
587	3.5
588	4.0
589	3.5
590	4.0
592	4.0
593	2.0
594	4.0
595	3.5
596	4.0
597	4.0
608	3.0
610	3.5
616	3.5
637	3.0
648	3.0
653	3.5
661	3.5
673	3.0
678	4.0
708	3.0
720	4.0
733	3.5
736	4.0
745	4.0
750	3.0
762	3.5
780	4.0
784	2.0
785	2.0
788	2.0
799	3.5
802	4.0
830	4.0
836	3.5
837	4.0
849	3.5
852	3.5
899	3.5
902	4.0
903	4.0
904	4.0
905	4.0
908	4.0
910	3.5
911	4.0
912	4.0
913	4.0
914	4.0
916	4.0
919	4.0
924	3.0
941	3.5
950	4.0
951	4.0
953	4.5
954	4.0
969	5.0
1012	3.5
1017	3.5
1019	4.0
1020	3.5
1022	3.5
1025	4.0
1027	3.5
1028	3.5
1029	3.5
1032	4.0
1035	4.0
1036	4.0
1042	3.5
1047	4.0
1049	3.5
1077	2.0
1079	4.0
1080	3.0
1084	2.5
1088	3.5
1090	4.0
1091	3.5
1097	4.0
1101	3.0
1124	3.5
1127	4.0
1129	3.5
1135	3.5
1136	4.0
1148	4.0
1172	3.0
1185	3.5
1193	4.0
1196	4.0
1197	4.0
1198	4.0
1199	1.0
1201	3.0
1204	4.0
1206	2.0
1207	4.0
1208	1.0
1209	4.0
1210	4.0
1212	4.0
1213	4.0
1219	2.0
1220	4.0
1222	4.0
1223	4.0
1225	4.5
1231	4.0
1233	5.0
1234	5.0
1235	3.5
1240	3.5
1242	4.0
1246	4.0
1247	3.5
1250	4.0
1251	2.5
1252	1.0
1253	4.0
1254	4.0
1259	4.0
1262	4.5
1263	2.0
1265	3.5
1266	2.0
1267	4.0
1270	4.0
1271	4.0
1272	4.0
1275	3.5
1276	4.0
1278	4.0
1282	4.0
1283	4.0
1284	3.5
1287	4.0
1291	4.0
1292	3.0
1293	4.0
1299	4.0
1302	3.5
1304	4.0
1307	3.5
1321	2.0
1333	3.5
1339	3.5
1345	3.5
1356	3.0
1357	4.0
1358	3.5
1367	3.5
1370	3.5
1371	3.0
1372	3.0
1373	3.5
1374	3.0
1375	3.5
1376	3.0
1377	3.5
1378	2.5
1380	2.0
1385	3.5
1387	4.0
1391	4.0
1396	3.5
1405	2.0
1408	3.5
1409	4.0
1438	3.5
1441	3.5
1479	3.5
1500	4.0
1513	2.0
1517	3.0
1527	3.5
1544	3.5
1552	3.5
1556	3.0
1562	2.5
1580	3.5
1584	4.0
1586	3.5
1587	3.0
1597	3.5
1608	3.5
1610	4.0
1619	3.5
1641	2.0
1663	3.5
1672	4.0
1673	2.0
1674	4.0
1676	3.5
1678	3.5
1704	4.0
1721	4.0
1722	3.5
1747	4.0
1779	3.5
1784	4.0
1801	3.5
1831	3.5
1873	3.5
1876	3.5
1882	3.0
1907	3.5
1911	3.0
1917	3.5
1918	3.5
1923	2.5
1949	3.5
1950	4.0
1953	4.0
1955	3.5
1957	3.0
1959	3.5
1960	3.5
1961	4.0
1962	4.0
1967	3.5
1968	3.5
2000	3.5
2001	3.5
2002	3.5
2003	3.5
2005	4.0
2006	4.0
2011	3.5
2012	3.5
2013	3.5
2018	3.0
2019	4.0
2021	3.0
2028	5.0
2046	4.0
2054	3.5
2067	4.0
2078	4.0
2080	3.0
2081	3.5
2083	4.0
2085	3.5
2087	3.5
2090	3.5
2094	3.5
2096	3.5
2100	3.5
2105	3.5
2109	3.0
2115	3.5
2116	3.5
2124	3.5
2133	3.5
2134	3.5
2137	3.5
2140	3.5
2145	3.0
2150	4.0
2160	2.5
2161	4.0
2174	3.5
2194	4.0
2268	3.5
2273	3.5
2278	4.0
2291	3.5
2294	3.5
2302	4.0
2313	3.5
2321	3.5
2324	4.5
2353	3.5
2355	3.5
2359	4.0
2366	3.5
2371	2.0
2384	3.0
2393	3.5
2396	2.0
2398	4.0
2403	3.5
2405	3.5
2406	4.0
2407	4.0
2420	3.5
2421	3.0
2423	3.5
2424	3.5
2427	3.5
2431	4.0
2467	4.0
2470	3.5
2471	3.0
2478	2.0
2490	3.5
2502	4.0
2528	3.0
2529	3.0
2539	4.0
2571	3.0
2605	3.5
2616	3.0
2617	4.0
2628	3.5
2640	3.5
2641	3.5
2642	3.0
2657	2.0
2662	4.0
2664	4.0
2671	3.5
2683	2.0
2699	3.0
2700	2.0
2701	3.0
2716	4.0
2717	3.5
2739	4.0
2746	4.0
2761	4.0
2762	4.0
2770	2.0
2779	3.0
2788	3.5
2791	3.5
2795	4.0
2797	4.0
2804	3.0
2826	3.5
2858	3.0
2871	2.0
2872	3.5
2881	3.5
2915	4.0
2916	3.5
2918	3.5
2944	4.0
2947	3.5
2948	3.5
2949	4.0
2951	3.5
2953	3.0
2968	3.5
2985	3.5
2986	2.5
2987	4.0
2989	3.5
2991	3.5
3028	4.0
3033	3.5
3034	3.5
3039	3.5
3060	3.5
3072	4.0
3082	3.5
3087	4.0
3098	4.0
3100	4.0
3102	3.5
3104	3.5
3107	3.5
3108	3.5
3113	3.0
3114	4.0
3147	4.0
3148	3.5
3159	4.0
3168	3.5
3175	3.5
3196	4.0
3210	3.5
3247	3.5
3252	4.0
3253	3.5
3255	4.0
3256	3.5
3257	3.0
3263	3.0
3301	3.5
3360	4.0
3361	3.5
3363	4.0
3365	4.0
3386	4.0
3396	3.5
3397	4.0
3408	4.0
3418	3.5
3421	4.0
3448	3.5
3450	4.0
3468	4.0
3471	4.0
3479	4.0
3489	3.5
3494	4.0
3504	3.0
3527	3.5
3552	3.5
3555	3.5
3578	4.0
3608	2.0
3623	3.0
3624	3.5
3635	3.5
3639	3.5
3671	4.0
3697	3.5
3698	3.5
3702	3.5
3703	3.5
3704	3.0
3741	3.0
3745	3.5
3751	3.5
3755	4.0
3785	3.0
3793	3.5
3809	3.5
3827	3.5
3868	3.5
3873	4.0
3893	2.0
3916	3.5
3948	2.0
3969	4.0
3980	4.0
3984	3.5
3985	4.0
3988	3.5
3996	4.0
4002	4.0
4014	4.0
4016	3.5
4018	4.0
4019	3.5
4022	4.0
4025	3.5
4027	4.0
4041	3.5
4047	4.0
4085	3.5
4086	4.0
4223	4.0
4246	2.0
4270	3.5
4299	3.5
4306	4.0
4310	3.5
4321	4.0
4339	4.0
4361	4.0
4367	3.5
4427	3.0
4499	3.5
4557	3.5
4571	3.5
4623	3.5
4701	3.5
4710	4.0
4718	2.0
4787	4.0
4799	4.0
4802	3.5
4816	2.0
4848	3.0
4855	3.5
4857	4.0
4886	4.0
4896	3.5
4963	4.0
4979	2.0
4993	4.0
5049	3.5
5060	4.5
5218	4.0
5299	4.0
5349	4.0
5378	3.5
5418	4.0
5459	3.5
5464	4.0
5481	2.5
5782	4.0
5816	3.5
5952	4.0
5956	3.5
5989	4.0
6170	2.0
6239	3.5
6333	3.5
6377	4.0
6378	3.5
6537	3.5
6539	4.0
6663	4.0
6743	3.5
6785	3.0
6787	3.5
6807	3.0
6947	4.0
6974	3.5
6979	3.5
6986	4.0
7027	4.0
7153	4.0
7386	3.0
7569	3.5
7649	4.0
8154	4.0
8183	4.0
8228	4.0
8360	4.0
8368	3.5
8492	5.0
8493	4.0
8610	4.0
8623	3.0
8633	4.0
8636	3.5
8665	4.0
8874	3.5
8961	4.0
8972	3.5
33493	3.5
33794	4.0
40815	3.5
41566	4.0
45722	3.5
46578	3.0
48394	3.0
48982	3.5
49272	4.0
49822	3.5
50601	3.5
52975	4.0
54286	4.0
55814	4.5
