1	5.0
2	5.0
3	3.0
5	3.0
6	3.0
7	3.0
11	4.0
13	4.0
17	4.0
18	4.0
19	3.0
25	3.0
29	2.0
34	4.0
36	3.0
44	4.0
45	3.0
47	4.0
50	4.0
70	5.0
71	3.0
95	3.0
104	4.0
110	4.0
112	3.0
135	3.5
141	3.0
145	3.0
150	3.0
153	2.0
158	4.0
163	5.0
165	5.0
168	5.0
173	3.0
185	3.0
193	2.0
204	3.0
208	5.0
223	0.5
231	0.5
239	4.0
249	3.5
252	4.0
253	3.0
260	5.0
266	5.0
291	3.0
292	3.0
293	5.0
296	2.0
316	4.0
317	3.5
318	4.0
327	2.0
339	3.0
344	3.5
353	3.0
355	2.0
356	4.0
361	4.0
364	5.0
367	3.0
370	3.0
377	4.0
380	4.0
407	4.0
432	3.0
434	3.0
436	4.0
441	3.0
451	3.0
457	4.0
468	4.0
474	4.0
480	5.0
485	4.0
489	3.0
500	3.0
504	5.0
507	3.0
508	3.0
515	3.5
524	5.0
527	4.5
529	3.0
539	4.0
546	4.0
551	2.0
553	4.0
558	4.0
586	4.0
587	3.0
588	4.5
589	5.0
590	5.0
592	4.0
593	3.0
594	3.0
595	5.0
597	3.0
608	1.0
628	3.0
648	3.0
653	4.0
673	3.0
720	4.0
733	3.0
736	5.0
745	4.0
748	4.0
762	1.0
780	5.0
782	3.0
783	4.0
786	4.0
802	3.0
810	3.0
838	2.5
840	3.0
852	3.0
861	3.0
879	4.0
880	3.0
891	3.0
911	3.0
919	4.0
920	3.0
938	3.0
953	4.0
954	3.0
986	3.5
996	3.0
999	3.0
1010	4.0
1017	4.0
1023	5.0
1027	5.0
1028	3.5
1029	3.5
1035	4.0
1036	5.0
1047	5.0
1049	3.0
1059	1.0
1073	5.0
1079	3.0
1088	3.0
1094	2.0
1097	3.0
1100	3.0
1101	3.0
1127	3.0
1129	3.0
1136	3.0
1148	4.0
1173	3.0
1183	2.5
1186	3.0
1196	5.0
1197	3.5
1198	5.0
1200	5.0
1210	5.0
1213	3.0
1214	4.0
1215	5.0
1219	3.0
1223	4.0
1240	4.0
1242	4.0
1243	3.0
1246	3.5
1258	3.0
1259	3.0
1262	4.0
1263	2.0
1265	3.0
1266	3.0
1270	5.0
1274	4.0
1275	3.0
1278	4.0
1282	3.5
1285	3.0
1288	0.5
1291	5.0
1292	3.0
1302	4.0
1307	3.0
1320	4.0
1339	4.0
1343	2.0
1345	3.5
1353	3.0
1367	3.0
1370	5.0
1371	3.0
1374	4.0
1377	4.0
1378	4.0
1379	2.0
1380	4.0
1391	3.0
1393	3.5
1396	4.0
1407	4.0
1408	2.0
1409	3.0
1475	3.0
1480	2.0
1487	3.0
1513	3.0
1517	2.0
1527	5.0
1535	3.0
1544	5.0
1552	3.0
1556	3.0
1562	3.0
1566	3.0
1569	5.0
1573	3.0
1580	4.0
1584	3.0
1587	3.0
1603	3.0
1608	4.0
1610	2.0
1625	4.0
1639	2.0
1674	3.0
1676	4.0
1681	3.0
1682	4.0
1690	3.0
1707	2.0
1717	4.0
1721	4.0
1726	5.0
1735	2.0
1748	4.0
1777	5.0
1784	3.0
1792	4.0
1804	3.0
1805	3.0
1827	3.0
1831	3.0
1835	3.0
1888	3.0
1892	3.0
1909	3.0
1916	2.0
1917	3.0
1920	4.0
1923	1.0
1951	4.0
1954	3.0
1961	3.0
1962	3.0
1967	4.0
1982	4.0
1983	3.0
1984	3.0
1985	3.0
1986	3.0
2001	2.0
2002	2.0
2005	4.5
2006	3.0
2011	5.0
2012	5.0
2020	3.0
2028	3.0
2053	3.0
2054	4.0
2060	2.0
2072	3.0
2081	3.0
2083	4.0
2085	3.0
2087	3.0
2100	3.0
2105	3.0
2107	3.0
2110	3.0
2112	3.0
2115	4.5
2123	3.0
2125	5.0
2133	3.0
2137	4.0
2139	5.0
2141	5.0
2142	4.0
2144	3.0
2161	4.0
2162	3.0
2167	3.0
2174	4.0
2193	4.0
2245	4.0
2253	2.0
2268	4.5
2269	3.0
2273	3.0
2278	3.0
2288	5.0
2291	4.0
2294	4.0
2302	2.0
2321	3.0
2325	0.5
2335	4.0
2336	3.0
2340	4.0
2344	4.0
2355	5.0
2369	3.0
2394	3.0
2395	3.0
2396	4.0
2406	5.0
2407	4.0
2409	3.0
2416	3.5
2420	3.0
2421	3.0
2422	3.0
2423	3.0
2424	4.0
2431	3.0
2432	3.0
2450	3.0
2458	3.0
2496	3.0
2497	4.0
2502	2.5
2518	3.0
2539	2.5
2571	4.0
2572	3.5
2598	3.5
2617	4.0
2628	5.0
2657	1.0
2671	5.0
2672	4.5
2683	3.0
2686	5.0
2688	3.0
2694	4.0
2699	3.0
2701	3.0
2706	2.0
2709	3.0
2710	4.0
2712	2.5
2716	4.0
2717	4.0
2723	3.0
2724	4.0
2735	4.0
2746	4.0
2762	5.0
2763	3.0
2791	2.0
2797	4.0
2804	4.0
2826	3.0
2858	2.0
2861	4.0
2881	3.0
2900	3.0
2906	3.0
2915	3.0
2916	3.0
2917	3.0
2918	4.0
2949	3.0
2953	3.0
2968	4.0
2985	4.0
2987	5.0
2997	4.0
3020	3.0
3033	3.0
3039	3.0
3044	4.0
3061	4.0
3081	4.0
3100	3.0
3101	3.0
3107	3.0
3113	3.0
3114	5.0
3147	3.0
3148	5.0
3157	3.0
3210	3.0
3238	2.0
3249	4.0
3253	2.0
3255	3.0
3256	3.0
3260	3.0
3262	2.0
3263	2.0
3267	4.0
3271	4.0
3273	4.0
3274	3.0
3287	3.5
3299	3.0
3300	4.0
3316	4.0
3354	3.0
3360	3.0
3361	3.0
3388	3.0
3396	4.0
3397	4.0
3409	4.0
3418	4.0
3438	4.0
3439	4.0
3440	3.0
3450	3.5
3471	3.0
3479	3.0
3481	4.0
3489	4.0
3499	3.0
3510	5.0
3527	3.5
3528	3.0
3552	3.0
3565	3.5
3576	4.0
3578	4.0
3608	4.0
3614	2.0
3615	5.0
3623	3.0
3624	3.0
3684	2.0
3699	3.0
3707	3.0
3717	4.0
3740	4.0
3751	4.0
3753	5.0
3755	3.0
3760	1.0
3763	2.0
3784	3.0
3785	4.0
3793	5.0
3798	3.0
3809	4.0
3811	3.0
3826	3.0
3827	3.0
3841	3.0
3861	3.0
3868	4.0
3869	4.0
3871	3.0
3882	2.5
3916	3.5
3948	4.0
3959	3.0
3980	4.0
3981	3.0
3988	4.0
3994	4.0
3996	2.5
3999	3.0
4002	3.0
4006	3.0
4018	3.0
4022	3.0
4023	3.5
4025	2.0
4027	4.0
4034	3.0
4037	2.0
4040	3.0
4069	3.0
4085	3.0
4090	3.0
4091	4.0
4121	4.0
4128	3.0
4133	4.0
4155	2.0
4161	4.0
4246	3.0
4262	2.5
4270	4.0
4299	5.0
4306	5.0
4310	4.0
4322	3.0
4333	2.0
4343	5.0
4366	3.0
4367	4.0
4369	3.0
4370	5.0
4387	4.0
4446	3.0
4477	3.0
4489	4.0
4502	3.0
4508	3.0
4519	4.0
4571	4.0
4572	4.0
4587	3.0
4621	3.0
4623	3.0
4624	2.0
4638	5.0
4643	3.0
4654	3.5
4676	3.0
4701	3.0
4720	3.5
4728	4.0
4756	2.0
4770	4.0
4776	3.0
4814	3.0
4823	2.5
4845	1.5
4876	4.0
4886	4.0
4896	5.0
4901	4.0
4963	3.0
4971	1.0
4973	3.0
4993	5.0
4994	3.5
5013	3.0
5064	4.0
5127	4.5
5171	4.5
5218	3.0
5266	4.0
5267	3.0
5283	3.5
5308	3.0
5309	3.0
5313	3.0
5349	3.0
5364	3.0
5378	5.0
5380	3.0
5415	3.0
5418	3.5
5438	3.0
5445	4.0
5452	3.0
5459	4.5
5463	3.0
5464	4.0
5478	3.0
5502	4.0
5507	3.0
5540	4.0
5574	3.0
5618	4.0
5620	3.0
5784	4.0
5809	3.0
5816	5.0
5879	2.0
5900	2.5
5952	5.0
5957	3.0
5970	3.0
5971	4.0
5989	3.0
5991	3.0
6187	3.0
6250	4.5
6281	3.5
6287	3.0
6294	3.0
6333	3.0
6373	4.0
6377	4.5
6378	4.5
6383	3.5
6539	3.0
6548	4.0
6565	4.5
6617	5.0
6709	3.5
6711	2.0
6753	3.0
6754	4.0
6755	3.0
6764	3.5
6765	3.5
6870	4.0
6874	3.0
6879	4.5
6887	3.5
6889	3.5
6942	4.0
6944	3.0
6947	3.0
6952	3.0
6957	2.5
7147	4.0
7149	3.0
7151	3.0
7153	5.0
7154	3.0
7155	3.0
7162	3.0
7247	3.5
7254	4.0
7318	4.0
7324	3.0
7346	4.0
7347	3.0
7361	2.5
7373	4.0
7376	4.0
7380	4.0
7451	3.0
7454	5.0
8360	3.5
8361	2.5
8368	5.0
8371	5.0
8376	2.0
8464	4.0
8529	4.5
8533	3.0
8581	3.0
8636	3.0
8644	4.0
8783	4.0
8860	4.0
8866	3.5
8874	3.0
8916	3.0
8937	3.0
8949	3.0
8958	3.5
8961	3.5
8970	5.0
8972	4.0
8984	3.0
26133	5.0
27706	3.0
30812	3.0
30816	3.5
30825	2.0
31221	3.0
31685	3.5
32587	2.5
32596	3.0
32598	4.0
33004	3.5
33493	5.0
33646	3.0
33794	5.0
34072	3.0
34162	3.0
34336	3.0
34405	4.0
36401	3.0
36519	4.0
37727	3.0
38038	4.0
38798	4.0
39414	3.5
39435	3.0
40339	2.5
40815	5.0
41566	5.0
41573	3.5
42738	3.0
44022	3.0
44191	3.0
44665	3.5
45186	4.0
45431	4.0
45499	4.0
45668	5.0
45720	3.0
45722	4.0
45730	4.0
46335	4.0
46578	3.0
46972	4.0
47099	3.5
47610	3.0
48394	3.0
48780	3.5
49272	4.0
49274	3.0
49286	4.0
50601	5.0
51084	4.0
51255	4.0
51662	4.0
52435	4.5
52722	3.0
52973	3.0
53121	4.0
53125	3.0
53894	3.5
53972	4.0
53993	3.5
53996	5.0
54001	5.0
54259	4.0
54286	4.0
54997	3.5
55267	4.0
55995	4.0
56145	4.0
56152	2.5
56171	3.5
56174	4.0
56587	3.5
57368	3.0
58103	3.5
58154	3.0
58559	4.5
59315	4.0
59369	3.0
59501	4.0
59615	3.0
60037	4.0
60040	3.0
60069	4.0
60074	3.5
60397	3.5
60487	4.0
61160	3.0
63082	4.0
63113	3.0
63992	4.0
64030	3.5
64957	4.0
65130	3.0
65682	4.5
66097	3.0
67923	3.0
68237	3.5
68319	4.0
68358	4.0
68791	4.0
68954	4.5
69122	3.0
69406	4.0
69526	3.5
69844	4.0
69951	2.5
70286	3.5
70336	3.5
71535	4.0
71745	2.5
72641	4.5
72998	5.0
73017	3.5
74458	3.5
74789	4.0
76093	3.5
76175	3.0
76251	3.0
77561	3.5
77866	3.0
78499	5.0
78637	5.0
79091	4.0
79132	5.0
79695	3.0
79702	3.5
81229	4.5
81591	3.0
81834	5.0
81845	4.0
81847	3.0
82202	3.0
82459	4.0
82461	3.5
83349	3.0
83613	2.0
84772	3.0
84944	4.0
85131	3.0
86190	4.5
86332	3.5
86880	3.5
86882	4.0
86911	3.0
87232	4.0
87306	3.5
87430	3.5
87520	4.0
88125	4.5
88129	2.5
88140	3.5
88744	3.5
89745	4.0
90866	4.0
91500	5.0
91529	5.0
91535	3.0
91542	3.5
91630	3.5
92420	3.0
93510	3.5
93840	4.0
94777	4.0
94864	4.0
95167	4.0
95441	1.5
95510	4.0
95875	3.0
96079	4.0
96610	3.5
96737	3.0
96821	4.0
97304	3.0
97306	2.5
97752	4.0
97913	3.5
97938	3.5
98809	4.0
98961	3.0
99114	4.0
101864	4.0
102123	2.5
102125	5.0
102445	4.0
102903	4.0
103042	4.0
103141	4.0
103228	4.0
103249	4.0
103253	3.0
103335	3.0
104841	3.0
104913	4.0
105504	3.0
105844	3.0
106002	4.0
106072	3.5
106100	2.5
106487	5.0
106489	4.0
106696	5.0
106782	2.5
106916	3.0
106918	4.0
108932	2.5
109487	4.0
110102	3.0
111362	4.0
111759	3.5
112556	4.0
112623	4.0
112852	3.5
