1	5.0
2	4.0
5	4.0
7	4.0
10	4.0
11	3.0
16	4.0
21	3.0
22	3.0
25	4.0
27	4.0
31	5.0
32	4.0
34	3.0
36	4.0
39	4.0
45	4.0
47	5.0
50	5.0
57	4.0
62	4.0
64	4.0
70	4.0
71	3.0
74	4.0
89	4.0
104	4.0
110	5.0
113	4.0
118	4.0
140	3.0
141	3.0
147	5.0
150	4.0
153	3.0
157	4.0
158	4.0
165	4.0
175	5.0
180	5.0
181	3.0
185	3.0
186	4.0
215	4.0
216	4.0
223	3.0
225	4.0
230	4.0
231	5.0
235	4.0
246	3.0
250	4.0
253	5.0
257	4.0
260	4.0
266	5.0
267	3.0
277	4.0
280	4.0
282	4.0
288	5.0
289	3.0
292	5.0
296	5.0
312	3.0
317	4.0
318	5.0
322	4.0
337	5.0
339	4.0
340	5.0
342	4.0
344	4.0
345	4.0
355	3.0
356	5.0
361	4.0
364	5.0
367	4.0
370	3.0
371	4.0
372	5.0
377	4.0
380	4.0
382	4.0
414	4.0
419	4.0
429	2.0
431	5.0
433	4.0
434	4.0
435	4.0
440	4.0
441	5.0
454	5.0
457	4.0
466	3.0
474	4.0
477	4.0
480	5.0
481	4.0
485	2.0
490	4.0
491	4.0
494	4.0
500	4.0
507	3.0
508	4.0
514	5.0
520	4.0
524	5.0
527	5.0
529	4.0
539	3.0
543	5.0
550	4.0
551	5.0
555	3.0
585	3.0
586	4.0
587	4.0
588	5.0
590	2.0
592	5.0
593	5.0
594	5.0
595	4.0
596	4.0
597	4.0
605	4.0
608	5.0
616	3.0
619	4.0
628	5.0
648	4.0
662	5.0
663	4.0
673	3.0
708	5.0
719	4.0
724	4.0
733	4.0
736	4.0
780	5.0
786	4.0
788	3.0
805	5.0
832	4.0
858	5.0
866	1.0
915	5.0
953	5.0
1020	4.0
1022	5.0
1025	4.0
1027	4.0
1029	5.0
1030	4.0
1032	5.0
1033	5.0
1036	4.0
1051	4.0
1059	4.0
1060	5.0
1061	4.0
1064	5.0
1089	5.0
1092	4.0
1093	4.0
1097	5.0
1100	3.0
1120	4.0
1127	5.0
1136	5.0
1183	4.0
1196	5.0
1197	5.0
1198	5.0
1206	4.0
1207	5.0
1213	5.0
1221	4.0
1222	5.0
1240	4.0
1258	5.0
1259	5.0
1265	4.0
1266	4.0
1268	4.0
1270	5.0
1271	5.0
1280	5.0
1285	5.0
1290	5.0
1307	2.0
1339	4.0
1342	3.0
1343	5.0
1353	5.0
1356	3.0
1370	4.0
1373	4.0
1377	3.0
1385	3.0
1387	5.0
1388	4.0
1393	4.0
1396	4.0
1399	5.0
1401	5.0
1407	5.0
1414	4.0
1438	3.0
1441	5.0
1457	4.0
1466	4.0
1476	4.0
1479	3.0
1483	2.0
1485	5.0
1500	4.0
1517	4.0
1518	4.0
1527	4.0
1544	4.0
1552	5.0
1566	5.0
1569	4.0
1573	5.0
1580	4.0
1584	4.0
1593	4.0
1597	2.0
1598	4.0
1608	4.0
1610	4.0
1614	4.0
1615	5.0
1616	4.0
1617	5.0
1620	4.0
1625	5.0
1639	5.0
1641	5.0
1645	5.0
1653	5.0
1658	2.0
1673	3.0
1678	5.0
1680	4.0
1690	3.0
1702	3.0
1704	5.0
1711	4.0
1713	4.0
1717	4.0
1721	5.0
1722	3.0
1727	4.0
1732	3.0
1735	4.0
1747	2.0
1762	3.0
1777	4.0
1783	3.0
1784	5.0
1801	5.0
1805	4.0
1810	4.0
1821	3.0
1833	4.0
1835	4.0
1840	3.0
1845	5.0
1848	4.0
1866	4.0
1876	3.0
1883	3.0
1892	4.0
1895	3.0
1907	4.0
1909	4.0
1911	5.0
1912	4.0
1917	5.0
1920	4.0
1923	3.0
1956	4.0
1961	5.0
1965	3.0
1969	3.0
1994	4.0
1997	4.0
2002	4.0
2005	5.0
2006	5.0
2012	4.0
2018	4.0
2023	4.0
2028	4.0
2036	3.0
2046	4.0
2048	4.0
2058	5.0
2059	3.0
2064	5.0
2078	5.0
2080	5.0
2081	5.0
2083	3.0
2085	4.0
2087	5.0
2089	4.0
2090	5.0
2096	4.0
2108	3.0
2120	4.0
2123	5.0
2124	4.0
2125	5.0
2139	5.0
2141	5.0
2142	4.0
2144	5.0
2155	4.0
2161	5.0
2162	2.0
2166	4.0
2167	3.0
2169	3.0
2195	2.0
2231	4.0
2236	5.0
2240	4.0
2248	5.0
2268	4.0
2272	5.0
2273	4.0
2278	2.0
2279	4.0
2280	4.0
2291	5.0
2294	2.0
2297	3.0
2302	4.0
2312	5.0
2314	1.0
2316	4.0
2318	2.0
2320	4.0
2321	5.0
2324	5.0
2329	5.0
2331	3.0
2333	2.0
2334	3.0
2336	4.0
2338	3.0
2340	5.0
2353	4.0
2355	5.0
2359	5.0
2371	5.0
2387	4.0
2391	4.0
2394	5.0
2395	3.0
2396	5.0
2398	5.0
2399	5.0
2409	4.0
2410	4.0
2411	4.0
2412	4.0
2424	4.0
2427	3.0
2431	4.0
2432	5.0
2433	4.0
2435	5.0
2443	4.0
2445	4.0
2447	4.0
2463	4.0
2470	3.0
2471	3.0
2485	3.0
2490	3.0
2491	3.0
2496	4.0
2497	4.0
2502	2.0
2506	5.0
2514	2.0
2539	4.0
2541	5.0
2561	4.0
2567	4.0
2571	5.0
2572	5.0
2574	4.0
2580	5.0
2581	5.0
2587	2.0
2596	5.0
2598	4.0
2599	4.0
2600	3.0
2605	4.0
2606	1.0
2617	5.0
2628	4.0
2639	4.0
2640	4.0
2642	4.0
2643	4.0
2671	4.0
2672	3.0
2683	5.0
2687	5.0
2688	4.0
2690	3.0
2692	5.0
2693	4.0
2694	4.0
2699	3.0
2700	5.0
2701	2.0
2706	5.0
2707	4.0
2710	4.0
2712	2.0
2713	4.0
2718	4.0
2720	4.0
2723	4.0
2724	5.0
2735	4.0
2739	5.0
2759	4.0
2761	5.0
2762	5.0
2770	3.0
2771	4.0
2787	4.0
2804	5.0
2826	4.0
2836	4.0
2841	4.0
2857	4.0
2858	5.0
2860	3.0
2861	4.0
2883	3.0
2888	3.0
2889	4.0
2890	4.0
2891	4.0
2898	4.0
2907	1.0
2908	4.0
2916	3.0
2959	5.0
2961	4.0
2970	5.0
2976	3.0
2978	4.0
2985	3.0
2987	5.0
2997	5.0
3005	4.0
3007	2.0
3034	4.0
3044	4.0
3052	5.0
3081	4.0
3082	4.0
3088	5.0
3100	4.0
3105	5.0
3107	5.0
3114	5.0
3147	5.0
3155	4.0
3156	5.0
3157	4.0
3159	4.0
3160	3.0
3163	1.0
3175	4.0
3176	5.0
3177	3.0
3181	4.0
3185	4.0
3186	5.0
3190	2.0
3208	4.0
3225	3.0
3238	1.0
3247	4.0
3249	5.0
3250	4.0
3252	4.0
3253	4.0
3254	3.0
3255	4.0
3256	4.0
3257	4.0
3259	4.0
3261	4.0
3263	4.0
3264	3.0
3269	4.0
3270	5.0
3273	4.0
3274	4.0
3275	4.0
3285	4.0
3286	2.0
3287	4.0
3296	5.0
3298	4.0
3299	4.0
3300	3.0
3301	3.0
3316	4.0
3317	4.0
3324	4.0
3325	2.0
3326	4.0
3327	3.0
3354	3.0
3355	3.0
3392	2.0
3396	5.0
3397	4.0
3408	4.0
3409	3.0
3418	5.0
3436	4.0
3452	4.0
3461	5.0
3466	4.0
3477	5.0
3478	5.0
3481	4.0
3483	4.0
3484	4.0
3499	5.0
3510	5.0
3512	5.0
3513	4.0
3527	4.0
3528	4.0
3534	4.0
3535	5.0
3536	4.0
3538	4.0
3555	3.0
3556	4.0
3564	4.0
3565	5.0
3566	4.0
3578	5.0
3593	2.0
3594	5.0
3598	3.0
3614	4.0
3615	5.0
3616	3.0
3617	4.0
3618	4.0
3623	4.0
3624	4.0
3646	2.0
3717	3.0
3744	4.0
3745	4.0
3751	4.0
3752	2.0
3753	5.0
3754	4.0
3755	5.0
3783	4.0
3784	4.0
3785	5.0
3786	3.0
3793	3.0
3798	4.0
3809	4.0
3821	3.0
3824	2.0
3825	3.0
3826	4.0
3827	4.0
3831	4.0
3857	2.0
3858	3.0
3863	4.0
3864	3.0
3868	4.0
3869	3.0
3879	3.0
3882	5.0
3893	3.0
3895	2.0
3896	4.0
3897	5.0
3901	2.0
3908	1.0
3911	4.0
3916	5.0
3946	2.0
3948	5.0
3949	5.0
3950	4.5
3953	2.0
3955	2.0
3967	5.0
3968	4.0
3969	4.0
3972	3.0
3973	3.0
3977	3.0
3979	1.0
3981	3.0
3986	4.0
3987	5.0
3988	5.0
3991	4.0
3993	5.0
3994	3.0
3996	5.0
3997	2.0
3998	4.0
3999	4.0
4006	4.0
4010	4.0
4011	5.0
4015	4.0
4016	5.0
4017	5.0
4018	5.0
4019	5.0
4020	4.0
4022	5.0
4023	4.0
4025	4.0
4027	4.0
4029	4.0
4030	2.0
4031	3.0
4034	5.0
4036	4.0
4052	4.0
4054	3.0
4056	4.0
4062	4.0
4067	4.0
4068	3.0
4069	5.0
4090	4.0
4091	4.0
4132	4.0
4143	3.0
4148	4.0
4149	3.0
4153	4.0
4155	2.0
4158	3.0
4159	2.0
4161	3.0
4167	4.0
4178	5.0
4205	4.0
4207	4.0
4210	3.0
4214	5.0
4215	4.0
4223	5.0
4226	5.0
4228	4.0
4231	2.0
4232	3.0
4238	3.5
4239	5.0
4246	4.0
4247	3.0
4248	5.0
4254	1.0
4255	1.0
4265	4.0
4267	2.0
4270	3.0
4276	4.0
4299	4.0
4305	4.0
4306	5.0
4308	5.0
4310	4.0
4321	5.0
4322	5.0
4333	3.0
4340	3.0
4343	4.0
4344	4.0
4351	4.0
4361	4.0
4367	3.0
4368	4.0
4369	5.0
4370	4.0
4372	4.0
4386	4.0
4387	3.0
4388	2.0
4446	4.0
4447	4.0
4448	4.0
4450	4.0
4499	5.0
4544	3.0
4571	5.0
4638	3.0
4639	4.0
4643	3.0
4699	2.5
4700	4.0
4701	3.0
4718	3.0
4719	3.0
4720	5.0
4725	4.0
4728	4.0
4732	2.0
4734	4.0
4735	2.0
4744	3.0
4745	4.0
4756	2.0
4757	5.0
4770	4.0
4776	4.0
4812	5.0
4814	4.0
4815	4.0
4816	4.0
4821	4.0
4823	3.0
4844	4.0
4845	2.0
4848	2.0
4865	4.0
4867	4.0
4874	4.0
4876	5.0
4878	5.0
4880	5.0
4886	5.0
4887	2.5
4889	3.5
4890	4.0
4896	5.0
4899	3.0
4901	3.0
4903	3.0
4951	5.0
4958	5.0
4963	5.0
4967	5.0
4974	2.0
4975	5.0
4979	5.0
4980	4.0
4990	4.0
4992	2.0
4993	5.0
4994	4.0
4995	4.0
5010	5.0
5013	5.0
5014	5.0
5015	5.0
5025	3.0
5047	0.5
5064	2.0
5065	4.0
5066	3.0
5092	3.0
5094	2.0
5103	5.0
5106	3.0
5110	4.0
5127	4.0
5128	4.0
5171	1.0
5218	5.0
5219	4.0
5220	3.0
5254	3.0
5264	4.0
5265	3.0
5266	3.0
5267	4.0
5282	4.0
5283	2.5
5293	4.0
5294	4.0
5296	5.0
5299	5.0
5308	4.0
5309	4.0
5312	3.0
5313	3.0
5323	2.0
5325	5.0
5329	4.0
5349	2.5
5363	4.0
5364	4.0
5377	5.0
5388	4.0
5400	4.0
5414	3.0
5415	3.0
5417	2.5
5419	4.0
5421	5.0
5444	5.0
5445	5.0
5449	4.0
5459	3.0
5463	2.0
5464	5.0
5478	3.0
5480	3.0
5481	4.0
5501	1.0
5502	5.0
5505	3.0
5507	4.0
5524	5.0
5528	4.0
5530	2.0
5610	2.0
5620	5.0
5630	4.0
5666	4.0
5668	3.0
5669	4.5
5673	4.0
5679	4.0
5784	4.0
5785	4.5
5803	3.5
5804	4.5
5810	4.0
5816	5.0
5881	0.5
5900	3.0
5902	4.0
5903	4.5
5942	3.0
5945	3.5
5952	5.0
5957	4.0
5989	4.5
5991	3.0
6003	4.0
6006	4.0
6058	3.0
6059	5.0
6155	2.5
6156	3.5
6157	2.5
6187	4.0
6188	4.0
6197	2.0
6212	2.5
6213	4.0
6223	4.0
6238	4.0
6250	2.5
6263	2.5
6264	3.0
6266	3.5
6281	4.0
6287	3.5
6290	2.5
6296	3.5
6297	3.5
6303	4.0
6322	4.5
6323	4.0
6331	4.0
6333	4.5
6338	4.0
6365	3.5
6373	4.0
6377	5.0
6378	4.5
6379	3.5
6436	4.0
6482	1.5
6484	2.0
6502	5.0
6503	2.0
6534	2.0
6535	3.0
6537	4.0
6539	5.0
6541	4.0
6548	4.0
6564	2.5
6586	3.5
6587	2.5
6593	4.5
6595	4.0
6624	2.0
6636	4.0
6662	4.0
6663	4.0
6695	3.0
6707	2.0
6708	5.0
6709	4.0
6754	3.5
6764	4.0
6793	3.5
6807	4.0
6810	4.5
6820	4.5
6863	4.0
6874	4.5
6888	3.5
6936	4.0
6944	4.0
6951	1.0
6952	4.0
6979	4.0
7000	2.0
7004	4.0
7007	4.0
7036	4.0
7101	3.0
