1	4.0
2	2.0
6	5.0
7	4.0
8	3.0
9	3.0
10	4.0
11	4.0
12	3.0
14	5.0
16	5.0
18	3.0
24	3.0
25	5.0
34	4.0
36	5.0
39	4.0
42	4.0
44	3.0
47	5.0
50	5.0
62	4.0
63	4.0
66	3.0
69	4.0
70	4.0
73	3.0
74	3.0
76	3.0
86	4.0
89	4.0
95	3.0
100	3.0
104	3.0
105	3.0
107	1.0
110	5.0
111	5.0
112	4.0
135	3.0
145	4.0
147	3.0
150	5.0
153	3.0
157	3.0
158	2.0
159	5.0
160	4.0
161	4.0
163	3.0
164	4.0
165	4.0
168	4.0
170	4.0
172	1.0
173	2.0
175	5.0
177	3.0
181	1.0
185	3.0
186	2.0
188	3.0
196	4.0
198	4.0
208	4.0
216	3.0
218	3.0
224	3.0
227	3.0
230	5.0
231	3.0
235	5.0
238	3.0
250	2.0
253	3.0
256	3.0
258	2.0
259	2.0
260	5.0
261	3.0
262	3.0
273	3.0
280	4.0
282	3.0
288	5.0
292	4.0
293	4.0
296	5.0
300	4.0
303	3.0
315	1.0
316	4.0
318	5.0
327	1.0
328	2.0
329	4.0
330	1.0
332	4.0
333	3.0
337	4.0
338	3.0
340	3.0
344	2.0
349	4.0
350	4.0
351	3.0
352	4.0
353	4.0
356	5.0
358	4.0
362	3.0
365	3.0
366	3.0
367	2.0
368	3.0
371	4.0
376	3.0
377	5.0
379	2.0
380	3.0
381	3.0
382	4.0
405	2.0
410	4.0
426	3.0
431	4.0
434	2.0
435	2.0
441	4.0
442	4.0
450	3.0
454	4.0
456	5.0
457	5.0
459	3.0
464	2.0
465	5.0
466	2.0
473	1.0
479	3.0
480	5.0
484	3.0
491	3.0
500	4.0
507	3.0
508	4.0
509	5.0
512	3.0
516	3.0
519	3.0
520	4.0
524	4.0
527	5.0
529	4.0
531	3.0
532	3.0
541	5.0
543	3.0
546	1.0
552	3.0
555	4.0
558	1.0
569	3.0
587	3.0
588	4.0
589	4.0
590	5.0
592	4.0
593	5.0
605	3.0
606	2.0
608	5.0
610	3.0
611	1.0
619	2.0
628	4.0
635	4.0
647	5.0
648	4.0
653	3.0
656	3.0
662	2.0
671	3.0
688	2.0
692	2.0
695	4.0
708	4.0
719	3.0
724	3.0
733	4.0
736	3.0
737	2.0
741	4.0
742	1.0
745	4.0
748	4.0
750	5.0
778	5.0
780	4.0
781	4.0
786	3.0
788	5.0
798	3.0
799	4.0
801	3.0
802	3.0
805	4.0
808	3.0
832	4.0
836	2.0
839	1.0
842	1.0
849	2.0
858	5.0
861	3.0
879	1.0
880	3.0
891	1.0
903	5.0
908	5.0
909	5.0
912	5.0
913	5.0
919	5.0
920	5.0
923	5.0
953	5.0
954	5.0
969	5.0
996	3.0
998	3.0
1006	3.0
1019	4.0
1020	4.0
1027	4.0
1030	2.0
1034	4.0
1037	2.0
1042	4.0
1049	4.0
1054	5.0
1059	4.0
1060	4.0
1064	3.0
1073	3.0
1084	5.0
1089	5.0
1090	5.0
1093	5.0
1095	5.0
1097	5.0
1100	3.0
1103	5.0
1104	5.0
1105	1.0
1120	5.0
1127	4.0
1129	4.0
1130	1.0
1148	4.0
1183	5.0
1186	4.0
1196	5.0
1198	5.0
1200	5.0
1204	5.0
1206	5.0
1207	5.0
1208	5.0
1210	5.0
1213	5.0
1214	5.0
1215	3.0
1219	5.0
1221	5.0
1222	5.0
1225	5.0
1228	5.0
1242	5.0
1246	4.0
1247	5.0
1250	5.0
1252	5.0
1258	5.0
1263	5.0
1267	5.0
1272	5.0
1275	3.0
1278	4.0
1287	5.0
1291	4.0
1293	5.0
1302	4.0
1320	4.0
1321	5.0
1333	5.0
1339	5.0
1342	4.0
1345	3.0
1346	2.0
1347	2.0
1348	5.0
1350	4.0
1356	4.0
1357	5.0
1358	4.0
1366	3.0
1370	4.0
1372	3.0
1374	4.0
1375	3.0
1376	3.0
1377	3.0
1379	3.0
1387	5.0
1388	1.0
1389	2.0
1390	3.0
1391	2.0
1393	5.0
1396	3.0
1398	1.0
1399	4.0
1401	4.0
1407	4.0
1408	4.0
1410	3.0
1416	3.0
1425	3.0
1429	4.0
1438	3.0
1445	1.0
1457	3.0
1465	4.0
1466	5.0
1476	2.0
1479	3.0
1480	4.0
1485	3.0
1488	4.0
1495	1.0
1499	2.0
1515	3.0
1517	4.0
1518	4.0
1527	4.0
1544	4.0
1552	3.0
1556	2.0
1562	2.0
1566	4.0
1569	4.0
1573	4.0
1580	4.0
1584	4.0
1586	3.0
1587	4.0
1589	4.0
1590	4.0
1591	4.0
1597	4.0
1603	4.0
1608	4.0
1609	4.0
1610	5.0
1615	4.0
1616	4.0
1617	5.0
1619	4.0
1620	4.0
1621	5.0
1623	1.0
1625	4.0
1626	1.0
1635	5.0
1641	5.0
1644	3.0
1645	4.0
1653	5.0
1655	4.0
1658	3.0
1660	5.0
1667	2.0
1672	4.0
1673	5.0
1674	4.0
1676	4.0
1680	2.0
1682	4.0
1687	3.0
1690	3.0
1693	5.0
1704	5.0
1711	4.0
1713	2.0
1717	3.0
1721	4.0
1722	3.0
1727	3.0
1729	5.0
1730	5.0
1735	4.0
1747	5.0
1748	5.0
1752	1.0
1753	3.0
1754	4.0
1762	1.0
1769	3.0
1777	3.0
1779	3.0
1784	5.0
1792	3.0
1801	4.0
1804	2.0
1805	4.0
1806	4.0
1810	5.0
1831	3.0
1833	3.0
1836	4.0
1840	5.0
1845	4.0
1848	3.0
1858	4.0
1862	1.0
1866	4.0
1875	4.0
1876	3.0
1882	2.0
1883	5.0
1884	2.0
1885	4.0
1888	2.0
1892	4.0
1895	3.0
1909	4.0
1912	4.0
1917	3.0
1918	4.0
1920	2.0
1923	4.0
1940	4.0
1944	5.0
1945	5.0
1950	5.0
1953	5.0
1954	5.0
1955	5.0
1958	4.0
1959	4.0
1961	5.0
1967	2.0
1969	1.0
1970	3.0
1971	1.0
1972	1.0
1973	1.0
1975	1.0
1976	1.0
1977	1.0
1978	1.0
1979	1.0
1980	1.0
1981	1.0
1982	5.0
1983	1.0
1984	1.0
1985	1.0
1986	1.0
1991	3.0
1992	1.0
1993	1.0
1994	4.0
1995	1.0
1996	1.0
1997	5.0
1998	1.0
1999	3.0
2000	4.0
2001	4.0
2002	4.0
2003	4.0
2004	2.0
2005	3.0
2006	4.0
2012	3.0
2020	5.0
2022	5.0
2026	3.0
2027	2.0
2028	5.0
2046	3.0
2053	2.0
2054	2.0
2058	5.0
2059	2.0
2067	5.0
2094	2.0
2105	3.0
2107	3.0
2114	4.0
2115	4.0
2119	1.0
2121	3.0
2122	2.0
2123	3.0
2124	4.0
2126	4.0
2135	1.0
2141	4.0
2142	3.0
2143	3.0
2148	1.0
2149	1.0
2160	4.0
2161	3.0
2167	4.0
2169	2.0
2170	3.0
2193	3.0
2194	5.0
2204	4.0
2231	4.0
2236	4.0
2249	3.0
2268	4.0
2273	4.0
2275	1.0
2278	4.0
2279	1.0
2288	3.0
2289	4.0
2291	4.0
2297	3.0
2310	4.0
2314	4.0
2315	1.0
2320	4.0
2321	5.0
2322	3.0
2324	5.0
2327	2.0
2328	4.0
2329	5.0
2333	5.0
2334	5.0
2336	5.0
2338	1.0
2352	5.0
2353	4.0
2355	4.0
2366	5.0
2367	5.0
2384	4.0
2387	1.0
2389	1.0
2391	5.0
2393	3.0
2395	5.0
2396	5.0
2398	3.0
2402	2.0
2404	1.0
2409	3.0
2410	3.0
2414	3.0
2420	4.0
2427	5.0
2428	4.0
2429	3.0
2430	3.0
2431	2.0
2432	3.0
2433	5.0
2435	4.0
2443	3.0
2447	3.0
2448	1.0
2451	1.0
2455	3.0
2456	1.0
2459	5.0
2460	1.0
2485	2.0
2490	4.0
2496	3.0
2498	1.0
2501	5.0
2502	4.0
2505	3.0
2513	1.0
2514	1.0
2525	2.0
2539	4.0
2540	5.0
2542	5.0
2548	1.0
2549	1.0
2553	4.0
2560	4.0
2561	4.0
2567	4.0
2568	2.0
2570	3.0
2571	4.0
2572	4.0
2580	5.0
2587	4.0
2596	5.0
2599	5.0
2600	5.0
2605	3.0
2606	1.0
2613	1.0
2616	3.0
2617	5.0
2625	4.0
2628	3.0
2633	5.0
2640	3.0
2641	3.0
2644	5.0
2648	5.0
2662	5.0
2664	5.0
2668	4.0
2671	4.0
2672	4.0
2676	2.0
2683	3.0
2686	5.0
2688	4.0
2690	4.0
2692	4.0
2699	4.0
2700	4.0
2701	2.0
2702	5.0
2706	4.0
2707	3.0
2710	3.0
2712	5.0
2713	2.0
2716	4.0
2717	4.0
2718	3.0
2719	2.0
2722	4.0
2723	3.0
2728	5.0
2734	4.0
2739	4.0
2746	3.0
2762	5.0
2763	3.0
2770	5.0
2772	4.0
2791	5.0
2793	3.0
2803	4.0
2806	1.0
2807	1.0
2808	3.0
2815	2.0
2816	1.0
2817	1.0
2826	4.0
2827	3.0
2836	4.0
2858	5.0
2861	3.0
2879	4.0
2881	3.0
2889	3.0
2890	5.0
2901	1.0
2902	3.0
2903	1.0
2908	5.0
2944	5.0
2959	5.0
2966	5.0
2976	5.0
2986	1.0
2987	3.0
2995	1.0
2997	5.0
3005	2.0
3006	5.0
3020	4.0
3024	1.0
3030	5.0
3052	4.0
3053	3.0
3082	4.0
3095	5.0
3098	4.0
3107	4.0
3113	2.0
3125	4.0
3147	5.0
3148	5.0
3155	3.0
3156	3.0
3157	3.0
3160	5.0
3163	4.0
3168	4.0
3173	5.0
3174	4.0
3175	3.0
3176	5.0
3178	5.0
3179	4.0
3181	5.0
3185	4.0
3186	4.0
3204	5.0
3246	5.0
3247	3.0
3252	4.0
3253	4.0
3254	4.0
3255	3.0
3256	4.0
3257	2.0
3263	4.0
3264	3.0
3267	5.0
3269	3.0
3273	3.0
3285	4.0
3298	5.0
3317	5.0
3328	5.0
3359	5.0
3363	5.0
3386	5.0
3408	4.0
3435	5.0
3448	4.0
3450	4.0
3451	5.0
3471	5.0
3477	4.0
3478	4.0
3480	3.0
3481	5.0
3510	4.0
3513	4.0
3527	4.0
3535	5.0
3554	4.0
3556	5.0
3566	5.0
3578	4.0
3591	3.0
3594	3.0
3598	5.0
3660	1.0
3683	5.0
3688	3.0
3689	2.0
3693	4.0
3697	4.0
3705	1.0
3707	1.0
3708	3.0
3735	5.0
3745	4.0
3747	5.0
3753	4.0
3755	4.0
3764	2.0
3791	2.0
3802	1.0
3826	2.0
3865	4.0
3869	4.0
3871	5.0
3882	3.0
3897	5.0
3908	1.0
3915	5.0
3916	4.0
3917	1.0
3918	1.0
3919	1.0
3930	5.0
3948	4.0
3949	5.0
3952	5.0
3955	3.0
3967	5.0
3969	4.0
3973	1.0
3977	3.0
3984	4.0
3987	3.0
3993	5.0
3994	5.0
3996	5.0
3998	3.0
3999	2.0
4005	3.0
4006	1.0
4007	5.0
4008	5.0
4017	5.0
4019	5.0
4022	4.0
4023	3.0
4033	5.0
4034	5.0
4036	5.0
4047	4.0
4054	4.0
4056	4.0
4103	4.0
4105	3.0
4124	1.0
4143	1.0
4148	3.0
4207	2.0
4214	3.0
4215	2.0
4223	4.0
4238	3.0
4239	5.0
4270	4.0
4275	2.0
4310	4.0
4369	4.0
4370	5.0
5060	5.0
