1	5.0
2	3.0
3	3.0
6	3.0
11	3.0
14	2.0
16	1.0
19	1.0
21	4.0
22	3.0
24	3.0
31	3.0
34	5.0
36	2.0
44	3.0
47	5.0
48	2.0
50	5.0
52	3.0
62	5.0
73	3.0
79	2.0
89	3.0
92	3.0
100	2.0
110	5.0
111	4.0
112	5.0
118	3.0
141	4.0
147	4.0
150	5.0
157	3.0
160	3.0
162	5.0
163	4.0
165	4.0
175	4.0
188	3.0
193	4.0
194	5.0
203	2.0
205	4.0
222	3.0
223	4.0
224	4.0
230	4.0
231	4.0
233	1.0
235	5.0
246	5.0
253	2.0
256	2.0
260	5.0
262	5.0
266	3.0
267	1.0
273	2.0
277	5.0
288	1.0
296	3.0
299	1.0
300	3.0
303	4.0
316	3.0
317	4.0
318	5.0
332	3.0
337	4.0
342	5.0
344	2.0
346	3.0
349	3.0
350	3.0
351	3.0
353	5.0
354	3.0
355	2.0
356	5.0
362	4.0
364	5.0
365	2.0
367	4.0
368	4.0
370	4.0
377	4.0
380	4.0
382	4.0
383	4.0
408	3.0
410	4.0
419	2.0
428	5.0
429	4.0
431	5.0
432	3.0
435	2.0
436	2.0
442	5.0
454	2.0
455	4.0
456	5.0
457	5.0
464	2.0
466	2.0
471	3.0
474	4.0
475	4.0
477	5.0
480	3.0
481	4.0
485	3.0
491	3.0
500	4.0
502	2.0
507	3.0
508	3.0
509	3.0
520	2.0
524	5.0
527	5.0
529	5.0
531	5.0
532	2.0
533	3.0
538	4.0
539	3.0
541	4.0
551	3.0
552	3.0
553	4.0
562	5.0
575	2.0
585	5.0
586	4.0
587	5.0
588	4.0
589	4.0
590	4.0
592	4.0
593	5.0
594	5.0
595	5.0
596	5.0
599	3.0
608	3.0
610	3.0
611	2.0
616	4.0
637	2.0
653	3.0
662	3.0
671	3.0
673	3.0
688	3.0
700	5.0
709	5.0
733	3.0
736	3.0
737	5.0
743	2.0
745	5.0
750	5.0
762	2.0
765	2.0
766	4.0
780	5.0
783	4.0
788	4.0
800	4.0
818	4.0
830	2.0
832	4.0
839	2.0
848	3.0
851	3.0
858	5.0
861	4.0
880	3.0
888	1.0
898	3.0
899	4.0
903	5.0
904	5.0
905	5.0
906	5.0
908	5.0
910	4.0
912	5.0
913	5.0
917	5.0
919	5.0
920	5.0
921	5.0
922	4.0
923	4.0
924	3.0
926	4.0
928	5.0
930	5.0
931	5.0
933	4.0
934	2.0
940	5.0
942	4.0
943	4.0
944	3.0
946	4.0
947	4.0
948	4.0
949	4.0
950	5.0
953	5.0
954	5.0
955	4.0
965	5.0
968	5.0
969	5.0
973	5.0
994	3.0
1021	4.0
1022	3.0
1024	3.0
1025	3.0
1027	2.0
1029	5.0
1032	3.0
1035	5.0
1036	5.0
1037	3.0
1041	1.0
1050	5.0
1064	2.0
1073	5.0
1077	3.0
1078	3.0
1080	1.0
1081	4.0
1084	3.0
1085	5.0
1086	5.0
1088	4.0
1089	5.0
1090	4.0
1091	4.0
1093	1.0
1094	2.0
1095	3.0
1096	2.0
1097	3.0
1099	4.0
1101	2.0
1103	5.0
1104	3.0
1120	3.0
1124	3.0
1125	4.0
1129	3.0
1130	4.0
1136	3.0
1147	4.0
1148	5.0
1178	3.0
1179	3.0
1183	3.0
1184	3.0
1185	3.0
1188	5.0
1189	4.0
1193	5.0
1196	3.0
1197	5.0
1198	5.0
1199	4.0
1200	4.0
1201	5.0
1203	5.0
1204	3.0
1206	2.0
1207	5.0
1208	4.0
1209	5.0
1210	5.0
1213	5.0
1214	5.0
1215	4.0
1218	5.0
1219	5.0
1220	4.0
1221	5.0
1222	4.0
1223	5.0
1225	4.0
1226	3.0
1227	3.0
1228	5.0
1231	5.0
1233	3.0
1234	4.0
1235	4.0
1238	4.0
1240	5.0
1242	5.0
1245	4.0
1246	3.0
1247	3.0
1248	3.0
1252	4.0
1253	3.0
1256	5.0
1258	5.0
1259	5.0
1260	4.0
1261	4.0
1262	5.0
1263	4.0
1264	4.0
1266	5.0
1267	5.0
1268	3.0
1269	5.0
1270	4.0
1271	4.0
1272	4.0
1274	4.0
1275	3.0
1276	5.0
1278	5.0
1279	4.0
1282	4.0
1283	5.0
1284	5.0
1286	3.0
1287	4.0
1288	4.0
1291	5.0
1293	2.0
1297	3.0
1298	4.0
1299	3.0
1300	5.0
1302	5.0
1304	4.0
1320	2.0
1321	5.0
1327	3.0
1333	5.0
1334	3.0
1339	4.0
1340	5.0
1343	3.0
1344	5.0
1345	4.0
1347	4.0
1350	3.0
1357	5.0
1358	5.0
1359	1.0
1363	3.0
1367	2.0
1370	4.0
1371	3.0
1374	4.0
1375	3.0
1376	4.0
1377	2.0
1378	1.0
1380	4.0
1381	2.0
1387	5.0
1388	3.0
1391	4.0
1393	5.0
1394	5.0
1396	4.0
1401	3.0
1405	3.0
1407	4.0
1408	3.0
1409	3.0
1419	4.0
1429	4.0
1441	3.0
1445	1.0
1446	4.0
1453	3.0
1466	4.0
1476	4.0
1479	1.0
1480	1.0
1487	4.0
1513	5.0
1535	2.0
1544	2.0
1552	3.0
1554	1.0
1556	2.0
1566	4.0
1573	4.0
1580	2.0
1584	2.0
1587	3.0
1588	3.0
1589	3.0
1591	2.0
1594	2.0
1597	4.0
1608	5.0
1610	2.0
1614	4.0
1617	4.0
1619	2.0
1620	3.0
1633	4.0
1641	5.0
1643	5.0
1645	4.0
1665	4.0
1673	5.0
1674	4.0
1676	5.0
1682	5.0
1687	2.0
1688	3.0
1690	3.0
1694	5.0
1699	4.0
1701	1.0
1704	5.0
1707	2.0
1717	3.0
1721	4.0
1727	4.0
1729	3.0
1747	4.0
1754	5.0
1769	3.0
1772	3.0
1777	4.0
1784	5.0
1792	2.0
1794	3.0
1801	3.0
1810	5.0
1834	5.0
1836	2.0
1866	2.0
1882	2.0
1883	3.0
1888	4.0
1904	4.0
1907	5.0
1909	3.0
1911	1.0
1917	5.0
1918	4.0
1920	4.0
1921	5.0
1923	2.0
1924	5.0
1934	5.0
1938	3.0
1939	3.0
1944	3.0
1945	5.0
1946	4.0
1947	4.0
1950	3.0
1951	5.0
1952	4.0
1953	4.0
1954	5.0
1955	3.0
1956	3.0
1957	3.0
1958	5.0
1959	2.0
1960	2.0
1961	4.0
1963	4.0
1968	3.0
1969	3.0
1974	3.0
1975	1.0
1982	3.0
1991	3.0
1994	4.0
1995	1.0
1997	4.0
2000	4.0
2001	4.0
2002	4.0
2003	2.0
2004	1.0
2005	5.0
2006	3.0
2011	2.0
2012	3.0
2013	4.0
2017	1.0
2018	4.0
2019	5.0
2020	1.0
2023	4.0
2027	2.0
2028	5.0
2054	3.0
2058	4.0
2064	5.0
2065	3.0
2066	5.0
2070	4.0
2071	4.0
2076	1.0
2078	5.0
2080	4.0
2081	5.0
2082	3.0
2084	5.0
2085	3.0
2087	3.0
2088	4.0
2092	1.0
2094	4.0
2096	4.0
2097	5.0
2099	4.0
2100	3.0
2102	5.0
2105	3.0
2106	3.0
2109	5.0
2110	5.0
2111	1.0
2114	5.0
2115	5.0
2116	4.0
2117	4.0
2118	5.0
2119	1.0
2121	3.0
2122	4.0
2123	2.0
2125	4.0
2126	4.0
2133	3.0
2135	4.0
2136	4.0
2137	5.0
2138	4.0
2139	5.0
2140	4.0
2141	2.0
2143	3.0
2145	3.0
2146	1.0
2147	2.0
2150	5.0
2160	4.0
2161	5.0
2162	2.0
2163	3.0
2167	5.0
2174	3.0
2176	5.0
2178	4.0
2181	4.0
2182	5.0
2183	4.0
2184	4.0
2186	5.0
2188	3.0
2193	4.0
2194	4.0
2202	5.0
2204	4.0
2206	5.0
2208	4.0
2212	4.0
2231	3.0
2236	3.0
2240	5.0
2241	1.0
2249	4.0
2252	4.0
2253	2.0
2259	2.0
2262	1.0
2263	5.0
2266	4.0
2268	4.0
2273	4.0
2278	3.0
2282	4.0
2287	4.0
2288	2.0
2289	4.0
2291	4.0
2297	4.0
2300	5.0
2302	5.0
2310	5.0
2311	2.0
2312	3.0
2313	4.0
2315	2.0
2320	2.0
2324	5.0
2335	3.0
2336	4.0
2337	4.0
2344	4.0
2352	4.0
2353	4.0
2355	5.0
2359	5.0
2361	2.0
2363	4.0
2365	4.0
2366	5.0
2367	3.0
2369	4.0
2370	2.0
2371	3.0
2374	3.0
2375	2.0
2377	1.0
2378	3.0
2379	2.0
2380	2.0
2381	2.0
2384	3.0
2390	4.0
2394	4.0
2395	5.0
2396	4.0
2398	5.0
2401	4.0
2402	4.0
2403	4.0
2404	3.0
2405	3.0
2406	4.0
2407	5.0
2408	3.0
2409	4.0
2410	5.0
2411	3.0
2412	1.0
2413	3.0
2414	4.0
2416	4.0
2418	3.0
2420	5.0
2421	3.0
2422	2.0
2423	2.0
2427	2.0
2428	3.0
2429	3.0
2430	5.0
2431	4.0
2433	4.0
2447	3.0
2453	4.0
2454	5.0
2455	3.0
2457	3.0
2458	3.0
2459	3.0
2463	3.0
2467	4.0
2468	3.0
2469	4.0
2470	4.0
2471	3.0
2473	2.0
2474	2.0
2475	2.0
2476	3.0
2478	3.0
2485	4.0
2490	5.0
2501	5.0
2506	1.0
2513	1.0
2517	2.0
2518	3.0
2524	3.0
2529	5.0
2530	3.0
2531	4.0
2532	3.0
2533	4.0
2535	3.0
2540	4.0
2541	3.0
2542	4.0
2551	1.0
2553	5.0
2554	5.0
2571	5.0
2583	2.0
2615	3.0
2616	4.0
2617	4.0
2625	5.0
2628	5.0
2633	4.0
2639	5.0
2640	5.0
2641	4.0
2642	1.0
2643	1.0
2644	5.0
2648	5.0
2654	5.0
2657	3.0
2664	5.0
2670	5.0
2683	4.0
2687	4.0
2688	4.0
2699	3.0
2702	4.0
2706	4.0
2707	4.0
2710	3.0
2712	1.0
2716	3.0
2717	3.0
2726	5.0
2728	4.0
2734	2.0
2735	3.0
2736	3.0
2739	5.0
2745	5.0
2746	4.0
2747	3.0
2750	4.0
2752	3.0
2757	3.0
2761	5.0
2762	4.0
2763	4.0
2772	2.0
2789	1.0
2791	4.0
2792	3.0
2794	2.0
2795	3.0
2796	4.0
2797	4.0
2798	1.0
2799	1.0
2803	2.0
2804	5.0
2805	2.0
2806	4.0
2815	3.0
2816	1.0
2836	4.0
2846	4.0
2852	4.0
2857	5.0
2858	4.0
2862	3.0
2866	5.0
2867	5.0
2871	5.0
2872	4.0
2877	2.0
2879	4.0
2881	4.0
2882	1.0
2889	5.0
2890	5.0
2899	5.0
2900	3.0
2902	4.0
2903	2.0
2908	5.0
2912	3.0
2915	3.0
2916	5.0
2917	3.0
2918	4.0
2919	3.0
2921	5.0
2922	4.0
2926	5.0
2936	4.0
2942	4.0
2944	5.0
2950	2.0
2951	4.0
2953	3.0
2959	5.0
2966	5.0
2968	4.0
2985	3.0
2987	5.0
3006	3.0
3016	3.0
3017	1.0
3020	3.0
3024	2.0
3029	3.0
3033	3.0
3034	3.0
3035	4.0
3039	4.0
3040	3.0
3060	3.0
3061	2.0
3062	4.0
3070	4.0
3071	4.0
3072	5.0
3087	4.0
3088	5.0
3089	4.0
3095	3.0
3096	4.0
3098	5.0
3100	3.0
3104	5.0
3105	5.0
3107	3.0
3108	1.0
3111	4.0
3113	2.0
3129	5.0
3130	1.0
3135	3.0
3145	5.0
3146	3.0
3147	5.0
3148	5.0
3153	4.0
3159	5.0
3173	4.0
3174	4.0
3175	5.0
3176	5.0
3186	2.0
3189	4.0
3197	2.0
3198	4.0
3204	5.0
3210	4.0
3246	3.0
3247	5.0
3248	3.0
3249	2.0
3251	2.0
3252	3.0
3255	4.0
3256	3.0
3257	1.0
3258	2.0
3263	3.0
3264	4.0
3268	2.0
3269	3.0
3271	3.0
3274	4.0
3307	4.0
3308	2.0
3317	4.0
3327	5.0
3334	5.0
3358	5.0
3359	4.0
3360	5.0
3362	5.0
3363	4.0
3365	5.0
3384	5.0
3385	1.0
3386	4.0
3387	3.0
3388	1.0
3396	4.0
3408	5.0
3409	4.0
3418	2.0
3420	3.0
3429	5.0
3430	4.0
3435	4.0
3441	3.0
3448	4.0
3450	3.0
3451	2.0
3452	3.0
3461	5.0
3462	4.0
3468	3.0
3469	5.0
3471	3.0
3475	4.0
3476	3.0
3478	5.0
3479	3.0
3480	2.0
3489	5.0
3494	4.0
3498	5.0
3499	5.0
3500	3.0
3504	4.0
3508	4.0
3512	5.0
3524	4.0
3525	3.0
3526	2.0
3527	3.0
3528	3.0
3529	2.0
3534	3.0
3535	2.0
3543	4.0
3546	5.0
3548	5.0
3550	3.0
3551	5.0
3555	4.0
3556	5.0
3578	5.0
3591	3.0
3618	4.0
3624	3.0
3635	4.0
3638	3.0
3660	4.0
3671	4.0
3681	3.0
3683	5.0
3685	3.0
3689	2.0
3690	2.0
3697	2.0
3698	4.0
3699	3.0
3701	3.0
3702	4.0
3703	4.0
3704	4.0
3706	4.0
3707	3.0
3724	3.0
3730	3.0
3735	4.0
3740	3.0
3741	5.0
3745	4.0
3755	5.0
3763	5.0
3764	2.0
3766	3.0
3770	4.0
3789	1.0
3791	3.0
3793	5.0
3801	5.0
3809	1.0
3811	3.0
3821	3.0
3827	3.0
3835	3.0
3844	3.0
3861	2.0
3864	4.0
3871	5.0
3910	5.0
3949	3.0
3967	5.0
3972	5.0
3996	4.0
4016	4.0
5060	3.0
