1	5.0
2	3.0
3	3.0
5	2.0
6	4.0
7	3.0
18	3.0
19	4.0
21	3.0
22	3.0
24	3.0
31	3.0
32	3.0
34	5.0
36	3.0
39	3.0
44	3.0
45	3.0
47	4.0
50	4.0
62	3.0
70	4.0
73	4.0
88	3.0
95	3.0
101	5.0
104	4.0
105	3.0
110	5.0
111	4.0
112	3.0
122	2.0
141	3.0
150	4.0
153	3.0
160	2.0
163	2.0
165	3.0
173	3.0
180	4.0
185	3.0
186	3.0
191	3.0
193	2.0
196	4.0
198	4.0
209	3.0
216	3.0
223	5.0
231	5.0
236	2.0
239	3.0
247	3.0
248	1.0
253	4.0
255	2.0
260	5.0
275	2.0
277	3.0
288	3.0
293	5.0
296	5.0
300	4.0
316	3.0
317	4.0
318	5.0
329	4.0
333	4.5
337	4.0
344	4.0
349	4.0
353	5.0
356	5.0
357	3.0
364	5.0
367	3.0
370	2.0
372	3.0
377	3.0
378	2.0
380	5.0
415	2.0
418	4.0
420	3.0
424	3.0
429	2.5
432	3.0
434	2.5
435	1.0
436	2.0
440	3.0
442	3.0
448	3.0
450	3.0
454	3.0
457	3.0
464	2.0
466	2.0
475	2.0
479	4.0
480	5.0
485	2.0
490	4.0
493	5.0
494	3.0
500	3.0
508	3.0
517	2.0
519	1.0
520	2.0
524	3.0
527	5.0
533	2.0
539	3.0
542	3.0
543	4.0
544	2.0
550	3.0
551	3.0
552	2.0
553	4.0
555	2.0
575	2.0
585	4.0
586	5.0
587	4.0
588	3.0
589	5.0
590	5.0
592	4.5
593	5.0
594	4.5
596	4.5
597	3.0
605	3.0
608	5.0
610	2.0
611	2.0
628	3.0
648	4.0
653	4.0
663	3.0
673	3.0
707	2.0
708	3.0
719	4.0
724	3.0
733	3.0
736	1.5
737	2.0
748	3.0
750	3.5
761	2.0
778	4.0
780	1.0
784	3.0
785	4.0
786	2.0
788	3.0
818	3.0
832	4.0
837	4.0
839	1.0
858	4.5
879	2.0
886	3.0
902	3.5
904	4.0
919	5.0
923	4.0
924	5.0
953	3.0
968	3.0
991	3.0
999	4.0
1020	2.0
1027	4.0
1029	4.5
1030	3.0
1036	5.0
1042	2.0
1047	3.0
1059	3.0
1060	4.0
1073	5.0
1079	4.0
1089	4.0
1090	4.0
1091	3.0
1092	3.0
1093	3.0
1094	2.0
1097	5.0
1100	3.0
1101	5.0
1120	4.0
1124	4.0
1129	4.0
1132	3.0
1135	2.0
1193	5.0
1196	5.0
1197	5.0
1198	5.0
1200	5.0
1206	4.0
1207	5.0
1209	3.5
1210	5.0
1213	5.0
1214	5.0
1215	4.0
1219	5.0
1220	5.0
1221	4.0
1222	5.0
1228	4.0
1231	5.0
1233	4.0
1240	5.0
1242	3.0
1246	5.0
1247	3.0
1249	3.0
1250	4.0
1257	5.0
1258	5.0
1259	5.0
1261	4.0
1262	4.0
1265	4.0
1266	5.0
1270	5.0
1274	5.0
1275	3.0
1285	4.0
1291	5.0
1293	4.0
1297	4.5
1307	3.0
1320	3.0
1321	4.5
1330	2.0
1333	4.0
1339	4.0
1342	3.0
1343	4.0
1347	5.0
1350	3.0
1356	3.5
1358	5.0
1359	2.0
1370	3.0
1371	3.0
1372	3.0
1374	4.0
1375	4.0
1376	5.0
1377	3.0
1378	3.0
1380	3.0
1387	5.0
1389	2.0
1391	2.0
1393	4.0
1394	5.0
1395	4.0
1396	3.0
1407	3.0
1411	3.0
1425	2.0
1431	4.0
1461	2.0
1464	2.0
1476	4.0
1479	3.0
1485	4.0
1500	3.0
1513	3.0
1517	5.0
1518	4.0
1527	3.0
1544	2.0
1550	2.0
1552	3.0
1562	1.0
1580	4.0
1584	4.0
1587	3.0
1590	2.0
1591	2.0
1597	2.0
1608	3.0
1610	5.0
1614	3.0
1619	3.0
1639	3.0
1644	2.0
1646	2.0
1653	5.0
1663	3.0
1673	4.0
1674	4.0
1676	2.0
1681	2.0
1682	4.0
1687	3.0
1689	2.0
1690	3.0
1702	3.0
1704	4.0
1707	1.0
1713	4.0
1717	3.0
1721	4.0
1722	3.0
1732	3.0
1748	4.0
1753	1.0
1754	4.0
1769	3.0
1777	5.0
1784	5.0
1799	3.0
1805	3.0
1831	2.0
1858	2.0
1862	2.0
1873	4.0
1876	3.0
1882	1.0
1892	3.0
1894	4.0
1895	5.0
1904	3.0
1911	3.0
1916	3.0
1917	1.0
1918	2.0
1920	2.0
1921	4.0
1923	5.0
1952	3.5
1954	5.0
1955	3.5
1956	3.0
1957	2.0
1959	2.0
1961	4.0
1968	5.0
1969	3.0
1970	3.0
1971	2.0
1984	2.0
1991	3.0
1994	5.0
1995	3.0
1997	4.5
2000	3.0
2001	3.0
2002	3.0
2003	4.0
2005	4.0
2011	2.0
2012	3.0
2014	3.0
2018	4.0
2023	2.5
2026	2.0
2028	5.0
2034	3.0
2046	4.0
2052	2.0
2054	3.0
2060	3.0
2072	3.0
2087	5.0
2088	3.0
2094	4.0
2095	3.0
2100	3.0
2105	3.0
2108	3.0
2109	4.0
2110	3.5
2111	2.5
2114	3.0
2115	5.0
2119	2.0
2120	3.0
2121	3.0
2122	3.0
2124	3.0
2133	3.0
2134	5.0
2140	2.0
2143	4.0
2144	3.5
2145	3.5
2148	2.5
2161	4.0
2167	3.0
2169	3.0
2174	5.0
2183	3.0
2194	5.0
2195	2.0
2231	3.0
2240	3.0
2249	2.0
2261	4.0
2263	3.0
2265	1.0
2268	4.0
2273	3.0
2279	3.0
2282	4.0
2288	3.5
2291	3.0
2294	3.0
2297	3.0
2302	3.0
2311	4.0
2321	4.0
2324	5.0
2325	4.0
2328	3.0
2329	4.0
2335	3.0
2340	3.5
2353	3.0
2355	5.0
2359	4.0
2367	3.0
2370	3.0
2371	4.0
2372	3.0
2373	2.0
2374	3.0
2375	4.0
2376	3.0
2378	3.0
2379	2.0
2380	2.0
2381	1.0
2384	3.0
2395	3.0
2402	4.0
2403	4.0
2404	3.0
2405	3.0
2406	4.0
2407	3.0
2408	3.0
2410	4.0
2411	3.0
2413	4.0
2414	3.0
2416	4.0
2420	4.0
2421	3.0
2422	3.0
2423	5.0
2428	2.0
2450	1.0
2453	3.0
2455	3.0
2457	3.0
2458	4.0
2463	3.0
2468	3.0
2469	2.0
2470	4.0
2471	2.0
2473	2.0
2476	3.0
2478	4.0
2485	3.0
2490	4.0
2500	3.0
2501	3.0
2502	5.0
2505	3.0
2513	3.0
2514	2.0
2517	2.0
2518	4.0
2527	3.0
2529	3.5
2539	2.0
2541	3.0
2542	2.5
2558	3.0
2571	5.0
2580	4.0
2581	4.0
2583	3.0
2596	3.0
2599	3.0
2605	2.0
2606	2.0
2615	2.0
2616	2.0
2617	3.0
2628	4.5
2639	3.0
2640	5.0
2641	4.0
2642	2.0
2643	1.0
2657	2.0
2662	3.5
2668	4.0
2683	5.0
2686	4.0
2688	3.0
2693	4.0
2694	4.0
2699	3.0
2700	4.0
2701	1.0
2706	5.0
2707	3.0
2710	3.0
2716	4.0
2717	3.0
2718	4.0
2719	3.0
2722	3.0
2723	2.0
2735	3.0
2746	3.0
2748	2.0
2752	3.0
2762	4.0
2763	3.0
2770	3.0
2787	3.0
2791	5.0
2792	3.0
2793	3.0
2794	3.0
2795	4.0
2796	3.0
2797	4.0
2802	2.0
2804	4.0
2808	2.0
2815	3.0
2816	2.0
2822	3.0
2829	2.0
2836	4.0
2841	3.0
2858	5.0
2861	3.0
2867	4.0
2881	2.0
2898	3.0
2907	3.0
2915	5.0
2916	2.0
2917	3.0
2918	5.0
2942	2.0
2950	3.0
2953	3.0
2959	3.0
2968	4.0
2978	3.0
2985	4.5
2986	3.0
2987	2.0
2989	3.0
2990	3.0
2995	3.0
2997	5.0
3016	4.0
3017	4.0
3020	3.0
3029	3.0
3033	4.0
3039	3.5
3052	4.0
3070	2.0
3087	5.0
3088	4.5
3098	5.0
3104	4.0
3105	4.0
3114	3.0
3142	5.0
3146	4.0
3147	4.0
3148	4.0
3157	3.0
3160	4.0
3168	2.5
3173	3.0
3174	4.0
3175	4.0
3176	4.0
3189	1.0
3203	4.0
3210	5.0
3219	4.0
3238	1.5
3243	2.0
3249	3.0
3253	5.0
3254	3.0
3255	3.0
3256	4.0
3258	3.0
3259	3.0
3261	3.0
3263	3.0
3275	2.5
3285	3.0
3300	3.0
3301	4.0
3316	2.0
3317	4.0
3326	2.0
3355	3.0
3387	3.0
3388	2.0
3391	2.0
3394	3.0
3396	5.0
3397	3.0
3398	4.0
3408	4.0
3421	5.0
3438	2.0
3441	4.0
3448	4.0
3450	4.0
3452	2.0
3471	5.0
3476	4.0
3480	3.5
3481	4.0
3489	2.0
3499	4.0
3524	3.0
3525	3.0
3526	3.0
3527	5.0
3535	3.0
3552	5.0
3555	3.5
3578	4.0
3591	5.0
3593	1.0
3608	4.0
3617	3.0
3623	4.0
3624	3.0
3675	4.0
3693	3.0
3697	2.0
3698	3.0
3699	3.0
3701	2.0
3707	3.0
3709	2.0
3710	2.0
3740	4.0
3751	2.0
3752	2.0
3753	4.0
3755	3.0
3760	2.0
3763	4.0
3766	3.0
3784	3.0
3785	3.0
3793	4.0
3798	3.0
3826	2.0
3827	3.0
3831	4.0
3835	3.0
3852	3.0
3861	3.0
3863	5.0
3868	5.0
3869	3.0
3877	1.0
3893	3.0
3897	5.0
3909	1.0
3911	3.0
3948	5.0
3968	2.0
3977	3.0
3988	3.0
3993	4.0
3994	4.0
3996	4.0
4002	5.0
4005	3.0
4008	3.0
4015	1.0
4020	4.0
4022	4.0
4027	5.0
4039	1.0
4041	3.0
4066	2.0
4084	3.0
4085	5.0
4091	3.0
4102	3.0
4105	3.0
4121	4.0
4124	2.0
4128	4.0
4132	1.0
4133	2.0
4143	2.0
4148	3.0
4149	3.0
4207	2.0
4210	4.0
4214	2.0
4224	1.0
4226	5.0
4228	2.0
4232	3.0
4239	3.0
4246	4.0
4247	2.0
4255	2.0
4270	3.0
4280	5.0
4291	4.0
4306	5.0
4308	1.0
4317	2.0
4321	3.0
4333	2.0
4351	4.0
4368	2.0
4370	4.0
4378	3.0
4396	3.0
4447	3.0
4452	2.5
4467	2.0
4478	3.0
4483	2.0
4487	3.0
4489	2.0
4498	3.0
4499	3.0
4506	3.0
4508	3.0
4509	4.0
4526	3.0
4531	2.0
4544	2.0
4545	2.0
4553	2.0
4558	3.0
4571	4.0
4613	2.0
4616	3.0
4623	4.0
4638	2.0
4641	3.0
4643	3.0
4654	2.0
4673	3.0
4676	1.0
4677	3.0
4678	4.0
4679	5.0
4681	3.0
4701	3.0
4718	5.0
4720	4.0
4723	4.0
4728	3.0
4733	3.0
4734	4.0
4776	4.0
4812	2.0
4816	3.0
4821	3.0
4845	1.0
4846	3.0
4876	3.0
4881	2.0
4886	4.0
4890	4.0
4896	5.0
4915	2.0
4929	3.0
4936	2.0
4941	4.0
4951	3.0
4963	4.0
4973	5.0
4979	5.0
4980	2.0
4993	5.0
4995	4.0
5013	3.0
5025	3.0
5026	2.5
5027	3.0
5039	4.0
5047	3.0
5049	4.0
5055	4.0
5103	5.0
5111	2.0
5218	5.0
5219	2.5
5247	4.0
5254	3.0
5294	3.5
5299	3.0
5303	2.0
5308	2.0
5349	4.0
5377	4.0
5378	4.0
5388	4.0
5418	3.5
5419	3.0
5438	3.0
5445	4.0
5463	3.0
5464	3.5
5479	3.5
5481	4.0
5500	3.0
5502	5.0
5506	2.0
5508	3.0
5528	3.0
5540	5.0
5541	2.0
5548	3.0
5553	4.0
5568	2.0
5574	3.0
5577	4.0
5582	3.0
5620	2.0
5630	4.0
5650	4.0
5666	4.0
5669	4.5
5673	3.5
5679	4.0
5810	3.0
5816	5.0
5853	2.5
5872	2.0
5942	2.0
5945	3.5
5952	5.0
5954	3.5
5955	4.0
5989	4.0
5991	3.5
6003	4.0
6058	3.5
6059	3.0
6156	2.5
6166	3.5
6188	4.0
6250	3.0
6281	3.5
6287	4.0
6303	4.5
6333	4.0
6365	4.5
6373	2.5
6377	4.5
6482	2.0
6502	4.5
6534	3.5
6537	3.5
6538	3.0
6539	4.0
6565	4.0
6586	2.5
6615	3.0
6617	4.0
6620	2.5
6664	2.0
6711	3.5
6754	3.5
6787	4.0
6800	3.0
6863	3.5
6870	4.0
6874	4.0
6879	4.0
6880	3.5
6888	2.0
6934	4.0
6936	3.5
6942	3.5
6944	4.0
6952	2.5
6957	3.0
6979	3.5
7028	3.5
7036	2.0
7090	3.5
7102	3.0
7147	4.0
7149	4.0
7150	3.0
7153	5.0
7160	4.0
7173	3.0
7228	1.5
7293	3.5
7325	2.0
7346	2.5
7347	3.5
7360	4.0
7361	4.0
7373	2.0
7438	3.5
7439	2.5
7451	3.5
7454	3.5
7458	3.5
7481	2.5
8360	4.0
8361	3.0
8366	3.5
8368	3.5
8370	3.0
8372	2.0
8376	4.0
8464	3.0
8528	3.0
8614	3.0
8622	3.5
8636	4.0
8641	3.5
8644	4.0
8665	3.0
8690	3.5
8783	2.5
8784	4.0
8798	4.0
8810	3.5
8814	3.0
8866	2.5
8874	4.0
8947	3.0
8949	3.5
8957	3.0
8968	2.0
8970	4.0
8981	3.5
8983	3.0
8984	2.5
8985	3.0
26152	1.0
27839	2.5
30707	3.5
30793	4.0
30810	3.0
30812	3.5
30820	3.0
30825	2.5
31804	3.5
31878	3.0
32587	4.0
33004	3.0
33162	2.5
33166	4.0
33437	4.0
33493	4.0
33679	3.0
33794	4.5
33834	2.5
33836	1.5
34048	3.5
34150	3.0
34162	3.5
34319	3.0
34437	2.0
34520	2.0
35836	4.0
35957	3.5
36519	2.0
37380	2.0
37382	2.0
37384	4.0
37720	4.0
37733	4.0
38798	3.5
40581	3.0
40614	4.0
40815	4.0
41566	3.5
41569	4.0
41573	3.0
42723	2.5
42725	3.5
42738	3.5
43679	3.0
44191	4.0
45081	3.0
45186	3.5
45499	2.5
45501	3.0
45720	3.0
45722	3.5
45726	3.0
46530	4.5
46578	3.5
46970	2.5
46972	3.0
48385	4.5
48394	5.0
49272	3.0
51077	3.5
52722	3.0
54001	4.0
