1	5.0
5	3.0
10	4.0
17	4.0
19	3.5
28	4.0
29	3.5
32	4.0
34	5.0
39	4.0
44	1.0
47	4.0
50	4.5
65	0.5
69	2.0
111	4.0
147	3.5
150	4.5
153	3.5
180	4.0
181	1.5
208	3.5
231	3.0
253	3.5
260	3.5
261	3.5
293	4.5
296	4.0
300	3.0
318	5.0
337	4.0
339	3.5
342	4.0
344	4.0
351	3.5
356	4.0
357	3.5
364	5.0
367	3.5
372	2.5
374	2.5
377	3.5
455	3.5
480	3.0
500	3.5
508	4.0
527	4.0
531	3.5
539	4.0
546	3.0
558	2.0
586	3.5
587	3.0
588	5.0
589	3.5
592	4.0
593	5.0
594	4.5
596	4.0
597	3.5
605	3.0
608	4.5
616	4.0
708	3.5
724	3.5
736	3.5
745	4.0
750	4.0
778	4.5
780	3.5
782	3.0
788	3.0
830	3.0
837	3.5
838	3.5
858	4.5
903	4.0
904	5.0
909	4.5
912	4.0
919	4.0
920	3.5
924	4.0
933	4.5
1015	3.5
1025	3.5
1028	3.5
1029	4.5
1032	4.0
1033	3.5
1042	4.5
1059	4.0
1079	3.5
1080	4.0
1088	3.0
1089	4.0
1097	3.5
1135	3.0
1148	4.0
1175	4.5
1193	4.0
1196	3.0
1197	3.5
1199	4.5
1200	4.0
1202	5.0
1214	5.0
1221	4.5
1225	2.0
1240	3.5
1245	3.5
1247	4.0
1253	4.0
1258	4.0
1259	4.0
1265	4.5
1270	4.5
1276	5.0
1285	4.0
1291	3.5
1302	3.0
1307	4.0
1345	3.5
1347	3.5
1367	3.0
1377	3.5
1387	3.5
1393	4.0
1394	4.0
1407	4.0
1466	4.0
1513	3.5
1515	3.0
1542	4.0
1569	3.0
1580	3.5
1584	4.0
1590	3.5
1593	3.0
1617	3.5
1639	4.0
1641	4.0
1644	3.0
1653	3.5
1665	2.5
1676	3.5
1680	3.5
1682	4.0
1689	4.0
1704	4.0
1707	2.5
1717	3.0
1721	4.0
1722	3.5
1732	5.0
1748	3.5
1777	5.0
1779	3.5
1784	3.5
1801	3.0
1831	3.0
1876	3.0
1917	3.5
1921	4.0
1923	3.5
1961	4.0
1967	4.5
1968	4.5
1974	3.0
1994	3.5
1995	2.5
1997	3.5
2003	3.0
2006	3.5
2028	4.0
2046	4.0
2052	3.0
2053	3.0
2054	3.5
2078	4.0
2096	4.0
2100	3.5
2106	4.0
2115	3.5
2125	3.5
2134	4.0
2138	4.0
2139	4.0
2141	4.0
2142	3.5
2144	4.0
2145	4.5
2146	3.0
2161	4.0
2174	3.5
2181	3.5
2204	4.0
2231	4.0
2248	4.0
2273	3.5
2291	4.0
2316	3.0
2320	4.0
2321	4.0
2325	2.0
2329	4.5
2335	3.0
2336	4.5
2338	2.5
2376	3.5
2378	3.5
2390	3.0
2395	2.5
2396	3.5
2407	3.0
2420	3.5
2421	3.0
2422	3.0
2424	3.0
2427	4.0
2428	3.5
2447	3.0
2470	3.0
2478	5.0
2485	3.0
2496	4.0
2502	5.0
2541	3.5
2542	3.5
2571	4.0
2572	4.0
2581	3.5
2599	4.0
2617	3.0
2640	3.5
2660	3.5
2699	3.0
2701	2.0
2706	4.0
2707	4.0
2710	4.0
2716	4.5
2717	4.0
2718	3.0
2724	3.0
2739	4.0
2762	3.5
2791	4.0
2797	3.5
2858	4.0
2916	3.5
2918	3.5
2927	4.0
2947	3.5
2948	3.5
2953	3.0
2959	4.0
2985	3.0
2987	3.0
2990	3.5
2991	3.5
3008	3.5
3034	4.5
3052	4.0
3079	4.0
3081	3.5
3087	4.0
3108	3.5
3114	4.5
3146	2.0
3147	4.0
3148	3.5
3176	4.0
3186	3.0
3247	3.5
3248	3.0
3249	2.5
3253	3.5
3254	3.5
3255	3.0
3257	3.0
3258	3.5
3263	3.0
3285	3.5
3287	3.0
3301	3.0
3408	3.5
3409	3.5
3438	3.5
3471	3.0
3477	3.0
3481	3.5
3489	3.5
3499	4.0
3538	4.0
3556	4.0
3578	4.0
3633	3.5
3638	3.5
3639	3.5
3671	4.0
3717	3.0
3751	4.0
3785	2.5
3793	3.5
3844	3.5
3868	3.5
3882	3.5
3947	3.5
3948	3.5
3967	3.5
3969	3.5
3977	3.5
3979	3.5
3984	3.5
3994	3.5
4005	3.5
4007	3.5
4011	3.5
4014	3.0
4018	3.0
4020	3.5
4022	4.0
4025	3.5
4027	4.0
4034	3.5
4040	3.0
4062	3.5
4069	3.0
4085	2.0
4128	4.0
4148	3.5
4226	4.5
4246	2.5
4262	5.0
4299	3.5
4306	4.5
4343	1.5
4369	2.0
4447	3.5
4519	3.5
4544	3.5
4545	3.5
4558	3.0
4571	4.0
4621	2.5
4639	3.5
4641	4.0
4677	3.5
4679	3.5
4700	3.0
4720	3.5
4727	3.5
4728	3.0
4754	4.0
4776	2.5
4816	4.5
4823	4.0
4848	3.0
4874	4.0
4878	4.5
4886	4.5
4963	4.0
4973	4.0
4979	4.0
4993	4.0
4995	4.0
5013	3.5
5135	4.0
5171	3.5
5218	4.0
5299	3.5
5308	3.5
5309	3.0
5349	4.0
5377	4.0
5410	3.5
5418	5.0
5445	4.0
5459	3.5
5463	3.5
5478	2.5
5502	3.5
5508	5.0
5630	3.5
5673	4.0
5881	3.5
5943	2.5
5952	3.0
5969	2.5
5970	3.0
5989	4.0
5995	4.0
6016	4.5
6058	2.5
6155	3.5
6218	4.0
6323	3.0
6373	3.0
6377	5.0
6502	4.5
6534	3.0
6539	4.0
6586	2.5
6711	5.0
6863	4.0
6867	4.5
6870	4.0
6889	3.0
6893	4.0
6936	2.5
6942	3.0
6944	3.0
7004	3.5
7045	4.0
7046	3.0
7153	4.0
7155	3.5
7160	3.5
7164	3.5
7254	4.0
7293	3.0
7318	1.5
7323	4.5
7325	4.0
7360	3.0
7361	5.0
7451	4.0
7569	3.5
7570	3.5
7669	5.0
8042	4.0
8360	4.0
8361	3.0
8464	4.0
8526	3.5
8636	3.5
8641	4.0
8644	3.0
8665	4.0
8783	3.5
8784	4.0
8874	4.0
8907	3.5
8950	4.0
8951	4.0
8961	4.5
8984	3.5
27831	3.0
30793	3.5
30810	4.5
30825	3.5
32031	3.0
32587	3.5
33004	3.5
33166	3.5
33615	3.5
33794	5.0
34048	3.5
34072	4.0
34150	1.5
34405	4.5
34437	3.5
37720	3.0
37741	4.0
38038	4.0
38061	4.0
39183	3.5
40629	3.5
40819	4.0
41566	3.0
44022	3.5
44191	2.0
44555	4.0
44694	4.5
45431	3.5
45668	4.0
46530	3.5
46578	4.0
46972	3.0
46976	4.5
47610	3.5
47629	4.0
47997	4.0
48394	4.5
48774	4.5
48780	4.5
49272	4.0
49530	4.0
50872	5.0
51540	4.0
52328	3.5
52722	3.5
52973	2.0
53000	4.0
54272	3.5
54286	4.5
55052	4.5
55444	4.5
55765	3.0
55768	4.0
55814	4.5
55820	4.0
56171	3.0
56367	4.0
57669	3.5
58299	4.0
58559	4.0
59315	4.0
60069	3.5
60684	3.5
60756	4.0
63062	3.0
63072	3.5
63082	4.5
63113	3.5
63876	4.0
63992	3.0
64497	3.0
64622	4.5
64839	4.0
64957	3.5
65216	3.5
68237	5.0
68358	4.0
68954	4.5
69757	3.5
70286	4.0
70599	3.5
71518	4.0
71579	3.5
71899	5.0
72226	5.0
72720	4.0
72998	3.5
73023	4.0
74458	3.0
76251	3.5
78499	4.5
79132	4.0
79702	4.0
80463	4.0
80969	3.5
81591	4.0
81845	4.0
84601	4.0
85414	4.0
85774	4.5
86833	4.0
87306	3.5
88810	4.0
90866	4.0
91500	4.0
91529	4.5
94959	3.5
95167	4.0
96610	4.0
97752	3.0
97921	3.5
97938	4.0
102903	3.0
103042	4.0
103249	3.5
104841	4.5
106487	4.0
106916	4.0
109374	4.0
