1	4.0
2	2.0
6	3.0
10	2.0
11	3.0
15	3.0
19	1.5
21	2.0
22	3.0
32	3.0
34	4.0
36	3.5
44	1.5
48	3.0
50	4.0
95	3.5
104	2.5
110	4.0
112	2.5
141	3.0
145	3.5
150	3.5
151	2.5
153	2.5
158	2.0
160	1.5
161	3.0
165	3.5
168	2.0
172	2.5
173	1.0
185	2.0
191	2.0
196	1.5
207	2.5
208	3.0
225	1.5
231	2.0
253	3.5
260	4.0
266	2.5
282	3.0
292	2.5
293	3.5
296	5.0
315	2.0
316	3.5
318	4.5
329	2.5
338	2.5
339	2.5
342	3.5
344	2.5
345	4.0
349	2.5
356	4.0
357	3.5
361	2.5
364	4.0
367	1.5
368	3.0
377	3.0
380	2.5
393	1.5
420	2.5
434	1.5
442	2.0
454	3.0
457	3.0
466	2.5
474	3.0
480	4.0
489	2.0
500	3.5
508	3.5
520	1.0
539	2.5
541	3.5
551	3.5
552	2.5
553	3.0
585	2.0
586	1.5
587	2.5
588	3.5
589	4.0
590	3.0
592	3.0
593	4.0
595	3.0
597	3.0
608	3.5
628	3.5
648	3.0
653	3.0
733	2.5
736	1.5
778	0.5
780	2.0
783	3.0
786	2.5
788	2.0
802	2.5
839	1.5
852	3.0
858	4.0
924	2.5
991	3.0
1027	3.0
1035	3.0
1036	3.5
1047	3.0
1049	2.5
1059	3.5
1079	3.0
1080	3.5
1089	4.0
1090	4.0
1097	3.5
1101	2.0
1120	3.0
1127	3.0
1136	3.5
1196	5.0
1198	4.5
1200	4.5
1206	3.5
1208	4.0
1210	4.5
1214	4.0
1221	3.5
1222	4.0
1240	4.0
1242	4.0
1246	4.0
1249	3.5
1265	3.0
1270	3.5
1274	4.0
1275	3.0
1291	4.0
1307	2.0
1320	3.0
1339	3.0
1356	4.0
1367	2.5
1370	3.0
1371	2.5
1372	3.0
1373	3.0
1374	3.5
1375	3.5
1376	3.0
1377	3.5
1385	2.0
1391	3.5
1393	3.5
1408	3.0
1409	3.0
1485	2.5
1517	3.5
1527	5.0
1544	3.5
1552	3.0
1556	1.0
1566	3.0
1569	3.0
1573	3.0
1580	4.0
1584	4.0
1587	1.5
1589	2.0
1608	2.5
1617	4.0
1625	3.5
1639	2.5
1645	3.0
1665	2.5
1672	3.0
1673	3.0
1676	2.5
1682	3.0
1688	3.0
1690	2.5
1693	3.5
1704	3.5
1721	2.0
1722	1.5
1726	2.5
1729	3.0
1748	4.0
1792	2.5
1810	4.0
1831	2.0
1833	2.5
1876	2.5
1882	3.0
1907	3.5
1909	2.5
1917	2.0
1923	3.0
1954	3.5
1960	4.0
1962	4.0
1997	2.5
2006	1.5
2011	3.5
2012	3.0
2019	4.0
2023	3.5
2028	4.0
2081	3.0
2115	4.0
2125	2.5
2141	3.0
2150	1.0
2151	2.0
2167	2.5
2174	4.0
2194	3.5
2268	3.5
2269	2.0
2273	3.0
2278	3.0
2291	3.5
2294	3.5
2297	1.0
2329	4.0
2334	2.0
2353	2.0
2355	4.0
2359	4.0
2378	2.5
2391	3.0
2393	2.5
2394	3.0
2396	3.5
2402	1.5
2404	1.0
2406	2.5
2409	2.0
2410	2.0
2411	2.0
2412	1.0
2421	3.0
2427	1.0
2433	3.0
2468	2.5
2505	2.5
2542	4.0
2571	5.0
2598	3.0
2600	2.0
2617	3.0
2618	3.5
2628	2.0
2640	3.0
2643	2.0
2671	3.0
2683	2.5
2687	3.0
2688	3.0
2692	3.5
2700	4.0
2701	2.5
2706	2.5
2710	2.5
2716	3.5
2718	2.0
2722	2.5
2723	3.0
2735	3.0
2762	4.0
2803	2.0
2826	2.0
2858	4.0
2916	3.0
2959	4.0
2985	2.5
2987	3.5
2997	3.5
3000	4.5
3005	2.5
3039	3.5
3052	4.0
3081	3.5
3082	1.0
3107	2.5
3114	4.0
3147	2.5
3155	3.5
3156	3.0
3173	3.5
3176	3.5
3178	3.5
3186	4.0
3246	3.5
3257	2.0
3259	2.0
3300	4.0
3408	3.5
3452	2.0
3489	2.5
3513	2.0
3534	2.0
3536	2.5
3578	3.5
3593	0.5
3623	2.0
3624	3.0
3717	1.5
3745	1.5
3752	2.0
3755	2.5
3785	2.5
3793	3.5
3798	3.5
3826	2.0
3827	3.0
3889	2.0
3916	2.5
3948	3.0
3968	2.5
3977	2.0
3981	2.5
3994	3.0
3996	4.5
4011	2.5
4014	3.0
4022	3.0
4025	3.0
4055	3.5
4084	3.5
4085	3.5
4103	3.5
4223	2.0
4226	4.0
4238	3.0
4246	3.5
4270	2.5
4299	2.5
4306	4.0
4310	1.0
4326	3.0
4344	3.0
4367	1.5
4446	3.5
4499	2.0
4558	2.5
4638	2.5
4643	2.0
4701	3.0
4776	4.0
4816	3.5
4874	2.5
4878	3.0
4886	4.0
4890	3.0
4896	2.5
4963	3.5
4973	4.0
4993	4.5
5010	3.5
5066	1.0
5171	2.5
5218	3.5
5254	2.5
5266	3.5
5296	1.5
5299	3.5
5313	1.5
5349	3.5
5377	2.0
5378	3.0
5418	3.5
5420	2.0
5445	3.0
5446	3.5
5459	3.0
5463	2.5
5464	3.0
5502	2.0
5618	5.0
5630	2.5
5669	4.0
5679	4.0
5810	2.5
5816	3.0
5872	2.0
5903	3.5
5943	2.5
5944	2.5
5952	4.5
5954	2.5
5956	3.0
5970	2.0
5971	3.5
6016	3.5
6156	2.5
6157	1.5
6218	4.0
6281	3.5
6333	3.5
6350	3.0
6365	3.0
6377	4.0
6378	3.5
6385	4.0
6502	3.5
6503	2.0
6534	2.5
6539	3.0
6541	2.0
6548	3.0
6564	1.5
6618	3.0
6721	3.5
6754	3.0
6862	3.0
6863	3.5
6874	4.5
6934	3.5
6942	4.0
6947	3.0
6957	3.5
7090	4.0
7099	3.0
7143	3.5
7147	3.5
7150	1.5
7153	4.5
7163	3.0
7173	2.5
7254	3.5
7293	3.0
7318	3.0
7325	2.5
7360	3.5
7366	2.5
7367	1.0
7373	3.5
7438	4.0
7444	2.5
7454	2.5
7502	4.0
7842	3.5
8360	3.5
8361	2.5
8368	3.5
8371	3.0
8464	3.0
8526	2.0
8528	3.0
8636	4.0
8640	1.0
8641	3.0
8644	3.0
8665	3.0
8784	4.0
8798	3.0
8865	2.0
8866	3.5
8874	4.0
8961	4.0
8969	2.0
8972	2.5
8983	3.0
8984	2.0
26662	3.0
26776	4.0
27611	4.0
27660	3.0
27831	3.0
30707	3.5
30825	2.0
31184	3.5
31221	2.0
31410	4.0
31658	3.0
32031	3.0
32587	3.0
33004	2.5
33162	3.5
33493	4.0
33615	3.0
33679	3.5
33794	4.0
33834	2.5
34048	2.5
34150	2.0
34162	2.5
34405	2.5
36401	3.0
37380	2.0
38061	3.5
39183	3.0
40815	3.5
41569	3.0
42738	2.5
44665	3.0
45186	3.0
45447	1.5
45499	3.0
45517	2.5
45720	3.5
45722	3.0
45732	2.5
46578	3.5
46972	2.5
47610	3.5
48394	4.0
48516	3.5
48738	3.5
48774	3.5
48783	3.0
49272	3.5
49651	3.0
50068	3.5
50872	3.5
51084	3.5
51255	3.5
51662	2.5
51935	3.0
52245	3.0
52975	3.0
53121	2.5
53125	2.5
53464	2.0
53972	2.5
53996	3.0
54001	3.5
54259	3.5
54286	3.5
54648	2.5
55995	1.5
56152	3.5
56174	3.0
56367	2.5
56757	2.5
56775	3.0
57504	3.0
57640	4.0
58559	4.0
59315	3.5
59615	2.0
59784	4.0
60040	3.0
60069	3.5
60072	3.0
60397	3.0
60684	3.5
60937	2.0
61132	3.5
62376	3.0
63113	3.0
63859	4.0
64497	2.5
65261	2.5
65682	2.5
67197	2.5
67267	3.0
68319	2.0
68358	3.5
68791	2.5
68954	3.5
69526	2.5
69844	3.5
70336	2.5
71264	3.0
71530	3.0
71535	3.5
72378	3.5
72733	3.0
72737	3.0
72998	3.0
73017	3.0
73268	3.0
73321	3.0
74789	2.5
74795	2.5
76093	4.0
76175	2.5
76251	4.0
77561	3.5
77866	2.5
78105	2.0
78469	2.5
78499	4.0
78637	3.0
79091	3.5
79185	3.0
79293	3.0
79695	2.5
81229	3.5
81562	3.5
81564	3.5
81834	4.0
81845	4.5
81847	3.0
82461	1.0
83349	2.5
83613	2.5
84152	3.5
84944	2.5
84954	3.5
85131	3.5
85774	4.0
86332	3.0
86833	3.0
86880	2.5
86882	3.5
87222	3.5
87232	4.0
87430	2.0
87520	2.5
88125	4.0
88140	2.5
89470	3.0
89745	3.5
90746	2.5
91500	4.0
91529	4.0
91535	2.5
91542	3.0
91630	3.0
93510	3.5
94777	3.0
95167	3.5
95875	3.0
96079	3.0
96737	3.0
97913	3.5
97938	3.0
98154	4.0
98809	2.5
99149	3.0
101864	3.0
102125	3.5
102445	4.0
103042	3.5
103141	3.0
103228	3.5
103249	3.5
103253	3.0
103335	3.5
104841	4.0
104913	4.0
106002	0.5
106072	3.0
106487	4.0
106489	3.5
106696	4.0
108932	3.5
111759	4.0
112175	3.5
112852	3.5
