1	4.0
2	1.5
6	4.5
10	3.5
16	3.0
19	1.0
32	4.5
34	0.5
47	4.5
48	1.0
50	4.0
104	2.0
110	5.0
111	4.0
145	2.0
150	4.5
153	1.0
158	1.5
161	4.5
165	3.5
215	4.0
223	2.0
231	1.0
260	4.0
293	4.0
296	4.0
318	5.0
344	1.0
356	5.0
364	3.5
367	1.0
377	3.0
380	3.0
457	4.5
471	4.0
480	4.5
500	1.0
508	4.0
527	4.0
541	3.5
551	4.0
555	3.5
586	2.5
588	3.0
589	5.0
590	4.5
592	4.0
593	4.5
594	1.5
595	2.0
596	1.0
608	4.5
616	0.5
628	4.0
631	0.5
648	3.5
673	1.0
709	1.5
736	2.0
741	4.5
745	3.0
750	3.5
778	4.5
780	3.5
783	1.0
786	1.0
788	1.0
858	4.0
903	3.5
904	3.5
908	4.0
912	2.0
919	1.5
923	3.0
924	4.5
1032	1.0
1036	4.0
1073	2.0
1080	3.5
1084	3.5
1089	3.0
1090	4.0
1097	4.5
1127	4.0
1136	2.5
1148	3.5
1193	3.5
1196	4.5
1197	1.0
1198	4.5
1199	4.0
1200	4.5
1201	4.5
1203	3.0
1204	4.0
1206	4.5
1208	4.5
1209	4.0
1210	4.5
1213	5.0
1214	4.5
1219	3.5
1221	4.0
1222	4.5
1223	3.0
1228	4.0
1231	4.0
1235	4.0
1240	4.5
1242	4.0
1245	3.5
1246	4.0
1252	3.0
1253	3.5
1258	4.5
1259	5.0
1262	3.5
1263	3.0
1265	4.0
1266	4.5
1270	5.0
1274	5.0
1289	5.0
1291	4.5
1304	4.0
1320	3.0
1345	3.5
1367	1.0
1370	3.0
1385	2.5
1387	4.5
1391	3.0
1408	3.5
1485	2.0
1517	1.5
1527	2.5
1544	3.0
1566	2.0
1580	3.0
1584	5.0
1617	4.5
1619	3.5
1625	4.5
1653	4.0
1665	2.5
1672	3.5
1673	4.0
1676	3.5
1682	4.5
1702	1.0
1704	4.0
1717	2.5
1721	4.5
1722	2.5
1729	3.5
1732	4.0
1748	4.5
1882	1.0
1884	3.0
1907	2.0
1909	4.0
1912	3.5
1917	2.0
1921	3.5
1923	3.5
1954	4.0
1961	4.0
1968	4.0
1982	3.5
1994	3.5
1997	4.5
2000	4.0
2005	3.0
2010	0.5
2011	3.0
2018	1.5
2019	4.0
2028	5.0
2076	4.0
2078	1.5
2080	1.5
2081	1.5
2085	1.0
2089	1.0
2115	4.5
2123	0.5
2160	4.0
2161	3.0
2232	3.0
2268	4.5
2288	4.0
2291	3.5
2294	3.0
2324	3.5
2329	5.0
2333	3.5
2335	1.0
2355	4.0
2394	2.5
2470	2.5
2471	2.5
2502	3.5
2542	4.0
2571	5.0
2594	4.0
2617	2.0
2628	3.5
2640	3.0
2683	1.5
2692	4.5
2693	3.5
2700	5.0
2701	1.0
2706	1.5
2710	3.0
2716	2.5
2717	3.0
2729	4.0
2761	4.5
2762	5.0
2791	2.5
2810	5.0
2858	5.0
2872	2.5
2890	4.0
2908	5.0
2916	3.5
2918	4.0
2947	3.0
2948	3.5
2949	3.5
2951	4.0
2953	2.0
2959	5.0
2966	1.5
2985	2.5
2987	2.5
2989	2.0
2991	3.0
2997	5.0
3000	4.5
3052	2.0
3081	4.5
3082	2.0
3114	4.0
3147	5.0
3157	1.0
3160	5.0
3175	4.5
3273	3.0
3275	2.0
3386	4.0
3409	2.0
3429	2.0
3471	4.5
3499	4.0
3503	1.5
3504	4.5
3527	3.5
3535	5.0
3578	5.0
3623	2.5
3624	2.5
3633	2.5
3635	2.0
3646	1.0
3677	4.0
3681	4.0
3697	1.0
3698	2.5
3702	1.0
3741	4.5
3745	2.5
3751	3.0
3752	1.5
3753	4.0
3785	1.5
3793	4.0
3799	1.5
3826	1.0
3868	3.0
3897	5.0
3916	3.5
3948	3.0
3949	5.0
3967	4.0
3969	3.5
3977	1.0
3984	2.0
3986	3.0
3990	1.5
3994	4.5
3996	4.0
4011	4.5
4015	0.5
4022	4.5
4025	1.5
4027	3.0
4090	3.0
4103	3.5
4223	4.5
4226	4.5
4235	4.0
4255	0.5
4262	4.0
4270	2.0
4306	4.0
4310	2.0
4343	0.5
4367	2.0
4369	2.0
4370	4.5
4386	1.0
4388	1.0
4446	2.5
4553	3.5
4571	3.0
4638	2.0
4641	3.0
4643	3.0
4718	1.0
4720	4.0
4734	0.5
4776	4.0
4816	1.0
4848	2.5
4878	5.0
4886	4.5
4896	3.5
4963	3.0
4973	4.0
4975	2.5
4979	3.0
4993	5.0
4995	4.5
5010	4.0
5151	2.0
5218	3.0
5313	2.0
5349	4.0
5377	3.5
5378	4.0
5388	4.0
5389	4.0
5418	5.0
5420	1.0
5445	4.0
5459	1.0
5464	5.0
5481	1.5
5502	3.5
5507	3.0
5574	2.5
5608	4.5
5618	5.0
5669	4.0
5673	4.0
5679	1.5
5690	4.5
5782	1.5
5784	1.0
5785	1.0
5810	1.0
5816	3.0
5872	2.5
5902	5.0
5903	4.0
5952	5.0
5954	3.5
5956	4.0
5971	4.5
5989	4.0
5995	5.0
6016	5.0
6157	1.5
6218	2.0
6283	4.5
6286	1.5
6323	4.0
6333	4.0
6350	4.0
6365	4.5
6373	1.5
6377	4.5
6378	2.5
6383	2.0
6440	2.5
6502	4.0
6503	0.5
6534	1.5
6537	4.0
6539	3.5
6548	1.5
6564	2.0
6593	1.5
6711	3.5
6773	2.0
6807	2.5
6857	4.0
6863	3.0
6867	3.0
6870	4.5
6874	4.5
6888	0.5
6889	3.0
6934	4.0
6936	1.5
6947	4.5
6953	4.0
6987	0.5
7022	2.5
7090	5.0
7099	4.5
7143	4.0
7147	2.5
7153	5.0
7158	4.0
7164	1.5
7254	5.0
7256	4.0
7293	3.0
7318	0.5
7360	3.5
7361	5.0
7373	1.5
7387	3.5
7438	4.5
7445	4.5
7451	3.5
7454	2.0
7458	3.5
7502	5.0
7569	3.0
7827	2.0
7981	3.5
8132	4.0
8360	3.0
8361	1.0
8368	3.5
8370	3.0
8371	2.5
8376	2.5
8464	4.0
8528	2.0
8530	2.5
8533	3.5
8622	4.5
8636	4.5
8638	4.0
8641	3.0
8644	4.5
8665	5.0
8783	1.0
8784	3.5
8798	4.5
8810	2.0
8860	2.0
8874	5.0
8907	1.5
8908	2.0
8914	4.5
8950	4.5
8957	2.5
8961	4.5
8965	0.5
8970	4.5
8973	3.5
8974	3.5
8977	2.0
8983	2.0
8984	1.5
26729	4.0
26776	3.0
27592	4.5
27611	4.5
27706	2.0
27731	4.5
27773	4.5
27790	3.5
27846	4.5
27904	3.0
30707	4.5
30749	4.0
30793	2.5
30825	1.5
30894	1.0
31221	2.0
31410	4.5
31658	5.0
31878	4.0
32017	0.5
32029	2.5
32587	4.5
33085	1.5
33162	4.0
33164	0.5
33166	4.0
33171	5.0
33493	4.5
33615	2.5
33660	4.0
33679	3.0
33794	5.0
34048	3.5
34072	4.0
34150	2.0
34162	3.5
34319	3.0
34334	1.0
34405	4.0
34534	2.0
35836	4.0
36517	2.5
36519	1.0
36529	4.5
36708	3.5
37386	1.5
37731	4.0
37733	4.5
38038	3.0
38061	4.0
38886	4.0
39183	4.0
39381	4.5
39446	2.0
40278	2.5
40583	2.0
40732	3.0
40815	3.0
41285	4.0
41566	1.0
41569	4.0
41716	2.5
41997	2.5
42418	2.5
42718	3.0
43560	1.0
43936	2.5
44022	2.0
44191	4.5
44195	3.5
44199	4.0
44397	2.5
44555	2.5
44665	3.5
44761	4.0
44974	3.5
45081	1.0
45186	2.5
45210	1.5
45431	2.5
45442	2.0
45499	3.0
45517	4.5
45722	3.0
45950	4.5
46335	1.0
46530	3.0
46578	4.0
46723	4.0
46948	3.0
46965	1.0
46972	1.5
46974	2.0
46976	4.0
47099	4.0
47200	3.0
47610	4.5
47997	3.0
47999	4.5
48043	3.5
48304	5.0
48322	1.0
48385	4.0
48394	4.5
48516	4.5
48738	4.0
48774	5.0
48780	4.5
48783	3.0
48877	2.0
48982	2.0
49272	4.0
49274	1.0
49278	4.0
49530	4.5
50068	4.0
50872	4.5
51077	0.5
51255	4.5
51540	4.5
51662	4.0
51709	3.5
51931	2.0
51935	4.0
52281	2.5
52328	4.5
52458	3.0
52604	3.5
52722	3.0
52885	5.0
52973	2.5
52975	2.0
53000	4.5
53121	1.5
53125	3.0
53322	1.5
53464	2.5
53519	1.0
53550	4.0
53894	4.0
53953	3.5
53972	4.0
53993	1.0
53996	3.5
54001	3.0
54259	3.5
54272	3.5
54286	5.0
54372	4.0
54503	3.5
54736	3.0
54881	4.0
54995	1.5
54997	4.5
54999	1.0
55118	3.5
55247	4.5
55280	3.5
55290	4.0
55363	4.5
55442	4.0
55444	3.0
55577	1.0
55721	3.5
55765	4.5
55805	4.0
55820	4.5
55830	2.0
55908	5.0
56145	5.0
56152	2.5
56174	4.0
56339	4.0
56367	4.5
56587	2.5
56607	3.0
56757	3.5
56782	5.0
56788	3.0
56801	2.0
57274	2.5
57368	4.5
57504	4.0
57528	2.5
57669	4.0
58162	3.0
58295	2.0
58299	2.5
58559	5.0
58998	2.0
59126	5.0
59315	4.0
59369	4.5
59387	4.0
59615	3.0
59784	4.0
60040	4.0
60069	5.0
60072	3.0
60074	1.5
60684	4.5
60756	2.0
60766	2.0
61132	3.5
61240	5.0
61323	3.0
61729	3.0
62081	2.0
62336	5.0
62374	3.0
62511	3.5
62999	3.0
63062	4.5
63072	4.5
63082	4.5
63113	2.0
63131	3.0
63853	3.5
63859	4.5
63876	3.5
64030	1.0
64034	4.0
64575	5.0
64614	4.5
64620	3.5
64622	2.0
64716	4.5
64839	4.5
64957	4.5
64983	3.5
65216	3.5
65261	3.5
65514	4.0
66097	3.0
66934	4.0
67255	4.5
67408	2.0
67734	3.5
68157	4.0
68237	5.0
68319	2.0
68358	4.0
68791	2.0
68954	5.0
69122	4.0
69481	4.5
69526	2.0
69644	2.0
69757	4.5
69844	3.5
70286	5.0
71264	3.0
71282	3.5
71530	2.5
71535	3.0
71745	5.0
71899	4.0
72011	4.0
72226	4.0
72378	3.0
72395	2.5
72737	1.0
72998	4.5
73017	4.0
73321	2.0
73323	3.5
73344	4.5
74458	4.5
74510	3.0
74545	4.0
74789	1.5
76093	5.0
76251	4.5
77455	4.0
77561	4.0
77658	5.0
78039	4.5
78469	1.0
78499	4.0
79008	4.5
79091	2.5
79132	5.0
79293	1.5
79357	4.5
79695	1.0
79702	4.5
80463	4.5
80489	4.0
80549	4.5
80906	4.0
81229	1.5
81562	5.0
81564	3.0
81591	5.0
81782	4.0
81834	3.5
81845	4.5
81847	3.5
81932	4.5
82459	4.0
83134	4.5
84152	4.0
84392	3.5
84601	3.5
84772	4.0
84944	3.5
84954	4.5
85414	4.5
85774	3.5
86320	4.5
86332	3.5
86345	4.5
86347	4.5
86377	4.5
86833	4.0
86882	3.5
86898	5.0
87222	4.0
87232	4.0
87306	4.5
88125	4.0
88129	5.0
88140	3.0
88163	4.0
88744	4.0
88810	4.5
89470	4.5
89492	4.5
89745	4.5
89753	3.5
89774	5.0
89804	3.5
89864	4.0
89904	3.0
90746	4.0
90866	5.0
91077	4.0
91500	4.0
91529	5.0
91535	1.0
91542	4.5
91630	4.0
91658	4.0
92259	4.5
92420	4.0
92535	4.5
93510	4.0
93840	4.5
94864	4.5
94959	4.0
95167	4.0
95441	3.0
95510	3.0
96079	4.5
96610	4.5
96737	3.0
96821	5.0
97304	4.0
97306	3.5
97752	4.0
97913	3.5
97921	4.0
97923	4.5
97938	4.0
98154	3.5
98809	5.0
98961	4.0
99114	5.0
101864	3.5
102123	3.5
102125	3.5
102445	4.5
102903	3.5
103042	3.5
103141	4.0
103228	3.0
103249	3.5
103253	3.0
103335	2.5
103341	5.0
103772	3.0
104841	5.0
104879	4.0
104913	4.5
105504	4.5
105844	5.0
106002	3.0
106072	3.5
106487	4.0
106489	4.0
106696	4.0
106782	4.5
106916	4.0
106918	3.5
106920	4.5
108932	4.0
109374	4.0
109487	5.0
110102	4.0
111362	4.5
111759	4.5
112175	4.5
112183	4.5
112290	5.0
112556	4.5
112623	4.5
112852	4.5
116797	4.0
