1	3.0
2	2.5
6	5.0
10	3.5
17	4.0
19	1.5
32	4.0
34	3.0
44	2.0
47	4.0
48	3.0
70	4.0
95	3.5
110	4.0
150	3.5
153	2.5
160	3.5
161	4.5
165	4.5
185	2.0
196	3.0
208	3.0
223	2.0
231	3.0
253	3.0
256	2.0
260	4.0
288	2.0
293	4.0
296	4.5
316	3.0
318	4.5
329	3.5
344	2.5
353	3.0
356	4.5
364	4.0
367	2.0
370	4.0
377	3.5
380	4.0
434	3.0
442	3.0
455	3.0
457	3.5
466	4.0
480	5.0
500	2.5
519	3.0
520	3.5
527	5.0
541	3.0
553	4.5
555	2.0
586	3.0
588	4.0
589	5.0
592	3.5
593	4.0
648	3.5
733	4.5
736	3.0
741	4.0
780	4.0
784	2.0
786	3.5
788	2.5
903	4.0
904	4.0
924	5.0
1036	4.5
1047	2.5
1080	3.0
1089	2.0
1090	5.0
1092	3.5
1097	3.5
1101	3.5
1127	4.5
1136	4.5
1183	3.5
1196	4.5
1197	2.5
1198	4.0
1200	4.0
1206	3.0
1208	5.0
1210	4.5
1213	2.5
1214	4.5
1219	1.5
1220	3.0
1221	2.5
1222	4.0
1233	4.5
1240	3.5
1246	4.0
1258	3.0
1261	3.0
1265	3.0
1270	4.5
1274	4.0
1288	4.0
1291	4.5
1320	3.5
1339	3.0
1350	4.0
1356	4.0
1358	4.0
1367	2.5
1370	4.0
1371	3.5
1372	4.0
1373	3.5
1374	3.0
1375	3.0
1376	4.5
1387	4.0
1388	3.0
1407	1.5
1464	3.5
1466	3.5
1485	2.0
1499	1.5
1500	3.0
1517	4.0
1527	4.5
1544	4.5
1552	3.5
1556	2.5
1573	3.0
1580	3.0
1587	4.5
1590	3.5
1603	3.0
1608	3.5
1610	4.0
1617	4.0
1619	3.5
1625	4.0
1644	1.5
1645	4.5
1653	5.0
1676	3.5
1682	3.5
1690	3.0
1704	5.0
1721	4.0
1732	4.0
1748	4.0
1779	3.5
1862	2.0
1876	2.5
1882	4.0
1884	4.0
1907	3.0
1917	3.0
1921	3.5
1923	2.5
1954	4.0
1961	4.0
1974	1.5
2000	4.0
2001	4.0
2003	2.5
2004	3.5
2011	4.5
2012	4.0
2021	3.0
2028	4.0
2054	3.0
2076	3.0
2082	3.0
2115	4.0
2167	4.0
2194	3.0
2232	4.0
2268	4.5
2273	3.0
2278	4.5
2288	4.0
2291	4.0
2338	2.0
2353	4.0
2378	3.5
2384	2.0
2411	3.0
2420	3.0
2421	3.0
2427	4.0
2455	3.5
2539	3.5
2542	4.5
2571	5.0
2579	4.0
2600	1.5
2605	3.5
2617	3.0
2628	2.0
2683	4.0
2692	2.0
2700	2.0
2706	3.0
2710	3.0
2716	3.0
2717	3.0
2719	2.5
2722	3.0
2762	4.0
2788	2.0
2791	4.5
2792	4.0
2810	3.0
2858	4.0
2890	3.5
2916	3.5
2953	3.5
2959	4.5
2985	2.5
2986	3.0
3000	4.0
3052	3.5
3113	3.5
3147	4.5
3157	2.5
3178	3.0
3265	2.0
3275	4.5
3300	3.5
3409	3.0
3510	4.0
3527	4.0
3535	3.0
3578	5.0
3623	3.0
3624	4.0
3697	3.5
3698	3.5
3702	3.0
3703	4.0
3717	2.5
3751	2.5
3755	3.0
3785	2.5
3793	3.5
3826	3.5
3868	4.5
3869	4.0
3977	2.5
3986	3.5
3994	4.5
3996	4.5
4011	4.0
4015	2.5
4022	3.5
4027	2.0
4034	3.5
4085	4.0
4105	3.5
4148	3.0
4223	5.0
4226	4.0
4270	2.5
4306	2.0
4310	2.5
4344	4.0
4367	2.0
4369	1.5
4370	3.5
4388	3.0
4446	4.0
4571	2.5
4616	3.0
4638	3.5
4643	2.0
4701	3.0
4718	3.0
4776	4.0
4816	4.0
4848	3.5
4865	3.5
4874	3.0
4878	4.0
4896	2.5
4963	4.0
4967	5.0
4993	4.5
4995	4.5
5010	4.0
5047	4.5
5064	2.5
5146	3.0
5152	4.0
5218	4.5
5254	4.0
5291	3.5
5292	2.5
5313	2.5
5349	2.5
5378	3.5
5418	4.5
5420	2.0
5445	4.0
5481	4.0
5502	4.0
5541	3.5
5617	4.0
5618	4.5
5630	3.5
5669	2.5
5679	3.0
5690	3.0
5785	3.0
5816	3.5
5833	4.5
5903	4.0
5952	4.0
5971	3.0
5989	3.5
5995	4.5
6016	2.5
6281	3.5
6322	4.5
6323	3.0
6333	4.0
6350	3.5
6365	4.5
6373	2.5
6378	3.5
6383	1.0
6502	4.5
6534	2.5
6537	3.0
6539	4.0
6541	3.0
6552	4.0
6564	3.0
6567	3.5
6618	3.0
6664	4.5
6711	4.5
6754	3.0
6807	2.0
6820	4.0
6857	3.5
6862	3.5
6863	2.0
6867	4.0
6874	4.0
6888	2.0
6934	4.0
6947	4.0
6952	3.0
6953	3.5
6979	3.0
7018	3.5
7090	4.0
7099	4.0
7143	5.0
7153	4.0
7235	1.0
7254	3.5
7318	3.0
7361	4.0
7371	4.0
7373	4.0
7438	4.0
7445	4.0
7649	4.0
7827	4.5
7841	4.5
7842	4.5
7981	2.0
8360	2.0
8361	3.0
8368	4.5
8529	2.5
8530	3.0
8636	2.5
8644	4.0
8665	4.5
8783	4.0
8798	4.0
8810	3.0
8874	4.0
8914	3.5
8917	4.0
8947	4.0
8950	3.5
8957	3.0
8961	3.0
8972	4.5
8984	3.5
8985	3.0
26662	3.0
27611	3.5
27660	3.5
27728	2.5
27831	4.0
27904	4.0
30707	4.0
30825	3.0
31410	2.5
31658	4.5
31696	4.0
32587	5.0
33004	2.0
33162	2.5
33166	4.5
33437	3.5
33493	3.0
33660	4.0
33679	3.0
33794	4.5
34048	4.0
34150	2.5
34319	4.5
34323	1.0
34405	5.0
34520	2.0
36527	4.5
36529	4.0
36535	2.0
37380	4.0
37386	3.0
37727	4.0
37729	3.0
37733	3.5
38061	5.0
38886	3.0
39292	3.5
39381	4.0
40732	1.5
40815	4.0
41285	4.0
41569	4.5
41997	4.5
42738	2.0
43936	3.5
44022	3.5
44191	2.5
44195	3.5
44199	4.5
44555	4.0
44665	4.5
45186	5.0
45210	4.0
45447	4.0
45499	3.0
45722	3.5
45728	1.0
45732	2.5
46322	2.5
46578	3.0
46723	4.0
46974	2.0
46976	4.0
47044	4.0
47099	4.0
47200	1.0
47610	4.0
47644	3.0
47997	0.5
48043	4.5
48142	3.0
48304	3.0
48385	2.5
48394	4.0
48516	5.0
48738	4.5
48774	5.0
48780	4.0
48783	3.0
49272	4.5
49278	4.0
49530	4.0
49651	4.0
49822	4.0
50068	2.0
50794	4.0
50804	3.0
51080	2.0
51086	3.5
51091	2.0
51255	3.5
51412	4.0
51540	3.5
51662	4.5
51931	4.5
51935	4.5
52042	4.5
52241	3.0
52281	3.0
52328	4.0
52604	3.5
52722	2.0
52973	3.0
53000	3.5
53125	3.0
53318	3.0
53322	2.5
53519	2.0
53550	3.5
53953	3.5
53956	3.0
53972	3.0
53996	2.5
54001	3.5
54259	3.5
54286	4.5
54503	2.0
54736	4.0
54881	4.0
54995	4.0
54997	5.0
54999	3.5
55052	3.0
55118	4.0
55232	2.0
55247	3.0
55269	2.5
55276	3.5
55282	2.5
55290	3.0
55363	3.0
55765	4.5
55805	4.0
55820	3.5
55908	4.0
55995	2.0
56145	4.0
56156	2.0
56174	3.0
56251	3.0
56333	3.5
56339	2.0
56587	3.0
56607	4.5
56775	4.0
56782	4.0
56788	4.0
56801	3.5
56921	2.0
57368	3.5
57528	3.5
57640	4.0
57669	4.0
58295	4.0
58303	2.5
58559	4.0
58803	3.0
58998	3.0
59018	3.5
59315	2.0
59369	4.0
59387	4.0
59615	3.0
59784	3.0
60040	2.5
60069	4.5
60072	3.5
60074	4.0
60126	4.5
60684	5.0
61132	2.0
61240	3.0
61323	4.0
61350	2.0
62081	3.0
62374	3.5
62394	2.5
63062	2.5
63072	3.0
63082	3.0
64614	3.5
64957	3.5
64983	3.5
65216	3.0
65642	4.0
66171	4.0
66297	2.0
67197	4.0
67997	4.0
68157	4.5
68159	5.0
68237	5.0
68358	3.5
68554	3.0
68791	4.0
68848	4.0
69122	4.5
69306	2.5
69526	4.0
69844	2.0
70286	4.5
70336	3.0
70599	2.5
71530	3.5
71535	4.0
72011	4.5
72998	4.0
73017	3.5
74458	4.0
79132	4.0
