1	5.0
2	3.0
3	2.0
5	3.0
6	5.0
9	2.0
10	3.0
11	4.0
15	2.0
16	4.0
18	5.0
19	3.0
20	4.0
21	3.0
22	3.0
23	2.0
24	4.0
25	5.0
31	3.0
32	4.0
34	3.0
36	3.0
39	4.0
42	3.0
44	3.0
45	3.0
47	5.0
50	4.0
62	4.0
63	3.0
65	4.0
70	4.0
72	3.0
73	4.0
86	1.0
88	4.0
89	4.0
94	5.0
95	4.0
101	4.0
104	4.0
107	3.0
110	5.0
111	5.0
112	4.0
122	3.0
132	3.0
135	2.0
141	4.0
144	5.0
145	5.0
147	5.0
150	4.0
153	3.0
157	1.0
159	3.0
160	3.0
161	4.0
163	4.0
165	3.0
168	2.0
170	3.0
171	5.0
172	3.0
173	2.0
174	2.0
175	5.0
179	2.0
180	5.0
185	3.0
193	3.0
195	2.0
196	3.0
198	4.0
204	2.0
208	4.0
215	5.0
216	4.0
217	3.0
223	4.0
225	3.0
227	3.0
230	3.0
231	4.0
232	4.0
235	2.0
246	5.0
248	2.0
252	4.0
253	4.0
260	5.0
265	4.0
266	5.0
267	2.0
272	3.0
273	3.0
280	4.0
288	5.0
292	3.0
293	4.0
296	5.0
300	3.0
306	5.0
308	3.5
315	3.0
316	4.0
318	5.0
325	1.5
327	3.0
329	2.0
333	3.0
338	4.0
339	4.0
344	4.0
345	4.0
349	3.0
352	2.0
353	4.0
356	4.0
358	5.0
361	4.0
364	5.0
367	4.0
368	4.0
370	1.0
372	2.0
376	2.0
377	3.0
379	3.0
380	3.0
383	4.0
393	1.0
405	3.0
410	2.0
413	4.0
415	2.0
416	2.0
420	3.0
423	5.0
424	3.0
431	3.5
432	2.0
434	2.0
435	2.0
436	3.0
440	4.0
441	5.0
442	3.0
445	2.0
448	4.0
453	4.0
454	4.0
455	1.0
456	4.0
457	3.0
464	4.0
466	1.0
473	2.0
474	3.0
480	4.0
481	4.0
489	2.0
491	3.0
493	5.0
494	3.0
500	3.0
502	2.0
507	4.0
508	5.0
510	4.0
511	3.0
514	3.0
515	5.0
516	3.0
517	4.0
519	2.0
524	4.0
527	5.0
529	4.0
531	4.0
532	2.0
538	5.0
539	4.0
540	3.0
541	4.0
542	3.0
543	4.0
547	2.0
548	3.0
553	4.0
555	3.0
585	3.0
586	3.0
587	4.0
588	4.0
589	5.0
590	4.0
592	4.0
593	5.0
594	5.0
595	4.0
597	4.0
605	4.0
608	3.0
610	4.0
627	3.0
637	3.0
647	3.0
648	4.0
653	4.0
662	4.0
663	3.0
667	1.0
673	3.0
688	3.0
700	2.0
708	4.0
710	3.0
724	4.0
733	5.0
736	4.0
737	2.0
741	4.0
750	5.0
762	3.0
765	4.0
778	5.0
780	3.0
782	3.0
784	2.0
785	3.0
786	4.0
788	4.0
802	4.0
804	4.0
805	4.0
809	2.0
818	2.0
830	2.0
832	4.0
833	2.0
836	2.0
849	3.0
851	5.0
852	3.0
858	4.0
861	4.0
866	4.0
881	2.0
886	3.0
891	1.0
898	4.0
903	4.0
904	5.0
908	5.0
912	3.0
913	3.0
919	5.0
922	5.0
923	5.0
924	5.0
953	5.0
968	3.0
990	2.0
996	2.0
999	4.0
1003	3.0
1004	2.0
1005	2.0
1010	4.0
1011	3.0
1012	5.0
1013	4.0
1014	4.0
1017	3.0
1019	5.0
1020	4.0
1021	3.0
1022	4.0
1027	4.0
1028	4.0
1029	5.0
1032	4.0
1036	3.0
1037	2.0
1042	4.0
1049	2.0
1059	5.0
1060	5.0
1061	4.0
1079	4.0
1080	5.0
1088	1.0
1089	5.0
1090	5.0
1091	2.0
1092	4.0
1093	3.0
1094	3.0
1095	2.0
1097	5.0
1099	4.0
1100	5.0
1101	5.0
1113	2.0
1127	4.0
1129	3.0
1135	3.0
1136	5.0
1147	4.0
1178	4.5
1183	4.0
1193	5.0
1194	4.0
1196	5.0
1197	4.0
1198	4.0
1199	4.0
1200	4.0
1201	5.0
1203	5.0
1204	5.0
1206	5.0
1207	5.0
1208	5.0
1210	4.0
1213	5.0
1214	5.0
1215	1.0
1217	5.0
1220	5.0
1221	5.0
1222	5.0
1225	4.0
1228	3.0
1230	4.0
1231	4.0
1233	5.0
1235	4.0
1240	5.0
1245	3.5
1246	5.0
1247	3.5
1250	5.0
1251	3.5
1252	4.0
1254	4.0
1258	4.0
1259	5.0
1261	1.0
1262	5.0
1263	4.0
1265	4.0
1266	3.0
1267	5.0
1268	4.0
1270	5.0
1274	5.0
1275	5.0
1276	4.0
1278	3.0
1280	5.0
1282	5.0
1287	5.0
1288	5.0
1291	4.0
1293	5.0
1297	5.0
1299	4.0
1300	4.0
1302	5.0
1304	4.0
1307	3.0
1320	4.0
1321	4.0
1333	4.0
1339	3.0
1342	2.0
1345	4.0
1347	3.0
1348	5.0
1355	4.0
1356	3.0
1357	3.0
1358	5.0
1359	2.0
1370	3.0
1371	4.0
1372	3.0
1373	3.0
1374	3.0
1376	3.0
1377	3.0
1378	4.0
1379	4.0
1380	2.0
1382	3.0
1385	3.0
1387	3.0
1388	3.0
1391	4.0
1393	3.0
1394	3.0
1395	4.0
1396	4.0
1405	3.0
1407	5.0
1408	3.0
1409	3.0
1422	3.0
1425	4.0
1427	1.0
1429	2.0
1431	2.0
1438	2.0
1445	2.0
1454	3.5
1459	3.0
1461	3.0
1466	4.0
1468	4.0
1476	3.0
1479	4.0
1485	3.0
1488	5.0
1497	2.0
1499	2.0
1500	3.0
1513	3.0
1515	2.0
1517	5.0
1518	1.0
1526	2.0
1527	4.0
1541	3.0
1544	3.0
1550	2.0
1552	4.0
1556	2.0
1562	2.0
1569	4.0
1573	3.0
1580	4.0
1584	5.0
1586	4.0
1587	5.0
1589	2.0
1590	4.0
1591	2.0
1597	4.0
1603	3.0
1605	2.0
1608	3.0
1610	4.0
1614	4.0
1615	1.0
1616	3.0
1617	5.0
1619	3.0
1620	4.0
1623	1.5
1625	5.0
1626	2.0
1627	4.0
1635	4.0
1639	4.0
1641	3.0
1644	3.0
1645	4.0
1647	4.0
1653	4.0
1658	4.0
1665	2.0
1672	4.0
1673	4.0
1674	5.0
1676	3.0
1678	4.0
1680	4.0
1681	2.0
1682	4.0
1687	4.0
1689	2.0
1690	4.0
1694	4.0
1701	3.0
1702	4.0
1704	5.0
1707	1.0
1711	4.0
1717	4.0
1721	3.0
1722	4.0
1726	4.0
1729	5.0
1732	5.0
1735	4.0
1747	3.0
1748	4.0
1752	4.0
1754	5.0
1760	2.0
1769	4.0
1777	4.0
1779	3.0
1784	5.0
1792	1.0
1801	3.0
1805	3.0
1810	3.0
1816	3.0
1821	4.0
1831	3.0
1835	4.0
1836	4.0
1840	4.0
1855	3.0
1863	2.0
1866	5.0
1873	4.0
1876	4.0
1882	3.0
1883	4.0
1884	2.0
1892	4.0
1895	4.0
1909	3.0
1911	4.0
1912	4.5
1917	3.0
1918	3.0
1920	3.0
1921	3.5
1923	5.0
1931	4.0
1944	4.0
1950	5.0
1953	4.0
1954	4.0
1959	4.0
1960	5.0
1961	5.0
1962	4.0
1965	3.0
1967	3.0
1968	5.0
1969	2.0
1970	2.0
1971	1.0
1972	1.0
1973	1.0
1974	5.0
1975	2.0
1977	2.0
1978	1.0
1979	3.0
1980	2.0
1981	1.0
1982	3.0
1983	3.0
1985	2.0
1986	2.0
1997	4.0
2000	4.0
2001	4.0
2002	4.0
2003	4.0
2004	2.0
2005	5.0
2006	3.0
2011	3.0
2012	3.0
2014	4.0
2015	3.0
2018	4.0
2019	5.0
2020	4.0
2021	4.0
2023	3.0
2026	3.0
2028	5.0
2033	4.0
2040	4.0
2041	5.0
2042	2.0
2046	4.0
2050	3.0
2051	3.0
2052	1.0
2053	1.0
2054	3.0
2058	3.0
2072	4.0
2078	3.0
2080	5.0
2081	4.0
2082	3.0
2085	4.0
2087	5.0
2089	4.0
2094	3.0
2095	3.0
2100	4.0
2105	5.0
2107	2.0
2109	4.0
2114	5.0
2115	4.0
2119	4.0
2120	3.0
2121	4.0
2122	3.0
2123	4.0
2124	2.0
2126	3.0
2133	4.0
2134	4.0
2136	4.0
2137	5.0
2140	5.0
2141	4.0
2142	3.0
2144	4.0
2145	4.0
2146	4.0
2150	4.0
2151	4.0
2161	5.0
2162	2.0
2163	2.0
2166	1.0
2167	4.0
2169	2.0
2170	2.0
2174	3.0
2188	3.0
2193	4.0
2194	4.0
2195	2.5
2231	3.0
2232	4.0
2236	3.0
2245	3.0
2247	3.0
2248	3.5
2261	3.0
2265	2.0
2268	5.0
2269	4.0
2273	4.0
2278	5.0
2279	3.0
2289	3.0
2291	3.0
2294	5.0
2296	4.0
2297	5.0
2301	3.0
2302	4.0
2310	4.0
2316	3.0
2320	2.0
2321	1.0
2322	1.0
2324	5.0
2329	5.0
2334	2.0
2335	4.0
2336	5.0
2337	2.0
2338	3.0
2340	5.0
2344	3.0
2352	4.0
2353	3.0
2356	2.0
2359	5.0
2369	3.0
2371	4.0
2372	2.0
2375	2.0
2376	4.0
2378	4.0
2379	1.0
2380	1.0
2381	1.0
2382	1.0
2383	1.0
2385	1.0
2387	3.0
2389	2.5
2391	4.0
2393	3.0
2395	3.0
2396	5.0
2398	5.0
2402	2.0
2403	3.0
2404	2.0
2405	3.0
2406	4.0
2407	4.0
2408	3.0
2409	3.0
2410	2.0
2411	3.0
2412	4.0
2413	3.0
2416	4.0
2420	5.0
2421	3.0
2422	3.0
2423	4.0
2424	4.0
2427	4.0
2428	3.0
2431	5.0
2432	3.0
2433	1.0
2445	2.0
2447	5.0
2448	2.0
2450	3.0
2455	3.0
2456	2.0
2457	4.0
2458	3.0
2463	4.0
2468	1.0
2469	4.0
2470	4.0
2471	1.5
2474	3.0
2476	4.0
2478	4.0
2485	4.0
2490	5.0
2492	2.0
2497	4.0
2501	5.0
2502	5.0
2504	3.0
2505	3.0
2506	2.0
2513	3.0
2514	2.0
2517	4.0
2520	4.0
2521	2.0
2528	3.5
2529	5.0
2539	3.0
2540	3.0
2541	4.0
2542	5.0
2558	3.0
2560	2.0
2561	3.0
2567	3.0
2568	2.0
2571	5.0
2572	5.0
2579	4.0
2580	5.0
2581	2.0
2587	3.0
2598	2.0
2599	5.0
2600	1.0
2605	3.0
2616	3.0
2617	2.0
2618	4.0
2622	3.0
2628	2.0
2640	5.0
2641	3.0
2642	2.0
2657	2.0
2671	4.0
2676	3.0
2683	5.0
2686	5.0
2688	3.0
2690	5.0
2692	5.0
2693	4.0
2694	4.0
2699	2.0
2700	1.0
2701	3.0
2702	4.0
2706	5.0
2707	2.0
2709	3.0
2710	5.0
2712	4.0
2713	2.0
2716	4.0
2717	3.0
2718	4.0
2720	2.0
2722	4.0
2723	2.0
2724	4.0
2728	5.0
2735	4.0
2746	4.0
2752	3.0
2759	4.0
2761	5.0
2762	4.0
2763	4.0
2769	2.0
2771	2.0
2772	2.0
2774	4.0
2787	3.0
2788	3.0
2791	4.0
2792	3.0
2793	4.0
2794	4.0
2796	3.0
2797	5.0
2798	1.0
2802	4.0
2803	3.0
2805	2.0
2807	2.0
2808	3.0
2810	4.0
2815	4.0
2816	3.0
2817	2.0
2822	4.0
2826	4.0
2827	2.0
2836	5.0
2840	3.0
2841	4.0
2857	4.0
2858	5.0
2860	4.0
2861	5.0
2866	4.0
2871	5.0
2872	4.0
2875	3.0
2881	3.0
2882	4.0
2883	4.0
2888	3.0
2889	3.0
2890	5.0
2891	4.0
2899	4.0
2907	4.0
2912	5.0
2915	3.0
2916	3.0
2917	3.0
2918	5.0
2922	4.0
2942	3.0
2944	4.0
2947	4.0
2948	4.0
2949	4.0
2950	4.0
2951	4.0
2953	3.0
2959	5.0
2961	5.0
2966	4.0
2976	4.0
2985	3.0
2986	2.0
2987	4.0
2989	3.5
2990	4.0
2991	4.0
2993	4.0
2995	3.0
2997	5.0
3000	4.0
3005	2.0
3006	4.0
3007	3.0
3020	5.0
3024	3.0
3030	5.0
3033	4.0
3034	4.0
3039	4.0
3040	2.0
3051	3.0
3052	5.0
3053	3.0
3062	5.0
3071	5.0
3072	3.0
3078	4.0
3081	3.0
3082	3.0
3083	5.0
3087	3.0
3098	5.0
3100	5.0
3101	3.0
3104	4.0
3105	5.0
3107	2.0
3108	4.0
3113	3.0
3114	5.0
3115	3.0
3120	3.0
3134	3.5
3146	2.0
3147	4.0
3148	3.0
3155	3.0
3156	5.0
3157	3.0
3159	4.0
3160	5.0
3168	5.0
3173	4.0
3174	5.0
3175	2.0
3176	2.0
3177	4.0
3178	4.0
3179	3.0
3181	3.0
3185	3.0
3186	2.0
3189	5.0
3197	3.0
3203	5.0
3208	3.0
3210	5.0
3219	4.0
3225	3.0
3238	2.0
3243	3.0
3247	1.0
3249	2.0
3250	4.0
3252	5.0
3253	4.0
3254	3.0
3255	2.0
3257	2.0
3258	1.0
3259	4.0
3261	3.0
3263	4.0
3264	4.0
3267	5.0
3268	1.0
3269	3.0
3273	4.0
3275	5.0
3285	2.0
3286	2.0
3298	4.0
3300	2.0
3301	2.0
3308	2.0
3316	3.0
3317	5.0
3325	3.0
3326	2.0
3327	1.0
3328	4.0
3347	4.0
3354	3.0
3355	3.0
3359	4.0
3360	4.0
3361	4.0
3362	5.0
3388	4.0
3391	1.0
3394	3.0
3396	4.0
3397	4.0
3398	3.0
3408	3.0
3409	2.0
3418	2.0
3421	5.0
3430	3.0
3436	2.5
3438	3.0
3439	2.0
3440	2.0
3441	4.0
3444	3.0
3448	5.0
3450	3.0
3452	4.0
3461	4.0
3471	3.5
3477	4.0
3478	3.0
3479	5.0
3480	4.0
3481	4.0
3483	3.0
3484	2.0
3489	3.0
3499	4.0
3505	3.5
3507	4.0
3508	4.0
3510	3.0
3512	4.0
3513	3.0
3524	3.0
3526	4.0
3527	4.0
3528	3.0
3534	3.0
3535	5.0
3536	2.0
3552	5.0
3554	5.0
3555	3.0
3556	4.0
3566	4.0
3578	5.0
3593	2.0
3594	3.0
3608	4.0
3614	3.0
3616	5.0
3617	5.0
3618	3.0
3623	1.0
3624	4.0
3633	4.0
3635	4.0
3638	4.0
3639	4.0
3646	3.0
3649	2.0
3671	5.0
3672	4.0
3686	3.0
3688	3.0
3690	2.0
3697	2.0
3698	4.0
3699	4.0
3701	3.0
3702	5.0
3703	4.0
3704	3.0
3705	3.0
3708	2.5
3717	5.0
3723	4.0
3729	5.0
3735	3.5
3740	4.0
3744	4.0
3745	3.0
3751	5.0
3752	4.0
3753	4.0
3754	2.0
3755	3.0
3763	4.0
3764	3.0
3766	3.0
3769	5.0
3773	3.0
3783	4.0
3784	2.5
3785	4.0
3791	3.0
3793	3.5
3798	3.0
3802	3.0
3809	4.0
3821	3.0
3825	4.0
3826	1.0
3827	3.0
3835	2.0
3841	4.0
3852	3.0
3857	3.0
3861	4.0
3863	3.0
3865	2.0
3868	1.0
3869	2.0
3879	1.0
3882	4.0
3889	3.0
3893	3.0
3895	2.0
3896	4.0
3897	3.0
3901	3.0
3908	3.0
3911	4.0
3915	4.0
3916	4.0
3917	2.0
3946	3.0
3948	3.0
3949	5.0
3950	5.0
3952	3.0
3953	2.0
3955	4.0
3967	4.0
3968	1.0
3969	3.0
3972	3.0
3973	2.0
3977	4.0
3978	3.0
3979	2.0
3980	2.0
3981	1.0
3983	4.0
3984	4.0
3986	3.0
3987	3.0
3988	3.0
3992	3.5
3994	2.0
3996	5.0
3998	2.0
3999	1.0
4002	4.0
4005	4.0
4007	4.0
4008	4.0
4010	4.0
4011	5.0
4014	5.0
4015	4.0
4017	5.0
4018	3.0
4019	5.0
4020	4.0
4021	4.0
4022	4.0
4023	3.0
4025	4.0
4027	4.0
4029	4.0
4030	2.0
4031	3.0
4033	4.0
4034	5.0
4036	4.0
4039	3.0
4040	2.0
4041	3.5
4052	4.0
4054	4.0
4056	4.0
4062	4.0
4068	3.0
4069	4.0
4077	4.0
4084	4.0
4085	4.0
4091	5.0
4102	4.0
4103	4.0
4104	1.0
4105	3.0
4121	3.0
4124	2.0
4132	3.0
4133	2.0
4143	2.0
4144	5.0
4148	4.0
4149	2.0
4153	3.0
4155	2.0
4158	2.0
4159	3.0
4161	5.0
4167	3.0
4207	3.0
4210	4.0
4214	4.0
4215	3.0
4220	4.0
4223	3.0
4224	4.0
4225	5.0
4226	5.0
4228	2.0
4231	3.0
4232	4.0
4234	4.0
4235	5.0
4238	1.0
4239	3.0
4246	2.0
4247	3.0
4248	4.0
4251	3.0
4254	2.0
4255	4.0
4262	4.0
4265	3.0
4267	3.0
4270	3.0
4275	3.0
4280	3.5
4285	4.0
4299	4.0
4304	5.0
4305	4.0
4306	5.0
4308	5.0
4310	5.0
4317	2.0
4321	4.0
4326	5.0
4329	4.0
4333	4.0
4334	5.0
4340	3.0
4343	3.0
4344	3.0
4345	4.0
4351	4.0
4366	4.0
4367	3.0
4368	3.0
4369	4.0
4370	5.0
4372	4.0
4378	4.0
4380	5.0
4386	3.0
4387	3.0
4388	2.0
4396	4.0
4446	4.0
4447	4.0
4448	4.0
4450	5.0
4452	4.0
4477	2.0
4478	4.0
4480	2.0
4483	2.0
4487	4.0
4488	5.0
4489	4.0
4492	3.0
4498	4.0
4499	4.0
4502	2.0
4508	4.0
4509	3.0
4519	5.0
4531	4.0
4533	2.0
4544	3.0
4545	4.0
4558	4.0
4563	3.0
4564	4.0
4571	5.0
4572	4.0
4577	4.0
4587	2.0
4613	3.0
4616	5.0
4621	3.0
4623	4.0
4638	3.0
4639	3.0
4641	5.0
4642	4.0
4643	3.0
4649	4.0
4654	2.0
4661	4.0
4662	3.0
4673	4.0
4677	3.0
4678	2.0
4679	4.0
4681	4.0
4699	2.0
4700	3.0
4701	4.0
4718	5.0
4719	3.0
4720	4.0
4723	4.0
4725	5.0
4727	4.0
4728	3.0
4732	2.0
4734	5.0
4735	3.0
4744	3.0
4745	4.0
4748	2.0
4757	4.0
4770	3.0
4775	2.0
4776	5.0
4787	4.0
4792	2.0
4814	3.0
4815	4.0
4816	4.0
4821	3.0
4823	3.0
4844	2.0
4845	3.0
4846	5.0
4848	5.0
4855	5.0
4865	3.0
4866	4.0
4867	3.0
4873	5.0
4874	4.0
4876	3.0
4878	5.0
4880	5.0
4881	5.0
4886	4.0
4887	2.0
4889	2.0
4890	2.0
4896	4.0
4899	2.0
4901	4.0
4903	4.0
4915	4.0
4941	2.0
4951	4.0
4958	3.0
4963	4.0
4967	5.0
4971	4.0
4973	5.0
4974	2.0
4975	4.0
4976	4.0
4979	4.0
4980	3.0
4990	2.0
4993	5.0
4994	3.0
4995	3.0
5009	4.0
5010	5.0
5013	4.0
5014	4.0
5015	5.0
5025	4.0
5026	4.0
5027	4.0
5040	3.0
5049	4.0
5051	2.5
5055	4.0
5060	5.0
5064	4.0
5065	3.0
5066	4.0
5072	4.0
5081	4.0
5092	2.5
5093	3.0
5094	4.0
5102	3.0
5106	3.0
5107	4.0
5108	3.0
5110	3.0
5111	2.0
5120	4.0
5128	3.0
5135	5.0
5139	4.0
5147	4.5
5151	2.0
5152	5.0
5159	3.0
5171	2.0
5214	3.0
5218	4.0
5219	3.0
5220	2.5
5225	5.0
5247	4.0
5254	4.0
5264	3.0
5265	3.5
5266	3.0
5267	3.0
5282	2.5
5283	4.0
5291	5.0
5292	3.0
5293	3.0
5294	2.5
5296	1.0
5299	5.0
5303	4.0
5308	2.5
5309	2.0
5312	2.0
5313	3.0
5323	2.0
5349	4.0
5363	1.5
5378	4.0
5380	4.0
5387	3.0
5388	2.0
5400	4.0
5401	3.0
5414	3.0
5417	5.0
5418	4.0
5420	1.0
5445	5.0
5446	4.0
5449	3.0
5452	2.0
5459	4.0
5463	4.0
5464	5.0
5477	4.5
5478	2.5
5479	1.0
5481	3.0
5502	4.0
5504	2.0
5505	5.0
5507	4.0
5524	5.0
5528	4.0
5530	1.5
5541	2.0
5548	3.0
5572	3.5
5574	2.0
5582	2.0
5609	2.0
5611	3.5
5617	5.0
5618	4.5
5620	3.0
5650	4.0
5666	4.0
5669	5.0
5673	5.0
5679	4.0
5690	5.0
5693	4.0
5747	5.0
5784	2.0
5785	4.0
5791	4.0
5796	2.0
5803	3.0
5809	4.0
5810	2.5
5812	3.5
5816	4.0
5843	2.5
5872	4.0
5876	3.0
5878	4.5
5881	4.0
5902	5.0
5942	2.5
5943	2.5
5945	4.0
5952	5.0
5954	4.5
5955	4.0
5956	5.0
5957	3.0
5959	3.0
5969	2.0
5970	3.0
5971	2.5
5989	4.0
5991	4.0
5992	3.0
5995	3.0
6003	4.0
6006	4.0
6016	5.0
6058	2.0
6059	2.0
6155	3.0
6156	3.0
6157	3.0
6166	2.0
6170	4.0
6183	3.5
6188	5.0
6197	2.0
6212	3.5
6213	2.5
6216	4.0
6218	5.0
6223	3.5
6238	2.5
6242	3.5
6263	3.5
6264	2.5
6281	3.0
6287	3.5
6294	3.5
6297	4.0
6299	4.5
6301	3.5
6331	5.0
6333	3.5
6365	5.0
6373	3.5
6377	4.0
6378	4.0
6380	4.5
6383	2.5
6385	5.0
6484	3.0
6502	3.5
6503	3.5
6534	4.0
6537	3.0
6539	4.5
6548	4.0
6552	4.0
6564	3.0
6565	4.0
6567	4.0
6586	3.0
6595	4.0
6618	3.5
6620	5.0
6624	2.0
6636	3.5
6659	3.0
6662	4.0
6663	4.0
6664	4.0
6707	2.5
6708	4.5
6709	4.0
6711	5.0
6731	3.5
6754	3.5
6755	3.0
6764	4.0
6776	5.0
6783	4.0
6785	3.5
6796	5.0
6800	2.0
6807	5.0
6810	3.0
6820	4.0
6862	2.5
6863	4.0
6867	4.0
6870	4.0
6873	4.5
6874	4.5
6880	4.0
6888	2.0
6890	3.5
6934	5.0
6936	5.0
6944	3.5
6947	3.5
6950	3.0
6951	4.0
6952	2.5
6953	5.0
6957	4.0
6966	3.0
6974	3.5
6979	3.5
6996	3.5
7004	4.0
7007	3.5
7034	5.0
7036	3.5
7046	3.5
7076	4.0
7090	5.0
7101	3.5
7102	3.5
7137	4.0
7139	5.0
7143	3.5
7147	4.0
7150	4.0
7151	3.5
7153	4.5
7156	5.0
7158	4.0
7163	3.0
7254	3.5
7265	3.5
7285	4.0
7293	4.0
7317	3.5
7324	3.5
7325	5.0
7346	4.0
7348	2.5
7360	4.0
7361	4.5
7366	3.5
7367	3.5
7371	5.0
7373	4.0
7438	5.0
7445	4.0
7451	3.0
7454	2.0
7458	3.5
7482	4.0
8014	4.5
8132	4.0
8154	4.0
8169	3.5
8360	3.5
8361	3.5
8366	4.0
8368	4.0
8370	4.5
8376	4.5
8464	5.0
8493	3.5
8528	3.5
8529	3.5
8614	2.5
8622	4.5
8633	4.0
8636	4.5
8638	4.5
8640	3.5
8641	3.5
8644	4.0
8645	4.5
8665	3.5
8781	3.5
8783	5.0
8784	5.0
8798	4.0
8807	3.5
8810	2.5
8814	2.5
8861	3.0
8870	2.5
8873	4.0
8874	4.0
8910	4.0
8914	4.0
8937	4.0
8947	4.0
8949	4.0
8950	4.5
8957	4.0
8958	3.5
8961	3.5
8966	3.5
8970	4.5
8972	3.5
8981	3.5
8983	4.0
8984	4.0
8985	4.0
9018	5.0
26680	3.0
27706	3.5
27728	4.0
27773	4.0
27801	4.0
27808	4.0
27822	3.5
27831	4.0
27846	5.0
30707	5.0
30749	4.5
30793	4.0
30810	4.0
30822	4.0
31420	3.0
31658	4.5
31694	4.0
31696	4.0
31878	4.5
32031	3.5
32587	4.0
32596	3.0
33004	3.5
33166	4.0
33437	3.5
33493	4.0
33679	3.5
33794	4.0
33834	3.5
34162	4.0
34332	3.5
34338	4.5
34405	4.0
35836	4.0
36529	4.0
37720	3.5
38038	3.0
40278	4.5
40815	4.0
