2	3.0
3	2.0
6	3.0
10	3.0
11	2.0
12	1.0
15	1.0
16	3.0
19	1.0
21	3.0
22	2.0
23	1.0
25	2.0
32	2.0
39	1.5
44	2.0
47	4.5
48	2.0
50	4.0
54	1.0
69	1.0
70	1.0
76	2.0
86	2.0
89	2.0
92	1.0
93	1.0
95	2.0
101	3.0
104	2.0
110	5.0
111	1.0
122	2.0
135	1.0
140	2.0
141	2.0
150	2.0
151	3.0
153	1.0
158	3.0
160	1.0
161	4.0
163	1.0
165	3.0
168	2.0
169	1.0
172	2.0
173	2.0
181	1.0
193	1.0
196	3.0
198	1.5
203	1.0
204	2.0
208	1.0
223	2.5
225	3.0
230	2.0
231	1.0
236	1.0
237	2.0
248	1.0
252	2.0
253	1.0
258	2.0
260	5.0
266	1.0
267	1.0
270	1.0
276	1.0
288	1.0
292	4.0
296	3.0
303	1.0
312	1.0
316	3.0
318	5.0
329	2.0
333	2.0
344	2.0
349	3.0
350	3.0
353	1.0
355	1.0
356	4.5
357	2.0
360	1.0
364	4.5
367	2.0
368	3.0
374	1.0
377	3.0
379	3.0
380	3.0
382	1.5
393	1.0
415	2.0
420	1.0
424	2.0
428	1.5
432	2.0
433	1.0
434	3.0
435	1.0
440	2.0
442	2.0
454	4.0
457	4.5
464	2.0
466	1.0
473	0.5
474	4.5
480	3.5
485	1.0
489	1.0
490	3.0
491	2.0
494	3.0
500	3.0
504	2.0
507	2.0
508	3.0
512	4.0
517	2.0
519	1.0
520	1.0
524	3.0
527	5.0
529	3.0
532	1.0
533	1.0
539	2.0
541	2.0
542	0.5
544	1.5
546	1.0
550	0.5
551	2.0
552	1.5
553	2.0
586	2.0
587	4.0
588	4.0
589	4.0
592	2.0
593	4.0
595	4.0
597	3.0
608	3.0
628	3.0
647	3.0
648	3.0
662	1.0
667	1.0
673	3.0
710	1.0
719	2.0
725	2.0
733	2.0
736	3.0
737	1.0
748	3.0
750	4.5
762	1.0
765	1.0
780	4.0
784	2.5
785	2.0
786	3.0
798	1.0
802	4.5
804	1.0
805	3.0
810	1.0
830	2.0
849	2.0
852	2.0
858	5.0
879	2.0
880	1.0
891	1.0
902	3.5
904	4.0
908	4.5
910	2.0
912	5.0
913	4.0
916	2.5
919	2.5
922	3.5
923	2.0
932	2.0
933	3.0
951	3.0
953	5.0
969	4.0
1003	3.0
1004	2.0
1006	1.0
1007	2.0
1009	2.0
1012	3.0
1013	3.0
1014	4.0
1017	4.0
1018	2.0
1019	3.0
1020	2.0
1025	2.0
1027	4.0
1028	4.0
1030	1.0
1035	5.0
1036	4.5
1037	2.0
1042	3.0
1047	2.0
1049	1.0
1060	5.0
1061	3.0
1073	2.0
1079	3.0
1080	3.0
1082	2.0
1083	3.0
1084	3.0
1088	2.0
1089	4.0
1090	3.0
1092	2.0
1095	3.0
1097	2.0
1100	2.0
1101	4.0
1125	3.0
1127	4.0
1129	3.0
1136	3.0
1167	3.0
1179	2.0
1183	2.5
1196	5.0
1197	3.0
1198	5.0
1200	5.0
1201	2.0
1203	4.5
1204	2.0
1207	5.0
1208	4.0
1210	5.0
1212	1.0
1213	5.0
1214	2.0
1219	3.0
1220	3.0
1221	4.5
1228	3.0
1230	5.0
1233	3.5
1234	4.5
1240	3.5
1244	3.5
1247	4.0
1250	4.0
1252	3.0
1254	4.0
1259	2.5
1262	4.5
1265	3.0
1266	3.0
1269	3.0
1270	3.0
1272	3.0
1275	3.0
1276	4.5
1278	4.0
1287	4.0
1290	2.0
1291	4.5
1297	3.0
1301	2.0
1302	2.0
1304	5.0
1307	5.0
1320	1.0
1333	3.0
1334	3.0
1339	1.0
1343	2.0
1346	1.0
1347	1.0
1350	3.0
1356	4.0
1358	3.0
1359	2.0
1367	2.0
1370	4.0
1371	1.0
1372	2.0
1373	3.0
1374	3.0
1375	2.0
1376	4.0
1377	1.0
1380	3.0
1381	1.0
1385	2.0
1387	4.0
1388	1.0
1389	1.0
1390	1.0
1391	1.0
1393	4.5
1394	1.0
1395	2.0
1396	3.0
1409	1.0
1431	2.0
1442	2.0
1460	1.0
1466	3.0
1468	1.0
1485	1.0
1487	1.0
1488	2.0
1495	1.0
1499	2.0
1500	2.0
1513	1.0
1517	2.0
1518	3.0
1527	1.0
1544	2.0
1550	1.0
1552	2.0
1562	1.0
1566	3.0
1569	2.0
1573	2.0
1580	2.0
1584	2.0
1586	1.0
1590	1.0
1591	1.0
1593	2.0
1595	1.0
1597	2.0
1598	2.0
1608	2.0
1610	4.5
1615	2.0
1616	2.0
1617	3.0
1619	3.0
1620	3.5
1625	3.0
1644	1.0
1645	1.0
1653	2.5
1663	3.0
1667	1.0
1672	2.0
1673	1.0
1674	3.0
1676	2.0
1678	2.0
1682	2.0
1688	2.0
1690	3.0
1693	2.0
1704	4.0
1721	4.0
1722	2.0
1726	1.0
1727	0.5
1748	2.0
1752	1.0
1754	3.0
1772	1.0
1777	2.0
1779	3.0
1784	3.0
1792	3.0
1801	1.0
1805	2.0
1831	1.0
1833	2.0
1835	1.5
1840	2.0
1855	1.0
1862	1.0
1873	3.0
1876	2.0
1882	1.0
1883	2.0
1894	2.0
1907	4.5
1917	3.0
1918	1.0
1923	3.0
1927	2.0
1945	5.0
1947	5.0
1949	4.0
1951	3.0
1952	2.0
1953	2.0
1954	3.0
1960	2.0
1961	3.0
1963	4.0
1968	3.0
1969	1.0
1970	1.0
1971	1.0
1972	1.0
1978	1.0
1979	1.0
1980	1.0
1981	1.0
1983	1.0
1985	1.0
1986	1.0
1997	3.0
1998	1.0
2000	4.0
2001	3.0
2002	2.0
2006	3.0
2009	4.0
2011	1.0
2012	2.0
2013	2.0
2014	2.0
2015	3.0
2017	1.0
2020	3.0
2021	2.0
2023	2.0
2027	1.0
2028	4.5
2034	2.0
2038	1.0
2040	3.0
2041	2.0
2042	1.0
2043	2.0
2058	2.0
2060	1.0
2064	0.5
2071	3.0
2072	1.0
2078	3.0
2081	4.0
2085	2.0
2088	1.0
2090	2.0
2091	3.0
2094	3.0
2105	2.0
2108	2.0
2109	3.0
2110	3.0
2111	2.0
2114	3.0
2115	3.5
2116	2.0
2119	1.0
2120	2.0
2134	2.0
2141	3.0
2143	2.0
2144	2.0
2145	2.0
2146	3.0
2150	3.0
2151	3.0
2152	1.0
2154	2.0
2167	1.0
2170	1.0
2174	1.0
2181	2.0
2186	2.5
2193	3.0
2194	3.0
2236	1.0
2240	2.0
2243	3.0
2245	3.0
2249	1.0
2262	4.0
2266	2.0
2268	4.0
2278	2.5
2287	3.0
2288	4.0
2289	1.0
2294	4.0
2302	4.0
2313	1.0
2315	1.0
2318	0.5
2321	2.0
2322	2.0
2324	4.0
2329	3.5
2335	2.0
2340	1.0
2353	3.0
2355	3.0
2359	3.0
2367	2.0
2371	3.0
2373	1.0
2375	1.0
2376	3.0
2380	1.0
2381	1.0
2382	1.0
2383	1.0
2393	2.0
2394	2.0
2395	2.0
2396	2.0
2398	4.0
2402	1.0
2403	1.0
2404	1.0
2409	2.0
2410	2.0
2411	2.0
2412	1.0
2413	1.0
2414	4.0
2422	1.0
2433	2.0
2448	2.0
2450	1.0
2455	1.0
2460	1.0
2463	3.0
2467	1.5
2469	2.0
2470	4.0
2471	3.0
2473	2.0
2474	2.0
2476	3.0
2478	1.0
2490	2.0
2501	4.0
2502	2.0
2505	2.0
2524	2.0
2525	1.0
2527	2.0
2528	2.0
2529	3.0
2539	2.0
2540	2.0
2571	4.0
2599	2.0
2605	3.0
2616	1.0
2617	3.0
2628	3.0
2640	2.0
2641	3.0
2642	1.0
2643	1.0
2657	1.0
2660	4.0
2662	3.0
2664	3.0
2668	1.0
2670	3.0
2683	2.0
2699	2.0
2701	1.0
2706	0.5
2716	3.0
2717	2.0
2722	3.0
2724	1.0
2728	3.0
2734	1.0
2735	2.0
2739	2.0
2745	2.0
2746	1.0
2752	2.0
2761	3.0
2762	4.5
2763	3.0
2770	2.0
2787	1.0
2791	2.0
2794	2.0
2795	2.0
2797	2.0
2799	1.0
2802	2.0
2803	3.0
2804	2.0
2805	2.0
2807	1.0
2808	2.0
2815	1.0
2819	3.0
2826	3.5
2858	1.0
2870	4.0
2871	2.0
2881	1.0
2890	4.0
2903	1.0
2906	1.0
2915	2.0
2916	4.0
2918	4.0
2941	3.0
2944	3.0
2947	4.0
2948	4.0
2949	4.0
2959	3.0
2973	3.5
2978	1.0
2985	1.0
2986	1.0
2987	3.0
2989	3.0
2990	2.0
2991	2.0
2993	3.0
2997	0.5
3005	2.0
3006	3.0
3015	4.0
3020	2.0
3024	1.0
3032	3.0
3033	1.0
3034	2.0
3035	4.0
3039	3.0
3040	2.0
3063	1.0
3068	3.0
3072	1.0
3081	1.0
3082	2.0
3087	2.0
3095	4.0
3098	2.0
3100	1.5
3101	2.0
3102	2.0
3104	3.0
3107	3.0
3113	2.0
3114	4.5
3135	3.5
3147	3.0
3148	3.5
3160	1.0
3173	1.5
3185	3.0
3196	4.0
3197	3.0
3198	2.5
3203	2.0
3204	2.0
3210	2.0
3219	2.0
3243	2.0
3248	1.0
3249	2.0
3252	2.0
3253	4.0
3254	3.0
3255	2.0
3256	3.0
3257	3.0
3258	1.0
3259	2.0
3261	4.0
3268	1.0
3298	3.5
3300	3.0
3301	1.0
3308	2.0
3316	1.0
3334	4.0
3354	1.0
3355	1.0
3361	3.0
3363	2.0
3364	2.0
3385	0.5
3392	1.0
3394	2.0
3396	3.0
3408	3.0
3418	2.0
3421	4.0
3435	4.5
3441	2.0
3448	2.0
3450	4.0
3466	3.0
3468	3.0
3471	2.0
3481	4.0
3484	1.0
3489	1.0
3499	3.0
3501	3.0
3504	3.0
3505	3.0
3507	3.0
3510	3.0
3513	2.0
3515	2.0
3525	1.0
3526	4.5
3527	4.0
3528	1.0
3536	3.0
3546	3.0
3555	3.0
3564	1.0
3578	2.0
3591	2.0
3593	1.0
3614	2.0
3623	1.0
3624	2.0
3633	2.0
3635	4.0
3638	3.5
3639	2.0
3671	4.0
3675	4.5
3682	3.0
3689	1.0
3690	1.0
3697	3.0
3698	3.0
3701	3.0
3702	3.0
3703	3.0
3704	2.0
3705	2.0
3729	2.0
3733	4.0
3744	3.0
3751	3.0
3752	3.0
3753	3.0
3755	2.0
3763	3.0
3783	3.0
3791	1.0
3793	3.0
3799	1.0
3802	2.0
3809	3.0
3826	1.0
3836	4.0
3841	2.0
3863	1.0
3868	2.0
3871	3.0
3897	2.0
3901	1.0
3916	4.0
3928	3.0
3948	4.0
3950	3.5
3952	3.0
3980	2.0
3981	2.0
3983	2.0
3984	3.0
3986	2.0
3994	3.0
3996	2.0
4002	3.0
4003	3.0
4007	5.0
4008	2.0
4010	1.0
4011	3.0
4014	3.0
4016	4.0
4018	2.0
4019	3.0
4022	3.0
4025	3.0
4030	1.5
4034	4.0
4041	2.0
4052	1.5
4054	3.0
4056	1.5
4062	2.0
4066	2.0
4085	3.0
4103	2.0
4124	1.0
4128	3.0
4132	1.0
4148	3.0
4149	1.5
4161	1.0
4191	3.5
4207	2.0
4210	4.0
4220	2.0
4223	3.0
4226	3.5
4239	2.0
4246	3.0
4262	4.0
4265	1.0
4270	2.0
4299	2.0
4304	4.0
4306	4.0
4317	1.0
4321	2.0
4351	2.0
4361	3.0
4366	2.0
4367	1.0
4369	2.0
4370	2.0
4378	3.0
4388	1.0
4396	2.0
4443	2.0
4446	2.0
4447	2.0
4452	1.0
4465	2.0
4474	2.0
4478	2.0
4480	2.0
4487	3.0
4488	2.0
4489	2.0
4499	4.0
4506	2.0
4526	1.0
4531	2.0
4535	4.0
4544	1.0
4553	2.0
4558	2.0
4571	3.0
4572	2.0
4577	2.0
4587	1.0
4623	3.0
4638	2.0
4643	2.0
4654	2.0
4661	3.0
4662	1.0
4673	3.0
4676	1.0
4677	2.0
4681	1.0
4686	1.0
4703	2.0
4727	1.0
4735	1.0
4776	3.5
4799	3.0
4802	3.0
4816	2.0
4835	3.0
4855	4.0
4865	1.5
4866	2.0
4886	3.0
4896	3.0
4901	3.0
4941	1.0
4958	4.0
4963	3.0
4973	2.0
4975	3.0
4993	4.5
4995	2.0
5008	4.0
5010	3.0
5027	1.0
5049	2.0
5064	3.0
5065	1.0
5102	1.0
5107	2.0
5128	0.5
5139	2.0
5152	3.0
5171	2.0
5247	1.0
5254	1.5
5266	1.5
5292	3.0
5293	2.0
5294	3.0
5299	3.0
5303	1.0
5308	1.0
5309	1.0
5349	2.0
5364	1.5
5377	5.0
5378	2.0
5388	2.0
5400	2.0
5418	2.5
5445	3.0
5463	3.0
5464	2.0
5502	1.0
5524	1.0
5540	1.0
5541	1.0
5553	3.0
5574	2.0
5582	1.0
5611	1.0
5620	1.0
5669	0.5
5785	1.0
5816	1.5
5872	2.0
5876	2.0
5881	1.0
5900	1.0
5941	2.5
5943	2.0
5952	4.5
5956	1.0
5959	2.5
5989	3.0
5995	3.0
6059	2.5
6155	2.5
6156	1.5
6157	1.0
6170	4.0
6183	3.5
6188	2.5
6213	0.5
6238	1.0
6264	3.0
6287	1.5
6297	3.0
6303	2.0
6305	1.5
6333	1.5
6365	2.0
6377	3.5
6502	2.5
6534	0.5
6537	2.5
6539	3.0
6541	1.5
6565	3.5
6753	4.0
6754	1.5
6765	1.0
6807	1.5
6810	1.5
6863	3.0
6870	2.0
6874	2.5
6934	0.5
6942	2.0
6947	4.0
6950	0.5
7001	2.0
7076	2.5
7084	2.0
7139	1.0
7143	2.0
7149	2.5
7153	4.0
7163	2.0
7173	1.5
7247	2.0
7255	2.5
7318	4.5
7324	2.0
7325	2.5
7347	1.5
7373	3.0
7376	3.0
7386	3.5
7438	1.5
7439	1.0
7445	3.0
7454	1.0
7458	2.5
7570	3.5
8207	3.0
8360	3.0
8361	1.0
8371	3.0
8528	1.0
8622	0.5
8644	2.5
8665	2.5
8783	3.5
8810	1.5
8949	3.5
8961	3.0
8972	3.0
8985	1.5
27822	1.5
30816	3.5
30822	2.5
30825	0.5
30898	1.5
31685	4.0
31696	2.0
32587	1.5
32596	2.5
33162	2.0
33493	3.0
33646	1.0
33679	2.5
33794	2.0
34150	2.5
34162	1.5
34332	4.0
35836	0.5
37380	0.5
37733	2.5
40614	1.5
41566	2.5
41569	2.5
41997	2.0
43928	0.5
44191	2.5
44665	2.5
45186	2.5
45442	2.0
45950	0.5
47099	2.5
47200	2.0
47644	3.0
48774	0.5
49272	4.0
51084	3.0
51662	1.0
53129	3.0
53894	0.5
53996	3.0
54286	3.5
55118	2.5
56174	3.5
