1	5.0
2	3.5
5	4.0
6	4.0
10	4.0
11	4.0
12	3.0
13	3.5
19	3.5
21	3.0
29	5.0
32	5.0
34	4.0
39	4.0
44	2.0
47	4.0
48	3.0
50	4.0
60	2.5
89	3.5
101	4.0
104	3.5
107	5.0
110	4.0
111	5.0
112	3.5
126	1.5
135	3.0
150	4.5
153	3.0
158	3.5
161	3.5
163	2.5
165	4.5
168	3.0
169	2.0
173	4.5
180	3.5
208	4.0
216	4.5
223	4.0
224	3.0
231	4.0
235	4.0
256	2.5
258	2.5
260	5.0
273	3.0
288	3.5
293	4.5
296	5.0
303	3.5
316	3.5
317	3.0
318	3.5
329	4.0
333	3.0
337	3.0
344	3.5
349	3.5
355	1.5
356	4.5
364	4.5
367	2.0
368	3.5
374	2.0
379	4.5
413	3.5
420	3.5
421	2.5
431	5.0
435	4.5
441	5.0
442	5.0
455	3.0
457	5.0
466	3.0
480	4.0
485	4.0
500	3.5
502	3.0
508	4.5
520	3.5
524	3.0
527	3.5
529	4.0
531	3.5
533	3.5
539	4.0
541	5.0
543	3.5
546	4.0
551	4.5
552	3.5
553	4.0
555	4.0
558	3.5
586	3.5
587	3.0
588	4.0
589	4.0
590	4.5
592	4.0
594	3.0
595	3.5
596	4.0
599	4.0
608	5.0
616	3.5
648	5.0
653	3.5
661	4.0
662	4.0
671	4.0
673	4.0
688	2.5
720	3.5
733	4.5
736	4.0
741	4.5
745	4.0
750	3.5
778	5.0
780	3.5
783	4.5
784	3.0
788	2.5
799	4.0
808	3.0
810	2.5
837	4.0
852	3.0
858	5.0
861	4.0
899	5.0
901	3.0
908	5.0
910	2.5
911	5.0
912	5.0
914	3.5
916	4.0
919	4.5
923	5.0
924	5.0
938	3.0
940	3.5
953	3.5
1005	3.0
1008	4.5
1012	3.5
1013	2.5
1017	4.0
1019	5.0
1020	3.5
1021	3.0
1022	3.0
1025	4.0
1027	4.0
1028	4.0
1029	3.5
1031	4.0
1032	5.0
1033	3.5
1036	5.0
1037	3.0
1042	4.5
1049	4.0
1059	3.5
1073	3.5
1077	3.5
1078	4.0
1079	4.0
1080	4.0
1088	3.0
1089	4.0
1090	3.5
1093	2.5
1097	3.5
1101	3.5
1125	4.0
1126	4.5
1127	4.0
1129	4.0
1136	5.0
1148	3.5
1172	4.5
1186	4.5
1193	5.0
1194	5.0
1196	5.0
1197	5.0
1198	5.0
1199	5.0
1200	3.5
1201	5.0
1203	5.0
1204	5.0
1206	5.0
1207	5.0
1208	5.0
1209	4.0
1210	5.0
1212	5.0
1213	3.5
1214	4.0
1215	3.5
1218	4.0
1220	5.0
1221	4.0
1223	4.0
1225	5.0
1226	4.5
1227	4.5
1228	4.5
1231	5.0
1237	5.0
1240	3.5
1242	3.5
1244	4.5
1245	5.0
1246	4.0
1247	4.5
1251	3.5
1254	3.0
1257	4.0
1258	4.0
1259	4.0
1261	3.5
1262	5.0
1265	3.5
1270	5.0
1273	5.0
1274	5.0
1275	4.0
1276	5.0
1278	5.0
1281	5.0
1282	3.5
1285	4.0
1287	4.0
1288	4.5
1290	5.0
1291	5.0
1293	4.0
1297	4.5
1298	4.5
1301	4.5
1302	4.0
1304	4.0
1320	4.0
1321	3.5
1333	3.5
1334	5.0
1339	4.0
1345	4.0
1347	4.0
1348	2.0
1356	5.0
1359	3.5
1366	3.5
1367	3.0
1370	4.0
1371	3.5
1372	4.5
1373	3.5
1374	5.0
1375	4.0
1376	4.5
1377	3.5
1378	4.0
1380	3.5
1387	5.0
1391	5.0
1394	5.0
1396	4.0
1408	3.0
1409	2.5
1411	2.5
1429	3.5
1431	2.5
1441	3.5
1449	4.0
1466	4.0
1485	3.5
1495	1.0
1500	3.5
1517	3.5
1527	4.5
1544	3.0
1552	3.5
1566	4.0
1573	4.0
1580	4.0
1584	3.5
1587	3.5
1588	3.5
1590	2.5
1592	2.5
1597	4.0
1608	4.0
1610	4.0
1617	3.5
1625	5.0
1639	4.5
1653	4.0
1663	3.5
1673	5.0
1674	3.5
1676	4.5
1681	1.5
1682	4.0
1688	3.5
1690	4.5
1702	2.0
1704	4.0
1707	2.5
1721	3.0
1722	3.5
1726	4.0
1729	4.0
1732	5.0
1748	3.5
1760	3.5
1772	3.5
1777	3.5
1779	4.0
1792	3.5
1806	2.0
1831	2.5
1848	3.5
1873	4.0
1884	4.0
1907	3.5
1911	2.5
1914	4.0
1917	5.0
1918	4.0
1924	1.0
1927	4.0
1947	2.0
1953	5.0
1954	5.0
1957	3.5
1960	5.0
1961	3.0
1965	4.5
1967	4.5
1968	5.0
1994	4.0
1997	5.0
2000	4.5
2001	4.5
2002	3.5
2003	2.5
2005	4.0
2006	3.5
2010	5.0
2011	4.5
2012	5.0
2018	3.0
2019	5.0
2021	5.0
2022	5.0
2023	3.5
2028	4.0
2036	2.5
2040	3.0
2042	3.0
2043	3.5
2048	3.5
2053	3.0
2054	3.5
2060	4.0
2072	3.0
2078	5.0
2080	3.5
2081	3.5
2082	4.0
2083	4.5
2084	3.5
2085	4.0
2087	4.5
2088	2.5
2089	4.0
2090	4.5
2093	5.0
2094	4.0
2096	3.0
2105	4.0
2109	5.0
2110	4.0
2115	5.0
2123	4.0
2134	3.5
2135	3.5
2137	4.0
2138	4.5
2139	4.0
2140	4.5
2141	3.5
2142	4.0
2143	4.0
2144	5.0
2145	5.0
2146	3.5
2150	3.5
2153	2.0
2155	4.0
2160	5.0
2161	3.5
2162	1.0
2167	3.0
2174	5.0
2193	3.0
2194	5.0
2231	3.5
2243	5.0
2248	4.0
2273	3.0
2288	5.0
2291	4.5
2294	3.5
2296	3.0
2300	5.0
2301	3.5
2310	4.0
2311	4.0
2321	3.5
2324	5.0
2329	3.5
2335	3.5
2348	5.0
2354	2.5
2355	5.0
2359	3.0
2363	4.5
2371	4.0
2376	3.0
2384	2.5
2393	4.0
2394	4.0
2395	5.0
2398	3.5
2402	3.5
2403	4.5
2404	4.0
2406	3.0
2407	3.0
2409	4.5
2410	4.0
2411	3.0
2412	2.5
2413	4.0
2420	4.0
2421	3.5
2422	3.0
2423	4.0
2424	3.0
2427	5.0
2437	4.0
2450	2.0
2459	4.0
2470	3.0
2471	3.0
2478	3.0
2490	3.5
2498	2.0
2501	4.0
2502	3.5
2513	4.5
2529	4.5
2530	4.0
2531	4.0
2532	4.0
2533	4.0
2542	4.0
2555	2.0
2565	3.5
2571	5.0
2572	3.5
2605	3.0
2617	3.5
2628	1.0
2640	3.5
2641	3.0
2642	2.0
2643	1.5
2644	3.0
2648	2.5
2657	4.0
2683	3.5
2687	4.0
2692	4.0
2699	3.0
2700	3.5
2701	1.5
2706	2.5
2709	4.5
2716	4.0
2717	3.5
2718	4.5
2720	2.0
2723	4.0
2726	4.0
2745	3.5
2746	4.5
2750	5.0
2761	5.0
2762	4.0
2772	3.5
2788	4.5
2791	3.5
2797	4.5
2803	3.0
2804	4.0
2828	2.0
2846	3.5
2857	4.0
2859	4.5
2863	3.5
2872	3.5
2877	4.0
2879	4.0
2881	3.5
2905	4.5
2915	5.0
2916	3.5
2918	5.0
2921	4.0
2932	4.5
2941	3.5
2946	4.0
2947	3.5
2948	4.0
2949	4.0
2951	5.0
2953	3.0
2959	4.5
2968	5.0
2985	5.0
2987	4.0
2989	3.5
2990	4.0
2991	3.5
2993	3.5
2997	4.0
3000	4.5
3007	5.0
3020	3.5
3030	5.0
3032	4.0
3033	3.5
3034	5.0
3040	3.5
3052	5.0
3060	3.5
3068	4.0
3070	4.5
3074	4.0
3081	2.5
3082	3.0
3087	4.5
3089	4.5
3098	4.0
3108	3.5
3114	5.0
3134	5.0
3147	4.5
3156	4.0
3157	3.0
3159	3.5
3160	5.0
3163	4.0
3174	5.0
3175	5.0
3201	4.5
3210	3.5
3213	3.5
3246	3.0
3253	4.0
3254	4.0
3255	3.5
3256	3.5
3261	3.5
3265	5.0
3271	3.0
3275	4.5
3285	4.5
3300	2.5
3301	3.0
3354	2.0
3355	3.5
3359	4.5
3362	5.0
3363	4.5
3365	4.5
3384	5.0
3386	4.5
3396	5.0
3397	4.5
3398	5.0
3418	2.5
3421	3.0
3424	5.0
3438	3.0
3439	3.0
3448	3.5
3461	5.0
3471	5.0
3480	3.0
3481	5.0
3489	4.5
3504	3.5
3510	4.0
3521	4.5
3524	3.5
3527	4.0
3534	3.5
3535	4.0
3551	4.0
3552	3.5
3555	3.5
3564	1.5
3578	4.5
3608	4.5
3615	3.0
3617	3.0
3623	2.0
3624	3.5
3633	4.0
3635	4.0
3638	3.5
3639	3.5
3653	4.0
3668	2.0
3671	3.5
3681	4.5
3683	4.5
3702	1.0
3703	4.5
3704	4.5
3717	2.5
3729	4.0
3735	5.0
3740	4.0
3741	5.0
3745	3.5
3751	4.0
3752	2.5
3753	4.0
3785	2.0
3793	4.5
3801	5.0
3809	3.0
3814	4.0
3821	2.0
3827	3.0
3897	5.0
3911	3.5
3916	4.0
3928	3.5
3930	1.5
3948	2.5
3967	4.0
3968	3.5
3972	2.0
3977	2.5
3978	3.0
3984	4.0
3988	2.0
3991	2.5
3994	4.0
3996	3.0
4002	4.0
4005	4.5
4011	4.0
4015	2.5
4016	3.5
4018	3.0
4019	3.5
4022	5.0
4025	3.0
4027	5.0
4033	4.0
4034	4.5
4066	4.0
4069	2.5
4084	5.0
4085	4.0
4090	3.5
4091	5.0
4128	5.0
4178	3.0
4214	4.5
4215	3.5
4223	3.5
4226	4.5
4232	2.5
4239	3.0
4254	3.0
4262	5.0
4270	2.5
4299	3.5
4306	4.0
4308	3.0
4310	1.5
4326	4.5
4327	4.5
4329	4.0
4339	4.0
4343	3.5
4344	3.0
4351	4.0
4359	2.5
4366	3.5
4367	2.5
4368	2.0
4369	2.5
4370	3.5
4378	3.5
4386	0.5
4388	2.5
4437	5.0
4446	3.5
4467	5.0
4477	4.5
4487	4.5
4489	4.5
4506	4.5
4519	3.5
4544	2.5
4571	4.0
4623	4.0
4638	3.0
4643	3.0
4649	4.0
4677	4.0
4679	4.0
4701	3.0
4713	5.0
4728	3.0
4732	3.5
4733	4.0
4734	3.5
4744	4.0
4776	3.0
4799	4.0
4816	4.0
4844	4.0
4846	2.5
4857	5.0
4865	3.5
4866	3.0
4874	3.0
4878	4.0
4886	5.0
4890	2.0
4896	4.0
4912	3.0
4932	3.5
4941	4.0
4963	4.0
4974	3.5
4979	5.0
4980	4.0
4990	2.5
4993	4.5
4994	3.0
4995	3.5
5013	4.0
5014	5.0
5047	3.0
5064	3.5
5072	4.0
5103	4.5
5107	2.5
5108	2.5
5110	5.0
5152	3.5
5171	3.5
5218	3.5
5219	2.5
5266	2.5
5291	5.0
5292	3.5
5299	2.5
5313	2.5
5325	4.0
5349	4.0
5363	2.5
5377	3.0
5378	2.5
5388	5.0
5400	2.5
5401	4.0
5418	5.0
5419	2.0
5444	3.5
5445	3.5
5449	3.0
5459	3.5
5480	2.0
5481	3.0
5500	5.0
5501	1.5
5502	3.0
5504	2.0
5541	3.0
5568	2.5
5582	3.0
5618	5.0
5620	3.0
5621	3.0
5679	2.5
5690	4.5
5712	5.0
5803	2.5
5804	2.5
5816	4.0
5843	3.0
5872	3.5
5902	4.0
5903	4.0
5944	3.0
5952	4.5
5971	4.5
5989	4.5
5995	4.0
6062	4.5
6104	4.5
6155	2.5
6157	1.0
6166	2.0
6188	3.5
6218	3.5
6223	3.5
6290	4.5
6296	4.0
6297	3.5
6301	5.0
6305	2.5
6333	4.0
6338	2.5
6350	4.0
6365	2.5
6373	3.0
6377	5.0
6378	3.0
6383	2.5
6385	3.5
6428	4.5
6440	4.5
6482	3.0
6502	4.0
6503	2.0
6534	3.0
6537	2.5
6539	3.0
6541	2.0
6548	3.0
6564	2.0
6565	3.0
6617	3.5
6620	4.5
6636	4.5
6639	4.0
6645	5.0
6659	3.5
6662	2.5
6663	3.5
6664	3.5
6708	3.0
6711	4.5
6753	3.0
6754	3.5
6755	3.5
6773	4.0
6774	5.0
6787	5.0
6793	2.0
6794	2.0
6800	4.0
6807	3.5
6808	3.0
6863	3.5
6874	5.0
6879	3.5
6887	3.0
6888	2.5
6893	1.5
6934	2.5
6936	4.0
6942	4.0
6944	4.5
6947	4.0
6951	1.5
6959	3.5
6979	3.0
7000	3.5
7004	3.0
7018	4.0
7022	4.0
7027	4.5
7036	3.5
7045	5.0
7073	3.0
7076	5.0
7090	3.0
7099	5.0
7104	3.0
7116	4.5
7132	3.0
7143	3.5
7147	4.0
7153	4.5
7161	2.5
7164	4.0
7228	2.5
7247	2.5
7254	4.5
7256	3.5
7285	2.0
7293	4.5
7317	3.0
7318	3.0
7324	3.0
7325	2.0
7346	2.5
7360	4.0
7366	3.0
7373	3.5
7438	5.0
7439	3.5
7445	3.0
7451	4.0
7454	2.5
7458	3.0
7482	5.0
7502	5.0
7569	3.0
7570	3.5
7573	4.5
7587	4.5
7757	4.5
7766	5.0
7802	3.5
7925	5.0
7981	4.5
7983	3.5
8014	4.0
8042	4.0
8360	3.5
8361	3.0
8366	3.5
8368	3.5
8371	2.5
8373	2.0
8376	3.5
8464	3.5
8493	3.5
8528	4.0
8529	3.5
8542	3.5
8596	3.0
8622	4.0
8633	3.0
8636	4.0
8640	3.5
8641	4.5
8644	2.5
8665	4.0
8690	4.0
8783	3.0
8784	5.0
8798	4.0
8807	3.5
8810	2.5
8814	3.0
8827	4.0
8865	4.0
8873	4.5
8874	5.0
8907	2.5
8908	3.5
8910	4.0
8914	5.0
8917	4.0
8957	4.0
8958	3.0
8961	5.0
8965	2.5
8966	4.0
8970	5.0
8972	3.0
8974	4.0
8984	3.0
8985	2.5
26133	3.0
26152	2.5
26555	3.0
26662	4.0
26680	5.0
26776	5.0
27592	5.0
27611	4.5
27660	3.5
27706	3.5
27731	4.5
27773	5.0
27831	3.5
27837	3.0
30749	4.0
30793	3.0
30810	5.0
30825	2.0
31420	3.0
31658	4.0
31685	2.5
31696	3.0
31804	2.0
31878	3.5
32019	3.0
32031	3.5
32587	3.5
32598	4.0
33004	4.5
33162	4.0
33437	2.0
33493	2.5
33615	3.0
33660	4.0
33679	3.0
33794	5.0
33880	3.5
34048	3.0
34150	2.0
34162	3.0
34319	2.5
34336	3.5
34405	5.0
34437	4.0
34534	3.5
34542	4.0
35836	5.0
35957	3.0
36401	3.0
36517	3.5
36529	4.0
36535	4.5
36708	3.5
37382	3.0
37384	3.0
37720	3.0
37727	3.0
37729	3.0
37731	3.5
37741	3.5
37830	4.0
38038	4.0
38061	4.5
38304	4.0
39292	4.0
39381	4.5
39435	3.5
39446	3.5
40339	3.0
40581	4.0
40583	3.0
40629	3.0
40815	3.0
40819	4.0
41285	4.5
41566	4.0
41569	4.0
41716	3.0
41997	3.0
42002	2.5
42011	3.0
42418	4.5
42632	5.0
42725	3.5
42734	2.0
42738	2.5
43396	3.5
43836	3.0
43928	2.5
43936	4.0
44022	3.0
44191	5.0
44195	4.5
44199	3.0
44665	4.0
44709	3.0
44761	4.0
44828	4.0
44972	2.0
45186	4.5
45447	3.0
45499	2.5
45517	3.0
45666	4.0
45672	2.5
45722	3.5
45728	4.0
46530	2.0
46578	3.5
46723	3.0
46948	3.5
46965	2.5
46970	3.5
46972	3.0
46974	2.5
46976	3.5
47099	2.5
47200	4.0
47640	3.5
47644	3.5
47997	4.0
48082	3.0
48304	1.0
48385	3.5
48394	3.5
48516	3.5
48738	3.5
48774	5.0
48780	3.5
48783	4.0
49272	5.0
49396	3.5
49530	4.5
49651	5.0
49822	4.0
50068	4.0
50442	3.5
50685	3.5
50794	3.5
50872	3.0
51084	3.0
51086	3.5
51255	5.0
51540	4.0
51575	2.0
51662	4.0
51935	1.5
52281	4.0
52287	3.0
52319	4.5
52328	5.0
52435	3.5
52885	5.0
52952	4.5
52973	5.0
52975	3.0
53000	3.5
53125	3.0
53129	2.0
53322	3.0
53464	2.5
53519	4.0
53894	4.0
53956	3.0
53972	3.0
53996	4.0
54001	4.0
54004	2.5
54190	1.5
54259	4.0
54272	4.5
54286	4.0
54503	4.5
54648	3.0
54995	3.5
54997	3.5
54999	3.5
55118	4.0
55247	4.0
55267	3.5
55269	5.0
55276	5.0
55280	3.0
55290	5.0
55363	4.0
55442	4.0
55444	5.0
55577	3.0
55765	4.0
55814	4.0
55820	5.0
55830	3.0
55995	3.0
56152	3.5
56156	1.5
56171	2.5
56174	3.0
56251	4.0
56333	3.5
56367	5.0
56757	3.0
56775	3.0
56782	5.0
56788	4.0
56805	2.5
56921	4.0
57368	3.0
57528	4.0
57640	2.5
57669	5.0
58047	3.5
58103	3.0
58105	2.5
58162	4.0
58295	3.5
58559	5.0
58998	4.5
59022	3.5
59103	4.0
59126	4.0
59315	4.5
59369	3.0
59615	3.5
59784	3.5
60037	4.0
60040	3.5
60069	4.5
60072	3.0
60126	2.5
60161	4.5
60487	3.0
60684	5.0
60756	3.5
60766	3.5
61024	4.5
61132	2.5
61323	3.5
61729	4.0
62155	4.0
62376	4.0
62434	5.0
62956	3.5
63082	4.5
63113	5.0
63131	3.5
63876	5.0
64575	4.0
64614	3.5
64620	3.5
64716	3.5
64839	5.0
64969	3.5
64983	4.0
65216	3.5
65261	5.0
66097	4.0
66297	3.5
66509	5.0
66934	5.0
67087	4.0
67255	4.0
67408	3.5
67734	3.5
68135	2.5
68157	5.0
68237	5.0
68358	5.0
68554	3.5
68791	3.5
68793	3.0
68848	5.0
68952	4.0
68954	5.0
69122	3.5
69134	4.5
69481	3.5
69640	3.0
69644	3.0
69757	4.0
69844	4.5
69951	3.5
70286	5.0
71057	4.0
71211	3.5
71264	4.5
71464	4.0
71518	4.5
71520	3.5
71535	3.0
71579	4.0
71745	4.0
72011	3.5
72226	5.0
72641	3.5
72733	3.5
72737	4.0
72998	4.5
73017	3.5
73266	3.0
73321	3.5
74458	3.5
74789	3.0
76077	3.5
76093	5.0
76251	3.0
77455	4.5
77561	3.5
77866	4.0
78209	5.0
78499	5.0
79008	5.0
79091	4.0
79132	5.0
79592	3.0
79695	3.0
79702	5.0
80463	5.0
80489	5.0
81562	4.0
81591	4.5
81834	4.0
81845	4.5
81847	4.0
81932	4.5
82459	5.0
83613	3.5
84772	5.0
84944	4.5
85414	4.0
85774	4.5
86190	5.0
86320	4.5
86332	4.0
86833	4.0
86882	5.0
86898	5.0
86911	3.5
87232	5.0
87306	5.0
88125	4.5
88129	5.0
88140	5.0
88744	4.5
89492	4.5
89745	5.0
89774	4.0
89864	4.0
89904	4.0
90746	5.0
90866	5.0
91077	4.0
91500	4.5
91529	4.5
91630	5.0
91658	5.0
93510	4.5
93840	5.0
94864	5.0
94959	5.0
95167	5.0
95441	4.5
95875	3.0
96079	3.5
96610	5.0
97304	5.0
97306	4.5
98154	5.0
99114	5.0
101864	4.0
102123	5.0
102125	5.0
102445	4.0
103228	4.0
