1	3.5
2	3.0
4	3.0
6	4.0
11	4.0
16	4.5
19	2.0
21	3.0
22	2.0
24	3.5
32	4.0
34	5.0
39	3.0
45	4.0
47	4.5
50	4.5
62	4.0
70	3.5
86	3.0
95	2.0
104	4.0
110	4.0
111	4.5
135	4.0
141	3.0
150	3.5
153	3.0
161	4.0
168	3.5
170	3.0
180	3.5
185	2.0
193	1.5
203	3.5
208	2.5
218	2.5
223	5.0
225	3.5
230	3.0
231	4.0
234	1.5
236	2.5
252	2.5
253	3.5
256	3.0
257	4.0
272	4.0
276	2.5
280	3.5
281	3.0
282	3.5
288	4.5
292	4.0
296	5.0
316	4.0
317	2.5
318	4.0
322	4.5
344	3.5
345	3.0
350	3.0
355	1.0
356	4.0
364	4.0
367	3.0
368	3.5
370	2.5
377	2.0
380	3.5
381	3.0
382	3.0
422	2.5
431	3.5
432	2.5
435	1.5
440	3.5
454	4.0
455	2.5
457	4.0
471	4.5
477	3.5
480	4.0
481	3.5
485	2.5
494	2.5
500	2.5
508	4.0
514	3.5
524	3.5
529	4.0
532	2.5
539	3.0
540	2.5
541	4.5
543	3.0
562	3.0
585	0.5
587	3.5
589	3.5
590	3.5
592	4.0
593	4.5
597	2.5
608	5.0
610	3.0
616	3.5
628	4.5
647	3.0
671	4.5
708	3.5
719	2.5
724	3.5
736	3.5
750	4.5
778	4.5
780	3.0
784	2.5
785	4.0
788	3.0
799	3.0
802	4.0
832	3.0
849	2.5
852	4.0
858	4.5
910	3.5
912	5.0
913	4.0
919	4.5
920	5.0
922	3.5
923	4.5
924	3.5
930	3.5
953	5.0
954	4.5
968	4.0
969	3.5
1023	4.5
1029	4.0
1037	4.0
1042	3.0
1073	4.0
1079	4.0
1080	4.0
1081	3.5
1088	1.0
1089	4.5
1090	4.0
1091	3.0
1092	4.0
1095	5.0
1097	4.0
1101	3.0
1104	5.0
1120	4.0
1124	3.0
1127	3.5
1129	3.0
1136	5.0
1179	4.0
1186	3.0
1193	5.0
1197	4.5
1198	4.5
1199	4.0
1200	4.0
1203	5.0
1206	4.5
1207	3.5
1213	4.5
1214	4.5
1219	4.0
1220	4.0
1221	4.0
1222	4.0
1234	3.5
1240	3.5
1246	4.0
1253	4.0
1254	3.5
1258	4.5
1259	4.0
1263	4.0
1265	3.5
1266	4.0
1267	5.0
1270	3.5
1275	4.0
1278	4.5
1284	4.5
1285	5.0
1286	4.0
1288	4.0
1291	4.0
1298	5.0
1302	3.5
1307	3.5
1320	2.5
1321	4.0
1333	3.5
1343	3.0
1345	4.0
1347	4.0
1350	4.0
1358	4.5
1378	3.5
1380	2.0
1387	4.0
1391	3.5
1393	3.5
1396	3.5
1405	3.5
1407	4.0
1409	3.5
1438	3.0
1441	4.0
1449	4.0
1476	3.5
1485	5.0
1500	3.5
1517	3.5
1527	4.5
1552	2.5
1573	2.5
1580	3.0
1584	4.0
1586	3.0
1590	3.5
1610	4.0
1617	4.5
1625	4.0
1639	5.0
1644	2.5
1645	4.0
1653	3.5
1663	4.0
1673	4.0
1674	3.0
1676	3.0
1678	3.5
1680	3.0
1682	4.0
1704	3.5
1711	4.0
1721	3.0
1729	3.5
1777	3.0
1784	4.0
1799	4.5
1805	4.5
1831	2.0
1834	4.0
1882	2.0
1883	3.5
1911	3.0
1917	2.5
1923	4.5
1945	4.0
1956	3.5
1958	4.0
1962	3.5
1967	3.5
1968	4.0
1982	3.5
1994	4.0
1997	4.5
2000	3.5
2001	2.0
2003	3.0
2011	2.5
2012	2.0
2013	3.5
2018	4.0
2021	3.5
2028	4.0
2064	4.0
2080	4.0
2085	3.5
2099	4.0
2100	1.0
2105	3.0
2109	3.5
2110	4.0
2115	3.5
2137	4.0
2140	4.0
2144	3.0
2145	2.0
2148	3.0
2160	3.5
2161	3.5
2167	1.5
2170	2.0
2174	3.5
2193	3.0
2231	4.0
2241	3.0
2243	4.0
2245	3.0
2247	2.5
2268	4.0
2288	4.0
2294	3.5
2302	4.0
2313	3.5
2321	3.0
2329	4.5
2352	4.0
2355	3.5
2369	2.0
2371	3.5
2391	4.0
2395	3.0
2396	4.5
2407	3.0
2420	3.0
2424	2.0
2428	3.0
2431	3.0
2433	3.0
2455	4.0
2501	4.5
2502	5.0
2517	3.5
2528	3.0
2539	3.0
2541	4.0
2542	4.5
2571	4.0
2598	3.5
2599	3.0
2616	2.5
2617	3.5
2641	2.5
2642	2.5
2657	4.5
2664	4.5
2671	2.0
2683	3.5
2686	3.5
2688	3.5
2700	4.5
2701	1.0
2706	4.0
2710	4.0
2712	3.0
2716	4.0
2717	2.5
2718	3.5
2722	2.0
2723	3.0
2724	2.0
2739	4.0
2746	2.5
2762	4.0
2787	2.0
2788	4.0
2791	5.0
2794	2.5
2795	4.0
2797	3.5
2803	2.5
2804	4.5
2858	4.5
2875	3.5
2915	3.5
2916	3.5
2959	4.5
2968	4.0
2987	3.5
3005	3.0
3016	3.5
3020	4.5
3039	3.5
3052	4.5
3075	4.0
3081	3.5
3101	3.0
3107	3.0
3108	3.5
3147	4.0
3148	3.5
3160	4.5
3174	3.0
3175	3.5
3203	4.5
3210	4.5
3252	4.0
3253	4.0
3255	3.5
3257	1.5
3298	5.0
3301	3.0
3334	4.0
3362	4.0
3396	4.0
3408	4.0
3418	3.5
3421	4.5
3448	3.5
3450	2.5
3468	5.0
3471	3.0
3478	3.0
3479	4.0
3481	4.0
3499	4.0
3506	3.5
3510	3.5
3512	2.5
3526	4.0
3535	3.5
3552	4.5
3555	3.0
3576	3.5
3578	3.5
3608	4.0
3671	4.5
3698	2.0
3701	3.0
3702	3.5
3703	4.0
3706	4.5
3708	3.0
3751	4.0
3752	2.5
3755	4.0
3760	4.0
3785	3.0
3791	2.0
3798	2.5
3809	3.0
3824	2.0
3825	1.5
3826	3.0
3868	4.0
3869	3.0
3882	3.0
3911	4.5
3916	3.5
3948	3.5
3949	5.0
3988	3.0
3994	4.0
4002	4.0
4007	4.0
4011	4.5
4018	2.0
4022	3.0
4027	4.5
4034	3.5
4040	3.0
4055	3.5
4080	2.5
4085	3.5
4105	4.0
4128	4.0
4132	1.5
4161	3.0
4214	3.5
4220	4.0
4226	4.5
4262	4.0
4306	4.0
4310	2.5
4321	3.5
4344	4.5
4361	3.0
4370	2.5
4447	3.5
4465	4.0
4508	3.5
4571	3.0
4621	2.5
4623	3.5
4643	2.5
4720	4.5
4776	4.0
4816	3.0
4874	3.5
4876	3.5
4878	4.0
4886	4.0
4896	3.5
4963	4.0
4975	4.5
4995	3.5
5010	3.5
5016	3.0
5047	3.0
5049	4.0
5103	4.5
5294	4.0
5299	3.5
5308	2.5
5401	2.5
5418	3.5
5420	3.5
5445	3.5
5464	4.0
5500	4.0
5502	4.0
5568	4.0
5617	5.0
5620	2.0
5669	4.5
5673	2.0
5679	4.5
5693	2.5
5785	2.5
5816	3.5
5900	2.0
5956	4.0
5989	4.0
6104	4.5
6263	2.5
6281	3.0
6296	4.0
6297	3.5
6323	4.5
6365	3.0
6534	3.0
6755	4.5
6787	4.5
6793	2.0
6796	4.5
6800	2.0
6807	4.5
6870	4.5
6874	4.5
6957	4.5
7001	4.0
7018	4.0
7036	2.5
7147	4.0
7160	4.5
7361	3.0
7802	4.0
8337	4.0
8581	4.5
8614	3.0
8781	4.0
8783	3.0
8827	4.5
