1	5.0
2	4.0
3	4.0
5	4.0
10	4.0
11	4.0
12	2.0
19	3.0
24	3.0
31	3.0
32	4.0
34	4.0
44	1.0
47	4.0
48	4.0
62	5.0
65	2.0
87	3.0
107	2.0
110	5.0
135	4.0
150	5.0
153	1.0
158	3.0
160	2.0
165	4.0
170	3.0
172	3.0
181	2.0
185	3.0
186	3.0
193	3.0
196	3.0
235	5.0
239	3.0
253	3.0
260	5.0
277	3.0
292	4.0
316	4.0
317	4.0
318	5.0
329	4.0
339	4.0
344	4.0
355	3.0
356	5.0
364	5.0
367	4.0
368	4.0
374	2.0
377	4.0
379	4.0
380	4.0
410	2.0
419	2.0
420	3.0
426	4.0
429	2.0
432	4.0
434	4.0
435	2.0
440	3.0
455	4.0
457	5.0
466	4.0
471	4.0
480	4.0
485	3.0
491	3.0
500	5.0
502	3.0
519	2.0
520	3.0
524	3.0
527	5.0
541	4.0
542	3.0
546	2.0
552	3.0
558	3.0
569	3.0
585	1.0
586	4.0
587	5.0
588	4.0
590	4.0
593	5.0
594	5.0
595	5.0
596	4.0
609	3.0
610	4.0
616	3.0
648	3.0
653	4.0
673	2.0
674	5.0
709	4.0
724	3.0
733	4.0
736	4.0
747	1.0
748	3.0
761	4.0
762	3.0
780	4.0
783	4.0
784	2.0
786	4.0
788	4.0
799	3.0
802	4.0
818	1.0
828	3.0
829	3.0
830	4.0
832	4.0
836	3.0
849	3.0
910	5.0
919	5.0
924	4.0
952	4.0
1015	4.0
1019	5.0
1022	4.0
1023	4.0
1028	5.0
1029	4.0
1030	4.0
1032	4.0
1033	4.0
1037	3.0
1042	4.0
1049	3.0
1064	4.0
1073	4.0
1080	4.0
1097	5.0
1120	4.0
1127	4.0
1129	5.0
1136	5.0
1197	5.0
1200	5.0
1210	5.0
1213	5.0
1214	5.0
1220	4.0
1240	5.0
1250	5.0
1253	5.0
1256	5.0
1259	4.0
1265	5.0
1270	5.0
1278	5.0
1282	5.0
1287	5.0
1301	5.0
1304	4.0
1320	3.0
1334	5.0
1356	4.0
1359	4.0
1367	4.0
1370	4.0
1371	3.0
1372	4.0
1373	2.0
1374	5.0
1375	4.0
1376	5.0
1377	3.0
1388	3.0
1390	4.0
1391	3.0
1394	4.0
1396	4.0
1405	3.0
1407	3.0
1474	4.0
1476	4.0
1479	3.0
1485	4.0
1495	1.0
1499	3.0
1515	3.0
1517	4.0
1527	4.0
1544	3.0
1562	3.0
1566	4.0
1573	4.0
1580	4.0
1584	4.0
1588	4.0
1590	2.0
1608	4.0
1610	4.0
1639	4.0
1645	4.0
1665	4.0
1673	4.0
1676	3.0
1681	1.0
1682	4.0
1690	2.0
1704	5.0
1707	2.0
1721	5.0
1722	4.0
1779	2.0
1806	4.0
1831	3.0
1833	3.0
1876	4.0
1882	3.0
1907	4.0
1909	4.0
1911	4.0
1917	4.0
1918	3.0
1920	2.0
1923	4.0
1924	1.0
1947	4.0
1954	5.0
1968	4.0
1992	3.0
1997	4.0
2000	5.0
2002	4.0
2003	4.0
2004	3.0
2006	4.0
2011	4.0
2012	4.0
2018	5.0
2021	3.0
2028	5.0
2033	4.0
2034	3.0
2036	3.0
2040	4.0
2042	3.0
2046	4.0
2048	4.0
2053	3.0
2054	4.0
2059	4.0
2060	1.0
2078	5.0
2080	5.0
2081	5.0
2082	4.0
2085	4.0
2087	4.0
2089	4.0
2090	4.0
2092	3.0
2093	3.0
2094	4.0
2096	4.0
2099	5.0
2102	5.0
2105	4.0
2116	4.0
2122	3.0
2123	4.0
2124	3.0
2137	5.0
2138	4.0
2139	4.0
2140	4.0
2141	4.0
2144	4.0
2150	4.0
2153	2.0
2174	4.0
2194	4.0
2243	4.0
2268	5.0
2287	5.0
2288	4.0
2294	4.0
2300	5.0
2301	4.0
2302	5.0
2311	4.0
2315	2.0
2316	4.0
2321	4.0
2335	3.0
2346	4.0
2352	4.0
2354	3.0
2355	4.0
2363	5.0
2377	4.0
2384	3.0
2389	3.0
2392	3.0
2393	4.0
2394	4.0
2396	5.0
2407	5.0
2409	4.0
2410	3.0
2411	3.0
2412	3.0
2428	4.0
2429	4.0
2431	4.0
2433	4.0
2447	3.0
2450	2.0
2454	5.0
2455	4.0
2456	3.0
2490	4.0
2495	5.0
2496	4.0
2498	2.0
2501	4.0
2502	4.0
2505	3.0
2514	2.0
2527	4.0
2528	5.0
2529	5.0
2530	4.0
2533	4.0
2539	4.0
2567	4.0
2571	5.0
2574	4.0
2605	4.0
2615	3.0
2616	3.0
2617	4.0
2628	5.0
2640	4.0
2641	4.0
2642	2.0
2643	1.0
2657	4.0
2660	4.0
2662	5.0
2668	3.0
2671	4.0
2676	3.0
2683	4.0
2687	4.0
2688	4.0
2693	4.0
2699	4.0
2700	4.0
2701	2.0
2706	4.0
2712	3.0
2713	3.0
2716	5.0
2719	4.0
2720	4.0
2722	3.0
2723	3.0
2724	3.0
2761	5.0
2762	5.0
2763	4.0
2788	4.0
2791	5.0
2793	3.0
2797	4.0
2798	2.0
2803	4.0
2805	4.0
2806	3.0
2840	3.0
2841	4.0
2857	4.0
2858	5.0
2863	4.0
2881	4.0
2889	3.0
2890	4.0
2901	4.0
2906	3.0
2908	4.0
2915	4.0
2916	4.0
2918	5.0
2953	4.0
2961	3.0
2968	4.0
2985	4.0
2986	3.0
2987	5.0
3005	3.0
3006	4.0
3032	4.0
3033	4.0
3034	4.0
3039	5.0
3070	5.0
3072	4.0
3082	4.0
3087	4.0
3088	4.0
3104	4.0
3107	4.0
3114	5.0
3145	2.0
3147	5.0
3156	4.0
3159	4.0
3174	4.0
3175	5.0
3189	3.0
3190	1.0
3210	4.0
3238	3.0
3243	3.0
3248	3.0
3253	4.0
3254	2.0
3255	4.0
3257	3.0
3258	4.0
3263	3.0
3264	3.0
3269	3.0
3274	3.0
3287	4.0
3300	3.0
3301	4.0
3316	4.0
3354	3.0
3363	4.0
3386	5.0
3396	5.0
3397	4.0
3408	5.0
3409	4.0
3420	4.0
3421	5.0
3438	3.0
3439	2.0
3440	2.0
3448	4.0
3450	5.0
3471	5.0
3483	3.0
3489	4.0
3504	4.0
3506	4.0
3507	5.0
3510	5.0
3512	3.0
3513	3.0
3526	4.0
3527	5.0
3534	3.0
3536	4.0
3552	4.0
3555	4.0
3564	2.0
3578	5.0
3593	1.0
3615	4.0
3623	4.0
3624	4.0
3638	3.0
3671	5.0
3686	4.0
3688	4.0
3689	2.0
3697	3.0
3698	4.0
3701	4.0
3702	4.0
3704	4.0
3717	3.0
3740	4.0
3745	4.0
3751	5.0
3752	3.0
3753	5.0
3755	4.0
3764	3.0
3770	3.0
3785	4.0
3793	4.0
3802	2.0
3821	3.0
3826	4.0
3827	4.0
3861	4.0
3868	4.0
3869	3.0
3873	4.0
3897	4.0
3911	4.0
3916	4.0
3927	5.0
3948	4.0
3959	5.0
3968	3.0
3969	4.0
3977	4.0
3988	4.0
3991	2.0
3994	4.0
3996	2.0
3999	3.0
4014	4.0
4016	4.0
4018	4.0
4022	4.0
4025	4.0
4033	5.0
4034	4.0
4040	3.0
4041	3.0
4061	4.0
4069	3.0
4084	4.0
4085	4.0
4086	4.0
4090	3.0
4102	4.0
4104	3.0
4121	4.0
4124	2.0
4128	4.0
4132	4.0
4148	3.0
4149	3.0
4161	3.0
4214	4.0
4215	3.0
4228	4.0
4232	4.0
4234	3.0
4246	4.0
4270	4.0
4275	3.0
4280	4.0
4291	4.0
4299	5.0
4306	4.0
4310	3.0
4321	5.0
4343	4.0
4361	4.0
4366	4.0
4368	4.0
4446	3.0
4638	4.0
4643	5.0
4700	4.0
4701	4.0
4844	4.0
4865	4.0
4867	2.0
4874	3.0
4886	5.0
4896	4.0
4990	3.0
4993	5.0
4995	4.0
5060	5.0
5065	2.0
