6	4.5
16	4.0
18	1.0
21	3.0
25	4.5
32	4.0
36	4.5
47	5.0
50	5.0
70	4.5
110	5.0
111	4.5
150	4.0
161	4.0
163	4.5
215	4.5
223	4.0
253	4.5
260	4.5
266	4.5
288	4.5
293	4.5
296	5.0
316	2.0
318	5.0
337	4.0
338	1.5
353	5.0
356	4.5
410	3.0
431	4.0
457	3.5
474	3.0
480	4.0
508	4.5
527	2.5
532	0.5
543	2.0
553	4.5
555	5.0
589	4.5
590	4.5
592	4.0
593	5.0
608	4.0
647	3.5
648	4.0
786	3.0
837	3.0
858	4.5
912	4.5
953	5.0
1036	4.0
1079	1.5
1089	4.5
1090	4.5
1193	3.0
1196	4.5
1197	5.0
1198	4.0
1200	5.0
1201	2.5
1206	3.5
1210	5.0
1213	4.5
1214	3.0
1219	3.0
1221	4.5
1222	4.5
1240	3.5
1242	4.5
1246	3.0
1247	3.0
1258	4.0
1262	4.5
1263	4.0
1270	3.0
1285	5.0
1291	3.0
1299	3.0
1356	4.0
1370	2.5
1393	3.0
1396	4.5
1408	4.0
1441	3.0
1466	3.5
1500	4.5
1617	2.0
1625	4.5
1645	4.0
1658	4.5
1673	3.5
1704	3.5
1729	3.0
1732	4.5
1754	4.5
1784	4.0
1799	4.0
1953	4.0
1965	2.0
2028	4.5
2058	3.5
2278	4.0
2291	2.0
2329	3.5
2334	4.0
2387	4.5
2502	3.0
2542	4.0
2571	4.5
2606	4.5
2640	3.5
2692	3.0
2716	3.0
2746	3.0
2759	1.5
2762	4.5
2858	5.0
2890	4.0
2949	3.5
2959	5.0
3062	4.0
3104	3.0
3177	1.0
3225	2.0
3264	3.0
3273	2.0
3275	4.5
3285	3.5
3286	1.5
3298	3.5
3300	4.5
3301	4.0
3317	4.5
3328	2.0
3354	2.0
3362	4.5
3408	4.0
3409	4.5
3467	3.0
3481	3.5
3484	1.5
3505	4.0
3510	2.0
3513	3.0
3527	3.0
3565	4.0
3578	4.5
3623	3.0
3717	3.5
3793	4.0
3824	4.0
3825	1.5
3827	3.5
3879	2.5
3882	0.5
3889	1.5
3896	4.0
3897	4.5
3916	3.0
3946	2.0
3948	4.5
3949	2.5
3968	1.0
3969	1.0
3977	2.0
3978	1.0
3979	1.5
3981	3.5
3996	3.5
3999	3.5
4011	2.0
4018	3.0
4020	2.0
4022	4.0
4025	1.0
4027	1.5
4034	4.5
4052	3.0
4054	0.5
4148	3.0
4155	4.0
4159	1.5
4161	3.5
4223	3.0
4224	3.5
4226	3.5
4232	4.0
4239	4.5
4254	1.5
4262	4.5
4265	2.0
4299	1.5
4306	1.0
4333	3.0
4343	1.5
4367	0.5
4369	4.5
4448	2.0
4553	2.5
4638	3.0
4639	3.0
4641	1.5
4643	1.5
4700	1.0
4701	2.5
4710	3.0
4720	2.0
4728	1.5
4732	2.0
4775	0.5
4776	4.0
4816	0.5
4821	3.5
4878	3.5
4886	0.5
4887	1.5
4890	0.5
4896	4.5
4901	2.0
4963	4.5
4974	5.0
4993	4.5
4995	4.0
5010	4.5
5014	2.0
5066	4.5
5093	2.0
5094	1.5
5108	1.5
5110	2.5
5128	0.5
5152	2.5
5171	1.0
5219	4.5
5220	2.0
5225	1.5
5254	3.5
5264	1.0
5266	2.0
5267	3.0
5293	3.0
5299	3.0
5313	0.5
5323	1.5
5329	4.5
5349	3.0
5378	4.5
5400	4.0
5418	4.5
5445	3.0
5449	4.0
5459	2.5
5504	1.5
5507	3.0
5524	2.5
5528	4.5
5564	2.5
5572	0.5
5574	3.5
5577	4.5
5609	3.0
5611	4.0
5617	4.0
5673	2.0
5679	4.0
5791	1.5
5803	1.5
5816	4.0
5872	3.0
5881	1.0
5900	2.0
5903	3.5
5942	0.5
5945	2.0
5952	4.5
5954	5.0
5956	3.0
6006	4.0
6155	3.5
6157	0.5
6188	3.5
6213	4.0
6218	1.0
6250	4.0
6264	3.5
6266	2.0
6287	4.0
6297	1.0
6323	4.0
6333	4.0
6365	3.0
6373	2.5
6378	3.0
6484	2.0
6503	1.5
6534	1.5
6539	3.5
6541	3.5
6548	3.0
6566	1.0
6567	4.0
6624	2.0
6659	2.5
6707	3.0
6708	4.0
6711	4.5
6753	4.0
6754	4.5
6862	2.5
6863	4.0
6870	4.5
6874	4.5
6934	2.5
6942	4.5
6953	3.0
6959	2.0
7028	3.0
7076	4.0
7137	1.5
7149	4.0
7153	4.5
7161	3.0
7173	3.0
7254	4.0
7263	3.0
7285	3.0
7324	1.5
7347	1.5
7360	3.0
7361	2.0
7373	2.5
7376	2.0
7380	1.0
7381	3.5
7438	4.0
7439	1.5
7445	4.5
7454	1.0
7502	5.0
7649	0.5
8132	1.5
8366	2.0
8493	4.0
8528	2.0
8531	0.5
8638	4.5
8643	1.5
8644	4.5
8665	4.5
8666	0.5
8781	1.5
8783	1.5
8784	4.5
8798	3.0
8807	4.5
8814	4.0
8861	4.0
8874	3.5
8937	4.0
8950	4.5
8957	3.5
8970	2.5
8972	4.0
8985	3.5
26614	2.0
27788	4.5
27837	2.0
27839	3.5
30749	4.5
30793	2.0
30812	2.0
30898	4.0
31225	4.0
31420	4.0
31685	2.5
31696	4.5
32017	2.0
32296	1.5
32587	4.0
32596	3.0
33085	3.0
33158	1.0
33164	1.0
33166	4.5
33493	4.5
33646	3.5
33669	4.0
33794	2.5
33836	1.0
34150	2.5
34162	3.0
34319	2.5
34323	3.5
34334	4.0
34336	4.0
34405	4.5
34437	1.5
34534	4.0
35836	4.0
35957	2.0
36519	2.0
36529	3.0
37382	4.0
37384	2.5
37386	2.5
38061	4.0
38798	2.5
39183	4.5
39444	2.0
40278	3.5
40581	4.0
40629	2.0
40732	2.0
40815	4.0
41566	3.0
41569	3.0
42007	3.0
42725	1.5
42738	2.5
43560	1.5
43679	1.5
43928	2.5
43936	1.5
44004	3.0
44191	4.5
44193	1.5
44195	3.0
44199	3.5
44397	2.0
44665	4.5
44972	0.5
44974	5.0
45081	3.0
45186	3.5
45499	3.0
45668	2.0
45722	3.0
45732	1.0
46530	2.0
46970	3.5
46972	3.5
47044	1.5
47099	2.0
47200	2.5
47518	3.5
47640	1.5
47997	3.5
48385	0.5
48516	4.5
48774	4.0
48780	2.5
49272	3.0
49286	3.5
49530	3.0
49649	2.0
49651	1.5
49822	3.5
50068	4.0
50442	4.5
51077	1.5
51255	2.5
52241	4.5
52319	4.5
52458	3.5
52604	3.0
53000	4.0
53125	3.0
53464	2.0
53550	3.0
53956	4.0
53972	3.0
53993	2.0
53996	4.5
54004	3.0
54286	4.5
54503	3.0
54736	3.5
55118	2.0
55232	3.0
55282	3.5
55363	2.0
55765	4.0
55820	4.5
56367	4.5
56587	4.0
56801	1.5
56921	1.5
57640	2.5
57669	3.5
58025	3.5
58103	3.0
58559	4.5
58803	2.0
58998	4.0
59315	4.5
59369	4.5
59421	4.0
59900	1.5
60037	3.0
60040	4.0
60072	4.0
60074	3.5
60126	2.0
60684	0.5
60756	0.5
60937	3.0
61024	3.0
61132	2.5
61323	2.5
61350	2.5
62081	4.0
62374	3.0
62394	2.0
63072	4.0
63113	4.0
63131	2.0
64030	1.5
64497	3.0
64614	3.0
64839	1.0
64983	1.5
65230	3.5
65682	3.5
66509	4.0
67197	1.5
67734	3.5
68135	0.5
68157	4.5
68205	1.0
68319	2.5
68358	4.5
68554	1.5
68791	3.0
68793	2.0
69122	5.0
69306	2.5
69406	2.5
69481	4.5
69526	4.0
69640	3.5
69757	4.5
69844	4.0
70183	4.5
70286	3.0
70336	2.0
71135	4.5
71156	1.5
71535	4.5
71838	4.0
72378	1.5
72407	0.5
72641	4.0
72731	4.5
72998	2.5
73017	3.0
73266	4.0
73268	2.5
73321	3.5
74458	3.0
74795	3.5
76175	3.0
76251	5.0
76293	3.0
77561	3.5
78772	0.5
79057	2.5
79132	3.5
79702	1.5
80219	0.5
80489	3.0
80969	4.0
81229	4.5
81537	2.0
81782	3.5
82202	2.0
82459	2.0
83134	0.5
84152	4.5
84601	2.0
85131	4.5
85414	2.0
86190	3.5
86880	3.5
86911	4.5
87232	3.5
87306	4.5
87430	2.0
87485	2.0
87869	3.0
88129	1.5
88140	3.0
88163	4.5
88744	3.0
89492	4.0
89745	4.5
90405	3.5
90866	3.0
91500	4.0
91529	4.5
91535	3.0
91542	3.0
91630	3.0
92420	2.5
93840	3.0
94864	3.5
95441	4.5
95510	4.0
95875	1.5
96079	4.5
96737	2.0
97304	4.0
97306	2.5
97921	3.5
97923	3.5
97938	2.0
98809	2.5
98961	4.5
99114	4.5
101864	3.5
102125	3.0
102445	4.5
103042	4.5
103253	4.0
103341	3.0
104841	4.0
104879	4.0
104913	2.0
106002	3.5
106072	3.0
106487	2.0
106782	4.5
106916	3.0
109374	1.5
109487	3.0
110102	4.0
111362	4.5
111759	4.5
112556	4.5
112623	4.5
112852	3.5
