1	4.0
2	3.5
7	4.0
11	4.0
19	3.0
34	3.5
39	3.5
44	1.5
48	3.5
50	3.5
60	2.5
62	4.0
104	3.5
107	3.5
110	4.0
111	4.0
141	4.5
158	3.0
160	3.0
170	4.0
172	2.0
173	1.5
180	3.5
186	2.5
196	2.5
208	2.5
223	4.0
231	2.5
232	3.5
234	2.0
247	4.0
252	4.0
253	4.0
256	3.0
260	4.0
293	4.0
296	4.0
316	3.5
317	3.0
337	3.5
339	3.5
344	3.0
345	3.5
355	3.0
356	4.0
364	4.0
367	3.5
370	3.5
377	3.0
410	2.5
412	3.5
432	2.5
435	2.5
480	4.0
500	3.5
520	4.5
539	4.5
543	3.0
551	3.0
575	3.0
586	3.5
587	3.5
588	4.0
589	3.0
594	4.0
595	4.0
597	4.0
608	3.5
637	3.0
648	3.5
653	3.5
671	4.0
673	3.0
709	3.5
719	3.0
736	3.0
750	4.0
778	3.5
780	3.5
783	3.5
784	3.5
786	2.5
788	2.5
858	4.5
898	5.0
899	5.0
900	4.0
901	5.0
902	5.0
903	4.5
904	4.0
908	4.5
910	5.0
911	5.0
912	5.0
913	4.5
914	5.0
915	5.0
916	5.0
919	5.0
920	4.0
922	4.5
923	5.0
924	4.0
930	4.5
932	5.0
933	4.5
938	4.5
947	4.5
950	5.0
951	4.5
953	4.0
955	4.5
1022	4.5
1028	4.5
1029	4.0
1031	3.5
1032	4.0
1035	4.0
1042	3.5
1064	3.0
1073	3.5
1078	4.0
1079	3.5
1080	4.0
1083	4.0
1085	4.0
1088	3.5
1089	3.0
1097	4.0
1136	4.0
1178	4.5
1183	4.0
1193	4.0
1194	3.5
1196	3.5
1197	4.0
1198	4.5
1206	4.0
1207	4.0
1210	4.0
1212	4.5
1213	4.0
1214	4.0
1219	3.5
1220	4.0
1221	4.0
1225	4.0
1228	4.5
1234	4.5
1240	3.0
1247	4.0
1256	4.5
1259	4.0
1269	5.0
1270	3.0
1278	4.5
1281	4.5
1282	4.5
1287	3.5
1288	3.5
1291	4.0
1293	4.5
1302	4.5
1307	5.0
1333	3.5
1343	2.5
1344	3.5
1367	3.5
1380	4.0
1381	2.0
1390	4.5
1391	3.5
1393	4.0
1441	4.5
1445	3.0
1476	2.5
1485	3.5
1517	4.0
1527	4.0
1541	3.5
1556	2.0
1566	3.5
1573	3.0
1580	3.5
1588	2.5
1639	4.5
1641	4.0
1663	4.0
1676	2.5
1680	5.0
1681	1.0
1682	4.0
1702	2.5
1704	4.5
1721	4.0
1747	4.0
1760	2.5
1772	2.5
1779	2.0
1784	4.0
1805	2.5
1816	2.5
1831	3.0
1907	4.0
1914	4.0
1921	4.0
1923	3.5
1924	3.0
1947	5.0
1952	4.0
1960	4.0
1968	3.5
1991	2.0
2005	4.5
2011	3.5
2012	3.0
2019	4.5
2021	3.5
2025	4.5
2027	3.0
2036	2.0
2053	2.5
2054	2.5
2060	3.0
2064	4.0
2065	4.5
2078	3.5
2080	4.0
2081	4.0
2087	4.0
2089	3.0
2092	2.5
2096	4.5
2105	4.0
2106	4.5
2115	4.0
2117	3.5
2124	3.0
2134	3.5
2135	4.0
2137	4.0
2139	3.5
2145	3.5
2150	4.5
2176	4.0
2203	4.0
2248	3.5
2253	3.0
2275	4.5
2294	4.0
2300	5.0
2301	5.0
2321	4.5
2324	4.5
2335	2.0
2355	3.0
2395	4.0
2396	4.0
2413	3.5
2420	3.0
2422	1.5
2424	4.0
2431	3.5
2491	3.0
2496	3.0
2500	1.5
2502	4.0
2513	1.0
2528	3.5
2539	3.5
2541	3.5
2549	2.0
2565	4.5
2571	3.5
2572	4.0
2599	4.0
2600	4.0
2616	3.0
2628	3.0
2657	5.0
2683	4.0
2692	3.5
2700	4.5
2701	2.5
2706	3.5
2710	2.0
2712	3.0
2716	3.5
2720	2.5
2723	3.0
2729	4.0
2746	3.5
2747	3.5
2759	4.0
2762	3.5
2788	3.5
2791	4.0
2792	3.0
2797	3.5
2798	1.5
2799	1.5
2804	2.5
2828	2.0
2857	4.0
2858	4.0
2863	4.0
2866	4.0
2916	2.5
2918	4.5
2935	3.5
2941	4.0
2946	4.0
2953	2.0
2959	4.0
2985	3.5
2987	4.0
3000	3.5
3033	4.0
3051	4.0
3052	4.5
3061	4.5
3081	3.0
3088	5.0
3114	4.0
3147	4.0
3148	4.0
3156	3.0
3163	4.0
3174	4.0
3175	4.0
3176	3.5
3253	3.5
3255	3.5
3268	2.0
3363	4.5
3396	4.0
3408	3.5
3438	3.5
3439	2.5
3440	2.5
3448	4.5
3451	5.0
3452	3.0
3469	4.5
3481	5.0
3489	3.5
3507	4.5
3536	4.5
3545	4.5
3549	4.0
3564	1.5
3578	3.5
3593	2.0
3594	3.5
3606	4.0
3617	3.0
3623	3.5
3671	4.5
3675	4.5
3745	3.5
3752	2.5
3753	3.0
3754	3.5
3785	3.0
3786	4.0
3793	3.5
3863	2.5
3868	4.0
3869	3.5
3897	4.0
3948	3.5
3968	3.5
3969	3.0
3977	3.5
3978	3.5
3987	3.5
3988	3.0
3993	4.5
3994	3.5
3996	4.0
3997	2.5
4011	3.5
4014	4.0
4016	3.5
4018	3.5
4019	3.5
4022	4.0
4025	3.0
4027	4.0
4034	3.5
4039	3.5
4052	3.5
4054	3.5
4103	4.0
4104	1.0
4105	3.5
4214	3.5
4226	4.0
4228	3.5
4246	3.5
4248	3.5
4306	3.5
4308	5.0
4310	2.5
4317	4.0
4344	3.5
4356	4.5
4357	4.0
4367	3.0
4370	3.5
4446	2.5
4447	3.5
4502	1.0
4621	2.5
4638	2.5
4641	4.0
4642	3.5
4718	2.5
4734	3.0
4748	2.5
4770	2.5
4799	4.5
4816	3.0
4821	1.0
4823	5.0
4857	4.5
4873	4.0
4878	4.0
4880	4.0
4881	4.0
4886	4.0
4896	3.5
4912	4.0
4963	4.0
4973	4.0
4992	4.0
4993	4.5
4995	4.0
5013	4.0
5026	4.0
5060	4.5
5066	4.0
5128	2.5
5218	4.0
5225	4.0
5265	4.0
5283	4.0
5299	3.5
5349	4.5
5377	3.5
5378	3.0
5415	3.5
5418	3.5
5444	3.5
5452	2.5
5459	3.5
5464	4.0
5481	4.0
5500	4.0
5502	3.5
5530	3.0
5574	2.5
5617	4.0
5620	3.5
5621	2.5
5667	3.0
5669	3.0
5685	4.0
5810	3.5
5816	3.5
5876	4.0
5900	3.5
5903	4.5
5941	2.5
5943	3.0
5945	4.0
5952	5.0
5956	4.0
5989	4.0
5991	4.0
6104	3.5
6155	4.0
6157	3.0
6183	4.5
6187	3.5
6218	4.0
6266	3.0
6281	2.5
6287	3.5
6333	3.5
6365	3.0
6367	4.0
6373	3.5
6377	4.0
6461	3.5
6502	3.0
6503	3.5
6535	2.5
6539	4.0
6541	2.0
6564	3.0
6565	4.0
6587	1.5
6618	4.5
6620	4.5
6624	3.0
6639	4.5
6662	4.0
6711	4.5
6743	4.0
6754	3.5
6755	4.0
6765	3.5
6773	4.0
6785	4.0
6787	4.5
6807	4.0
6863	3.0
6870	4.0
6874	3.5
6934	2.0
6942	4.5
6947	3.0
6951	2.5
6957	3.5
6959	3.0
7004	2.0
7075	4.5
7091	4.0
7132	4.5
7143	4.0
7147	4.0
7151	4.0
7153	4.0
7154	3.5
7155	3.5
7162	4.0
7173	3.0
7247	4.0
7255	3.0
7285	4.0
7346	4.5
7361	4.0
7366	4.0
7367	3.5
7373	3.5
7438	3.5
7451	4.0
7454	3.5
7458	2.5
7618	5.0
7669	5.0
7701	2.0
7706	4.0
7842	3.5
8228	4.5
8360	4.0
8366	4.5
8368	3.5
8373	3.5
8376	2.5
8529	3.5
8542	4.5
8581	4.0
8607	4.0
8636	4.0
8640	3.0
8644	3.0
8666	2.0
8784	5.0
8807	3.5
8865	3.5
8866	3.5
8874	3.5
8907	3.5
8910	4.0
8916	3.5
8917	4.0
8948	4.0
8949	4.5
8950	3.5
8958	4.0
8961	4.0
8965	3.0
8966	4.5
8969	3.0
8970	4.5
8972	3.5
8977	3.0
8981	4.0
8984	3.0
9010	4.0
26084	4.0
26680	4.0
27660	4.0
27706	3.5
27721	4.0
27788	3.5
27801	3.5
27808	3.5
27821	4.0
27904	3.5
30707	4.5
30749	4.5
30793	4.0
30810	4.0
30812	4.5
30816	4.0
30822	3.5
30825	3.5
30850	4.0
31221	3.0
31225	3.5
31685	4.0
31694	4.5
31878	4.5
32019	3.5
32031	3.0
32296	2.5
32587	4.0
32596	3.0
32598	4.0
33004	3.5
33166	4.0
33493	3.5
33646	3.5
33669	4.0
33679	3.5
33794	4.0
33836	3.0
34048	2.5
34072	4.5
34150	2.0
34162	2.5
34332	3.5
34336	4.0
34338	4.5
34405	5.0
35836	4.5
36401	3.5
36517	4.0
36525	3.5
36529	4.5
36535	4.0
36708	4.0
37380	1.0
37386	2.5
37729	4.0
37741	5.0
37857	4.0
38061	4.5
39231	4.0
39292	5.0
39444	4.0
40278	4.0
40581	3.5
40629	4.0
40815	3.5
40819	4.5
40826	4.5
41285	3.5
41566	3.5
41569	4.0
41571	4.0
41716	4.0
42002	5.0
42004	4.5
43560	4.0
44022	3.0
44191	4.0
44195	4.5
44204	4.5
45028	4.0
45447	4.5
45499	3.0
45501	3.5
45517	4.0
45720	4.0
45722	3.5
45728	4.0
45732	3.0
46530	4.0
46578	4.5
46723	3.5
46850	4.5
46965	4.5
46976	4.0
47099	4.0
47518	3.5
47997	3.5
48043	4.0
48394	4.5
48738	4.5
48774	4.5
48780	4.5
49272	4.0
49274	4.0
49396	3.0
49530	4.0
49822	4.0
49824	4.0
50798	1.5
50872	4.0
51077	2.5
51255	5.0
51662	4.0
52975	4.5
54001	4.0
54190	4.5
55267	4.0
55830	3.5
56152	4.5
56171	3.5
56367	5.0
56587	4.5
56757	5.0
58154	3.5
58559	5.0
59315	4.5
59501	3.0
59615	4.0
59784	3.5
60069	5.0
60074	3.5
60126	4.0
60397	3.5
60684	4.5
61132	4.0
61323	4.5
62155	4.0
62434	4.5
63082	4.5
63992	2.5
66934	5.0
68237	4.0
68358	4.0
68554	3.5
68954	5.0
69122	3.5
69757	4.0
69844	4.0
70286	4.5
71518	4.5
71535	3.5
72407	1.5
72737	3.5
72998	4.0
73017	4.5
76251	5.0
77561	4.0
78499	3.5
79091	4.0
79132	4.0
80549	4.0
81834	3.5
81845	4.0
81847	3.5
83134	4.0
84374	3.5
84392	4.0
84954	4.5
86190	3.0
86332	3.5
86882	4.0
87232	4.0
88125	3.5
88140	3.5
88405	3.5
88810	4.0
89492	4.0
89745	4.5
89804	3.5
89904	4.5
90746	4.5
90866	4.5
91500	4.0
91529	4.0
91542	4.0
93840	3.5
94777	3.5
95167	4.0
95441	3.5
96610	4.0
96821	4.0
97938	4.0
98154	4.0
98809	4.0
99149	4.0
101864	3.5
102125	4.0
102445	4.5
103141	3.5
103341	4.0
103772	3.0
106487	4.5
106489	3.0
111362	3.5
112183	4.5
112852	4.5
