1	4.0
2	2.0
3	3.0
5	3.0
6	5.0
7	3.0
10	4.0
15	1.0
16	3.0
17	3.0
18	3.0
21	4.0
24	2.0
32	4.0
34	4.0
39	4.0
44	3.0
45	3.0
47	3.0
50	4.0
52	4.0
62	3.0
63	3.0
69	4.0
70	4.0
71	1.0
72	4.0
76	2.0
88	2.0
94	5.0
95	3.0
101	3.0
104	4.0
107	4.0
110	5.0
111	5.0
112	4.0
113	2.0
118	3.0
141	3.0
144	4.0
150	3.0
153	2.0
160	1.0
163	4.0
168	2.0
170	4.0
173	2.0
180	4.0
185	2.0
186	3.0
196	1.0
198	3.0
203	3.0
208	2.0
215	4.0
223	5.0
231	3.0
235	4.0
247	4.0
252	4.0
260	5.0
293	4.0
296	4.0
303	4.0
316	3.0
318	5.0
325	3.0
327	3.0
329	2.0
338	3.0
344	4.0
350	3.0
353	4.0
356	4.0
357	4.0
364	3.0
367	3.0
368	4.0
370	2.0
372	4.0
377	3.0
380	4.0
410	3.0
418	3.0
432	2.0
441	4.0
442	2.0
450	3.0
457	3.0
466	3.0
471	4.0
474	3.0
480	3.0
485	2.0
520	3.0
524	3.0
539	3.0
541	4.0
551	4.0
553	4.0
555	3.0
586	3.0
588	3.0
589	4.0
592	3.0
593	4.0
594	4.0
595	4.0
596	3.0
597	3.0
599	4.0
608	4.0
610	3.0
627	4.0
648	2.0
653	3.0
661	4.0
671	4.0
673	1.0
708	3.0
710	1.0
714	4.0
728	4.0
733	3.0
736	2.0
741	3.0
743	1.0
745	4.0
748	2.0
750	5.0
780	3.0
783	2.0
784	4.0
785	3.0
799	3.0
800	4.0
802	3.0
829	2.0
832	3.0
833	2.0
838	3.0
839	2.0
849	2.0
858	4.0
903	4.0
912	5.0
919	4.0
923	5.0
926	4.0
946	4.0
953	3.0
954	4.0
994	4.0
996	2.0
999	3.0
1020	2.0
1022	3.0
1025	4.0
1027	2.0
1029	3.0
1030	3.0
1032	3.0
1036	4.0
1047	4.0
1057	3.0
1059	3.0
1060	4.0
1061	3.0
1073	3.0
1079	4.0
1080	4.0
1089	4.0
1091	2.0
1097	3.0
1101	4.0
1103	4.0
1120	3.0
1126	1.0
1127	4.0
1136	4.0
1148	4.0
1196	5.0
1197	5.0
1198	5.0
1199	4.0
1200	5.0
1201	5.0
1206	4.0
1208	4.0
1210	4.0
1213	5.0
1214	4.0
1215	4.0
1217	4.0
1218	5.0
1219	5.0
1220	4.0
1223	4.0
1240	4.0
1242	4.0
1246	4.0
1247	5.0
1252	4.0
1257	4.0
1261	4.0
1265	5.0
1266	4.0
1269	5.0
1270	4.0
1272	4.0
1274	4.0
1275	3.0
1276	5.0
1282	4.0
1285	4.0
1288	4.0
1291	5.0
1297	4.0
1301	3.0
1307	4.0
1320	2.0
1343	3.0
1356	4.0
1370	3.0
1372	3.0
1374	4.0
1377	3.0
1378	3.0
1379	2.0
1380	3.0
1387	4.0
1391	4.0
1393	2.0
1396	3.0
1405	3.0
1407	3.0
1408	3.0
1409	2.0
1411	4.0
1425	3.0
1429	3.0
1431	1.0
1438	2.0
1440	3.0
1441	3.0
1449	4.0
1457	2.0
1459	2.0
1461	2.0
1465	3.0
1484	3.0
1488	2.0
1500	4.0
1513	3.0
1515	1.0
1517	3.0
1527	4.0
1541	2.0
1542	3.0
1544	2.0
1552	3.0
1562	1.0
1566	3.0
1569	4.0
1573	3.0
1580	3.0
1584	3.0
1587	3.0
1591	3.0
1603	2.0
1606	1.0
1608	3.0
1610	4.0
1614	3.0
1617	5.0
1629	1.0
1635	4.0
1639	5.0
1641	4.0
1647	3.0
1653	3.0
1663	4.0
1667	3.0
1673	4.0
1676	3.0
1680	4.0
1682	4.0
1687	2.0
1690	3.0
1701	3.0
1702	2.0
1704	4.0
1711	3.0
1717	3.0
1721	3.0
1722	3.0
1729	3.0
1732	5.0
1747	3.0
1748	3.0
1760	2.0
1769	2.0
1772	3.0
1777	3.0
1779	3.0
1784	4.0
1797	4.0
1799	4.0
1801	2.0
1804	3.0
1805	3.0
1810	3.0
1816	3.0
1831	1.0
1835	3.0
1845	2.0
1866	4.0
1876	3.0
1882	1.0
1883	3.0
1885	3.0
1892	3.0
1894	3.0
1895	4.0
1907	3.0
1909	2.0
1912	4.0
1917	3.0
1918	3.0
1920	3.0
1921	4.0
1923	4.0
1967	3.0
1968	4.0
2000	3.0
2003	4.0
2004	3.0
2005	4.0
2006	3.0
2010	3.0
2011	3.0
2012	3.0
2019	5.0
2021	3.0
2028	4.0
2033	4.0
2053	1.0
2054	3.0
2058	3.0
2060	3.0
2072	4.0
2078	4.0
2080	3.0
2081	3.0
2083	4.0
2085	3.0
2087	3.0
2094	3.0
2096	3.0
2107	1.0
2108	3.0
2109	4.0
2110	2.0
2115	4.0
2124	4.0
2125	3.0
2126	2.0
2133	3.0
2134	4.0
2139	4.0
2140	4.0
2141	3.0
2143	4.0
2144	4.0
2145	3.0
2146	3.0
2150	3.0
2153	1.0
2155	3.0
2161	4.0
2165	3.0
2166	2.0
2167	3.0
2169	3.0
2171	3.0
2174	4.0
2193	3.0
2231	3.0
2232	3.0
2236	2.0
2248	5.0
2249	4.0
2273	3.0
2275	4.0
2278	4.0
2279	1.0
2280	3.0
2282	3.0
2291	4.0
2294	4.0
2301	4.0
2306	2.0
2310	3.0
2316	3.0
2318	4.0
2320	3.0
2321	4.0
2324	5.0
2325	4.0
2328	1.0
2329	4.0
2333	4.0
2334	2.0
2335	3.0
2336	4.0
2337	2.0
2352	5.0
2353	2.0
2355	3.0
2356	3.0
2359	3.0
2384	4.0
2387	3.0
2391	3.0
2393	2.0
2394	3.0
2395	4.0
2396	4.0
2401	4.0
2413	4.0
2424	2.0
2431	2.0
2433	3.0
2436	3.0
2442	4.0
2443	4.0
2445	1.0
2447	1.0
2450	1.0
2485	1.0
2490	3.0
2501	4.0
2502	4.0
2504	3.0
2505	2.0
2506	3.0
2527	2.0
2539	3.0
2540	2.0
2541	3.0
2542	4.0
2560	3.0
2567	1.0
2571	4.0
2572	4.0
2580	4.0
2583	3.0
2596	4.0
2598	2.0
2599	4.0
2600	2.0
2605	2.0
2606	3.0
2615	2.0
2616	3.0
2617	3.0
2622	3.0
2625	3.0
2628	4.0
2640	4.0
2641	3.0
2657	2.0
2671	2.0
2672	2.0
2683	3.0
2687	3.0
2688	1.0
2690	4.0
2692	5.0
2693	4.0
2694	3.0
2699	3.0
2700	4.0
2706	4.0
2707	3.0
2709	4.0
2710	2.0
2712	3.0
2716	5.0
2717	4.0
2718	3.0
2719	2.0
2720	1.0
2722	4.0
2723	3.0
2746	4.0
2759	4.0
2761	5.0
2762	4.0
2764	3.0
2770	3.0
2772	4.0
2791	4.0
2792	3.0
2793	3.0
2797	4.0
2804	3.0
2826	2.0
2836	3.0
2840	2.0
2841	4.0
2857	2.0
2858	5.0
2879	3.0
2881	2.0
2883	4.0
2890	4.0
2891	4.0
2905	4.0
2908	2.0
2912	3.0
2916	3.0
2918	5.0
2921	4.0
2922	3.0
2947	4.0
2951	4.0
2953	1.0
2959	5.0
2966	3.0
2968	4.0
2978	3.0
2985	3.0
2987	3.0
2997	5.0
3000	4.0
3005	1.0
3006	4.0
3007	4.0
3020	4.0
3022	5.0
3030	5.0
3033	4.0
3034	4.0
3037	4.0
3052	3.0
3053	2.0
3066	4.0
3081	3.0
3082	4.0
3087	4.0
3091	4.0
3107	3.0
3113	2.0
3114	4.0
3145	4.0
3147	4.0
3159	3.0
3160	4.0
3163	3.0
3174	4.0
3175	3.0
3176	1.0
3181	4.0
3186	4.0
3208	3.0
3210	4.0
3247	2.0
3248	2.0
3252	4.0
3253	4.0
3254	3.0
3257	1.0
3258	3.0
3261	4.0
3265	5.0
3268	1.0
3273	2.0
3285	2.0
3300	3.0
3301	3.0
3310	4.0
3316	2.0
3317	4.0
3327	4.0
3328	5.0
3354	1.0
3363	4.0
3396	5.0
3397	4.0
3398	4.0
3408	4.0
3418	4.0
3421	4.0
3450	4.0
3452	3.0
3477	4.0
3481	4.0
3508	5.0
3510	5.0
3512	3.0
3513	4.0
3534	3.0
3535	2.0
3536	4.0
3538	3.0
3552	4.0
3555	2.0
3556	3.0
3565	4.0
3566	4.0
3578	3.0
3616	2.0
3618	4.0
3623	4.0
3624	4.0
3717	3.0
3730	5.0
3740	2.0
3744	4.0
3745	4.0
3752	4.0
3753	2.0
3754	1.0
3785	3.0
3793	4.0
3809	4.0
3825	1.0
3826	2.0
3827	3.0
3852	4.0
3863	3.0
3864	3.0
3869	4.0
3889	1.0
3896	5.0
3897	5.0
3901	3.0
3911	4.0
3946	2.0
3947	3.0
3948	3.0
3949	3.0
3955	3.0
3968	3.0
3969	4.0
3972	4.0
3986	2.0
3988	3.0
3994	5.0
3996	5.0
3997	1.0
4006	4.0
4015	1.0
4016	4.0
4018	3.0
4019	4.0
4022	3.0
4027	4.0
4034	4.0
4066	4.0
