1	3.0
2	2.5
3	2.5
10	3.0
15	1.5
16	3.0
17	4.0
18	3.0
19	1.5
21	3.0
32	3.5
34	3.5
39	2.0
47	4.0
48	4.5
50	5.0
62	2.5
70	2.5
89	2.0
94	3.0
95	2.5
97	3.0
110	3.0
111	5.0
123	2.5
141	2.5
150	3.5
152	3.0
153	3.0
158	3.0
162	2.5
163	1.5
169	2.0
170	3.0
180	5.0
186	2.0
188	2.5
194	3.0
196	0.5
199	2.0
215	3.0
223	5.0
231	2.5
235	4.5
239	2.5
247	3.5
253	3.5
256	2.5
260	5.0
261	3.0
277	2.5
288	5.0
293	4.5
296	5.0
299	3.0
315	2.0
316	3.0
318	5.0
319	3.5
327	3.5
328	3.5
329	3.0
332	2.5
333	2.0
337	2.5
339	3.5
340	3.0
344	2.5
345	4.0
353	3.0
356	5.0
357	3.0
364	3.0
366	3.0
367	2.5
370	1.5
376	3.5
377	2.5
390	3.0
410	1.0
416	2.5
441	4.0
455	3.0
457	2.5
466	1.0
480	5.0
481	4.0
500	2.5
515	3.0
527	3.0
535	2.5
538	3.0
539	3.0
541	3.0
551	4.0
555	3.0
562	3.0
581	4.0
586	3.0
587	2.0
588	4.5
589	2.5
590	4.0
592	3.5
593	4.5
594	2.5
595	5.0
596	2.5
597	2.5
608	2.5
609	1.0
616	2.5
628	3.5
639	2.5
648	3.0
661	3.0
674	3.0
714	3.0
724	3.5
733	2.0
741	2.0
742	2.5
743	1.5
750	2.0
766	5.0
778	5.0
780	2.5
781	3.0
783	5.0
784	4.0
786	2.5
788	1.0
798	2.5
838	3.0
851	4.0
858	4.5
866	3.0
888	0.5
901	3.0
902	3.0
903	3.0
904	4.0
908	3.0
909	4.0
912	4.5
914	3.0
915	3.5
916	3.0
919	3.0
920	3.0
923	4.5
924	4.5
940	3.0
949	3.5
953	4.5
968	3.5
986	2.5
1015	3.5
1022	2.5
1029	2.5
1033	3.0
1035	3.0
1036	4.5
1042	3.5
1046	3.0
1047	3.0
1057	5.0
1059	3.0
1060	5.0
1061	3.0
1073	2.0
1079	5.0
1080	4.0
1084	3.5
1088	3.5
1089	5.0
1090	4.0
1094	3.0
1097	3.0
1101	3.5
1103	3.0
1104	3.5
1124	3.0
1127	3.0
1129	3.5
1136	5.0
1161	3.0
1175	3.0
1178	3.0
1186	3.5
1188	2.5
1193	5.0
1196	5.0
1197	4.0
1198	3.0
1199	3.5
1200	4.0
1201	5.0
1202	3.5
1203	4.0
1206	5.0
1207	3.5
1208	4.5
1209	3.0
1210	5.0
1211	3.0
1213	5.0
1214	5.0
1215	2.5
1219	3.5
1220	5.0
1221	4.5
1222	5.0
1225	2.5
1227	5.0
1228	3.5
1230	5.0
1232	3.0
1233	3.0
1234	5.0
1235	3.0
1240	3.0
1244	5.0
1246	5.0
1247	3.0
1249	3.5
1251	3.0
1252	3.0
1253	1.5
1254	3.5
1255	3.0
1257	2.5
1258	5.0
1259	4.5
1261	1.0
1262	4.0
1263	5.0
1265	4.0
1268	3.5
1270	4.0
1271	3.0
1273	4.5
1274	3.0
1275	3.5
1281	3.5
1285	3.0
1288	3.0
1290	3.0
1291	3.5
1296	3.0
1298	5.0
1301	4.5
1304	3.5
1305	3.5
1307	4.0
1320	3.5
1321	4.0
1333	3.0
1339	3.0
1343	4.0
1345	3.0
1347	4.0
1348	3.5
1350	2.5
1357	2.5
1358	3.5
1361	4.0
1367	3.0
1370	3.0
1371	2.5
1374	3.5
1376	2.5
1377	4.5
1380	3.5
1381	1.0
1387	5.0
1390	3.0
1391	2.0
1393	3.0
1394	2.5
1409	2.5
1425	2.5
1438	2.5
1441	3.5
1464	4.0
1466	2.5
1483	3.0
1485	3.0
1500	4.0
1513	2.5
1517	3.5
1527	3.5
1541	3.0
1544	2.5
1552	2.5
1562	3.0
1566	3.5
1573	2.5
1580	3.0
1584	3.0
1587	3.0
1588	1.5
1597	3.0
1600	3.0
1611	4.0
1617	3.0
1625	3.0
1635	3.0
1639	5.0
1641	4.5
1644	2.5
1653	3.5
1673	4.0
1680	2.5
1682	3.5
1688	2.0
1690	3.0
1701	3.5
1702	1.5
1704	3.5
1707	1.0
1713	2.0
1721	4.5
1722	3.0
1727	3.5
1729	3.0
1732	2.5
1748	3.5
1760	1.5
1777	2.5
1784	3.0
1799	3.5
1801	2.5
1809	2.0
1821	2.5
1827	2.5
1835	3.0
1866	2.5
1873	3.5
1876	3.0
1882	1.5
1884	5.0
1894	2.5
1895	2.5
1907	3.5
1909	3.0
1911	2.5
1917	3.0
1921	3.0
1923	2.5
1924	3.0
1935	2.5
1947	2.0
1949	2.5
1950	4.0
1952	3.0
1954	4.0
1955	3.0
1961	4.0
1962	3.5
1965	3.5
1966	3.5
1967	4.5
1968	2.5
1969	3.0
1970	2.5
1971	2.5
1972	2.5
1973	2.0
1974	2.0
1991	2.0
1994	2.0
1997	2.0
2003	2.5
2006	2.0
2009	3.5
2010	3.5
2011	3.0
2012	3.5
2018	3.0
2022	4.5
2023	3.0
2028	4.5
2048	3.0
2053	0.5
2054	1.0
2058	3.0
2059	3.0
2078	2.5
2080	3.0
2081	3.0
2082	2.0
2085	3.0
2105	3.0
2115	3.0
2117	3.0
2118	4.0
2120	3.0
2121	3.0
2122	1.5
2124	4.5
2125	3.0
2132	3.0
2134	5.0
2138	4.5
2139	3.0
2140	3.0
2142	2.5
2144	3.0
2145	3.5
2146	3.0
2153	2.0
2154	2.0
2160	2.0
2161	3.0
2167	1.5
2174	3.5
2176	3.0
2184	3.0
2188	3.0
2193	3.5
2194	4.5
2231	3.0
2232	4.5
2245	2.5
2248	3.0
2262	4.0
2268	2.5
2269	3.0
2279	2.5
2288	3.0
2291	4.0
2294	3.0
2297	3.5
2313	3.5
2315	1.5
2316	3.0
2318	3.5
2321	4.0
2329	5.0
2337	5.0
2340	3.0
2346	3.5
2348	2.5
2359	3.0
2366	3.0
2378	2.5
2379	1.0
2384	2.0
2394	3.5
2395	3.0
2396	3.5
2402	2.0
2403	3.5
2404	2.0
2409	3.0
2410	3.0
2413	3.0
2420	3.5
2424	2.5
2428	1.5
2431	3.5
2432	3.0
2437	4.0
2443	3.5
2454	4.5
2455	3.0
2470	0.5
2502	3.5
2513	2.5
2528	3.5
2529	4.0
2539	3.0
2541	3.5
2542	4.0
2567	2.5
2571	5.0
2572	4.0
2579	3.5
2580	3.5
2596	4.0
2599	2.5
2605	2.0
2617	3.0
2628	3.5
2629	2.0
2640	3.0
2644	3.5
2657	5.0
2664	3.0
2671	3.0
2683	3.0
2692	3.5
2699	2.5
2700	2.5
2701	3.0
2706	1.5
2707	2.5
2710	4.0
2712	3.5
2716	3.0
2719	1.5
2721	3.5
2722	2.5
2724	2.5
2728	3.5
2729	3.5
2730	3.0
2732	3.0
2747	3.5
2750	3.5
2761	4.0
2762	3.5
2764	3.5
2791	1.0
2792	2.0
2793	1.5
2797	2.5
2804	2.5
2810	3.0
2858	4.0
2908	4.0
2912	2.0
2916	3.5
2918	4.5
2926	3.0
2935	3.0
2942	3.5
2947	3.0
2948	3.0
2950	2.0
2953	2.0
2959	5.0
2966	3.5
2973	3.0
2978	2.5
2985	1.5
2987	2.5
2990	3.0
2997	3.0
3000	2.5
3005	4.0
3011	3.5
3018	3.5
3019	3.0
3020	4.0
3034	3.0
3052	4.0
3081	3.0
3087	3.5
3088	3.5
3094	3.0
3095	4.0
3105	3.0
3108	3.5
3114	2.0
3147	4.0
3148	3.0
3152	3.0
3157	2.0
3160	5.0
3168	4.0
3173	2.0
3174	3.5
3175	3.0
3176	5.0
3186	5.0
3194	2.5
3198	3.0
3210	3.5
3225	2.0
3246	2.5
3252	3.0
3255	3.5
3258	2.5
3261	3.5
3264	2.0
3267	1.0
3270	2.0
3271	3.5
3275	4.5
3301	3.5
3317	4.0
3355	2.5
3362	4.0
3363	3.0
3386	4.5
3394	2.5
3408	3.5
3418	3.5
3421	3.5
3424	1.5
3441	3.5
3448	3.0
3450	3.0
3476	3.0
3477	3.0
3481	4.5
3483	3.5
3499	4.0
3504	2.5
3527	2.0
3535	4.5
3545	4.0
3546	4.0
3551	3.0
3556	4.0
3578	3.5
3606	2.5
3617	1.0
3672	2.5
3676	3.0
3702	2.0
3703	1.5
3704	1.5
3717	2.5
3729	2.5
3730	3.5
3745	2.5
3747	3.5
3752	2.5
3755	3.0
3785	1.5
3786	3.5
3791	2.5
3793	4.0
3814	3.0
3825	2.5
3826	2.0
3868	2.5
3882	2.5
3897	3.0
3910	3.5
3917	1.5
3927	3.0
3932	3.0
3948	2.5
3949	5.0
3967	2.5
3969	3.5
3973	0.5
3977	2.5
3984	3.0
3988	2.5
3994	3.0
3996	3.0
4003	3.0
4007	4.0
4011	3.0
4014	3.5
4015	2.0
4016	3.5
4017	3.5
4018	2.5
4020	3.5
4022	2.5
4023	3.0
4025	1.5
4027	3.5
4029	2.5
4034	3.0
4036	3.5
4041	3.0
4085	3.0
4091	3.0
4161	3.0
4223	3.5
4226	5.0
4228	3.0
4231	3.5
4232	1.5
4239	3.0
4246	2.5
4262	3.5
4267	3.0
4270	2.0
4280	3.0
4299	3.5
4306	3.5
4308	5.0
4310	3.5
4327	4.0
4329	3.0
4343	1.5
4344	1.5
4351	3.0
4357	3.0
4361	3.0
4366	3.0
4367	2.5
4368	2.0
4370	3.0
4372	2.5
4386	2.0
4388	1.0
4432	3.0
4446	2.0
4447	2.0
4452	3.5
4467	4.0
4519	3.5
4529	3.0
4553	3.0
4558	2.5
4616	2.5
4621	2.5
4639	3.0
4641	3.5
4642	4.0
4643	2.5
4700	2.0
4718	0.5
4720	4.0
4728	1.5
4733	3.0
4734	3.0
4754	3.0
4814	2.0
4815	3.5
4816	4.0
4844	3.0
4848	3.0
4855	4.0
4857	5.0
4865	3.0
4867	2.5
4874	3.0
4876	1.5
4878	4.0
4880	3.0
4881	3.5
4886	3.5
4890	2.5
4896	2.0
4901	2.5
4951	3.5
4954	3.5
4963	4.0
4973	4.5
4974	0.5
4979	3.0
4992	2.5
4993	3.5
4995	5.0
5010	3.0
5014	2.0
5060	3.0
5065	3.0
5074	2.5
5106	1.0
5128	3.5
5146	2.0
5151	3.0
5218	3.0
5219	2.5
5222	3.0
5266	3.5
5299	2.5
5349	2.5
5363	2.0
5377	3.0
5378	4.5
5388	3.5
5415	2.0
5418	3.5
5421	3.5
5445	3.5
5459	1.5
5464	3.5
5478	1.5
5481	2.5
5502	2.5
5508	5.0
5528	2.5
5530	2.5
5540	3.0
5541	2.0
5577	3.5
5608	3.0
5617	4.5
5618	4.0
5620	2.0
5630	2.5
5666	4.0
5668	3.0
5669	3.5
5679	3.0
5690	4.0
5693	3.0
5784	0.5
5785	2.0
5791	2.5
5792	3.0
5810	1.5
5816	2.0
5833	0.5
5853	3.0
5882	3.5
5890	3.5
5902	2.5
5903	4.0
5942	2.0
5945	2.0
5952	3.5
5954	2.5
5956	2.5
5957	3.0
5971	4.0
5989	3.5
5991	3.5
5992	4.0
5995	4.0
6001	3.5
6003	3.0
6016	3.0
6093	1.5
6155	2.5
6157	2.0
6166	1.5
6184	3.0
6187	3.0
6197	2.5
6218	4.0
6223	3.5
6250	2.0
6266	2.0
6283	3.0
6286	2.5
6287	1.0
6291	2.0
6297	3.5
6333	4.0
6350	1.0
6365	1.0
6367	3.0
6373	2.0
6377	3.5
6502	5.0
6534	1.0
6539	3.5
6541	1.5
6564	2.0
6593	2.5
6615	0.5
6659	4.0
6707	1.5
6709	1.5
6711	3.5
6731	3.0
6753	4.0
6754	1.5
6763	2.0
6776	3.0
6793	2.0
6794	1.0
6807	3.0
6820	3.0
6863	2.5
6867	4.0
6870	3.0
6873	2.5
6874	4.5
6881	4.0
6888	1.5
6889	2.5
6890	2.5
6932	2.5
6942	4.5
6953	4.0
6975	3.0
6993	4.0
7001	3.5
7013	3.5
7022	4.5
7034	3.0
7036	3.0
7044	3.0
7076	3.0
7099	2.0
7123	3.0
7147	5.0
7151	3.0
7153	3.5
7154	3.5
7160	3.5
7162	4.0
7164	3.5
7173	2.5
7235	2.5
7254	3.0
7265	3.0
7285	3.5
7293	3.0
7318	2.5
7324	3.0
7325	3.0
7347	2.5
7360	4.5
7361	4.5
7366	3.0
7367	3.0
7371	5.0
7373	2.5
7380	2.5
7387	3.5
7419	3.0
7438	4.5
7444	3.0
7451	2.5
7454	1.5
7458	2.0
7460	4.5
7569	3.0
7802	3.0
7836	3.0
7934	3.0
7981	2.5
8042	3.0
8340	3.5
8360	3.0
8361	3.0
8366	3.5
8368	2.5
8373	2.5
8376	3.0
8464	3.0
8501	3.5
8528	2.0
8529	3.0
8533	2.0
8596	3.0
8607	3.0
8622	2.5
8636	2.5
8641	3.5
8644	2.0
8665	3.0
8783	3.5
8784	3.0
8798	3.5
8807	3.5
8808	2.0
8810	1.0
8861	2.0
8865	2.5
8866	2.5
8873	3.0
8874	5.0
8910	3.0
8914	3.0
8916	3.0
8947	1.5
8948	2.5
8949	2.5
8950	5.0
8957	4.0
8961	4.0
8966	4.0
8970	3.0
8977	2.0
8981	2.5
8983	4.0
8984	3.0
25771	3.5
26152	3.5
26662	4.5
26680	2.5
26776	2.0
27266	2.5
27317	2.5
27660	3.0
27706	2.5
27731	3.5
27773	2.5
27790	3.5
27808	2.5
27815	4.0
27838	3.5
27904	3.5
30707	3.0
30793	3.0
30810	2.5
30812	2.0
30816	2.5
30820	3.0
31658	4.0
31685	3.0
31696	5.0
32587	3.0
33004	2.5
33085	1.0
33164	1.0
33166	3.0
33171	3.5
33493	4.0
33615	2.0
33660	3.5
33679	2.0
33794	4.0
33836	2.5
33880	3.0
34048	3.0
34150	3.5
34319	2.5
34338	3.0
34405	4.0
34437	3.0
34520	3.0
34528	2.5
34542	3.0
35836	2.5
35957	3.0
36401	2.0
36529	3.0
36535	3.0
36708	3.5
37382	2.5
37384	2.5
37386	2.5
37720	1.5
37729	2.0
37731	3.5
37733	3.0
37741	4.0
37830	3.0
37857	3.0
38038	3.0
38061	4.5
38304	3.0
38798	3.0
38886	3.0
39183	3.0
39231	2.5
39381	3.0
39414	3.0
39444	2.5
39446	3.0
39715	0.5
40278	3.5
40581	2.5
40583	2.5
40629	3.5
40732	1.5
40815	3.0
40819	2.5
40826	2.0
41285	3.5
41566	3.0
41571	3.5
41997	4.5
42002	2.0
42004	4.0
42011	3.0
42723	1.0
43376	3.0
43560	3.0
44004	2.5
44191	3.0
44193	2.5
44195	3.5
44397	2.5
44555	2.5
44761	2.5
44974	5.0
45028	3.0
45081	3.5
45210	3.0
45431	2.5
45447	3.0
45499	4.0
45501	3.0
45666	3.5
45668	3.5
45672	2.5
45720	3.0
45722	2.0
45726	2.5
45728	5.0
45732	2.5
45880	3.0
46530	3.0
46578	2.0
46723	4.0
46948	3.0
46965	2.5
46970	2.0
46972	3.0
46976	4.0
47044	3.0
47099	3.5
47200	3.5
47423	3.5
47518	3.0
47610	2.0
47629	3.5
47644	3.0
48043	2.0
48082	3.0
48304	3.0
48394	3.0
48516	3.5
48696	4.0
48738	5.0
48774	5.0
48780	5.0
48783	2.0
48877	2.0
48997	1.5
49272	4.5
49286	3.5
49772	3.0
49822	3.0
49824	3.0
49932	3.0
50442	3.5
50601	2.5
50872	4.0
50912	4.0
51084	3.0
51086	3.0
51091	3.0
51255	5.0
51540	3.0
51662	5.0
51931	3.0
52241	4.0
52328	3.5
52604	3.5
52722	1.5
52952	3.0
52973	3.0
52975	2.5
53000	1.5
53123	3.0
53125	1.0
53318	3.5
53322	2.5
53464	3.5
53519	5.0
53550	2.5
53953	2.5
53972	3.0
53996	2.0
54001	3.0
54190	3.5
54259	2.5
54272	3.5
54281	4.5
54286	3.0
54503	2.5
54995	4.0
55052	3.5
55118	2.0
55247	3.5
55269	2.5
55280	3.0
55282	1.0
55290	3.5
55363	4.0
55444	3.5
55765	2.5
55814	2.5
55820	3.0
55830	3.0
55872	2.5
56145	4.5
56156	1.0
56174	2.5
56333	2.5
56339	3.0
56367	4.0
56587	2.5
56715	3.5
56757	3.0
56782	3.5
56941	3.5
56949	2.5
57274	4.0
57368	4.5
57504	4.0
57528	3.0
57640	3.0
57669	4.0
58025	2.0
58154	3.5
58162	3.0
58303	3.5
58559	5.0
58803	3.0
58998	3.5
59018	3.0
59315	4.5
59369	3.0
59387	5.0
59501	3.0
59725	2.0
59784	2.5
60037	1.5
60040	4.0
60069	3.5
60072	2.5
60074	3.0
60397	2.5
60684	4.0
60760	2.5
60950	3.5
61024	3.5
61132	3.5
61236	3.5
61240	3.5
61323	3.5
61729	3.0
62155	2.5
62434	4.5
62849	3.5
63072	3.5
63082	3.5
63113	3.0
63131	3.0
63853	3.0
63859	3.5
63876	4.0
63992	1.5
64575	3.5
64614	3.0
64622	3.5
64716	3.0
64839	2.0
64957	4.0
64969	4.0
64983	3.5
65130	3.0
65216	3.5
65230	3.0
65261	3.0
66097	3.0
66171	3.0
66203	2.5
66665	3.5
66934	3.5
67087	4.0
67197	2.5
67255	4.0
67734	3.5
67997	3.0
68073	4.0
68157	4.5
68205	1.5
68237	4.5
68319	4.0
68358	4.0
68791	3.5
68793	3.0
68848	3.0
68952	1.5
68954	4.0
69122	3.0
69134	2.0
69406	3.0
69481	3.5
69640	3.5
69757	4.5
69844	3.5
69951	4.0
70183	3.0
70286	3.0
70293	3.5
70336	2.5
70599	4.0
71057	3.0
71156	3.5
71254	3.0
71264	2.5
71379	3.5
71518	4.0
71520	2.5
71535	4.0
71579	4.0
71745	3.5
71838	3.0
71899	3.5
72011	3.5
72226	4.0
72395	3.0
72407	2.0
72641	3.5
72720	5.0
72731	2.5
72737	2.0
72998	4.0
73017	4.0
73023	2.5
73266	3.0
73268	3.0
74458	3.5
74510	3.5
74789	3.0
76077	2.5
76093	4.0
76175	2.0
76251	5.0
77561	4.0
78039	3.0
78209	2.5
78499	3.5
78574	3.5
78637	2.5
78772	1.5
79091	2.5
79132	5.0
79242	3.5
79293	2.5
79357	4.0
79695	3.0
79702	5.0
80219	4.0
80463	3.0
80489	4.0
80549	4.5
80969	4.0
81229	3.5
81537	2.5
81562	3.5
81591	4.0
81834	3.5
81845	4.0
81847	4.0
82202	3.5
82459	4.0
82461	3.0
83349	3.5
83613	3.5
84152	3.0
84374	2.0
84392	4.0
84772	2.5
84944	3.5
85414	3.5
85510	4.5
86190	3.5
86320	3.5
86332	2.5
86882	4.0
86898	4.0
87232	4.0
87306	2.0
87485	2.5
87869	4.0
88125	4.0
88129	4.0
88140	2.0
88163	3.0
88405	2.0
88744	3.5
88810	4.0
89470	3.0
89492	3.0
89745	3.5
89753	3.0
89864	4.0
89904	3.5
90405	3.0
90746	4.0
90866	3.0
91077	3.0
91500	3.0
91529	4.5
91535	2.5
91542	3.5
91630	2.5
92259	3.5
92420	4.0
93510	4.5
93840	4.0
94864	4.5
94959	3.0
95167	3.0
95510	3.5
96079	4.0
96610	5.0
96737	3.5
96821	4.0
97304	3.5
97306	4.0
97752	4.0
97913	3.0
97921	3.0
97938	3.0
98809	2.5
99114	5.0
99149	4.0
102123	2.5
102125	4.5
102445	3.5
102903	3.0
103042	3.0
103228	3.0
103341	3.0
104374	3.5
104841	4.0
104913	3.0
105504	3.5
105844	3.5
106072	2.5
106100	4.0
106487	2.5
106696	4.0
106782	3.5
106918	3.5
106920	3.0
108932	4.0
109487	3.5
110102	3.0
111362	4.0
111759	3.0
112175	4.0
112183	3.0
112290	3.0
112556	3.5
112623	3.0
112852	3.5
