1	5.0
2	3.0
3	3.0
4	2.0
6	1.0
10	2.0
11	3.0
14	4.0
15	4.0
16	2.0
17	3.0
19	2.0
20	3.0
21	5.0
25	3.0
31	2.0
32	1.0
36	3.0
39	5.0
42	2.0
44	3.0
47	4.0
48	1.0
50	5.0
52	1.0
60	1.0
62	3.0
63	1.0
69	3.0
70	5.0
88	1.0
89	3.0
95	2.0
104	1.0
110	5.0
111	3.0
112	1.0
122	4.0
125	2.0
145	4.0
147	1.0
150	4.0
153	2.0
161	2.0
163	3.0
165	5.0
172	2.0
173	2.0
180	5.0
186	4.0
187	2.0
188	1.0
198	3.0
203	1.0
208	1.0
223	3.0
224	2.0
231	1.0
235	2.0
236	3.0
239	3.0
247	2.0
253	4.0
259	2.0
260	5.0
266	3.0
267	1.0
278	2.0
288	4.0
292	3.0
296	3.0
303	4.0
316	2.0
317	4.0
318	5.0
322	4.0
329	1.0
337	1.0
339	3.0
344	4.0
346	2.0
349	2.0
350	2.0
353	4.0
356	5.0
357	3.0
358	5.0
360	3.0
361	4.0
364	5.0
367	4.0
368	2.0
372	2.0
373	2.0
377	4.0
379	1.0
380	5.0
382	1.0
383	2.0
405	1.0
410	3.0
420	1.0
425	4.0
428	4.0
431	2.0
434	1.0
440	3.0
441	2.0
442	4.0
445	1.0
449	2.0
450	3.0
453	2.0
457	5.0
459	2.0
466	1.0
471	4.0
473	1.0
474	3.0
479	2.0
480	4.0
493	3.0
497	2.0
507	4.0
508	3.0
514	4.0
517	3.0
519	1.0
520	1.0
527	5.0
539	3.0
541	4.0
543	2.0
544	1.0
551	4.0
552	2.0
553	5.0
555	5.0
558	2.0
562	3.0
586	3.0
587	5.0
588	3.0
589	5.0
590	5.0
592	5.0
593	4.0
594	3.0
595	4.0
596	4.0
597	3.0
608	4.0
612	3.0
628	3.0
648	2.0
653	1.0
661	2.0
673	4.0
707	2.0
709	4.0
714	1.0
733	4.0
736	4.0
741	2.0
742	3.0
745	3.0
747	1.0
750	3.0
778	4.0
780	1.0
783	1.0
784	1.0
786	2.0
788	4.0
804	3.0
810	1.0
836	1.0
838	3.0
858	5.0
880	1.0
919	4.0
920	5.0
923	5.0
947	4.0
948	2.0
953	5.0
971	5.0
999	4.0
1022	3.0
1025	3.0
1027	5.0
1029	3.0
1032	4.0
1036	2.0
1037	1.0
1042	3.0
1047	4.0
1057	1.0
1060	2.0
1064	1.0
1073	4.0
1084	3.0
1089	3.0
1090	4.0
1092	3.0
1097	4.0
1100	2.0
1103	5.0
1105	1.0
1120	3.0
1126	3.0
1127	5.0
1196	5.0
1197	3.0
1198	4.0
1200	5.0
1204	3.0
1206	3.0
1210	5.0
1213	5.0
1214	2.0
1215	3.0
1219	4.0
1221	5.0
1222	3.0
1225	5.0
1227	1.0
1233	2.0
1234	4.0
1240	5.0
1242	5.0
1247	4.0
1252	3.0
1258	3.0
1263	4.0
1265	4.0
1266	4.0
1267	2.0
1270	5.0
1271	2.0
1274	2.0
1275	2.0
1276	4.0
1278	5.0
1282	1.0
1291	3.0
1293	5.0
1303	5.0
1304	4.0
1320	1.0
1333	4.0
1339	3.0
1345	2.0
1347	4.0
1350	3.0
1356	5.0
1357	3.0
1358	3.0
1367	1.0
1370	2.0
1371	2.0
1372	2.0
1373	2.0
1374	5.0
1376	2.0
1377	4.0
1387	4.0
1388	2.0
1390	3.0
1391	3.0
1393	4.0
1394	4.0
1405	1.0
1407	5.0
1408	1.0
1411	2.0
1417	1.0
1425	1.0
1457	3.0
1459	2.0
1466	4.0
1474	1.0
1476	1.0
1479	2.0
1485	3.0
1500	4.0
1503	1.0
1513	4.0
1517	1.0
1518	4.0
1527	4.0
1544	3.0
1552	4.0
1556	2.0
1562	1.0
1566	1.0
1569	4.0
1573	3.0
1580	5.0
1586	4.0
1589	3.0
1591	2.0
1597	3.0
1601	2.0
1604	3.0
1605	3.0
1608	4.0
1610	3.0
1614	1.0
1616	2.0
1617	5.0
1620	3.0
1625	4.0
1627	4.0
1633	3.0
1639	2.0
1641	3.0
1644	3.0
1645	2.0
1648	3.0
1653	4.0
1665	1.0
1667	2.0
1672	3.0
1673	2.0
1676	3.0
1680	3.0
1681	1.0
1682	5.0
1686	1.0
1687	1.0
1688	2.0
1689	1.0
1690	3.0
1694	4.0
1702	1.0
1704	3.0
1711	1.0
1713	4.0
1717	2.0
1721	5.0
1722	5.0
1726	2.0
1729	3.0
1732	1.0
1747	1.0
1748	3.0
1752	1.0
1754	1.0
1769	1.0
1777	3.0
1779	1.0
1784	5.0
1785	1.0
1792	1.0
1797	3.0
1799	3.0
1801	1.0
1805	3.0
1806	3.0
1831	3.0
1833	1.0
1834	3.0
1848	1.0
1866	4.0
1873	3.0
1882	1.0
1888	2.0
1892	1.0
1894	4.0
1895	4.0
1907	2.0
1909	3.0
1912	3.0
1917	3.0
1918	3.0
1921	4.0
1923	2.0
1931	3.0
1953	3.0
1954	3.0
1982	4.0
1985	1.0
1997	4.0
2003	5.0
2004	5.0
2005	4.0
2006	1.0
2011	5.0
2012	3.0
2015	4.0
2023	1.0
2028	4.0
2043	3.0
2052	1.0
2058	3.0
2072	2.0
2078	4.0
2080	4.0
2081	4.0
2082	1.0
2087	4.0
2092	1.0
2093	1.0
2094	3.0
2096	2.0
2097	4.0
2099	5.0
2100	4.0
2105	3.0
2115	5.0
2122	3.0
2123	4.0
2124	3.0
2125	4.0
2126	2.0
2153	1.0
2155	2.0
2167	3.0
2174	5.0
2193	4.0
2194	5.0
2231	1.0
2239	5.0
2268	2.0
2273	4.0
2278	2.0
2279	1.0
2280	1.0
2282	1.0
2289	1.0
2291	5.0
2294	3.0
2302	3.0
2320	2.0
2321	4.0
2324	5.0
2329	5.0
2334	2.0
2335	2.0
2336	1.0
2337	1.0
2338	1.0
2352	2.0
2353	3.0
2355	4.0
2360	5.0
2376	1.0
2385	1.0
2387	2.0
2389	1.0
2390	2.0
2391	3.0
2393	2.0
2394	3.0
2395	3.0
2396	4.0
2409	3.0
2410	4.0
2411	4.0
2412	1.0
2424	3.0
2427	2.0
2428	4.0
2431	1.0
2443	2.0
2447	3.0
2448	1.0
2450	4.0
2455	3.0
2485	3.0
2490	5.0
2496	4.0
2500	2.0
2501	3.0
2502	2.0
2505	2.0
2524	1.0
2539	5.0
2541	3.0
2542	2.0
2548	2.0
2567	4.0
2568	2.0
2571	5.0
2572	4.0
2581	4.0
2583	1.0
2587	1.0
2598	2.0
2599	4.0
2605	3.0
2606	3.0
2616	3.0
2617	4.0
2622	2.0
2628	3.0
2640	5.0
2641	4.0
2642	3.0
2643	2.0
2668	3.0
2671	1.0
2672	1.0
2683	3.0
2687	4.0
2690	5.0
2692	3.0
2694	2.0
2700	2.0
2701	1.0
2706	5.0
2707	5.0
2710	1.0
2716	5.0
2717	4.0
2723	1.0
2724	2.0
2746	5.0
2759	4.0
2761	5.0
2762	5.0
2763	4.0
2770	1.0
2797	4.0
2806	2.0
2807	1.0
2808	1.0
2827	1.0
2829	2.0
2858	5.0
2860	3.0
2861	4.0
2889	3.0
2890	4.0
2898	1.0
2916	2.0
2927	3.0
2929	3.0
2959	5.0
2968	1.0
2985	2.0
2986	4.0
2987	5.0
2990	4.0
2997	2.0
3000	1.0
3006	4.0
3020	3.0
3033	1.0
3052	2.0
3063	1.0
3067	3.0
3072	5.0
3081	4.0
3082	1.0
3087	4.0
3107	4.0
3113	3.0
3114	5.0
3146	2.0
3147	4.0
3156	3.0
3174	3.0
3175	4.0
3176	3.0
3178	3.0
3185	3.0
3189	5.0
3213	3.0
3243	3.0
3246	4.0
3252	2.0
3255	4.0
3256	2.0
3257	4.0
3259	4.0
3261	3.0
3264	4.0
3267	4.0
3273	3.0
3300	2.0
3363	3.0
3386	4.0
3405	5.0
3408	4.0
3438	4.0
3439	4.0
3440	1.0
3466	1.0
3467	3.0
3481	4.0
3483	2.0
3489	4.0
3499	2.0
3510	4.0
3529	3.0
3536	3.0
3549	4.0
3550	1.0
3566	2.0
3578	5.0
3593	2.0
3615	4.0
3623	5.0
3624	1.0
3638	4.0
3685	4.0
3701	3.0
3717	2.0
3745	2.0
3751	3.0
3753	3.0
3755	3.0
3793	3.0
3826	3.0
3835	1.0
3841	1.0
3869	1.0
3889	3.0
3968	4.0
3969	3.0
3994	3.0
3996	4.0
4005	1.0
4006	3.0
4016	4.0
4018	3.0
4019	3.0
4022	3.0
4023	3.0
4031	1.0
4034	4.0
4117	3.0
4128	4.0
4132	2.0
4133	2.0
4148	3.0
4161	4.0
4210	2.0
4232	2.0
4262	3.0
4305	2.0
4321	1.0
4329	3.0
4333	1.0
4339	3.0
4344	4.0
4351	1.0
4370	5.0
4388	1.0
4432	4.0
4446	2.0
4498	2.0
4535	3.0
4544	4.0
4545	4.0
4613	4.0
4638	2.0
4673	3.0
4677	4.0
4720	2.0
4784	4.0
