6	3.5
11	4.0
16	4.5
32	4.0
40	4.0
47	4.5
50	4.5
52	4.0
125	4.0
141	4.0
150	4.0
160	3.0
164	5.0
223	4.0
224	4.0
249	4.0
293	3.5
294	3.5
296	4.0
300	4.5
306	4.0
307	4.0
308	4.0
318	4.5
337	4.0
349	4.5
350	4.0
356	5.0
357	4.0
417	3.5
440	5.0
446	3.5
454	4.5
456	3.5
457	4.5
474	4.0
477	5.0
492	4.0
508	4.5
527	4.0
529	4.5
539	4.0
555	4.0
589	3.0
593	4.5
628	4.0
635	4.5
648	3.0
708	3.0
805	5.0
838	4.0
866	4.5
881	3.5
919	4.0
1034	4.0
1041	4.0
1060	4.5
1079	4.0
1092	4.0
1125	4.0
1186	4.0
1193	4.0
1196	4.5
1198	4.5
1210	4.0
1242	4.5
1246	4.0
1247	4.5
1249	3.0
1265	5.0
1270	4.5
1278	4.5
1291	4.5
1304	4.5
1307	4.5
1340	3.0
1343	4.5
1352	3.5
1353	3.5
1354	3.0
1365	4.0
1372	4.0
1393	4.0
1394	4.0
1422	4.0
1500	4.0
1580	4.5
1590	2.0
1597	4.0
1601	3.5
1610	4.5
1617	4.0
1620	4.0
1625	4.0
1629	4.0
1641	4.0
1645	4.0
1660	4.5
1663	4.5
1672	4.5
1678	4.5
1680	4.5
1682	3.5
1689	4.0
1693	4.5
1704	4.5
1711	4.0
1721	5.0
1722	3.0
1784	4.5
1834	4.0
1845	4.0
1883	4.0
1889	4.0
1909	5.0
1918	3.0
1921	4.0
1923	5.0
1961	4.5
2025	3.0
2028	5.0
2058	4.5
2110	4.0
2126	4.0
2130	4.0
2140	3.0
2194	4.0
2231	4.0
2243	3.0
2248	4.5
2268	4.5
2278	4.0
2289	4.0
2302	4.0
2324	4.0
2336	4.5
2359	4.0
2391	4.5
2395	4.0
2396	5.0
2398	3.0
2442	4.0
2474	4.0
2490	3.0
2496	4.0
2498	2.0
2501	4.0
2502	4.0
2505	3.0
2518	4.0
2519	3.0
2539	4.0
2542	4.0
2558	3.0
2567	4.0
2571	4.0
2579	4.0
2580	4.0
2599	4.0
2611	3.0
2617	4.0
2618	4.0
2686	5.0
2688	4.0
2692	5.0
2739	5.0
2762	4.0
2763	2.0
2770	5.0
2797	5.0
2803	4.0
2857	3.0
2858	4.0
2870	3.0
2881	4.0
2890	4.0
2918	4.0
2947	5.0
2952	4.0
2985	3.0
2987	4.0
2997	4.5
3006	4.5
3008	4.0
3060	4.5
3083	4.0
3147	4.0
3148	4.0
3176	4.5
3178	5.0
3246	4.5
3256	4.5
3298	4.0
3301	4.0
3316	3.0
3317	4.0
3324	3.0
3354	1.0
3355	3.0
3362	4.0
3408	4.0
3421	5.0
3426	4.0
3448	4.0
3451	4.5
3481	4.0
3507	5.0
3510	4.0
3512	4.0
3513	4.0
3534	3.0
3536	3.0
3554	4.0
3555	4.0
3578	4.0
3618	4.0
3623	3.0
3624	3.5
3671	4.5
3744	4.0
3755	5.0
3783	4.5
3793	3.0
3798	4.0
3826	3.5
3831	5.0
3852	3.5
3863	1.0
3893	4.0
3897	4.0
3909	4.0
3910	3.0
3916	4.5
3948	5.0
3952	4.5
3983	3.5
3994	4.0
3996	5.0
4007	5.0
4011	4.0
4014	4.5
4017	4.5
4018	3.0
4019	5.0
4020	3.5
4021	4.0
4022	5.0
4023	4.0
4024	5.0
4025	4.0
4027	4.5
4034	4.5
4055	3.5
4056	4.0
4225	3.5
4226	5.0
4235	4.5
4238	4.0
4239	4.0
4246	4.5
4306	4.0
4308	1.5
4343	3.5
4345	3.0
4367	3.0
4378	3.0
4381	4.0
4383	4.0
4447	4.0
4448	3.5
4452	3.5
4572	4.5
4641	4.0
4681	3.5
4701	4.0
4720	5.0
4723	4.0
4734	3.5
4776	5.0
4815	4.0
4816	3.5
4848	4.5
4874	4.0
4878	3.5
4880	4.5
4881	4.0
4889	4.0
4901	4.0
4903	4.5
4963	5.0
4971	3.5
4973	4.0
4975	4.0
4978	4.0
4979	3.5
4993	5.0
4995	4.0
5013	4.0
5015	4.0
5016	4.0
5051	3.5
5064	4.5
5065	4.0
5108	4.5
5135	3.5
5151	3.5
5222	4.0
5225	4.0
5266	4.5
5267	4.0
5282	4.0
5293	4.0
5298	3.5
5299	4.5
5319	4.5
5329	4.0
5339	4.5
5349	5.0
5377	4.0
5388	4.0
5400	3.5
5401	3.5
5418	4.5
5445	4.0
5449	2.5
5477	3.5
5502	5.0
5506	4.0
5572	4.0
5577	4.0
5602	3.5
5613	3.0
5617	4.5
5673	4.0
5679	5.0
5707	4.5
5791	5.0
5792	0.5
5804	3.5
5812	4.0
5876	4.5
5878	4.0
5902	4.0
5903	4.0
5944	4.0
5945	4.0
5952	5.0
5954	4.0
5955	5.0
5956	2.5
5957	4.0
5959	4.0
5989	4.0
5991	5.0
5992	3.5
5995	5.0
6003	3.5
6016	4.0
6059	4.0
6197	4.0
6218	4.0
6263	4.0
6322	4.0
6323	4.0
6333	4.0
6365	4.0
6370	4.0
6378	4.5
6385	5.0
6538	4.5
6539	4.5
6541	4.0
6552	4.5
6564	4.0
6565	5.0
6567	4.0
6593	4.0
6620	4.5
6662	4.5
6708	4.0
6711	5.0
6753	5.0
6764	4.0
6765	4.0
6787	4.5
6862	4.5
6867	4.5
6870	4.5
6873	4.0
6879	4.0
6881	4.0
6893	4.5
6932	4.5
6942	4.5
6947	4.5
6953	4.0
6957	4.0
7001	4.0
7018	5.0
7028	4.0
7137	4.5
7139	4.5
7143	4.5
7147	3.5
7149	4.0
7150	4.0
7151	4.5
7153	5.0
7155	4.5
7158	5.0
7163	4.0
7254	4.5
7323	4.0
7324	4.0
7348	4.5
7361	4.0
7366	4.0
7371	2.0
7373	3.5
7381	2.0
7445	4.5
7618	4.0
7698	4.0
7983	4.0
8014	5.0
8366	5.0
8376	4.0
8529	4.0
8530	4.0
8622	5.0
8623	4.0
8636	4.0
8638	4.0
8644	3.5
8665	4.0
8781	4.5
8783	4.5
8784	4.0
8798	5.0
8860	4.0
8866	4.0
8873	4.0
8908	4.0
8910	0.5
8914	3.5
8949	4.5
8950	4.0
8958	5.0
8961	4.5
8970	5.0
8972	4.0
8981	4.0
8983	4.5
8984	4.0
9010	4.0
27721	4.0
27788	4.5
27790	3.5
27808	4.0
27815	4.5
27821	5.0
27831	4.0
27837	3.0
27904	3.0
30707	5.0
30749	5.0
30793	4.0
30803	5.0
30810	3.0
30812	4.0
30820	3.5
30822	4.0
30825	4.0
30894	3.5
31225	4.5
31427	4.0
31685	4.5
31878	4.0
32017	3.5
32019	3.0
32029	4.0
32296	3.5
32598	4.0
33158	3.5
33166	4.0
33660	4.0
33669	4.0
33679	2.0
33794	5.0
33836	3.5
33880	4.0
34048	4.0
34072	4.5
34162	4.0
34271	5.0
34319	4.0
34405	4.0
34437	4.0
34532	4.0
34534	4.0
35836	5.0
35957	4.0
36276	2.5
36517	4.0
36527	4.0
36529	4.0
36535	3.5
37386	3.5
37733	4.0
37741	4.5
38061	4.0
38886	3.5
39292	4.5
39414	4.5
40581	4.0
40583	4.0
40629	4.5
40819	4.5
41285	5.0
41569	3.5
41571	5.0
41573	4.0
41716	4.0
41863	4.0
41997	4.0
42002	4.0
42004	4.0
42007	3.5
42011	3.0
42418	3.5
43396	4.0
43836	3.5
43871	4.0
43936	4.0
44004	3.5
44191	3.5
44199	4.5
44204	4.0
44665	4.0
44694	4.5
44709	4.5
44974	4.0
45186	4.0
45447	4.0
45499	4.0
45501	3.5
45668	4.0
45672	4.0
45720	4.0
45722	4.5
45730	4.0
45732	3.5
45880	4.0
45928	4.0
45950	4.5
46530	4.0
46578	4.5
46970	4.0
46972	4.0
46976	4.5
47099	4.0
47200	2.5
47610	4.5
48516	4.0
48696	2.5
48738	4.0
48774	4.0
48780	4.5
48783	4.0
48997	3.5
49272	4.0
49278	4.0
49286	4.0
49772	4.0
49822	4.0
49824	4.0
49961	4.0
51077	3.5
51080	4.0
51084	4.0
51091	4.5
51255	4.0
51412	3.5
51575	3.5
51931	4.0
51935	4.0
52604	4.5
52973	4.0
53464	3.5
53993	3.5
55765	4.0
58559	3.5
59315	4.5
63082	4.0
64716	4.5
64839	4.5
66665	3.5
74458	4.0
