1	2.0
2	1.5
6	3.5
10	3.0
11	3.0
15	1.5
19	2.5
21	4.0
32	4.0
34	0.5
39	2.5
44	1.5
47	4.0
50	5.0
65	1.5
66	1.0
94	4.0
95	2.5
104	3.0
110	3.5
145	2.5
150	3.0
153	3.0
158	2.5
163	3.5
165	3.0
169	1.0
175	3.5
185	3.0
208	1.5
223	2.5
227	2.5
231	3.0
253	4.0
256	1.5
260	3.5
288	4.0
292	3.0
293	4.5
296	5.0
315	3.0
317	1.5
318	3.5
327	3.0
337	3.5
344	3.0
353	4.0
356	4.0
357	3.0
364	3.0
367	3.0
368	3.0
370	1.5
374	1.5
377	2.5
379	1.5
380	2.0
393	1.0
413	2.5
420	1.5
434	2.0
441	3.0
442	3.0
454	3.5
455	1.5
457	3.0
466	1.5
474	3.0
480	3.5
485	1.5
500	1.5
520	2.5
527	4.0
539	2.5
541	3.5
546	1.0
551	3.5
552	3.0
586	1.5
588	3.0
589	4.0
592	4.0
593	4.5
595	2.5
597	4.0
608	3.5
627	4.0
628	3.5
648	3.5
667	1.5
673	1.5
688	1.5
733	4.0
736	2.0
737	1.5
743	1.5
762	2.0
778	4.0
780	1.5
782	2.0
784	3.0
786	2.0
788	1.5
832	2.0
858	3.5
912	4.0
924	4.0
996	2.5
1005	2.0
1028	3.0
1035	3.0
1036	4.0
1037	1.5
1047	2.0
1059	4.0
1061	4.0
1079	3.0
1080	4.0
1089	4.0
1092	2.0
1100	2.0
1101	3.5
1120	3.0
1136	4.0
1193	4.0
1196	4.0
1198	3.5
1200	3.5
1201	4.0
1206	4.5
1208	4.0
1210	3.0
1213	3.5
1214	3.5
1220	3.0
1222	4.0
1225	3.5
1233	4.5
1240	3.5
1246	3.0
1249	4.0
1258	3.5
1265	3.0
1270	2.5
1288	4.0
1291	3.5
1298	3.5
1320	2.0
1359	1.5
1370	3.5
1377	3.5
1387	2.0
1388	1.5
1391	3.0
1393	3.5
1405	3.0
1407	2.5
1416	3.0
1438	2.0
1485	2.5
1499	1.0
1500	3.5
1517	3.5
1527	5.0
1544	2.5
1552	3.0
1556	1.5
1562	3.0
1569	2.5
1573	3.5
1580	2.5
1584	4.0
1595	1.0
1597	3.5
1608	2.0
1619	3.0
1625	4.0
1639	4.5
1641	3.5
1644	2.0
1645	3.0
1653	3.5
1676	4.0
1681	1.5
1682	3.5
1702	1.0
1704	3.5
1717	1.5
1721	3.0
1722	2.0
1729	3.5
1732	4.5
1747	3.5
1748	4.0
1753	3.0
1760	1.0
1777	3.0
1784	4.0
1805	2.5
1876	2.5
1882	2.5
1884	4.5
1909	2.5
1911	1.5
1917	2.5
1921	4.0
1923	3.0
1954	4.0
1961	3.5
2000	2.5
2001	2.5
2002	2.0
2003	2.5
2004	2.0
2006	2.5
2011	2.5
2012	2.0
2021	3.0
2028	3.0
2042	2.0
2053	1.0
2054	1.0
2058	3.5
2060	2.5
2081	2.5
2082	2.0
2115	3.0
2122	1.5
2124	2.0
2126	3.0
2167	4.0
2231	3.5
2232	4.0
2268	3.0
2273	1.5
2294	3.0
2296	3.0
2318	5.0
2329	4.5
2340	3.0
2353	3.0
2355	3.0
2378	2.5
2379	1.5
2380	1.5
2381	1.5
2382	1.5
2383	1.5
2384	1.0
2396	3.0
2404	1.5
2409	2.5
2410	2.0
2411	1.5
2412	1.5
2420	1.5
2422	1.0
2424	2.0
2470	1.5
2471	1.5
2490	2.0
2502	3.5
2505	4.0
2513	1.5
2514	1.5
2541	3.0
2542	4.0
2567	2.0
2571	4.0
2580	3.5
2581	1.5
2605	3.0
2616	2.5
2617	2.0
2628	1.5
2671	3.0
2683	3.0
2694	3.0
2700	3.0
2701	1.5
2706	2.5
2710	3.5
2712	4.5
2716	1.5
2717	1.0
2722	2.0
2723	1.5
2762	3.5
2797	2.5
2806	2.0
2858	4.5
2862	2.5
2890	3.5
2908	3.5
2916	2.0
2947	3.0
2953	1.5
2959	4.5
2978	2.5
2985	2.5
2986	2.0
2987	3.5
2990	2.5
2991	2.5
2997	3.0
3020	4.0
3033	3.5
3034	3.0
3052	3.5
3081	3.5
3082	2.0
3113	2.0
3114	1.5
3146	1.5
3147	3.5
3157	2.0
3160	5.0
3173	3.0
3174	4.0
3176	3.5
3186	4.0
3198	4.0
3247	1.5
3253	2.5
3254	1.5
3263	3.0
3273	2.0
3275	4.0
3285	3.5
3300	2.5
3301	3.5
3386	3.5
3408	3.0
3438	2.0
3439	1.5
3440	1.5
3448	3.0
3452	2.0
3481	4.0
3489	2.5
3527	3.0
3556	3.0
3578	3.0
3623	3.0
3635	3.0
3697	2.0
3698	1.5
3717	2.0
3751	3.0
3752	2.0
3753	2.5
3785	2.0
3793	4.0
3809	2.5
3821	2.5
3825	2.5
3826	2.5
3852	3.5
3863	4.0
3868	1.5
3869	1.0
3882	2.0
3897	4.0
3948	2.0
3949	4.0
3968	1.5
3977	3.5
3979	2.0
3994	3.0
3996	3.5
3997	1.5
4011	4.5
4015	1.5
4022	3.0
4025	1.5
4027	4.5
4034	4.0
4084	1.5
4085	2.5
4102	4.0
4148	4.0
4161	3.5
4226	4.5
4235	4.0
4239	4.0
4246	2.0
4265	2.5
4270	2.0
4299	4.0
4306	4.0
4308	4.0
4310	2.0
4343	2.0
4344	2.5
4367	1.5
4368	1.5
4369	1.5
4388	1.5
4446	2.0
4447	2.0
4558	2.0
4621	1.0
4624	3.0
4638	2.0
4673	3.0
4701	1.5
4718	2.0
4720	4.0
4734	4.0
4776	3.0
4816	3.0
4848	4.5
4855	3.0
4865	4.0
4874	3.0
4878	4.5
4886	3.0
4887	2.5
4896	3.0
4901	3.5
4963	3.5
4973	5.0
4975	4.0
4993	4.5
4995	3.0
5010	3.0
5015	4.0
5040	1.5
5106	1.5
5218	4.0
5219	2.0
5225	4.0
5254	3.0
5308	1.5
5309	1.5
5312	2.0
5349	3.0
5378	2.5
5388	3.0
5418	3.5
5445	3.5
5452	1.0
5459	2.0
5464	4.0
5481	4.0
5500	2.0
5502	2.5
5507	1.5
5528	4.0
5541	2.5
5617	4.0
5630	3.5
5669	3.0
5673	4.0
5679	4.0
5810	3.5
5816	3.0
5872	2.0
5903	3.0
5952	4.0
5954	4.0
5956	3.5
5959	3.5
5989	4.0
5991	2.5
6003	4.0
6016	4.0
6157	2.5
6218	3.0
6281	3.0
6287	2.5
6323	3.0
6333	3.5
6365	2.0
6377	4.0
6378	3.5
6383	1.5
6482	0.5
6502	3.5
6503	3.5
6535	3.0
6537	2.0
6539	3.5
6548	2.0
6552	4.5
6564	2.0
6595	2.5
6664	1.5
6708	3.5
6709	2.5
6711	4.0
6754	4.0
6793	1.5
6794	0.5
6807	3.5
6863	2.5
6874	4.0
6888	1.0
6934	2.5
6942	5.0
6952	3.0
6953	4.0
6957	3.0
7000	3.0
7004	1.5
7007	3.5
7090	3.5
7143	3.0
7147	4.0
7153	4.0
7162	3.0
7254	4.0
7317	2.5
7325	2.5
7346	3.0
7361	4.5
7371	4.0
7438	4.0
7444	2.0
7451	3.5
7502	4.5
7570	2.5
7701	0.5
8360	4.0
8361	1.5
8366	3.5
8368	3.0
8376	3.0
8387	1.5
8464	3.5
8528	2.5
8529	3.5
8622	2.5
8636	2.5
8640	2.5
8641	3.0
8644	2.5
8665	4.0
8783	4.0
8784	4.0
8798	4.0
8807	3.0
8810	2.0
8860	1.5
8874	3.5
8907	3.0
8910	3.5
8914	4.0
8917	3.0
8947	1.5
8949	4.0
8950	2.5
8961	2.5
8970	3.5
8981	4.0
8983	3.0
8984	3.5
8985	3.0
26152	2.0
27660	3.5
27706	4.0
27721	4.0
27831	4.0
27904	4.0
30707	3.5
30793	3.0
30812	3.5
30825	2.0
30894	2.0
31221	1.5
31696	4.0
32029	3.0
32031	3.0
32587	4.5
33004	3.0
33166	4.5
33493	2.5
33615	3.5
33660	4.0
33669	3.5
33679	2.0
33794	3.0
34048	2.5
34150	2.5
34162	3.0
34319	4.0
34338	3.5
34405	3.0
35836	3.5
36401	3.0
36517	3.5
36529	3.5
36535	4.5
36708	3.0
37380	2.0
37386	2.0
37729	4.0
37733	3.5
38061	4.5
38886	4.0
39444	3.0
40278	3.5
40583	3.5
40629	4.0
40732	2.5
40815	3.0
40819	4.0
41285	4.0
41566	2.0
41569	2.5
41997	3.5
42723	4.0
42734	2.0
42738	2.5
43936	3.0
44022	3.0
44191	3.5
44195	4.0
44199	3.5
44665	4.5
44761	4.5
44788	3.5
44828	2.0
44974	4.0
45081	1.5
45210	2.5
45447	3.0
45499	3.0
45517	2.0
45722	2.0
45728	3.5
45730	2.0
45950	3.0
46578	4.5
46723	4.0
46967	3.5
46976	4.0
47610	3.5
47999	4.5
48043	3.0
48082	4.0
48142	3.0
48304	3.0
48385	3.0
48394	5.0
48516	4.0
48696	4.5
48738	3.5
48774	4.5
48780	4.0
48997	3.0
49272	4.0
49274	3.5
49278	3.5
49530	3.0
49651	3.0
49822	3.5
49932	3.0
50442	2.5
50794	3.0
50872	3.5
51255	3.0
51412	2.5
51540	3.5
51662	4.0
51935	2.5
52241	3.5
52328	2.5
52604	3.5
52722	2.5
52973	4.0
53000	3.5
53121	2.5
53125	2.5
53129	3.5
53318	3.5
53322	3.0
53464	2.0
53894	4.0
53953	3.5
53956	3.0
53972	3.5
53996	3.5
54001	3.0
54259	4.0
54272	3.5
54286	4.0
54503	4.0
54995	1.5
55052	4.0
55267	4.0
55280	3.0
55290	4.0
55363	3.0
55442	4.0
55765	3.5
55805	4.0
55820	4.0
55830	3.0
55908	3.0
56152	2.5
56174	3.0
56251	3.5
56367	4.5
56587	3.0
56715	4.5
56757	3.5
56788	4.0
57368	3.5
57640	2.5
57669	4.0
58047	4.0
58105	2.5
58295	3.5
58559	3.5
58998	4.0
59126	2.5
59315	3.0
59369	3.0
59387	4.0
59615	2.0
59784	3.0
60069	3.5
60126	3.0
60684	4.0
60766	3.0
61024	3.0
61132	3.5
61236	4.0
61323	3.5
61729	3.0
62081	3.0
62155	4.0
62374	3.5
62376	2.5
62434	3.0
62849	3.5
62956	3.0
62999	2.5
63062	4.0
63082	4.5
63113	3.0
63131	2.5
63859	3.0
63876	3.5
63992	2.0
64497	2.0
64620	3.5
64716	4.0
64839	4.0
64957	4.0
64969	2.5
64983	3.0
65514	3.0
65642	4.0
66097	4.0
66171	2.5
66297	3.0
66509	3.5
66665	3.5
67087	3.5
67255	3.5
67734	3.5
68073	3.5
68157	4.0
68159	4.0
68237	4.0
68554	2.5
68954	3.0
69122	4.0
69481	4.0
69526	2.0
69640	4.0
69757	3.5
69844	3.0
69951	4.0
70286	3.0
70293	3.0
71057	3.0
71156	4.0
71264	2.0
71282	4.5
71518	3.5
71530	3.0
71899	4.0
72011	3.5
72226	3.5
72407	1.5
72720	3.5
72733	3.5
72998	3.0
73017	4.0
73266	3.5
73268	3.0
73321	4.0
73323	4.0
74458	3.5
74510	4.0
74545	3.0
74789	2.5
74795	3.0
76077	3.5
76093	3.0
76251	4.0
77561	3.5
77866	2.5
78209	3.5
78637	3.0
79008	4.0
79091	3.5
79132	4.0
79357	4.0
80463	3.5
80489	3.5
80906	4.0
80969	4.0
81564	4.0
81591	4.0
81788	3.5
81834	3.5
81845	4.0
81932	3.5
82202	2.5
82461	3.0
84152	3.5
84392	3.5
84944	4.0
84954	3.5
85414	3.0
86345	4.0
86347	4.0
86377	4.0
87222	3.0
87232	3.0
87306	3.0
87869	3.5
88125	3.0
88129	4.0
88163	3.5
88744	3.5
89492	4.0
89745	3.5
89804	4.0
89864	4.0
90405	3.0
90746	3.5
91077	4.0
91500	3.5
91529	4.0
91542	3.5
91630	3.0
92420	4.0
92535	4.5
93510	3.5
93840	3.0
94864	3.5
94959	4.0
95510	3.5
96079	4.0
96610	3.5
97304	4.0
97752	4.0
97913	3.0
97921	4.0
98154	4.0
98809	3.5
98961	4.0
99114	4.0
101864	3.0
102125	3.5
104374	4.5
104841	4.5
104879	4.0
104913	4.5
106072	3.0
106100	4.0
106487	3.5
106489	3.5
106696	4.5
106782	4.0
106916	4.0
106918	4.0
106920	4.5
108932	3.5
109374	4.0
109487	4.0
110102	3.0
112183	4.5
112290	4.5
112623	3.0
112852	4.0
116797	4.0
