1	4.5
32	3.5
47	4.0
107	4.0
110	5.0
125	4.0
150	4.0
165	5.0
208	3.0
260	4.5
267	3.5
296	5.0
317	4.0
318	4.5
344	3.0
356	4.0
364	5.0
374	3.0
377	4.5
379	3.0
380	3.5
480	4.5
527	5.0
541	4.5
546	4.0
588	5.0
589	4.0
592	4.0
593	4.5
608	4.0
648	4.0
780	4.5
858	4.5
919	4.0
924	4.5
1031	4.5
1037	4.0
1136	4.5
1183	4.0
1196	4.5
1197	4.5
1198	4.0
1200	4.5
1210	4.5
1213	4.0
1214	4.5
1240	4.0
1274	4.5
1320	4.5
1342	4.0
1391	4.0
1407	3.5
1409	3.5
1416	3.5
1485	3.5
1544	4.0
1580	4.5
1626	4.5
1653	4.5
1673	5.0
1801	4.0
1873	4.5
1909	4.5
2115	4.5
2167	4.5
2294	4.5
2297	4.0
2375	4.0
2422	4.5
2502	5.0
2565	4.5
2571	5.0
2617	4.0
2692	4.5
2700	4.5
2710	4.5
2723	4.0
2797	3.5
3087	4.0
3258	3.5
3271	4.5
3275	5.0
3300	4.5
3408	5.0
3409	4.0
3439	4.0
3578	5.0
3623	4.0
3699	3.0
3717	4.0
3753	4.5
3755	3.0
3793	4.5
3825	4.0
3827	3.0
3863	4.5
3911	4.5
3916	4.0
3977	4.0
3979	2.0
3988	4.0
3994	5.0
4015	3.0
4016	3.5
4022	3.5
4090	4.5
4148	4.5
4299	4.5
4306	4.0
4343	4.0
4370	4.0
4446	4.5
4447	3.5
4638	3.5
4643	4.0
4720	4.5
4848	4.0
4886	4.5
4896	4.5
4963	5.0
4975	5.0
4992	4.0
4993	4.5
4995	4.5
5010	4.5
5092	4.0
5107	4.5
5110	4.5
5218	4.5
5219	4.5
5254	4.5
5265	4.5
5349	4.5
5378	5.0
5410	3.5
5418	4.5
5445	4.5
5459	4.0
5481	4.5
5502	4.5
5618	4.0
5679	4.5
5816	4.5
5833	5.0
5872	5.0
5944	4.5
5952	4.5
5956	5.0
5989	4.5
5991	5.0
6058	3.5
6155	3.5
6188	5.0
6250	4.5
6283	4.5
6331	4.0
6333	4.5
6365	4.5
6373	4.5
6377	5.0
6378	4.0
6502	4.5
6534	4.0
6537	5.0
6539	4.5
6564	4.0
6618	5.0
6708	4.5
6711	4.0
6754	4.5
6765	3.5
6874	5.0
6887	4.0
6890	5.0
6934	4.0
6936	3.0
6942	3.5
6952	4.5
6957	4.0
7143	4.5
7153	4.5
7156	4.0
7158	4.0
7254	4.0
7293	4.0
7317	4.0
7373	4.5
7438	5.0
7444	3.0
7451	5.0
7458	4.5
7842	4.5
8360	4.0
8361	4.5
8366	5.0
8368	4.0
8371	4.5
8376	5.0
8464	4.5
8528	5.0
8529	5.0
8622	3.5
8636	4.5
8640	4.5
8641	5.0
8644	5.0
8665	4.5
8783	3.5
8807	4.5
8861	4.5
8870	4.0
8874	5.0
8961	4.5
8984	4.5
8985	4.5
9018	4.0
27611	4.5
27660	4.0
27808	4.0
27846	4.5
30749	4.5
30793	4.5
30810	4.0
31696	4.5
31804	3.0
32587	4.5
33154	5.0
33493	4.5
33615	4.0
33679	4.5
33794	4.0
34048	4.5
34072	5.0
34150	4.0
34162	5.0
34405	4.5
34542	4.0
35836	5.0
36401	4.5
36529	5.0
37380	4.0
37386	4.5
39292	5.0
39444	4.0
40583	4.5
40815	4.5
40819	4.5
41566	5.0
41569	4.0
42011	4.5
42738	4.5
43679	3.0
44022	5.0
44191	5.0
44195	5.0
44788	4.5
45186	4.0
45431	4.5
45447	4.5
45499	4.5
45501	2.5
45517	5.0
45672	4.5
45720	4.5
45722	4.5
45950	5.0
46530	4.5
46578	4.5
46723	4.0
46850	4.0
46970	4.5
46972	3.5
46976	4.5
47099	4.5
47610	5.0
47997	4.0
48043	3.0
48385	5.0
48774	5.0
48780	5.0
49272	4.5
49274	5.0
49396	4.5
49530	4.0
49651	4.0
50872	5.0
51077	4.0
51091	4.5
51255	4.5
51662	5.0
52245	5.0
52281	4.5
52328	4.5
52722	5.0
52973	4.5
53000	4.5
53121	4.0
53125	4.5
53322	5.0
53464	4.5
53519	5.0
53972	4.5
53993	2.5
53996	5.0
54001	4.5
54259	4.5
54272	5.0
54286	5.0
54503	4.0
54736	4.5
54881	3.5
54995	5.0
55232	4.5
55805	4.5
55820	4.5
55995	4.0
56152	3.0
56171	5.0
56174	4.0
56782	4.5
56801	4.5
57368	5.0
57640	3.5
58025	5.0
58103	4.0
58293	4.0
58559	5.0
59315	4.5
59369	5.0
59501	4.5
59615	4.5
59784	4.5
60037	3.5
60040	4.5
60069	4.5
60074	3.5
60126	5.0
60684	4.5
60756	4.0
60760	2.5
61132	4.0
62155	4.5
62434	4.5
63113	4.5
64497	4.5
64957	4.5
64983	4.5
66171	4.0
67197	4.0
67408	4.0
68319	3.5
68358	4.5
68554	4.5
68791	4.5
69122	5.0
69306	4.5
69526	4.5
69844	4.5
70286	5.0
70336	4.5
71535	5.0
71745	5.0
72378	4.5
72998	4.5
73017	4.5
76175	4.0
76251	4.5
76293	3.5
77561	4.0
78105	3.5
78637	3.5
79057	4.5
79091	4.5
79132	5.0
79293	4.0
79592	3.5
79695	4.5
79702	5.0
80549	4.0
81834	5.0
81845	5.0
82202	4.0
83349	5.0
83613	4.5
84944	3.5
85131	4.5
85510	4.5
86332	4.0
86345	4.5
86833	4.5
86880	4.5
86911	3.5
87222	4.0
87232	4.5
87306	5.0
87430	3.5
87485	5.0
87520	4.5
87869	4.0
88140	4.0
88744	4.5
89745	4.5
89753	5.0
91500	4.5
91529	4.5
91542	4.5
91630	4.0
92420	5.0
93510	4.5
94777	4.0
94864	2.5
95167	4.0
95441	5.0
95510	3.5
96079	4.5
96610	4.5
97306	5.0
97752	4.5
97913	4.5
99114	5.0
101864	4.5
102125	4.5
102445	4.5
102903	5.0
103042	4.0
103141	4.5
103228	4.0
103249	4.0
103253	4.0
103335	4.5
103772	4.5
106002	4.5
106072	4.0
106100	4.0
106487	4.5
106696	3.0
106782	4.5
106916	4.5
106918	2.5
106920	4.5
108932	4.5
109374	4.0
110102	4.5
111362	4.5
111759	4.5
112623	2.0
112852	4.5
