1	3.5
2	4.0
3	3.0
4	2.0
5	2.0
7	2.5
17	2.0
19	3.0
31	4.0
34	2.0
47	4.0
50	4.5
62	1.0
65	3.0
163	3.0
164	2.0
165	3.0
172	3.0
175	4.5
179	2.0
180	3.5
185	4.0
203	3.0
206	2.0
207	4.0
216	3.0
218	2.0
223	3.5
225	2.0
231	5.0
239	3.0
248	3.0
252	3.0
260	4.0
266	1.5
277	4.0
289	2.0
293	4.5
318	5.0
322	4.0
333	4.0
337	5.0
338	2.5
339	3.0
344	3.0
350	3.0
353	4.0
355	1.5
356	4.0
357	2.5
360	4.0
364	3.0
367	2.0
368	4.0
372	4.0
376	3.0
377	3.0
381	2.5
413	3.0
419	2.5
432	2.0
434	4.0
440	4.0
450	5.0
453	2.0
454	3.0
455	1.0
457	3.0
473	3.0
474	3.0
480	3.0
485	3.0
491	3.0
497	3.0
500	3.0
520	2.5
524	4.0
529	3.5
539	3.5
541	3.0
542	2.0
543	4.0
552	2.5
575	2.5
586	3.0
587	3.5
588	3.0
589	3.0
590	3.0
593	4.0
595	3.0
596	3.5
597	3.0
605	3.0
608	4.0
637	3.0
648	3.0
673	2.0
708	3.0
736	3.5
762	3.0
778	4.5
780	3.0
783	2.0
785	2.0
830	2.5
858	5.0
902	3.0
903	4.0
911	4.0
912	3.0
914	4.0
915	4.0
916	3.0
920	4.0
923	4.0
928	4.0
930	4.0
933	4.0
940	3.5
951	3.5
953	4.0
1007	4.0
1010	3.0
1012	1.5
1013	4.0
1014	3.5
1017	4.0
1018	3.5
1019	2.0
1020	2.5
1021	3.0
1022	4.0
1027	3.0
1028	4.0
1029	3.0
1030	4.0
1035	4.0
1042	3.0
1059	2.5
1060	4.0
1064	2.0
1073	2.5
1088	3.0
1092	3.0
1097	3.5
1101	3.0
1125	4.0
1126	1.0
1167	2.5
1179	1.5
1188	5.0
1196	3.0
1197	5.0
1198	3.5
1210	4.0
1214	4.0
1221	4.0
1240	4.0
1246	4.0
1259	4.0
1262	4.5
1265	5.0
1270	4.0
1271	3.0
1282	1.0
1291	4.5
1307	4.0
1363	2.0
1367	2.5
1377	4.5
1380	3.0
1393	4.0
1396	3.5
1399	3.5
1416	3.5
1441	3.0
1457	2.0
1468	4.0
1474	2.5
1485	4.0
1487	1.0
1498	2.0
1500	2.0
1517	4.0
1556	1.0
1562	2.0
1566	3.5
1569	3.0
1580	3.0
1586	4.0
1593	3.5
1597	4.0
1614	3.0
1617	3.0
1639	4.0
1645	3.5
1653	4.5
1672	4.0
1678	4.0
1680	4.0
1682	5.0
1689	5.0
1704	5.0
1707	1.0
1721	1.0
1747	2.5
1777	5.0
1784	5.0
1805	4.5
1806	2.0
1833	4.5
1835	2.0
1848	1.0
1894	2.0
1907	3.0
1921	2.5
1923	5.0
1954	3.5
1958	3.0
1968	3.5
2005	4.0
2006	3.0
2011	3.0
2012	4.0
2015	4.0
2016	4.0
2018	2.0
2027	1.0
2028	3.0
2042	3.0
2046	4.0
2053	1.0
2054	3.5
2058	4.0
2059	2.5
2072	1.5
2078	3.0
2080	4.0
2081	4.5
2082	2.5
2085	2.5
2090	4.0
2096	3.0
2100	3.5
2106	4.0
2115	4.0
2124	2.0
2125	4.0
2134	3.5
2136	3.5
2137	3.0
2144	4.0
2174	4.0
2181	4.0
2184	4.5
2231	3.5
2232	1.0
2236	4.5
2248	5.0
2273	3.0
2291	4.5
2310	4.0
2321	4.5
2324	4.5
2329	5.0
2335	3.0
2340	4.0
2353	4.0
2371	3.0
2385	2.0
2390	2.0
2394	2.5
2396	2.0
2398	4.0
2413	3.0
2424	3.5
2431	3.0
2432	2.0
2470	3.5
2485	3.0
2496	5.0
2497	2.0
2501	3.5
2502	4.5
2506	3.5
2539	4.0
2541	3.0
2542	4.0
2546	2.0
2558	2.0
2567	2.0
2571	5.0
2572	3.0
2581	4.5
2599	2.0
2605	4.5
2616	3.0
2617	4.5
2622	3.0
2628	3.0
2640	3.5
2671	3.0
2683	4.5
2687	3.5
2688	3.5
2690	3.5
2692	5.0
2694	4.0
2706	4.0
2712	2.0
2716	3.0
2723	1.5
2724	2.5
2762	4.5
2763	4.5
2770	4.5
2771	3.0
2797	3.0
2803	3.0
2804	2.0
2805	3.0
2846	2.5
2858	4.5
2870	2.0
2883	5.0
2926	3.0
2950	5.0
2953	1.5
2959	5.0
2978	2.5
2987	3.0
2997	4.0
3034	3.0
3052	5.0
3072	5.0
3079	2.5
3081	2.0
3082	1.0
3087	2.0
3101	2.0
3105	5.0
3146	4.0
3174	3.0
3175	4.5
3176	3.0
3178	4.0
3185	3.5
3186	4.0
3225	4.5
3243	5.0
3247	3.0
3248	3.0
3252	3.0
3253	5.0
3254	4.0
3255	4.0
3257	3.0
3259	3.5
3268	3.0
3269	3.0
3270	3.0
3271	3.5
3274	2.0
3275	2.5
3298	4.5
3299	1.0
3301	3.0
3392	2.0
3408	3.0
3418	4.0
3438	3.0
3466	2.5
3479	5.0
3481	3.5
3484	3.0
3489	3.5
3512	3.0
3536	4.5
3552	3.0
3556	2.0
3566	4.5
3578	3.0
3591	2.5
3608	2.0
3614	2.5
3623	2.0
3624	4.0
3646	4.0
3717	3.0
3751	2.5
3752	5.0
3753	4.5
3785	4.0
3793	4.5
3798	1.0
3809	4.0
3825	3.0
3826	2.5
3835	1.5
3852	4.5
3893	4.0
3897	5.0
3911	3.5
3915	4.5
3916	3.5
3943	3.0
3948	3.0
3967	2.5
3968	2.0
3969	4.5
3977	2.0
3978	2.0
3987	2.0
3988	1.0
3992	5.0
3994	4.5
3996	3.0
3998	2.5
4011	3.0
4014	3.0
4018	4.5
4019	5.0
4022	3.0
4023	5.0
4025	3.0
4033	2.5
4034	2.0
4040	4.0
4054	4.5
4063	2.0
4067	4.0
4069	2.5
4091	2.5
4149	2.0
4161	2.5
4167	3.0
4205	2.0
4214	3.0
4226	5.0
4228	5.0
4231	2.5
4232	2.0
4234	1.0
4238	3.0
4239	2.5
4246	4.5
4247	3.0
4299	3.0
4306	3.0
4308	4.5
4310	3.0
4321	3.0
4340	3.0
4344	3.5
4367	3.0
4368	2.0
4369	3.0
4370	2.5
4388	3.5
4410	2.0
4447	5.0
4448	3.5
4499	3.0
4506	3.5
4621	3.0
4639	2.0
4643	4.0
4677	2.5
4678	3.0
4686	1.0
4699	3.5
4701	2.0
4718	3.0
4727	2.5
4728	2.0
4770	2.0
4776	2.0
4783	3.0
4816	3.0
4823	2.0
4844	4.0
4846	5.0
4857	4.5
4867	3.0
4874	4.0
4880	2.5
4890	2.5
4899	3.0
4958	3.0
4963	2.5
4973	5.0
4974	4.0
4976	5.0
4979	3.0
4995	5.0
5009	1.5
5013	1.5
5014	2.5
5025	3.5
5047	2.5
5051	2.0
5064	5.0
5066	1.5
5103	4.0
5108	2.5
5135	3.0
5151	2.0
5171	2.0
5218	3.0
5220	2.5
5222	3.5
5267	2.5
5296	1.0
5299	3.0
5303	2.5
5308	3.5
5349	3.0
5377	5.0
5378	3.0
5380	3.0
5387	3.5
5400	2.0
5415	1.0
5418	5.0
5445	4.0
5449	3.0
5459	2.0
5481	4.0
5502	3.5
5505	1.5
5507	3.0
5530	2.5
5574	3.5
5610	3.0
5613	1.0
5620	2.5
5621	2.0
5667	2.5
5668	3.5
5791	4.0
5809	3.0
5902	5.0
5943	3.0
5952	1.5
5955	3.0
5956	4.0
5989	4.5
5991	4.0
5995	4.0
6016	5.0
6059	2.5
6155	4.0
6156	2.0
6157	2.5
6218	4.5
6294	3.5
6333	3.5
6338	4.0
6365	4.5
6367	4.0
6373	3.0
6377	3.0
6378	3.0
6535	1.0
6539	4.5
6548	1.5
6552	5.0
6564	3.0
6565	2.5
6595	3.0
6708	4.0
6709	1.0
6753	4.5
6763	1.0
6863	4.0
6873	2.0
6874	4.0
6879	4.5
6888	2.0
6934	4.5
6936	3.0
6942	5.0
7046	3.5
7143	3.5
7147	5.0
7150	4.0
7154	2.0
7158	2.5
7163	4.0
7173	2.5
7254	4.5
7255	2.0
7263	2.5
7293	4.0
7318	5.0
7325	2.5
7347	2.0
7361	5.0
7381	1.0
7438	4.0
7444	3.5
7451	3.0
7458	3.5
8360	3.0
8366	1.5
8373	2.0
8376	3.5
8528	3.5
8529	4.0
8533	3.5
8636	2.0
8638	2.5
8665	3.0
8666	1.5
8784	4.5
8798	2.0
8807	3.0
8870	3.0
8957	3.5
8966	3.5
8977	1.5
8981	2.0
8984	3.0
27808	2.5
30707	1.5
30749	5.0
30793	3.5
30812	1.5
30822	1.5
30825	3.5
31225	4.5
31427	2.5
31685	4.5
31696	2.0
32031	2.0
32296	1.0
33166	5.0
33437	4.0
33493	2.5
33669	3.5
33679	3.5
33794	3.5
34162	3.5
35836	3.5
36517	3.0
36519	3.0
37384	4.0
37386	3.0
39414	2.5
40629	4.0
40819	3.5
41566	4.5
41571	3.0
41573	1.0
44004	2.5
44191	3.0
44195	5.0
44665	4.5
45732	2.0
46723	3.5
46972	2.5
46976	3.5
47099	3.5
47518	3.0
48385	5.0
48394	4.5
48780	4.0
49272	3.0
50685	5.0
50872	3.5
52973	4.0
53894	3.0
54286	4.0
54503	4.0
55052	4.0
55276	3.5
55280	5.0
55442	5.0
55765	3.0
56174	2.0
56367	3.5
56949	2.0
58047	4.0
58154	3.5
58162	4.5
58559	4.5
58803	3.5
58998	2.0
59018	3.5
59725	2.0
60069	5.0
60074	3.0
61323	4.5
62081	3.0
62155	3.5
63062	4.0
63082	5.0
66203	4.0
