1	4.0
2	4.0
12	3.5
13	3.5
16	4.5
19	3.5
24	4.5
29	4.0
47	4.0
48	4.0
50	5.0
60	4.5
70	4.5
76	4.0
89	3.5
93	3.5
110	4.0
111	3.0
126	3.0
153	3.0
163	4.0
173	3.0
188	4.0
223	4.0
239	4.0
250	3.0
253	4.0
258	3.0
267	3.5
293	3.5
296	4.5
317	3.0
318	5.0
328	3.5
333	4.0
344	4.0
353	3.5
356	4.5
364	4.5
367	4.5
379	3.0
414	3.0
426	4.5
431	3.5
480	4.0
502	3.0
508	4.0
512	4.0
517	3.0
529	5.0
541	3.5
546	3.5
551	4.5
558	4.0
586	3.5
588	5.0
593	5.0
594	4.0
595	4.0
596	3.5
608	4.5
609	3.5
616	3.5
628	5.0
631	3.5
653	4.5
661	3.5
709	4.0
741	4.5
750	4.0
761	3.0
778	4.0
783	5.0
784	4.0
799	4.0
801	3.0
802	4.5
810	3.0
828	3.0
829	3.5
837	4.0
858	4.0
886	3.0
899	4.0
908	3.5
912	4.0
913	4.0
919	4.0
923	4.0
924	4.5
950	4.5
968	4.5
1015	4.0
1021	3.5
1022	4.0
1025	4.0
1028	3.5
1032	3.5
1033	4.0
1036	3.5
1064	3.5
1073	4.0
1089	4.0
1097	4.0
1178	4.5
1193	5.0
1197	5.0
1200	4.0
1203	5.0
1206	4.0
1207	4.5
1208	4.0
1212	5.0
1213	4.5
1214	4.5
1215	3.5
1222	3.5
1225	5.0
1242	4.5
1246	5.0
1252	4.0
1258	4.0
1261	3.5
1265	4.0
1270	4.5
1274	4.5
1284	3.5
1348	3.5
1358	4.0
1359	3.5
1363	4.5
1411	4.5
1500	3.5
1517	3.5
1527	4.5
1566	4.0
1580	4.0
1590	4.0
1591	3.5
1617	5.0
1619	3.5
1625	4.5
1653	4.5
1676	3.5
1682	4.5
1704	4.0
1748	4.0
1754	4.0
1834	4.5
1884	2.5
1907	4.0
1911	3.5
1921	3.5
1947	4.0
1961	4.0
1962	4.0
1967	4.0
1968	5.0
2005	3.5
2018	3.5
2028	4.0
2036	3.0
2048	4.0
2054	4.0
2078	4.0
2081	4.0
2085	3.5
2087	4.0
2090	4.0
2092	3.0
2105	4.5
2123	4.0
2134	3.5
2137	3.5
2139	4.0
2140	4.0
2141	4.0
2161	4.5
2167	4.0
2231	4.0
2232	4.5
2288	5.0
2291	3.5
2297	4.5
2353	4.0
2355	4.0
2394	4.5
2395	4.5
2398	3.5
2420	4.0
2428	4.5
2502	3.5
2511	4.0
2528	4.0
2542	4.0
2571	5.0
2616	3.5
2644	4.0
2664	4.5
2683	3.5
2687	4.0
2692	3.0
2716	4.5
2735	3.5
2761	4.5
2858	4.5
2916	4.0
2918	3.5
2924	4.0
2959	5.0
2987	4.0
2997	4.0
3000	4.0
3034	4.0
3052	4.0
3105	5.0
3114	3.5
3147	3.5
3176	4.5
3213	4.5
3248	3.0
3275	4.0
3286	3.0
3300	4.0
3355	4.0
3408	3.0
3409	4.0
3452	4.0
3483	4.5
3489	4.5
3504	4.5
3535	3.0
3578	5.0
3615	3.0
3617	2.5
3624	3.0
3745	3.5
3751	3.0
3752	3.0
3785	3.5
3793	3.5
3825	2.0
3826	3.5
3863	3.5
3882	3.5
3896	4.0
3916	4.5
3948	3.5
3949	5.0
3955	3.0
3968	3.5
3969	4.0
3972	4.5
3977	3.0
3978	5.0
3979	3.0
3980	5.0
3986	3.5
3988	4.0
3990	3.0
3994	3.5
3996	3.5
3997	2.5
4015	3.0
4016	4.5
4019	4.0
4022	4.5
4025	3.0
4027	4.5
4030	3.5
4054	3.0
4068	2.0
4084	4.5
4090	4.0
4148	3.5
4149	3.0
4153	3.5
4158	3.0
4223	4.0
4226	5.0
4228	3.5
4232	2.5
4246	2.5
4247	3.0
4248	2.0
4254	3.0
4255	3.0
4262	4.0
4270	3.0
4306	4.0
4308	3.5
4326	4.5
4340	3.5
4343	3.5
4344	3.0
4366	4.0
4367	3.0
4368	3.0
4370	4.5
4386	2.0
4387	4.0
4388	3.5
4447	2.5
4489	4.0
4553	4.0
4641	3.5
4643	3.0
4679	3.0
4701	3.0
4718	3.0
4719	3.5
4720	3.5
4725	3.5
4728	3.0
4734	3.5
4744	4.0
4775	1.0
4776	4.0
4815	4.5
4816	3.5
4845	3.0
4846	4.5
4865	4.5
4873	4.5
4874	5.0
4876	3.5
4886	3.0
4887	4.0
4890	3.5
4896	4.0
4899	3.0
4963	4.0
4973	4.0
4974	3.5
4990	3.0
4993	4.0
4994	3.5
4995	5.0
5009	3.5
5013	3.5
5014	4.5
5021	4.0
5025	2.5
5047	4.0
5092	2.5
5103	3.5
5108	5.0
5110	4.0
5128	3.5
5146	4.0
5151	3.0
5159	4.5
5218	3.5
5219	3.0
5254	4.0
5264	3.0
5265	3.0
5266	2.5
5283	3.0
5296	3.0
5312	3.0
5313	3.0
5323	3.0
5349	3.5
5363	2.0
5387	3.5
5388	4.0
5389	2.0
5401	2.5
5418	4.5
5419	2.5
5444	4.0
5445	4.0
5449	3.0
5459	3.5
5463	3.0
5464	4.0
5478	3.5
5481	3.5
5501	3.5
5502	3.0
5507	2.0
5523	2.5
5524	2.0
5528	4.5
5564	2.0
5572	3.0
5574	4.0
5609	2.0
5618	4.0
5621	3.0
5630	4.0
5669	4.5
5673	4.0
5679	3.5
5690	4.5
5785	2.0
5803	3.5
5810	4.0
5816	4.0
5879	4.0
5882	5.0
5900	3.5
5903	5.0
5941	3.5
5942	2.5
5952	4.0
5956	5.0
5971	3.5
5989	4.5
5991	4.0
5995	4.0
6006	2.0
6013	2.0
6016	5.0
6058	3.5
6059	3.5
6156	3.0
6157	3.0
6166	2.5
6188	3.0
6250	4.0
6281	4.0
6283	4.0
6287	3.5
6294	2.5
6297	3.0
6323	4.0
6333	3.5
6350	4.5
6365	4.0
6373	3.5
6377	4.0
6378	3.0
6482	2.0
6502	4.5
6503	3.0
6534	3.0
6539	4.5
6541	4.0
6548	4.0
6564	3.0
6586	3.0
6593	3.0
6595	3.5
6615	3.5
6618	4.0
6624	2.0
6695	3.0
6707	3.0
6731	4.0
6754	3.5
6857	4.0
6863	2.5
6874	4.0
6887	3.5
6888	3.0
6934	3.0
6936	3.5
6951	2.5
6952	3.0
7001	4.5
7004	3.0
7022	4.5
7090	4.0
7099	4.0
7143	4.0
7147	4.0
7153	3.5
7173	3.0
7254	4.0
7255	2.0
7293	3.0
7317	2.5
7318	3.0
7346	3.0
7360	4.0
7361	4.0
7373	4.0
7376	3.0
7387	4.0
7438	4.0
7439	3.0
7444	3.0
7445	3.5
7451	3.0
7454	3.0
7458	3.5
7482	3.5
7587	3.5
8228	4.5
8253	5.0
8360	3.0
8368	4.0
8371	3.0
8376	2.0
8501	3.5
8528	3.0
8529	4.0
8531	4.0
8636	3.5
8641	4.0
8644	4.0
8665	3.5
8666	2.0
8781	3.0
8798	3.0
8807	3.0
8810	2.5
8814	2.5
8874	4.0
8907	3.0
8914	4.5
8917	3.0
8950	4.0
8957	4.5
8958	3.5
8961	4.0
8972	3.0
8983	4.0
8984	3.5
8985	4.0
9010	4.5
26133	4.0
26614	4.5
26662	3.0
26776	4.5
27317	3.5
27592	3.5
27660	4.5
27706	3.5
27773	5.0
27801	4.0
27808	3.0
30793	3.0
30825	3.5
31221	2.0
31420	3.0
31658	4.5
31685	3.5
31696	4.0
31804	3.5
31878	4.0
32017	2.5
32587	4.0
32598	1.5
33004	3.5
33085	2.0
33162	4.0
33166	4.0
33646	2.5
33660	4.5
33679	4.0
33794	4.0
34048	2.5
34150	2.5
34162	3.0
34332	3.0
34405	5.0
35836	4.0
36401	3.0
36519	3.5
36529	3.0
37380	2.0
37386	3.0
37830	3.5
38038	3.5
39183	3.5
39292	4.0
39435	4.0
39446	3.0
40815	4.0
41566	3.0
41569	3.0
42002	3.5
42011	3.0
42725	3.5
42734	3.0
43679	3.0
43919	2.0
43928	2.0
44191	5.0
44665	3.5
44761	4.5
44828	3.5
44972	3.0
45081	3.0
45447	3.5
45499	3.5
45672	4.0
45722	4.0
45726	3.0
45730	1.5
46322	3.5
46530	3.0
46578	3.5
46976	4.5
47099	4.0
47200	2.5
47610	3.5
47640	2.5
47997	3.0
48082	4.0
48142	3.0
48304	3.0
48385	4.0
48516	4.5
48774	3.5
48780	4.0
48877	3.0
48997	4.5
49272	4.5
49274	3.5
49278	3.5
49530	2.5
50601	4.0
50794	3.0
50798	2.0
50804	2.5
51255	4.0
51540	3.5
51662	4.0
51931	3.5
51935	4.0
52241	3.0
52245	3.0
52319	4.0
52328	4.0
52435	4.5
52458	3.0
52604	3.5
52722	2.5
52885	4.0
52973	4.5
53125	4.0
53129	2.5
53322	3.5
53972	3.0
53993	3.0
54004	3.0
54259	3.5
54272	4.0
54281	3.5
54286	4.5
54503	4.5
54648	3.0
54997	3.5
54999	3.0
55118	3.5
55247	3.5
55267	4.0
55282	4.0
55577	3.0
55765	4.0
55820	4.0
55830	3.5
55908	4.0
55995	3.0
56145	3.5
56156	2.5
56171	3.5
56174	3.5
56251	4.0
56367	4.0
56775	3.0
56782	4.0
56801	3.0
57274	4.0
57368	3.0
57504	4.0
57640	4.0
57669	4.0
58025	3.0
58105	3.5
58299	3.5
58559	5.0
58803	3.0
58998	3.5
59126	4.0
59315	4.0
59369	4.5
59387	4.0
59421	2.5
59784	4.5
59900	2.0
60037	2.0
60040	3.5
60069	4.5
60072	2.5
60074	4.0
60126	3.5
60161	4.0
60684	4.0
60756	3.5
61024	4.5
61240	5.0
61323	3.0
61729	4.0
62081	3.0
62155	3.5
62336	5.0
62394	2.0
62434	3.0
62511	4.0
62849	4.5
62956	4.0
63062	2.5
63082	4.0
63113	4.5
63131	3.5
64497	3.0
64575	3.5
64614	4.0
64839	3.5
64969	3.5
65230	3.0
65514	4.5
66097	3.5
66171	3.5
66297	4.0
67087	3.5
67197	2.5
67255	4.0
67408	2.5
67734	3.5
67997	4.5
68135	3.0
68157	4.5
68237	4.5
68319	2.0
68358	4.0
68554	3.0
68952	3.0
68954	4.0
69122	4.5
69406	2.5
69757	4.0
69784	4.0
69844	4.0
69951	2.0
70183	3.5
70286	4.5
71057	3.5
71135	3.5
71254	3.0
71379	2.5
71518	3.0
71520	3.5
71535	5.0
71745	3.5
71838	4.0
72226	4.5
72378	3.0
72737	3.5
72998	3.5
73017	5.0
73266	3.5
73268	3.5
73321	3.5
74458	4.0
74545	3.5
74789	3.5
76077	3.0
76093	3.5
76251	4.5
77561	3.5
78105	3.5
78209	3.0
78499	4.0
79008	3.5
79132	4.5
79293	3.0
79592	3.5
79702	4.0
81229	4.0
81564	3.0
81591	5.0
81834	3.5
81847	3.5
81932	3.5
82459	3.5
82461	4.0
83134	3.5
83349	2.5
83613	2.5
84152	3.5
84772	3.5
84944	4.0
84954	3.5
85414	3.5
85510	2.5
86190	3.5
86345	4.0
86347	4.0
86377	4.5
86833	3.5
86880	3.5
86911	3.5
87222	4.0
87232	4.0
87306	3.5
87430	2.0
87485	2.5
87869	3.5
88125	4.0
88140	3.0
88744	4.5
89745	4.0
89864	4.0
90746	5.0
91500	3.0
91529	4.0
91542	4.5
92420	3.5
92535	4.0
93510	4.0
93840	4.0
94777	3.5
94959	4.0
95088	4.0
95510	4.0
95875	3.5
96079	3.5
96610	4.0
96737	3.0
97306	3.5
97913	3.0
97921	3.5
99114	3.5
102123	4.0
102445	3.5
103042	2.5
103228	3.0
103249	3.0
104841	3.5
106002	4.0
106487	2.5
106696	3.5
108932	4.0
111362	3.5
111759	3.5
112175	3.5
112852	4.0
