1	3.0
2	1.0
4	3.0
6	3.0
9	2.0
10	1.0
12	1.0
15	1.0
16	1.0
18	2.0
21	3.0
22	2.0
23	2.0
24	2.0
25	4.0
29	2.0
32	4.0
34	3.0
36	3.0
39	2.0
41	4.0
42	3.0
44	1.0
47	5.0
48	1.0
50	5.0
52	3.0
60	2.0
61	1.0
62	1.0
70	3.0
71	3.0
76	2.0
79	1.0
81	3.0
86	1.0
94	3.0
95	1.0
100	2.0
104	1.0
110	4.0
111	4.0
113	3.0
125	3.0
132	1.0
141	2.0
149	3.0
152	3.0
153	1.0
157	1.0
158	1.0
160	2.0
161	2.0
162	3.0
163	3.0
164	2.0
165	3.0
166	3.0
168	3.0
170	1.0
172	2.0
173	3.0
177	2.0
180	2.0
185	2.0
187	4.0
188	3.0
190	2.0
193	3.0
194	1.0
196	3.0
198	1.0
203	2.0
205	3.0
208	3.0
223	3.0
225	2.0
227	1.0
229	3.0
230	4.0
231	4.0
233	1.0
234	2.0
235	5.0
240	2.0
247	5.0
253	3.0
256	1.0
259	1.0
260	5.0
261	3.0
265	3.0
266	2.0
268	1.0
271	3.0
272	3.0
273	1.0
277	2.0
278	3.0
288	2.0
290	4.0
292	3.0
293	3.0
294	1.0
296	5.0
299	3.0
303	3.0
305	1.0
316	3.0
318	3.0
322	3.0
327	1.0
328	2.0
329	3.0
330	2.0
332	2.0
333	3.0
337	4.0
338	1.0
339	3.0
342	3.0
344	3.0
347	3.0
348	1.0
349	3.0
350	2.0
352	1.0
353	2.0
357	3.0
358	2.0
364	3.0
365	3.0
367	3.0
368	1.0
371	2.0
372	2.0
373	3.0
376	2.0
377	1.0
378	2.0
379	1.0
380	3.0
382	2.0
383	1.0
384	1.0
405	1.0
407	1.0
410	4.0
413	1.0
416	1.0
417	1.0
421	4.0
422	1.0
425	2.0
426	3.0
431	2.0
432	1.0
434	1.0
435	3.0
442	1.0
445	1.0
451	1.0
454	2.0
455	4.0
456	3.0
457	2.0
458	2.0
464	1.0
466	2.0
474	1.0
475	3.0
477	2.0
479	3.0
480	4.0
482	2.0
485	3.0
489	1.0
490	3.0
491	2.0
493	3.0
494	2.0
500	3.0
501	3.0
504	1.0
506	3.0
507	2.0
509	3.0
511	2.0
512	2.0
515	3.0
516	3.0
517	2.0
518	3.0
519	1.0
520	1.0
521	2.0
527	4.0
532	3.0
533	2.0
537	2.0
539	3.0
541	5.0
542	1.0
543	3.0
544	1.0
546	1.0
548	1.0
552	2.0
553	3.0
555	4.0
562	4.0
574	4.0
581	3.0
585	3.0
586	1.0
587	2.0
588	3.0
589	5.0
590	4.0
592	4.0
593	5.0
594	3.0
595	3.0
596	3.0
597	2.0
599	4.0
606	1.0
608	5.0
610	3.0
611	1.0
613	4.0
627	3.0
628	2.0
648	2.0
653	3.0
661	2.0
663	2.0
671	3.0
673	1.0
674	1.0
678	5.0
688	2.0
692	1.0
700	3.0
707	3.0
719	2.0
724	3.0
728	4.0
733	2.0
736	2.0
737	1.0
741	4.0
748	1.0
750	5.0
761	1.0
762	1.0
765	2.0
780	3.0
781	1.0
783	3.0
784	3.0
785	4.0
786	2.0
788	4.0
798	1.0
799	2.0
800	5.0
801	3.0
802	1.0
805	3.0
809	2.0
818	3.0
830	3.0
832	3.0
835	3.0
836	1.0
837	3.0
842	2.0
848	3.0
849	1.0
858	5.0
866	3.0
879	3.0
880	1.0
902	4.0
903	4.0
904	4.0
908	5.0
913	5.0
919	5.0
920	1.0
921	4.0
923	5.0
924	5.0
928	4.0
940	5.0
953	3.0
965	5.0
968	4.0
969	5.0
990	2.0
996	3.0
999	3.0
1019	4.0
1020	3.0
1022	4.0
1025	3.0
1027	1.0
1029	4.0
1031	4.0
1032	5.0
1034	4.0
1036	3.0
1037	1.0
1042	1.0
1047	1.0
1049	2.0
1057	2.0
1060	3.0
1061	3.0
1064	4.0
1073	5.0
1077	5.0
1078	5.0
1079	4.0
1080	3.0
1081	4.0
1084	3.0
1085	4.0
1089	4.0
1090	2.0
1093	2.0
1096	3.0
1097	3.0
1101	2.0
1120	3.0
1124	3.0
1125	3.0
1126	2.0
1127	4.0
1128	1.0
1129	2.0
1130	3.0
1135	3.0
1136	5.0
1171	5.0
1175	4.0
1178	5.0
1179	3.0
1183	1.0
1185	3.0
1186	3.0
1187	3.0
1188	3.0
1190	4.0
1191	3.0
1193	5.0
1194	3.0
1196	5.0
1197	3.0
1198	5.0
1199	5.0
1200	5.0
1201	4.0
1203	4.0
1204	5.0
1206	5.0
1208	5.0
1210	5.0
1212	5.0
1213	3.0
1214	5.0
1215	3.0
1218	3.0
1219	3.0
1220	2.0
1221	5.0
1222	5.0
1225	3.0
1226	4.0
1227	2.0
1228	3.0
1230	5.0
1231	5.0
1233	3.0
1234	5.0
1236	3.0
1240	5.0
1242	3.0
1244	2.0
1245	5.0
1246	1.0
1248	4.0
1249	3.0
1250	5.0
1252	5.0
1253	5.0
1254	4.0
1258	5.0
1259	3.0
1260	5.0
1261	4.0
1262	4.0
1263	4.0
1265	3.0
1266	3.0
1267	5.0
1268	2.0
1269	1.0
1270	1.0
1271	3.0
1272	2.0
1274	4.0
1275	1.0
1278	4.0
1282	4.0
1285	5.0
1287	5.0
1288	4.0
1289	5.0
1291	4.0
1292	3.0
1293	5.0
1299	4.0
1301	5.0
1302	2.0
1303	5.0
1304	3.0
1306	1.0
1307	3.0
1320	3.0
1321	3.0
1327	2.0
1332	3.0
1333	3.0
1334	4.0
1339	5.0
1340	3.0
1342	2.0
1343	1.0
1344	4.0
1345	3.0
1346	3.0
1347	3.0
1348	5.0
1350	2.0
1352	3.0
1356	3.0
1358	5.0
1359	1.0
1361	3.0
1366	3.0
1367	3.0
1370	3.0
1371	4.0
1372	1.0
1373	1.0
1374	3.0
1375	2.0
1376	2.0
1377	3.0
1378	1.0
1379	1.0
1380	2.0
1382	1.0
1385	2.0
1387	4.0
1388	2.0
1389	1.0
1391	2.0
1392	3.0
1394	5.0
1395	3.0
1396	1.0
1404	2.0
1405	2.0
1407	2.0
1408	3.0
1422	2.0
1438	2.0
1440	1.0
1441	3.0
1449	3.0
1459	2.0
1465	3.0
1466	2.0
1474	2.0
1476	4.0
1480	3.0
1483	2.0
1485	1.0
1488	2.0
1495	1.0
1499	1.0
1500	3.0
1513	3.0
1515	1.0
1527	1.0
1544	3.0
1552	2.0
1562	1.0
1573	1.0
1580	4.0
1584	3.0
1586	3.0
1587	2.0
1588	1.0
1589	3.0
1590	3.0
1591	1.0
1597	2.0
1598	1.0
1603	2.0
1606	1.0
1608	3.0
1610	3.0
1617	5.0
1620	1.0
1625	3.0
1627	1.0
1635	2.0
1639	4.0
1644	1.0
1645	2.0
1653	4.0
1655	1.0
1674	3.0
1676	4.0
1682	4.0
1686	2.0
1688	1.0
1690	1.0
1693	1.0
1711	3.0
1717	1.0
1721	5.0
1727	3.0
1729	2.0
1732	4.0
1747	2.0
1748	5.0
1754	1.0
1762	2.0
1769	1.0
1779	1.0
1784	3.0
1785	4.0
1792	1.0
1801	3.0
1805	2.0
1810	3.0
1831	1.0
1833	1.0
1834	3.0
1836	1.0
1845	3.0
1862	1.0
1873	3.0
1876	2.0
1882	3.0
1883	4.0
1892	3.0
1909	3.0
1911	1.0
1912	3.0
1916	4.0
1917	1.0
1918	1.0
1920	2.0
1921	5.0
1923	3.0
1924	1.0
1931	4.0
1947	3.0
1953	3.0
1954	5.0
1955	1.0
1956	3.0
1961	3.0
1962	3.0
1963	4.0
1965	2.0
1968	2.0
1970	1.0
1974	1.0
1982	4.0
1983	1.0
1984	3.0
1991	1.0
1994	3.0
1995	2.0
1997	4.0
2000	1.0
2001	1.0
2002	1.0
2003	2.0
2004	1.0
2005	1.0
2006	3.0
2009	4.0
2010	3.0
2011	1.0
2012	1.0
2013	1.0
2014	2.0
2018	4.0
2021	1.0
2023	3.0
2024	3.0
2026	3.0
2033	1.0
2034	3.0
2040	1.0
2042	1.0
2046	3.0
2053	2.0
2054	3.0
2058	2.0
2064	3.0
2065	2.0
2070	4.0
2071	4.0
2076	4.0
2082	1.0
2085	3.0
2087	4.0
2088	1.0
2094	2.0
2096	4.0
2097	3.0
2100	2.0
2105	2.0
2106	1.0
2108	3.0
2112	3.0
2114	3.0
2115	2.0
2116	1.0
2117	3.0
2118	3.0
2119	1.0
2120	2.0
2121	3.0
2122	1.0
2124	3.0
2134	3.0
2136	3.0
2137	4.0
2138	3.0
2140	3.0
2141	2.0
2142	1.0
2143	2.0
2144	1.0
2146	2.0
2150	3.0
2155	3.0
2159	4.0
2160	4.0
2161	3.0
2167	2.0
2178	3.0
2193	3.0
2194	3.0
2231	2.0
2232	3.0
2236	3.0
2243	3.0
2245	4.0
2266	2.0
2268	3.0
2269	3.0
2278	2.0
2279	2.0
2280	3.0
2282	3.0
2287	3.0
2288	4.0
2289	3.0
2291	3.0
2294	4.0
2297	1.0
2300	3.0
2301	1.0
2302	3.0
2311	2.0
2313	4.0
2315	1.0
2320	2.0
2321	4.0
2322	1.0
2324	3.0
2325	1.0
2327	2.0
2328	2.0
2329	4.0
2333	2.0
2334	1.0
2336	3.0
2344	3.0
2346	3.0
2348	2.0
2349	4.0
2353	1.0
2355	3.0
2361	3.0
2363	3.0
2365	3.0
2366	5.0
2367	3.0
2370	2.0
2373	1.0
2374	3.0
2376	2.0
2377	4.0
2378	1.0
2389	2.0
2391	4.0
2393	2.0
2394	4.0
2395	2.0
2398	4.0
2401	3.0
2403	1.0
2405	2.0
2406	3.0
2407	2.0
2409	2.0
2411	1.0
2414	3.0
2416	3.0
2428	3.0
2429	2.0
2430	5.0
2448	1.0
2454	4.0
2455	4.0
2456	3.0
2457	1.0
2459	1.0
2469	3.0
2470	3.0
2471	1.0
2475	2.0
2476	3.0
2478	1.0
2490	4.0
2513	2.0
2518	3.0
2520	1.0
2524	2.0
2527	3.0
2528	1.0
2529	5.0
2532	2.0
2533	3.0
2535	1.0
2539	3.0
2549	1.0
2551	1.0
2553	3.0
2554	3.0
2560	1.0
2563	1.0
2565	2.0
2571	5.0
2600	2.0
2605	1.0
2617	3.0
2628	5.0
2633	5.0
2634	4.0
2640	3.0
2641	1.0
2642	1.0
2643	1.0
2644	5.0
2648	3.0
2654	5.0
2657	2.0
2660	3.0
2662	5.0
2664	5.0
2672	3.0
2676	2.0
2683	3.0
2687	3.0
2699	3.0
2700	5.0
2701	2.0
2707	3.0
2710	5.0
2712	5.0
2713	2.0
2716	3.0
2717	1.0
2719	1.0
2722	2.0
2723	1.0
2726	5.0
2728	5.0
2729	5.0
2730	5.0
2735	1.0
2745	1.0
2746	3.0
2747	3.0
2750	2.0
2752	1.0
2757	4.0
2761	5.0
2762	5.0
2779	2.0
2787	1.0
2789	1.0
2791	4.0
2793	1.0
2803	1.0
2804	5.0
2807	1.0
2808	1.0
2819	4.0
2822	2.0
2826	3.0
2827	1.0
2857	3.0
2858	5.0
2867	4.0
2871	3.0
2872	5.0
2875	2.0
2877	1.0
2898	2.0
2899	4.0
2901	2.0
2902	1.0
2903	1.0
2915	2.0
2916	5.0
2917	3.0
2918	3.0
2919	3.0
2921	5.0
2922	4.0
2926	4.0
2942	2.0
2944	3.0
2947	2.0
2949	3.0
2951	3.0
2956	1.0
2967	3.0
2968	1.0
2971	5.0
2978	3.0
2985	5.0
2986	3.0
2987	2.0
2989	1.0
2990	1.0
2991	1.0
2993	3.0
2995	3.0
2997	4.0
3005	1.0
3015	3.0
3016	2.0
3017	1.0
3018	4.0
3019	3.0
3020	3.0
3024	1.0
3029	2.0
3032	4.0
3033	3.0
3036	3.0
3037	5.0
3039	3.0
3040	1.0
3044	4.0
3045	3.0
3052	5.0
3063	3.0
3067	3.0
3070	2.0
3071	3.0
3072	3.0
3075	4.0
3081	4.0
3082	1.0
3087	1.0
3090	4.0
3098	4.0
3099	2.0
3101	3.0
3104	3.0
3105	3.0
3107	4.0
3108	3.0
3135	3.0
3148	5.0
3167	1.0
3168	2.0
3174	3.0
3175	2.0
3176	3.0
3178	3.0
3185	4.0
3186	4.0
3190	1.0
3196	3.0
3197	1.0
3203	3.0
3204	3.0
3208	1.0
3213	3.0
3219	2.0
3238	1.0
3243	2.0
3244	3.0
3246	3.0
3247	2.0
3249	3.0
3250	3.0
3251	2.0
3254	2.0
3255	3.0
3256	3.0
3257	2.0
3258	2.0
3259	2.0
3260	2.0
3261	3.0
3263	2.0
3264	2.0
3265	3.0
3267	3.0
3271	4.0
3272	3.0
3274	3.0
3296	3.0
3300	4.0
3334	3.0
3347	3.0
3354	1.0
3362	4.0
3384	2.0
3386	2.0
3388	1.0
3398	3.0
3409	3.0
3412	3.0
3418	4.0
3420	2.0
3421	3.0
3424	3.0
3426	3.0
3430	1.0
3435	4.0
3438	2.0
3441	1.0
3444	1.0
3450	3.0
3451	3.0
3461	4.0
3471	5.0
3476	4.0
3479	1.0
3489	1.0
3494	1.0
3498	4.0
3499	4.0
3500	1.0
3503	2.0
3504	5.0
3505	3.0
3508	3.0
3524	1.0
3525	2.0
3526	4.0
3527	3.0
3528	1.0
3529	4.0
3535	5.0
3545	3.0
3548	2.0
3550	5.0
3551	4.0
3552	4.0
3557	1.0
3576	3.0
