4	3.0
5	2.0
7	4.0
11	5.0
25	2.0
34	3.0
41	5.0
48	2.0
52	1.0
73	5.0
105	4.0
110	5.0
150	5.0
153	1.0
158	1.0
165	2.0
169	1.0
191	2.0
204	1.0
208	1.0
217	3.0
218	2.0
230	4.0
246	5.0
249	5.0
270	4.0
272	2.0
273	3.0
282	5.0
296	3.0
317	1.0
318	1.0
328	1.0
329	1.0
330	4.0
337	3.0
339	4.0
344	1.0
348	1.0
349	3.0
354	4.0
355	1.0
356	5.0
367	5.0
368	2.0
376	4.0
377	1.0
380	4.0
410	1.0
419	2.0
420	2.0
421	3.0
428	1.0
457	4.0
471	1.0
477	4.0
480	1.0
491	3.0
502	2.0
508	1.0
509	5.0
527	5.0
543	2.0
549	4.0
552	3.0
575	5.0
586	4.0
588	4.0
592	1.0
593	1.0
594	5.0
595	4.0
596	4.0
597	5.0
608	1.0
613	4.0
647	3.0
650	2.0
661	1.0
736	1.0
780	2.0
783	3.0
788	1.0
818	1.0
858	5.0
897	2.0
900	3.0
901	4.0
902	4.0
903	4.0
905	5.0
908	5.0
909	2.0
910	4.0
912	4.0
913	4.0
915	4.0
916	4.0
919	4.0
921	1.0
922	5.0
923	2.0
926	5.0
928	5.0
930	4.0
931	5.0
932	3.0
934	3.0
938	3.0
941	2.0
943	3.0
948	5.0
949	5.0
953	2.0
954	2.0
969	5.0
971	5.0
1007	2.0
1008	2.0
1010	1.0
1013	1.0
1014	3.0
1016	2.0
1018	2.0
1028	1.0
1031	2.0
1035	5.0
1036	1.0
1064	4.0
1073	1.0
1084	5.0
1086	5.0
1091	1.0
1092	4.0
1094	2.0
1095	4.0
1096	1.0
1099	3.0
1104	2.0
1120	3.0
1124	5.0
1130	2.0
1132	5.0
1135	2.0
1150	5.0
1167	3.0
1172	4.0
1177	4.0
1187	4.0
1189	5.0
1191	1.0
1192	5.0
1193	5.0
1196	1.0
1198	3.0
1200	1.0
1201	5.0
1207	1.0
1210	1.0
1214	1.0
1219	3.0
1222	1.0
1224	5.0
1225	5.0
1226	2.0
1227	2.0
1228	5.0
1234	5.0
1240	1.0
1242	1.0
1243	1.0
1246	4.0
1247	3.0
1249	3.0
1250	5.0
1252	3.0
1254	5.0
1258	5.0
1262	5.0
1265	3.0
1266	4.0
1267	5.0
1268	2.0
1269	3.0
1271	5.0
1272	5.0
1275	2.0
1276	5.0
1277	3.0
1278	1.0
1280	5.0
1283	5.0
1285	1.0
1287	3.0
1291	3.0
1293	2.0
1296	5.0
1304	5.0
1320	1.0
1333	5.0
1334	1.0
1339	3.0
1340	1.0
1343	3.0
1344	4.0
1346	1.0
1350	1.0
1363	1.0
1367	2.0
1371	1.0
1372	1.0
1373	1.0
1374	1.0
1375	1.0
1376	1.0
1380	3.0
1387	2.0
1388	2.0
1394	5.0
1395	4.0
1405	1.0
1408	2.0
1411	5.0
1416	5.0
1442	4.0
1461	3.0
1474	1.0
1515	1.0
1562	1.0
1569	3.0
1587	1.0
1595	1.0
1608	3.0
1610	1.0
1617	4.0
1678	1.0
1688	4.0
1702	1.0
1721	5.0
1735	4.0
1747	3.0
1772	3.0
1797	5.0
1810	3.0
1911	3.0
1918	1.0
1927	5.0
1931	5.0
1935	2.0
1936	2.0
1940	1.0
1945	5.0
1946	5.0
1947	5.0
1948	4.0
1951	4.0
1953	5.0
1954	4.0
1956	5.0
1957	2.0
1959	4.0
1961	4.0
1962	1.0
1964	1.0
1965	4.0
1968	1.0
1969	1.0
1974	3.0
1975	1.0
1982	4.0
1994	1.0
1995	1.0
1999	1.0
2000	3.0
2001	2.0
2002	1.0
2003	1.0
2004	1.0
2005	1.0
2012	2.0
2013	5.0
2015	1.0
2017	1.0
2018	5.0
2020	5.0
2023	5.0
2053	1.0
2054	3.0
2064	5.0
2065	1.0
2067	5.0
2068	2.0
2069	1.0
2070	5.0
2072	2.0
2076	2.0
2078	3.0
2080	2.0
2083	1.0
2084	1.0
2088	5.0
2096	5.0
2097	2.0
2099	2.0
2100	3.0
2115	3.0
2121	1.0
2122	1.0
2130	1.0
2135	4.0
2141	1.0
2144	2.0
2146	2.0
2150	5.0
2151	3.0
2160	3.0
2181	3.0
2183	4.0
2193	1.0
2243	2.0
2245	5.0
2247	4.0
2249	4.0
2253	2.0
2259	1.0
2266	3.0
2268	5.0
2269	3.0
2288	1.0
2291	3.0
2300	1.0
2302	4.0
2312	2.0
2313	5.0
2322	1.0
2327	1.0
2334	2.0
2344	1.0
2346	5.0
2354	1.0
2355	1.0
2363	1.0
2365	1.0
2367	3.0
2369	2.0
2371	1.0
2376	3.0
2384	2.0
2389	3.0
2391	4.0
2396	5.0
2399	2.0
2401	4.0
2402	2.0
2405	2.0
2406	3.0
2409	3.0
2410	1.0
2411	1.0
2412	1.0
2418	3.0
2420	3.0
2421	2.0
2424	4.0
2455	1.0
2471	1.0
2474	3.0
2476	3.0
2498	1.0
2501	5.0
2517	3.0
2524	3.0
2531	3.0
2532	4.0
2533	3.0
2574	3.0
2622	3.0
2639	5.0
2642	1.0
2648	1.0
2662	2.0
2664	1.0
2668	3.0
2671	5.0
2709	1.0
2716	2.0
2717	2.0
2724	2.0
2728	1.0
2736	1.0
2739	5.0
2745	2.0
2746	2.0
2747	3.0
2763	3.0
2764	3.0
2782	4.0
2787	1.0
2789	2.0
2791	3.0
2792	3.0
2794	3.0
2804	2.0
2846	3.0
2852	2.0
2857	1.0
2858	5.0
2866	5.0
2870	2.0
2871	3.0
2872	1.0
2875	5.0
2881	5.0
2917	4.0
2918	1.0
2919	1.0
2921	5.0
2922	5.0
2926	2.0
2942	4.0
2944	5.0
2947	4.0
2950	1.0
2951	5.0
2969	2.0
2970	1.0
2971	5.0
2973	3.0
2986	2.0
2991	4.0
3011	3.0
3015	1.0
3016	1.0
3019	5.0
3028	2.0
3033	1.0
3035	4.0
3036	5.0
3037	2.0
3039	2.0
3040	2.0
3066	5.0
3067	2.0
3068	4.0
3071	3.0
3088	1.0
3089	2.0
3095	5.0
3098	2.0
3099	3.0
3101	5.0
3105	5.0
3111	5.0
3135	3.0
3142	3.0
3148	4.0
3159	5.0
3168	3.0
3178	1.0
3196	4.0
3200	5.0
3201	5.0
3206	3.0
3210	4.0
3213	1.0
3243	1.0
3246	3.0
3248	1.0
3249	4.0
3254	3.0
3257	1.0
3258	1.0
3260	5.0
3263	4.0
3269	4.0
3296	2.0
3310	2.0
3334	4.0
3341	2.0
3350	3.0
3359	3.0
3360	2.0
3361	1.0
3362	5.0
3363	5.0
3364	2.0
3365	4.0
3386	3.0
3387	1.0
3392	1.0
3396	1.0
3397	1.0
3418	5.0
3421	5.0
3424	3.0
3436	3.0
3441	1.0
3448	2.0
3450	1.0
3467	5.0
3468	5.0
3469	4.0
3471	5.0
3475	5.0
3476	1.0
3478	5.0
3479	1.0
3489	3.0
3494	2.0
3499	5.0
3500	1.0
3501	3.0
3504	2.0
3507	2.0
3508	5.0
3524	1.0
3526	1.0
3527	1.0
3528	1.0
3529	3.0
3545	1.0
3546	5.0
3548	3.0
3549	4.0
3552	2.0
5060	4.0
