3	3.0
5	2.5
6	5.0
7	3.0
10	3.0
11	3.0
16	4.0
19	4.0
21	4.5
25	4.5
32	3.0
34	3.0
36	4.0
39	4.5
45	4.0
47	3.0
50	5.0
58	3.0
60	4.0
62	3.5
68	4.0
70	3.0
78	3.5
88	3.5
95	2.0
100	4.0
104	3.0
105	3.5
110	3.0
111	5.0
125	3.5
141	4.0
145	3.5
153	4.0
154	5.0
161	3.5
163	4.0
165	3.5
170	3.0
173	3.0
176	3.5
194	3.0
199	4.0
208	2.0
216	3.0
224	4.0
231	4.0
233	4.5
246	3.5
247	4.0
260	4.0
265	3.0
266	3.0
268	4.0
278	3.5
288	4.5
293	5.0
296	5.0
300	4.0
318	4.5
319	3.0
322	3.5
327	3.0
330	3.0
333	4.0
337	4.0
339	3.0
342	4.5
344	4.0
347	3.0
349	3.0
350	3.0
356	4.0
357	4.0
364	4.0
367	3.0
368	3.0
372	3.0
373	4.0
377	3.0
380	5.0
383	3.0
387	3.0
390	4.0
413	2.0
415	3.0
416	3.5
420	3.0
425	4.0
429	2.0
432	2.5
434	2.0
440	4.0
441	4.0
442	3.0
449	4.0
454	4.0
457	4.0
466	3.5
474	4.0
475	3.0
480	3.5
481	3.0
485	2.0
493	3.0
497	3.5
500	4.0
506	4.0
509	3.5
514	2.5
521	4.0
527	5.0
532	4.0
535	4.0
539	3.0
541	4.0
543	2.0
551	3.5
555	3.0
562	4.5
574	3.5
585	2.0
586	3.0
587	3.5
588	3.0
589	4.0
590	3.0
592	4.0
593	4.0
594	3.0
597	4.0
608	5.0
610	5.0
648	3.0
673	2.0
674	4.0
678	3.5
680	4.0
695	4.0
708	2.0
736	2.0
750	5.0
778	4.0
780	3.0
781	3.5
784	3.5
800	3.0
804	3.0
805	3.0
830	3.0
832	3.0
842	3.0
849	4.0
852	4.0
858	5.0
866	4.0
899	3.0
902	4.5
903	3.5
904	4.0
908	3.5
910	4.0
912	4.0
913	3.0
915	3.5
916	3.0
919	5.0
920	4.0
923	5.0
924	5.0
926	3.0
931	4.0
933	3.0
934	2.0
940	3.0
943	3.0
948	4.5
949	4.5
952	3.0
953	3.0
968	4.0
969	4.0
971	4.0
999	3.5
1007	3.0
1009	3.0
1010	2.5
1011	2.0
1012	3.0
1016	3.0
1017	3.0
1019	4.0
1022	4.0
1027	2.5
1028	3.0
1029	3.0
1031	3.0
1032	3.5
1034	4.0
1035	5.0
1036	4.0
1041	3.0
1042	3.5
1043	4.0
1051	4.0
1059	4.0
1060	4.0
1073	4.0
1077	3.5
1078	3.0
1079	4.0
1080	3.5
1082	4.0
1083	4.0
1084	5.0
1085	4.0
1088	4.0
1089	5.0
1090	5.0
1093	4.0
1094	4.5
1095	4.0
1097	3.0
1099	4.0
1101	4.0
1103	5.0
1104	4.0
1120	4.0
1124	3.0
1125	3.0
1126	2.0
1127	2.0
1128	3.5
1129	4.0
1130	4.0
1135	3.0
1136	4.0
1147	3.5
1171	4.0
1172	3.0
1175	2.0
1177	3.0
1179	4.5
1183	3.5
1184	3.0
1186	4.5
1191	2.0
1193	5.0
1194	4.5
1196	3.0
1197	4.0
1198	4.0
1199	4.0
1200	4.0
1201	4.5
1204	4.0
1206	5.0
1207	4.0
1208	5.0
1210	3.0
1213	3.0
1214	4.5
1216	5.0
1219	4.0
1220	5.0
1221	5.0
1222	5.0
1225	4.5
1227	3.0
1228	4.0
1231	3.0
1232	3.5
1233	4.5
1234	4.0
1235	4.0
1237	4.0
1240	4.0
1246	4.0
1247	5.0
1248	3.5
1249	4.0
1250	4.0
1252	5.0
1253	3.0
1254	3.0
1257	5.0
1258	4.0
1259	3.0
1262	4.5
1263	5.0
1265	4.0
1266	3.5
1267	4.5
1268	4.0
1270	4.0
1272	3.0
1275	3.0
1276	4.0
1277	4.0
1278	4.0
1283	4.0
1285	5.0
1287	4.0
1288	5.0
1291	4.0
1292	5.0
1293	4.0
1295	4.0
1299	3.5
1302	3.0
1304	4.0
1305	4.5
1307	3.5
1320	3.0
1321	4.5
1327	3.0
1333	3.0
1334	3.5
1337	3.0
1340	3.0
1343	4.0
1344	4.0
1345	3.5
1346	3.0
1347	3.0
1348	3.0
1350	3.0
1352	3.0
1354	3.5
1358	4.5
1367	3.0
1370	2.0
1371	3.0
1374	3.0
1377	3.0
1378	3.0
1380	4.0
1387	5.0
1388	4.0
1389	3.0
1391	3.0
1393	4.5
1394	3.5
1395	4.0
1396	2.0
1407	4.0
1409	3.0
1422	4.0
1441	4.0
1442	3.5
1459	3.5
1466	4.5
1476	4.5
1480	3.0
1485	4.0
1498	4.0
1500	5.0
1517	4.0
1527	3.0
1544	4.0
1552	3.0
1556	2.0
1569	3.0
1573	3.5
1580	3.5
1584	3.0
1587	3.0
1597	3.0
1610	4.0
1611	3.5
1616	3.0
1617	4.5
1620	3.5
1625	3.5
1627	3.5
1635	4.5
1641	3.0
1644	3.5
1645	4.0
1653	3.5
1663	5.0
1672	3.0
1673	4.5
1674	4.0
1676	3.0
1680	4.0
1682	4.0
1687	3.0
1690	2.0
1694	3.5
1699	4.5
1704	3.0
1711	3.0
1719	5.0
1721	3.0
1722	3.0
1727	4.0
1729	4.0
1732	5.0
1735	4.0
1747	3.0
1748	4.0
1777	5.0
1783	3.0
1784	3.5
1805	4.0
1831	3.0
1834	3.5
1835	3.0
1884	4.0
1885	3.5
1892	4.0
1894	2.5
1895	3.5
1897	3.5
1904	4.0
1912	4.0
1913	4.0
1916	2.5
1918	3.0
1923	5.0
1927	5.0
1931	4.0
1944	4.5
1945	5.0
1947	5.0
1952	4.0
1953	4.0
1954	4.0
1955	3.0
1956	3.0
1957	4.0
1960	3.0
1961	4.0
1962	4.0
1963	3.0
1965	4.5
1968	4.5
1974	4.0
1976	3.0
1982	4.0
1994	3.0
1997	3.5
2000	4.0
2001	4.0
2002	4.0
2003	2.0
2010	4.0
2011	4.0
2012	2.0
2013	2.5
2015	3.0
2016	3.0
2018	4.0
2019	3.5
2020	5.0
2023	5.0
2028	4.5
2051	3.0
2053	3.0
2054	3.0
2058	3.0
2065	4.5
2067	3.0
2076	5.0
2078	3.0
2085	4.0
2087	3.0
2088	3.0
2091	3.0
2095	3.0
2096	2.0
2100	3.0
2105	3.5
2108	3.0
2109	4.0
2110	3.0
2114	4.0
2115	4.0
2116	3.0
2117	4.0
2118	4.0
2121	2.0
2122	3.0
2124	3.0
2130	4.0
2132	4.5
2134	4.0
2135	2.0
2136	3.0
2137	3.0
2144	5.0
2145	4.5
2146	4.0
2150	4.0
2153	3.5
2155	3.5
2160	3.0
2161	3.0
2165	4.0
2169	2.5
2171	3.0
2174	4.0
2186	3.0
2194	4.0
2202	3.0
2231	2.0
2240	1.5
2243	4.0
2245	3.0
2247	3.5
2248	4.0
2252	3.0
2266	3.0
2268	4.0
2278	4.0
2288	3.0
2289	4.5
2291	5.0
2300	3.0
2301	3.0
2302	3.0
2303	4.0
2313	3.0
2315	3.0
2318	4.0
2321	3.5
2327	3.0
2329	3.0
2333	3.0
2336	3.0
2340	3.5
2348	3.5
2349	3.5
2352	4.0
2363	4.0
2365	4.0
2366	4.0
2367	3.5
2369	3.0
2370	3.0
2371	4.0
2376	4.0
2378	3.0
2389	3.0
2391	4.0
2395	5.0
2396	3.0
2398	4.0
2399	2.5
2401	3.0
2402	2.0
2404	3.0
2405	2.0
2406	2.0
2407	4.0
2409	3.0
2414	2.0
2416	2.5
2420	3.0
2423	4.0
2424	3.0
2427	4.0
2439	5.0
2455	4.0
2459	4.0
2463	3.0
2468	2.5
2469	4.0
2470	4.0
2474	3.5
2476	3.5
2478	2.0
2502	4.0
2513	3.0
2517	4.0
2518	3.5
2520	4.0
2521	4.0
2524	3.5
2527	3.0
2528	3.0
2529	4.0
2530	3.0
2531	3.5
2532	3.0
2533	4.0
2535	4.0
2539	3.0
2541	4.0
2551	4.0
2554	3.0
2558	3.0
2565	4.0
2570	3.0
2571	4.0
2572	4.0
2599	4.0
2605	3.0
2629	2.0
2639	3.0
2640	3.0
2641	3.0
2648	4.0
2662	4.0
2664	4.0
2668	2.0
2670	4.0
2671	3.5
2683	4.0
2692	4.0
2693	3.0
2694	4.0
2702	4.0
2706	4.0
2707	3.0
2710	4.0
2712	4.0
2716	4.0
2717	3.0
2718	3.5
2722	3.0
2724	3.0
2728	4.0
2729	4.5
2736	3.0
2739	2.0
2745	4.0
2746	3.0
2761	4.0
2762	4.0
2763	4.5
2764	4.0
2770	5.0
2772	3.0
2779	4.0
2782	2.0
2789	1.5
2791	4.0
2792	4.0
2795	4.0
2797	4.0
2802	4.0
2803	3.0
2804	4.0
2805	2.0
2806	3.0
2819	4.0
2822	2.0
2857	4.5
2858	5.0
2859	5.0
2863	3.0
2866	4.0
2870	3.0
2871	4.5
2881	4.0
2890	4.0
2891	4.0
2899	3.5
2901	4.0
2908	4.0
2912	4.5
2915	4.0
2916	4.0
2917	3.5
2918	5.0
2919	4.0
2920	4.0
2921	4.0
2942	2.0
2943	4.0
2944	4.0
2946	3.0
2947	4.0
2948	3.0
2949	3.0
2950	3.0
2951	5.0
2968	4.0
2970	4.0
2971	4.0
2985	4.0
2987	4.0
2989	4.0
2990	3.0
2991	4.0
2993	3.0
2997	4.5
3004	3.0
3005	4.0
3011	4.0
3015	3.5
3016	4.0
3019	4.0
3022	2.5
3024	2.0
3032	4.0
3033	4.0
3034	4.0
3037	4.0
3039	4.0
3040	4.0
3044	3.0
3052	4.0
3060	3.0
3062	4.0
3066	4.0
3068	4.0
3070	3.0
3072	3.0
3074	3.0
3075	4.0
3077	2.5
3082	4.0
3089	3.5
3095	3.0
3098	4.0
3100	4.0
3101	4.0
3102	4.0
3104	3.0
3107	4.0
3108	4.0
3134	4.5
3135	4.5
3147	4.0
3148	4.0
3152	4.5
3156	2.0
3160	4.0
3167	4.0
3168	4.5
3169	3.5
3173	4.0
3174	3.5
3175	4.5
3176	4.0
3194	3.0
3198	4.5
3201	3.5
3203	4.0
3204	3.0
3206	4.0
3210	5.0
3219	3.0
3224	5.0
3238	3.0
3252	3.0
3253	4.0
3255	3.5
3256	2.0
3257	2.5
3261	4.0
3263	4.0
3267	3.0
3271	4.0
3273	3.5
3274	4.0
3275	4.0
3296	3.0
3298	3.0
3308	4.0
3316	3.0
3317	3.5
3328	5.0
3330	4.0
3342	4.0
3347	4.5
3355	3.0
3359	4.0
3360	4.0
3361	4.0
3362	4.0
3363	4.0
3364	3.0
3384	3.0
3396	3.0
3408	4.0
3418	3.5
3421	5.0
3424	4.0
3430	3.0
3435	4.0
3448	4.0
3451	4.0
3461	3.5
3467	3.0
3468	3.5
3471	4.0
3475	4.0
3477	3.0
3481	3.0
3498	3.0
3499	4.0
3503	3.5
3504	3.5
3505	4.0
3506	4.0
3507	3.5
3508	3.0
3515	3.5
3519	4.0
3521	4.0
3526	3.0
3527	3.0
3529	4.5
3535	5.0
3543	3.0
3546	3.5
3550	4.0
3551	4.0
3552	5.0
3555	3.5
3556	5.0
3565	3.0
3578	3.0
3614	3.0
3633	4.0
3635	3.5
3638	3.0
3639	3.0
3649	4.0
3653	5.0
3654	3.5
3668	3.0
3671	3.5
3672	3.0
3675	3.0
3676	4.0
3683	4.0
3684	4.0
3685	4.0
3686	3.0
3688	3.0
3693	3.5
3699	3.0
3700	3.0
3702	4.0
3703	3.0
3704	3.0
3707	3.0
3708	3.0
3710	2.5
3717	3.0
3735	3.0
3741	4.5
3742	4.0
3751	3.5
3752	4.0
3755	3.0
3763	4.0
3783	4.0
3785	4.0
3788	3.0
3789	5.0
3791	3.0
3793	4.0
3794	4.5
3798	4.0
3809	3.0
3825	4.0
3827	4.0
3831	3.0
3836	4.5
3852	5.0
3858	4.0
3871	5.0
3873	4.0
3882	3.0
3893	3.0
3897	4.0
3901	3.0
3910	4.0
3911	3.5
3916	3.5
3925	4.0
3927	3.0
3932	3.0
3943	4.0
3948	3.0
3952	4.0
3959	3.0
3967	3.5
3968	4.0
3969	4.0
3977	4.0
3978	3.0
3981	2.0
3983	4.0
3984	4.0
3985	4.0
3987	3.0
3994	3.5
3996	4.0
3998	2.0
4011	3.0
4014	3.0
4018	4.0
4020	4.0
4022	3.5
4023	3.5
4025	3.0
4027	3.5
4029	3.0
4034	4.0
4037	4.0
4041	3.0
4054	3.0
4056	3.0
4062	3.5
4068	4.0
4069	3.0
4082	4.0
4085	4.0
4086	4.0
4091	3.0
4102	4.0
4117	4.0
4148	4.0
4161	3.0
4174	3.0
4178	4.0
4191	3.0
4210	4.0
4218	4.5
4223	2.5
4226	4.5
4228	4.0
4231	3.0
4234	3.5
4238	3.5
4239	4.0
4246	5.0
4248	3.0
4262	5.0
4276	4.0
4280	3.5
4285	3.0
4291	4.0
4299	3.0
4306	4.0
4308	5.0
4310	4.0
4321	3.0
4322	3.0
4326	4.0
4327	4.5
4333	3.0
4339	4.0
4345	4.0
4349	4.5
4351	4.0
4356	4.0
4357	4.0
4359	3.0
4361	4.0
4367	3.0
4369	3.5
4370	4.0
4372	4.0
4378	4.5
4386	2.0
4388	4.0
4432	3.5
4447	4.0
4448	3.0
4464	3.0
4487	4.0
4489	4.0
4499	3.5
4557	3.0
4621	2.5
4623	4.0
4639	3.0
4641	4.5
4642	3.0
4643	2.0
4649	4.0
4661	4.0
4676	2.0
4678	4.0
4681	3.0
4713	4.0
4718	4.0
4720	3.0
4727	2.0
4732	2.0
4744	4.0
4745	4.0
4757	5.0
4776	4.0
4784	3.0
4787	3.0
4809	4.0
4816	5.0
4835	2.5
4844	4.0
4848	5.0
4855	4.5
4865	4.0
4874	4.0
4876	3.0
4878	4.0
4880	4.5
4881	3.0
4886	3.5
4890	4.0
4901	3.0
4903	4.0
4912	3.0
4914	3.5
4932	3.0
4936	3.0
4941	3.5
4954	4.0
4963	4.0
4970	3.5
4971	4.0
4973	4.0
4974	3.0
4975	3.5
4979	4.5
4993	3.5
4994	3.0
4995	2.5
5010	3.5
5013	3.0
5014	3.0
5015	4.0
5016	4.0
5027	3.5
5040	3.0
5049	4.0
5060	4.5
5081	4.0
5110	4.0
5135	3.0
5139	5.0
5152	4.0
5214	3.0
5222	3.0
5237	4.0
5247	4.0
5265	3.5
5266	3.5
5267	4.0
5292	5.0
5293	4.0
5296	3.0
5299	3.0
5312	4.0
5349	3.5
5364	3.5
5367	3.0
5377	4.5
5385	3.0
5388	4.0
5401	4.0
5418	4.0
5419	3.0
5420	4.0
5438	4.0
5445	3.5
5459	3.5
5464	4.0
5479	3.0
5481	3.0
5500	4.0
5505	4.0
5506	3.0
5507	3.5
5508	3.0
5522	3.5
5524	3.5
5528	4.0
5530	2.0
5541	4.0
5548	3.0
5553	4.0
5564	4.0
5577	3.5
5610	2.0
5617	4.5
5620	4.0
5630	4.0
5668	3.5
5673	4.0
5693	4.0
5712	4.0
5747	4.0
5785	4.0
5792	4.0
5796	3.0
5809	4.5
5810	4.0
5812	4.0
5853	3.0
5876	4.0
5893	4.5
5900	3.0
5902	4.0
5945	3.0
5952	4.0
5955	4.0
5956	4.0
5957	3.5
5989	4.0
5991	4.0
6001	5.0
6003	4.0
6104	3.0
6155	3.0
6166	3.0
6184	3.5
6188	4.0
6218	4.0
6238	2.5
6239	3.0
6287	3.0
6296	3.5
6301	3.0
6303	3.0
6305	3.0
6333	4.0
6377	4.0
6378	3.5
6380	4.0
6383	3.0
6440	4.0
6502	4.0
6503	3.5
6535	3.5
6537	4.0
6539	4.5
6586	3.5
6620	4.0
6662	4.0
6663	3.5
6695	3.0
6708	4.0
6711	4.5
6724	4.5
6743	4.0
6787	4.0
6796	4.0
6807	4.0
6808	4.0
6810	3.0
6863	4.0
6870	4.0
6873	3.5
6874	4.5
6893	3.5
6936	3.5
6942	4.0
6944	2.5
6953	4.5
6957	4.0
6979	3.5
6987	3.5
7004	3.0
7008	3.0
7013	4.5
7036	2.5
7044	4.0
7046	4.0
7060	3.0
7101	3.0
7104	3.5
7121	4.0
7147	4.0
7151	4.0
7158	4.0
7173	4.0
7247	4.0
7293	3.5
7325	4.0
7361	4.5
7371	4.0
7387	4.0
7419	4.0
7438	4.5
7569	4.0
7570	4.0
7573	4.0
7698	4.0
7980	4.0
8042	4.5
8360	4.0
8373	4.0
8493	4.0
8501	3.0
8528	4.0
8596	3.5
8622	1.0
8623	4.0
8784	4.5
8798	4.5
8879	3.5
8937	4.0
8949	5.0
8969	4.0
8984	4.0
26555	3.5
26680	4.0
26729	4.0
30707	5.0
30812	4.0
30898	4.5
33836	3.5
34162	5.0
35836	3.0
36517	4.0
37733	4.5
39183	3.5
40819	5.0
45720	4.0
47629	4.0
48516	4.5
53322	4.0
54286	4.5
56367	5.0
