1	5.0
2	3.0
3	4.0
5	4.0
7	4.0
9	3.0
10	5.0
15	4.0
18	2.0
19	3.0
21	5.0
24	4.0
26	4.0
31	3.0
32	5.0
34	3.0
39	1.0
42	1.0
44	3.0
47	2.0
50	5.0
62	5.0
69	1.0
70	4.0
86	4.0
88	3.0
104	5.0
110	5.0
112	3.0
141	5.0
145	4.0
150	4.0
151	4.0
153	3.0
160	1.0
162	3.0
163	4.0
165	4.0
168	4.0
173	2.0
177	4.0
180	5.0
185	3.0
186	3.0
188	4.0
196	3.0
203	3.0
208	4.0
216	5.0
223	5.0
225	4.0
227	4.0
231	4.0
235	3.0
248	5.0
249	4.0
253	4.0
260	5.0
265	3.0
266	4.0
273	3.0
279	5.0
292	4.0
293	4.0
296	4.0
300	4.0
316	4.0
317	3.0
318	5.0
319	4.0
329	3.0
333	4.0
337	4.0
338	4.0
339	4.0
344	2.0
346	5.0
349	4.0
350	4.0
353	5.0
356	4.0
357	4.0
358	3.0
364	5.0
365	4.0
367	5.0
368	4.0
370	3.0
371	2.0
372	1.0
376	3.0
377	4.0
379	2.0
380	4.0
382	1.0
393	2.0
413	4.0
419	1.0
429	4.0
432	3.0
434	4.0
440	4.0
442	4.0
450	4.0
454	3.0
457	4.0
474	4.0
475	5.0
479	4.0
480	5.0
485	3.0
494	4.0
497	4.0
500	4.0
511	3.0
514	4.0
517	4.0
518	4.0
519	2.0
520	3.0
527	5.0
533	3.0
536	4.0
539	3.0
541	2.0
542	3.0
543	4.0
551	4.0
552	4.0
575	4.0
585	5.0
586	4.0
587	3.0
588	5.0
589	5.0
590	4.0
592	5.0
593	4.0
595	4.0
597	4.0
608	4.0
609	2.0
627	5.0
647	3.0
648	4.0
653	4.0
688	3.0
694	3.0
707	2.0
708	4.0
720	5.0
724	2.0
733	5.0
736	4.0
741	3.0
745	5.0
748	2.0
750	3.0
761	4.0
778	2.0
780	4.0
783	5.0
784	2.0
785	3.0
786	3.0
788	5.0
798	3.0
799	5.0
802	4.0
805	3.0
809	3.0
810	3.0
818	4.0
829	4.0
830	4.0
832	4.0
839	2.0
852	3.0
858	4.0
861	3.0
879	3.0
899	3.5
902	3.0
903	4.0
904	4.0
910	4.0
914	3.0
919	5.0
923	5.0
934	4.0
940	4.0
951	4.0
953	5.0
968	5.0
991	4.0
996	3.0
1003	4.0
1005	2.0
1006	4.0
1015	2.0
1019	3.0
1022	4.0
1024	4.0
1025	3.0
1027	4.0
1028	4.0
1029	4.0
1030	4.0
1033	5.0
1035	4.0
1036	4.0
1037	3.0
1042	5.0
1047	4.0
1049	4.0
1060	3.5
1061	4.0
1073	4.0
1079	4.0
1080	5.0
1084	3.0
1089	4.0
1091	2.0
1092	2.0
1093	3.0
1097	5.0
1099	4.0
1101	5.0
1103	5.0
1104	2.0
1120	4.0
1127	4.0
1136	4.0
1148	5.0
1172	4.0
1193	5.0
1196	5.0
1197	5.0
1198	4.0
1200	5.0
1207	5.0
1208	4.0
1210	5.0
1213	4.0
1214	5.0
1215	5.0
1219	5.0
1220	5.0
1221	4.0
1223	5.0
1231	3.0
1234	4.0
1235	4.0
1240	5.0
1242	4.0
1246	5.0
1247	3.0
1258	3.0
1259	5.0
1265	4.0
1268	4.0
1270	5.0
1271	4.0
1274	4.0
1275	4.0
1278	3.0
1282	3.0
1288	4.0
1291	4.0
1297	4.0
1298	4.0
1299	3.0
1300	4.0
1302	4.0
1307	4.0
1320	2.0
1327	0.5
1333	3.0
1339	4.0
1343	3.0
1345	4.0
1347	4.0
1348	3.0
1356	3.0
1370	4.0
1377	3.0
1380	5.0
1385	3.0
1387	4.0
1388	4.0
1389	2.0
1391	3.0
1393	2.0
1394	4.0
1395	3.0
1396	4.0
1407	4.0
1409	4.0
1416	4.0
1422	3.0
1425	4.0
1429	3.0
1432	4.0
1438	4.0
1449	3.5
1459	4.0
1476	4.0
1479	5.0
1485	3.0
1497	3.0
1498	4.0
1500	5.0
1513	4.0
1517	3.0
1518	4.0
1527	5.0
1544	1.0
1552	5.0
1562	3.0
1566	3.0
1569	2.0
1573	4.0
1580	5.0
1584	1.0
1587	4.0
1589	1.0
1590	4.0
1591	3.0
1597	1.0
1598	4.0
1603	4.0
1606	3.0
1608	3.0
1610	4.0
1617	4.0
1619	4.0
1639	3.0
1641	5.0
1645	2.0
1653	3.0
1673	1.0
1676	4.0
1682	5.0
1687	4.0
1688	4.0
1689	4.0
1690	1.0
1693	3.0
1704	5.0
1711	3.0
1713	4.0
1721	4.0
1722	5.0
1726	1.0
1732	3.0
1735	2.0
1747	4.0
1748	5.0
1752	4.0
1754	4.0
1769	4.0
1777	5.0
1779	3.0
1784	3.0
1792	4.0
1799	5.0
1804	4.0
1805	5.0
1831	4.0
1833	2.0
1835	3.0
1848	4.0
1873	5.0
1876	2.0
1882	2.0
1883	4.0
1894	4.0
1907	4.0
1909	2.0
1917	5.0
1918	5.0
1920	4.0
1923	2.0
1947	5.0
1954	5.0
1961	5.0
1962	4.0
1967	4.0
1968	5.0
1972	1.0
1973	1.0
1974	4.0
1982	4.0
1991	2.0
2000	4.0
2001	4.0
2002	4.0
2003	5.0
2004	3.0
2005	4.0
2006	5.0
2011	4.0
2012	4.0
2018	4.0
2021	5.0
2023	1.0
2028	3.0
2033	4.0
2042	3.0
2046	4.0
2052	4.0
2054	3.0
2058	4.0
2064	5.0
2072	4.0
2080	4.0
2081	4.0
2082	4.0
2087	5.0
2088	4.0
2094	4.0
2099	5.0
2105	4.0
2106	3.0
2107	1.0
2109	5.0
2115	4.0
2116	2.0
2120	3.0
2124	3.0
2125	4.0
2126	4.0
2133	3.0
2134	4.0
2137	4.0
2140	4.0
2143	3.0
2144	4.0
2150	4.0
2151	2.0
2161	5.0
2162	1.0
2163	3.0
2167	5.0
2174	4.0
2176	4.0
2193	3.0
2231	4.0
2232	2.0
2236	4.0
2253	1.0
2268	4.0
2273	4.0
2279	3.0
2288	4.0
2291	4.0
2294	4.0
2297	4.0
2300	5.0
2302	5.0
2306	3.0
2310	4.0
2316	3.0
2320	3.0
2321	5.0
2324	4.0
2328	1.0
2329	4.0
2335	5.0
2336	4.0
2353	4.0
2355	5.0
2359	5.0
2366	4.0
2367	4.0
2376	4.0
2378	5.0
2384	3.0
2387	1.0
2391	3.0
2393	3.0
2394	4.0
2395	3.0
2396	4.0
2398	5.0
2407	4.0
2409	5.0
2410	4.0
2411	4.0
2413	5.0
2416	3.0
2420	4.0
2423	4.0
2429	3.0
2430	2.0
2431	4.0
2433	4.0
2445	4.0
2447	4.0
2450	3.0
2470	4.0
2471	3.0
2478	5.0
2490	3.0
2501	5.0
2502	4.0
2517	4.0
2528	4.0
2529	3.0
2539	5.0
2541	4.0
2542	2.0
2549	2.0
2571	5.0
2580	4.0
2598	2.0
2599	3.0
2600	1.0
2605	3.0
2615	3.0
2617	3.0
2622	2.0
2625	3.0
2628	4.0
2634	3.0
2640	4.0
2641	4.0
2642	3.0
2657	4.0
2664	3.0
2671	3.0
2672	2.0
2676	4.0
2683	2.0
2687	4.0
2688	4.0
2692	4.0
2693	4.0
2694	4.0
2699	4.0
2700	5.0
2701	4.0
2706	5.0
2707	3.0
2710	3.0
2712	1.0
2713	3.0
2716	5.0
2717	2.0
2718	5.0
2719	2.0
2722	3.0
2723	4.0
2724	4.0
2735	4.0
2745	4.0
2746	5.0
2747	5.0
2752	4.0
2761	4.0
2762	5.0
2763	4.0
2764	4.0
2770	4.0
2772	4.0
2782	3.0
2787	4.0
2788	4.0
2791	5.0
2792	4.0
2793	4.0
2794	5.0
2795	5.0
2797	4.0
2804	5.0
2805	4.0
2822	3.0
2826	3.0
2829	3.0
2840	3.0
2858	5.0
2860	3.0
2863	5.0
2866	4.0
2872	2.0
2877	3.0
2890	4.0
2898	4.0
2912	3.0
2915	4.0
2916	4.0
2918	5.0
2926	4.0
2941	4.0
2946	4.0
2947	4.0
2948	4.0
2949	4.0
2959	3.0
2961	4.0
2968	4.0
2976	1.0
2985	4.0
2986	2.0
2987	5.0
2989	4.0
2995	2.0
2997	4.0
3000	4.0
3004	4.0
3005	3.0
3007	3.0
3020	4.0
3033	5.0
3034	5.0
3039	5.0
3040	5.0
3044	4.0
3045	4.0
3052	4.0
3060	4.0
3067	3.0
3078	5.0
3081	4.0
3082	5.0
3088	5.0
3095	3.0
3100	4.0
3107	3.0
3108	4.0
3113	3.0
3114	5.0
3145	4.0
3146	4.0
3147	4.0
3148	4.0
3155	5.0
3157	3.0
3159	4.0
3160	4.0
3174	4.0
3175	5.0
3176	4.0
3185	3.0
3189	5.0
3190	3.0
3198	4.0
3225	3.0
3238	1.0
3247	4.0
3249	3.0
3252	3.0
3253	4.0
3254	3.0
3255	5.0
3263	3.0
3264	4.0
3270	3.0
3273	3.0
3285	4.0
3298	4.0
3300	5.0
3301	5.0
3310	3.5
3316	4.0
3324	3.0
3328	5.0
3355	3.0
3363	5.0
3387	2.0
3388	3.0
3396	4.0
3397	4.0
3398	4.0
3408	4.0
3418	4.0
3421	5.0
3438	3.0
3450	4.0
3452	4.0
3461	4.0
3477	4.0
3478	4.0
3479	4.0
3480	3.0
3481	4.0
3489	3.0
3499	1.0
3510	3.0
3525	5.0
3526	4.0
3527	4.0
3534	4.0
3535	2.0
3536	4.0
3538	4.0
3549	5.0
3552	4.0
3555	4.0
3556	4.0
3578	5.0
3593	3.0
3608	5.0
3615	3.0
3617	4.0
3623	3.0
3624	4.0
3639	4.0
3668	4.0
3671	5.0
3675	3.5
3688	4.0
3693	2.0
3697	4.0
3698	4.0
3702	3.0
3717	4.0
3729	2.5
3740	5.0
3744	4.0
3745	5.0
3751	4.0
3752	5.0
3753	5.0
3755	2.0
3763	4.0
3784	4.0
3785	2.0
3786	4.0
3793	5.0
3798	2.0
3802	4.0
3809	5.0
3821	3.0
3825	4.0
3826	2.0
3827	3.0
3852	4.0
3861	4.0
3863	3.0
3864	2.0
3868	5.0
3871	2.0
3879	4.0
3882	4.0
3893	4.0
3897	5.0
3911	5.0
3916	4.0
3948	4.0
3967	4.0
3968	3.0
3977	4.0
3978	2.0
3980	4.0
3986	4.0
3988	4.0
3994	4.0
3996	4.0
3997	4.0
3998	5.0
3999	4.0
4002	4.0
4006	4.0
4011	5.0
4014	5.0
4015	1.0
4016	4.0
4018	5.0
4022	4.0
4025	3.0
4027	3.0
4034	4.0
4066	5.0
4084	4.0
4085	5.0
4090	4.0
4128	5.0
4132	2.0
4133	2.0
4153	4.0
4159	2.0
4214	5.0
4215	1.0
4226	4.0
4234	1.0
4239	5.0
4246	4.0
4270	4.0
4299	4.0
4306	5.0
4308	5.0
4317	3.0
4321	4.0
4326	4.0
4343	2.0
4344	4.0
4351	4.0
4366	4.0
4369	5.0
4370	2.0
4386	4.0
4387	4.0
4446	4.0
4447	4.0
4489	5.0
4499	4.0
4509	4.0
4533	3.0
4544	3.0
4545	4.0
4546	4.0
4571	4.0
4616	3.0
4621	3.0
4623	4.0
4641	4.0
4642	1.0
4643	3.0
4654	3.0
4673	4.0
4677	4.0
4678	4.0
4679	4.0
4701	4.0
4703	4.5
4705	3.0
4718	5.0
4720	4.0
4728	5.0
4734	4.0
4756	1.0
4799	3.0
4846	4.0
4848	2.0
4855	4.0
4857	4.0
4874	3.0
4878	3.0
4886	4.0
4887	2.0
4896	5.0
4901	4.0
4958	3.0
4973	4.0
4975	2.0
4979	3.0
4993	5.0
4994	3.0
5010	4.0
5026	3.0
5049	4.0
5055	5.0
5064	4.0
5103	4.0
5152	4.0
5219	3.0
5254	4.0
5267	2.0
5299	5.0
5349	5.0
5378	3.0
5418	4.5
5444	5.0
5445	4.0
5464	4.0
5481	1.0
5500	5.0
5502	3.0
5507	4.0
5540	4.0
5669	4.0
5679	3.0
5816	4.0
5833	3.5
5843	4.5
5872	2.5
5902	2.0
5944	3.0
5952	5.0
5956	4.5
5989	4.5
5991	4.5
5995	4.0
6059	3.5
6156	3.5
6333	5.0
6365	3.5
6377	3.5
6378	4.0
6502	2.5
6534	3.0
6537	2.5
6539	5.0
6659	3.5
6755	2.5
6857	4.0
6863	4.0
6874	4.0
6934	3.0
6942	4.5
6947	3.5
7143	4.0
7153	5.0
7160	3.5
7162	3.5
7360	4.0
7361	4.0
7373	3.0
7438	4.5
7458	4.0
8132	5.0
8360	4.5
8368	4.5
8376	4.0
8636	5.0
8665	4.5
8798	2.5
8874	4.0
8957	0.5
8958	4.5
8961	5.0
8970	4.0
8972	3.5
26084	4.0
27611	4.0
27660	4.0
30816	2.0
32587	5.0
33004	3.0
33493	3.5
33679	4.0
33794	5.0
34405	4.0
35836	2.0
40815	3.5
44191	3.5
45517	4.0
45728	3.0
46530	2.5
50601	3.0
50872	4.0
51255	3.0
51662	2.5
52245	3.0
52281	3.0
54001	4.0
54881	3.5
58559	4.0
59315	5.0
59615	2.0
60684	2.5
61132	2.5
66934	4.0
68358	4.0
68954	3.5
69844	3.0
71535	4.0
73321	3.5
76093	4.0
78499	5.0
81834	3.0
86332	2.0
87232	4.0
87306	4.0
88125	3.0
98809	2.0
102125	5.0
106002	2.5
106487	4.0
108932	4.0
