1	4.0
2	4.0
3	4.5
5	4.5
8	4.5
17	5.0
19	4.5
31	4.5
34	3.0
39	4.0
44	3.5
48	5.0
60	4.5
62	5.0
65	4.5
70	4.0
73	5.0
74	5.0
95	4.5
107	5.0
110	5.0
135	5.0
145	5.0
150	5.0
153	5.0
158	4.5
160	4.5
165	5.0
168	4.5
173	4.0
204	3.5
207	5.0
208	4.5
216	5.0
239	4.0
253	4.5
256	5.0
258	3.5
260	5.0
261	5.0
266	5.0
290	5.0
293	5.0
303	5.0
317	4.5
318	5.0
327	3.5
337	5.0
344	4.5
353	5.0
356	4.5
357	4.0
362	5.0
364	5.0
367	4.0
374	3.0
377	3.5
380	5.0
405	5.0
419	4.0
421	5.0
434	4.0
442	4.5
455	4.0
457	5.0
466	4.5
468	4.0
480	4.0
491	5.0
497	5.0
500	5.0
520	5.0
524	5.0
551	4.0
552	4.5
553	5.0
585	4.0
586	4.0
588	5.0
589	3.5
590	4.5
592	5.0
594	5.0
595	5.0
596	5.0
597	5.0
609	4.5
613	5.0
616	5.0
648	4.0
653	5.0
661	5.0
673	4.0
688	5.0
709	5.0
711	4.0
733	5.0
736	4.0
761	5.0
765	5.0
780	5.0
783	5.0
786	4.5
788	4.0
802	5.0
805	5.0
828	5.0
832	5.0
836	4.5
837	4.0
838	5.0
852	4.0
899	5.0
919	5.0
986	4.5
1005	4.0
1015	5.0
1017	4.5
1019	5.0
1020	5.0
1021	3.5
1022	5.0
1025	5.0
1027	5.0
1028	5.0
1029	5.0
1031	5.0
1032	5.0
1033	5.0
1035	5.0
1036	5.0
1042	5.0
1059	4.5
1073	4.0
1088	5.0
1090	5.0
1097	1.5
1100	4.5
1101	5.0
1127	5.0
1132	5.0
1136	5.0
1175	5.0
1196	5.0
1197	5.0
1198	5.0
1201	5.0
1210	5.0
1220	5.0
1231	3.5
1240	4.0
1242	5.0
1246	5.0
1249	5.0
1265	5.0
1270	5.0
1275	5.0
1282	5.0
1291	5.0
1302	5.0
1359	3.5
1367	5.0
1370	5.0
1377	5.0
1378	5.0
1379	5.0
1380	4.5
1381	2.5
1385	5.0
1387	4.0
1391	4.5
1393	4.0
1407	0.5
1408	5.0
1438	4.5
1453	4.5
1474	4.5
1479	5.0
1485	4.0
1499	3.5
1513	3.5
1517	3.0
1527	5.0
1544	4.5
1552	5.0
1562	4.5
1566	5.0
1573	5.0
1580	5.0
1584	4.5
1586	5.0
1587	5.0
1588	4.0
1597	4.0
1608	5.0
1610	5.0
1645	5.0
1665	4.5
1674	5.0
1676	4.5
1681	4.0
1688	5.0
1702	4.5
1704	5.0
1721	0.5
1726	5.0
1727	5.0
1772	5.0
1777	3.5
1784	4.0
1792	5.0
1833	5.0
1835	5.0
1876	4.0
1882	4.0
1894	5.0
1907	5.0
1911	4.0
1917	4.5
1918	3.5
1947	5.0
1954	5.0
1961	5.0
1962	5.0
2000	4.5
2001	4.5
2003	4.0
2005	5.0
2006	5.0
2011	5.0
2012	5.0
2018	5.0
2020	5.0
2042	4.0
2046	4.5
2052	4.5
2054	4.5
2058	5.0
2059	4.0
2072	4.5
2078	5.0
2080	5.0
2081	5.0
2082	4.0
2083	5.0
2085	5.0
2087	5.0
2088	4.0
2089	5.0
2092	4.5
2096	5.0
2114	5.0
2115	5.0
2123	5.0
2124	4.5
2125	5.0
2126	4.5
2133	4.0
2136	4.5
2137	5.0
2141	5.0
2142	5.0
2144	5.0
2145	5.0
2161	5.0
2162	4.5
2167	5.0
2253	4.0
2268	5.0
2273	5.0
2291	5.0
2294	4.5
2297	5.0
2316	4.5
2321	5.0
2324	5.0
2335	3.5
2340	4.5
2353	5.0
2355	5.0
2375	4.5
2378	5.0
2379	4.5
2380	4.5
2381	4.5
2382	4.5
2383	4.0
2394	5.0
2396	4.0
2405	5.0
2408	4.5
2420	4.0
2428	3.5
2431	5.0
2432	5.0
2447	3.0
2470	4.5
2471	4.5
2485	3.0
2490	5.0
2502	5.0
2558	4.0
2571	5.0
2572	5.0
2574	4.0
2581	5.0
2617	5.0
2622	5.0
2628	5.0
2640	4.5
2683	3.0
2686	5.0
2687	5.0
2688	5.0
2694	3.5
2701	4.5
2706	2.0
2713	3.5
2716	5.0
2717	5.0
2720	3.5
2722	4.5
2723	4.5
2724	4.5
2731	5.0
2761	5.0
2762	5.0
2802	4.0
2805	4.0
2826	5.0
2860	5.0
2889	5.0
2907	2.5
2918	5.0
2950	4.0
2959	2.0
2985	4.5
2987	5.0
3000	5.0
3004	4.0
3005	5.0
3033	5.0
3034	5.0
3053	5.0
3081	5.0
3146	4.0
3155	5.0
3156	4.5
3157	5.0
3159	5.0
3243	5.0
3247	5.0
3248	4.5
3253	4.5
3255	5.0
3256	5.0
3257	4.0
3263	5.0
3264	4.0
3268	4.0
3301	3.5
3354	4.5
3396	5.0
3408	5.0
3438	4.5
3439	4.5
3450	5.0
3478	5.0
3479	5.0
3483	5.0
3484	4.0
3489	5.0
3508	5.0
3513	5.0
3534	5.0
3549	5.0
3552	5.0
3578	5.0
3624	5.0
3646	4.0
3671	5.0
3702	5.0
3703	5.0
3705	4.5
3717	4.5
3723	5.0
3745	5.0
3751	5.0
3752	3.5
3753	5.0
3755	4.5
3785	3.0
3791	4.0
3793	5.0
3802	4.0
3809	5.0
3821	3.0
3825	3.5
3826	5.0
3827	5.0
3861	4.5
3882	4.0
3897	3.5
3968	2.0
3977	4.5
3978	5.0
3981	4.5
3988	3.0
3994	5.0
3996	5.0
3999	3.5
4014	5.0
4015	4.0
4016	5.0
4018	5.0
4022	5.0
4023	5.0
4025	5.0
4027	5.0
4033	5.0
4039	4.5
4054	4.0
4069	3.5
4121	5.0
4132	4.5
4149	3.5
4161	4.0
4246	5.0
4247	2.5
4270	5.0
4299	4.5
4306	5.0
4310	4.5
4321	5.0
4327	5.0
4343	4.5
4366	5.0
4367	5.0
4369	4.0
4386	3.5
4447	4.5
4487	4.5
4489	4.0
4545	5.0
4571	5.0
4623	5.0
4643	4.5
4673	4.5
4700	5.0
4701	5.0
4776	4.0
4823	5.0
4865	5.0
4874	5.0
4886	5.0
4890	4.5
4896	5.0
4974	2.0
4980	4.5
4992	4.5
4993	5.0
4994	5.0
4995	5.0
5010	5.0
5025	3.5
5026	5.0
5040	4.0
5064	5.0
5103	5.0
5110	5.0
5151	2.5
5171	4.5
5218	5.0
5254	5.0
5267	4.5
5299	5.0
5308	4.5
5313	4.0
5349	5.0
5377	5.0
5378	5.0
5418	4.5
5419	4.0
5444	5.0
5449	3.5
5459	5.0
5463	4.5
5481	2.0
5502	5.0
5507	3.5
5541	4.5
5620	5.0
5816	5.0
5943	4.0
5952	5.0
5954	2.0
5957	4.5
5989	5.0
5991	5.0
5995	5.0
6155	4.5
6157	4.0
6188	3.0
6218	5.0
6283	5.0
6287	3.5
6333	5.0
6365	3.5
6373	5.0
6377	5.0
6383	3.0
6385	5.0
6534	4.5
6535	4.0
6539	5.0
6541	4.5
6548	4.5
6564	4.5
6593	4.5
6595	4.5
6709	5.0
6753	5.0
6936	4.5
6944	5.0
6947	5.0
7004	4.0
7090	5.0
7143	5.0
7153	5.0
7154	5.0
7162	5.0
7164	5.0
7254	4.0
7263	5.0
7318	5.0
7325	4.5
7373	4.5
7454	4.5
7458	4.0
8361	4.0
8368	5.0
8464	5.0
8528	3.5
8529	5.0
8533	5.0
8622	5.0
8636	5.0
8640	5.0
8641	3.0
8644	5.0
8665	5.0
8783	4.0
8807	2.0
8961	5.0
8970	5.0
8972	5.0
8983	5.0
26680	5.0
30810	4.5
30825	3.0
31685	4.5
33004	5.0
33162	5.0
33493	5.0
33615	5.0
33679	4.5
33794	5.0
34150	5.0
35836	4.0
38038	5.0
40629	5.0
40815	5.0
41566	5.0
41569	4.5
45499	5.0
45722	5.0
46530	5.0
50872	5.0
53125	5.0
54001	5.0
55052	5.0
