1	4.0
2	3.5
6	5.0
11	3.5
16	4.5
18	4.0
19	3.5
21	4.0
22	3.5
24	3.0
25	4.5
29	4.0
32	4.5
34	4.5
36	4.0
39	3.5
42	4.0
45	4.5
47	5.0
50	5.0
62	2.5
69	4.0
70	3.5
86	3.5
88	3.0
95	2.0
101	4.5
104	4.0
110	5.0
111	4.5
141	3.5
145	3.5
147	4.5
150	4.0
151	4.0
153	3.5
160	2.0
161	3.5
163	4.0
165	3.0
170	3.5
180	3.5
185	3.0
198	3.0
208	3.0
222	3.5
223	4.5
224	3.0
230	4.5
231	4.0
253	3.5
256	3.0
260	4.5
261	4.0
288	3.5
292	4.0
293	4.5
296	5.0
300	4.0
303	3.5
318	4.0
319	4.0
329	3.5
333	4.5
337	4.0
339	3.0
342	4.0
344	4.0
345	3.5
349	4.0
350	3.5
353	3.5
356	3.5
357	4.0
364	4.0
367	3.5
368	4.5
377	2.5
380	3.5
410	2.0
415	3.5
423	3.0
432	3.0
434	3.0
440	4.0
442	3.0
455	3.0
457	4.0
466	3.5
474	3.5
480	4.0
481	4.0
497	4.0
500	3.5
507	3.0
508	4.5
509	4.0
517	3.5
520	3.0
524	3.5
527	4.5
537	3.5
539	3.0
540	3.0
541	5.0
543	4.0
551	4.0
552	3.5
555	4.0
562	4.5
585	3.0
586	3.0
587	3.0
588	3.5
589	3.5
590	4.5
592	4.0
593	5.0
594	4.5
595	3.5
596	4.0
597	3.0
608	5.0
610	3.5
616	3.5
627	3.5
628	4.5
647	3.5
648	3.5
678	4.5
708	3.0
733	3.5
736	3.5
750	5.0
778	5.0
780	3.5
784	3.5
788	3.5
802	4.0
810	0.5
829	3.5
837	4.0
866	4.0
906	4.5
911	4.5
912	5.0
914	4.5
919	5.0
998	3.5
1022	3.5
1027	3.0
1028	4.0
1029	3.5
1030	3.5
1032	4.5
1033	4.0
1035	4.0
1036	4.0
1049	3.5
1060	4.0
1073	5.0
1079	4.5
1080	3.5
1088	3.5
1089	4.5
1090	4.0
1092	3.5
1094	4.0
1097	4.0
1100	3.0
1101	4.0
1127	4.0
1136	4.5
1148	4.0
1193	4.0
1196	4.0
1197	5.0
1198	5.0
1199	4.5
1200	5.0
1203	4.5
1206	4.5
1210	4.0
1213	5.0
1214	3.5
1219	4.0
1222	5.0
1223	4.5
1225	4.0
1234	5.0
1240	3.5
1246	4.0
1249	4.5
1257	3.5
1258	5.0
1259	4.5
1265	3.5
1266	4.5
1275	3.5
1278	5.0
1282	4.0
1285	4.0
1288	5.0
1291	4.0
1292	4.5
1293	4.5
1298	5.0
1302	3.5
1307	3.5
1339	3.5
1343	3.5
1354	4.5
1356	4.0
1358	4.5
1370	3.5
1372	3.0
1377	3.5
1380	3.5
1381	2.0
1387	4.5
1391	4.5
1392	3.5
1393	4.0
1394	4.5
1396	4.0
1405	3.5
1407	4.0
1408	4.0
1414	4.0
1425	3.5
1441	3.5
1449	4.5
1459	4.0
1464	3.5
1479	3.5
1500	4.0
1513	3.0
1517	5.0
1544	3.5
1562	3.5
1573	3.0
1580	4.0
1584	4.0
1589	4.5
1591	3.0
1608	3.5
1610	3.5
1614	2.5
1617	4.5
1620	3.5
1625	4.0
1627	4.0
1633	4.0
1635	4.5
1639	3.5
1641	4.0
1645	3.5
1648	4.0
1653	4.0
1663	3.5
1673	5.0
1674	4.0
1676	3.5
1682	4.5
1704	4.0
1729	3.5
1732	4.5
1777	4.0
1784	4.5
1785	4.0
1799	4.0
1805	3.5
1833	3.0
1834	4.5
1889	3.5
1894	3.5
1909	3.5
1912	3.5
1923	5.0
1961	4.0
1968	4.0
1994	4.0
2000	4.5
2001	3.5
2003	3.5
2006	4.0
2018	5.0
2020	4.5
2028	5.0
2058	3.5
2076	4.0
2078	3.5
2080	4.0
2081	3.5
2085	3.5
2087	3.5
2090	4.0
2096	4.0
2100	4.0
2108	5.0
2109	4.5
2115	5.0
2124	3.0
2125	3.0
2126	2.5
2133	4.0
2137	4.5
2138	4.5
2143	4.0
2144	5.0
2145	3.5
2155	4.5
2167	4.5
2174	4.0
2193	4.0
2194	4.5
2236	2.5
2243	3.5
2245	3.5
2247	3.5
2248	4.5
2249	3.0
2261	3.5
2268	4.0
2273	3.5
2278	4.0
2280	4.0
2291	4.0
2294	4.0
2297	2.5
2301	4.0
2302	4.0
2316	3.5
2318	4.0
2320	3.5
2321	3.5
2324	4.5
2329	4.5
2336	5.0
2346	4.0
2352	4.0
2353	3.5
2355	4.0
2371	3.0
2372	3.0
2387	3.5
2393	3.5
2395	4.5
2396	5.0
2405	3.5
2406	3.5
2416	3.0
2423	5.0
2424	2.5
2428	2.5
2431	1.5
2432	3.5
2439	4.0
2455	4.0
2457	3.0
2463	4.0
2468	3.0
2469	3.0
2470	3.5
2501	4.5
2502	4.5
2505	3.0
2528	4.0
2541	3.5
2542	4.5
2565	4.0
2571	4.5
2572	3.0
2580	4.5
2599	4.5
2613	3.5
2617	4.0
2628	3.0
2640	4.5
2641	3.0
2642	3.0
2672	3.0
2683	3.5
2688	3.5
2692	5.0
2693	5.0
2706	4.5
2710	4.0
2712	4.5
2713	3.0
2716	4.5
2717	3.0
2719	3.0
2722	3.0
2723	3.0
2762	4.5
2763	4.0
2770	2.5
2791	4.0
2792	3.0
2794	3.5
2795	3.5
2803	3.5
2804	4.0
2822	3.0
2841	3.5
2858	5.0
2881	3.0
2890	4.0
2891	3.0
2908	4.5
2912	4.0
2915	4.0
2916	3.5
2918	4.5
2926	3.5
2959	4.5
2968	5.0
2976	3.5
2987	4.0
2997	4.0
3007	5.0
3020	3.5
3033	3.5
3034	4.0
3039	4.0
3044	3.5
3052	3.5
3072	4.0
3081	4.0
3087	3.0
3098	4.5
3101	3.5
3104	4.5
3108	4.0
3147	4.0
3148	3.5
3155	4.0
3159	4.0
3160	4.0
3175	3.5
3176	4.0
3189	4.0
3201	3.5
3247	3.5
3249	3.5
3253	4.0
3255	4.0
3256	3.5
3264	3.5
3267	4.5
3274	4.0
3285	3.5
3298	3.5
3300	3.5
3301	3.5
3308	3.5
3317	4.0
3361	4.0
3363	4.5
3396	4.5
3408	4.0
3409	3.5
3418	4.5
3424	3.5
3448	4.0
3450	3.5
3477	3.0
3479	4.0
3481	4.5
3489	3.0
3499	4.5
3526	4.5
3535	4.5
3543	4.0
3550	4.0
3552	4.5
3556	4.0
3565	3.5
3578	5.0
3591	3.5
3608	5.0
3617	4.0
3618	3.5
3646	3.5
3686	3.5
3698	3.5
3703	4.5
3712	4.0
3735	4.0
3751	3.0
3752	4.0
3755	3.0
3760	4.0
3791	3.5
3793	3.5
3798	3.5
3809	3.5
3825	2.5
3826	2.5
3844	3.5
3863	4.0
3864	2.5
3868	4.0
3869	3.5
3873	4.0
3882	3.5
3893	4.0
3911	5.0
3948	4.0
3949	4.0
3952	4.0
3967	4.5
3969	2.5
3977	3.0
3983	5.0
3993	4.5
3994	4.0
3996	5.0
3998	2.5
4011	4.5
4014	5.0
4015	3.0
4017	4.0
4018	3.0
4020	4.0
4022	3.5
4027	5.0
4029	4.5
4034	4.5
4056	4.5
4069	2.5
4079	4.0
4080	3.5
4084	3.0
4085	4.0
4091	3.0
4105	4.0
4128	4.0
4132	2.5
4149	3.0
4161	3.5
4205	3.5
4226	5.0
4232	3.5
4235	5.0
4238	3.0
4239	4.5
4246	4.0
4247	2.5
4254	1.5
4255	3.0
4262	4.0
4265	2.0
4276	3.0
4280	4.0
4291	3.5
4306	5.0
4308	5.0
4321	4.0
4333	3.5
4343	4.0
4344	2.5
4351	2.0
4361	4.0
4370	4.0
4378	4.0
4447	3.5
4467	4.5
4477	3.0
4489	4.0
4571	3.5
4621	3.0
4623	3.5
4638	3.0
4641	4.5
4643	3.0
4661	4.0
4681	3.0
4700	3.5
4720	4.0
4723	5.0
4735	3.5
4757	3.0
4776	4.5
4814	3.5
4816	3.5
4848	4.0
4878	5.0
4886	3.5
4890	3.0
4896	4.0
4901	4.0
4903	5.0
4929	3.0
4954	4.0
4963	4.0
4973	4.5
4975	4.0
4978	5.0
4979	4.5
4993	5.0
4995	4.5
5010	4.5
5015	4.5
5025	3.5
5026	4.0
5055	4.0
5065	3.5
5110	4.0
5135	4.0
5218	3.5
5265	3.5
5266	3.5
5267	3.5
5282	2.5
5292	4.0
5293	3.0
5294	3.5
5299	3.5
5308	3.5
5329	4.0
5349	4.0
5364	4.0
5377	3.0
5378	3.5
5388	3.5
5389	3.0
5415	3.5
5418	4.0
5445	5.0
5450	4.5
5452	2.5
5459	3.5
5463	3.0
5464	4.0
5481	3.5
5500	4.0
5502	3.5
5505	4.5
5507	2.5
5528	3.5
5540	4.0
5541	4.0
5548	4.0
5553	3.5
5572	4.0
5617	4.5
5618	4.0
5669	4.0
5673	4.5
5679	4.5
5693	4.0
5782	4.0
5785	3.5
5792	3.5
5816	3.5
5902	4.0
5941	4.0
5945	4.0
5952	5.0
5991	5.0
6003	5.0
6093	4.0
6155	3.5
6188	4.5
6212	2.5
6238	3.0
6266	3.0
6281	3.0
6296	4.0
6297	4.5
6323	4.0
6367	3.5
6373	3.5
6377	5.0
6385	4.5
6440	3.5
6503	3.0
6535	2.0
6539	4.5
6552	4.0
6565	4.5
6591	4.5
6711	5.0
6743	4.0
6754	3.5
6807	5.0
6863	3.5
6870	5.0
6874	4.5
6932	3.5
6936	3.5
6942	4.0
6944	3.5
6953	4.5
6957	3.5
7004	3.5
7018	4.0
7044	4.0
7123	4.0
7147	3.5
7149	4.5
7150	4.0
7153	5.0
7154	3.5
7160	5.0
7161	2.5
7162	4.5
7173	2.5
7247	4.0
7254	4.0
7285	3.5
7324	3.5
7361	4.5
7373	4.0
7438	4.5
7451	4.0
8132	5.0
8360	4.5
8368	4.0
8373	2.5
8376	4.0
8528	3.5
8610	4.0
8622	4.5
8623	4.5
8636	4.0
8644	3.5
8665	3.0
8784	4.5
8798	3.0
8807	4.0
8808	3.5
8874	4.0
8907	2.0
8910	4.0
8917	3.5
8949	4.5
8961	3.0
8970	4.5
8981	3.5
27706	3.5
27808	4.0
30707	4.5
30793	4.0
30810	4.0
31685	3.0
32587	4.5
33166	5.0
33794	4.0
34153	4.0
34162	3.5
34338	4.0
34528	4.0
35836	4.0
38886	4.5
40732	3.5
40819	4.0
43560	3.5
44195	4.0
45722	3.5
45730	3.0
46578	4.5
46723	5.0
46965	2.5
47610	4.0
47640	4.0
48322	4.0
48385	4.5
48516	5.0
48780	4.0
51662	4.0
52245	3.5
52281	4.0
