1	3.0
2	2.5
5	1.0
6	2.0
7	3.0
10	1.5
11	2.0
17	1.0
19	2.0
20	1.5
21	2.0
22	2.0
24	2.5
25	3.0
31	0.5
32	5.0
34	3.5
36	1.0
39	4.0
44	0.5
47	4.0
60	1.0
62	3.5
65	2.5
66	0.5
69	3.5
70	0.5
76	1.0
86	2.5
88	3.0
89	3.0
95	1.5
110	4.0
111	5.0
112	3.0
141	2.5
144	1.0
145	3.0
147	2.0
150	4.0
153	1.0
158	0.5
160	1.5
161	3.0
163	1.0
165	3.0
168	0.5
170	2.5
172	2.0
173	2.0
180	2.0
185	1.0
193	1.0
196	1.0
198	3.5
203	2.5
204	1.0
208	1.5
218	1.0
222	1.0
223	4.0
224	2.5
231	3.0
234	1.5
235	2.5
236	2.5
247	1.0
252	3.5
253	2.5
260	5.0
266	2.0
267	3.0
273	2.5
276	1.0
282	2.0
288	2.0
289	2.5
292	3.0
293	5.0
296	3.0
300	2.0
316	3.0
317	2.5
318	4.0
319	3.0
327	2.5
328	0.5
329	3.0
333	3.0
337	3.0
338	3.0
339	3.0
344	3.0
345	3.0
349	3.0
353	4.0
355	0.5
356	4.0
357	2.5
364	2.5
366	0.5
367	0.5
368	3.0
371	2.0
376	3.0
377	2.5
379	1.5
380	3.5
382	2.0
383	3.0
405	2.0
410	2.5
413	3.0
415	1.0
427	0.5
432	2.5
434	2.5
437	0.5
438	1.0
440	2.5
442	3.0
448	3.0
449	0.5
450	3.0
455	1.0
457	4.0
466	2.0
468	3.0
471	3.0
474	3.0
480	3.0
481	1.0
485	0.5
489	0.5
491	3.5
494	2.0
500	3.0
502	1.0
508	3.0
514	2.5
516	2.0
517	2.0
519	1.0
520	2.5
524	3.0
529	3.0
532	0.5
533	2.5
537	0.5
538	2.5
539	3.5
540	0.5
541	5.0
542	2.0
548	0.5
551	4.0
553	3.0
555	1.5
562	2.5
565	2.0
585	3.0
586	2.5
587	2.5
588	2.5
589	5.0
590	3.0
592	4.0
593	4.0
594	2.5
597	3.0
605	1.5
608	2.5
610	3.5
637	0.5
647	3.5
648	1.5
653	1.0
661	2.0
663	4.5
671	4.0
673	0.5
674	2.5
688	0.5
694	3.0
708	3.0
719	2.5
724	3.0
733	2.5
736	2.0
737	1.0
741	4.0
743	1.0
748	3.0
761	0.5
762	1.5
778	4.0
780	3.0
782	2.0
784	3.0
785	3.0
786	0.5
798	2.0
799	4.0
801	1.5
810	0.5
818	2.0
830	1.0
832	3.0
836	2.5
839	2.5
849	2.5
851	3.0
852	3.0
858	2.0
861	4.0
880	1.5
882	2.5
899	2.5
904	3.0
914	2.5
919	2.5
924	4.0
934	3.0
969	2.5
986	2.5
999	1.0
1005	2.5
1020	2.5
1025	3.0
1027	2.0
1028	2.5
1029	2.5
1032	3.0
1035	2.5
1036	4.0
1037	2.0
1042	2.5
1047	2.5
1049	2.5
1061	2.0
1073	4.0
1079	3.5
1080	3.0
1081	2.5
1088	0.5
1089	3.0
1090	2.5
1091	2.5
1092	2.0
1093	2.5
1097	3.0
1100	2.0
1101	2.0
1103	3.0
1120	4.0
1124	2.0
1126	2.0
1127	4.0
1129	3.5
1135	2.5
1136	4.0
1148	4.0
1167	3.0
1179	3.0
1186	2.0
1193	4.0
1196	4.0
1197	5.0
1198	5.0
1199	5.0
1200	5.0
1201	3.0
1203	4.0
1206	5.0
1208	4.0
1210	3.0
1213	3.0
1214	5.0
1215	5.0
1217	3.0
1219	3.5
1220	4.0
1222	4.0
1225	3.0
1228	2.5
1231	4.0
1234	3.0
1235	5.0
1240	5.0
1242	3.0
1246	3.5
1249	4.0
1250	3.0
1257	5.0
1258	4.0
1261	3.0
1263	3.0
1265	3.0
1266	4.5
1268	3.5
1270	5.0
1271	1.0
1274	4.5
1275	4.0
1278	3.5
1282	5.0
1285	5.0
1288	3.5
1291	3.0
1293	4.0
1297	4.0
1298	4.0
1302	3.0
1304	3.0
1307	3.5
1320	4.0
1321	4.0
1333	3.0
1339	3.0
1342	2.0
1343	3.0
1344	3.0
1345	2.0
1347	3.0
1356	3.0
1370	3.0
1371	2.0
1372	0.5
1374	2.5
1375	3.0
1376	3.0
1378	3.0
1379	2.0
1380	2.5
1381	1.0
1385	3.0
1387	3.0
1388	0.5
1389	0.5
1391	2.5
1393	3.0
1394	3.5
1396	4.0
1405	3.0
1407	3.5
1408	2.0
1409	2.5
1416	0.5
1431	0.5
1438	2.0
1441	3.0
1454	2.0
1466	4.0
1476	3.0
1479	1.0
1485	3.0
1499	1.0
1500	5.0
1513	1.0
1515	3.0
1517	3.0
1527	4.0
1552	2.0
1556	1.0
1569	2.0
1573	2.0
1580	5.0
1584	3.0
1586	2.0
1587	4.0
1590	2.0
1597	3.0
1603	2.5
1608	3.0
1610	3.5
1611	3.0
1614	2.5
1616	3.0
1620	3.0
1625	3.5
1627	2.0
1629	2.5
1639	3.5
1644	3.0
1645	2.5
1653	3.0
1663	3.5
1672	2.5
1673	3.0
1674	2.5
1676	2.0
1682	3.0
1690	3.0
1704	2.5
1717	2.5
1721	0.5
1722	2.0
1729	0.5
1732	4.0
1747	2.0
1748	2.5
1769	2.5
1777	5.0
1779	2.5
1784	4.0
1792	2.5
1831	2.0
1855	0.5
1876	3.0
1882	1.0
1883	1.0
1884	5.0
1889	4.0
1909	3.0
1918	0.5
1920	0.5
1921	2.0
1923	3.5
1954	4.0
1957	2.5
1958	1.0
1961	3.0
1962	3.0
1965	4.0
1967	3.5
1968	4.0
1982	3.0
1994	3.0
1997	3.5
2000	3.0
2001	3.0
2002	2.0
2003	3.0
2004	2.0
2005	4.0
2006	1.0
2009	3.0
2010	3.0
2011	3.0
2012	2.0
2020	0.5
2021	3.5
2023	0.5
2025	3.0
2026	2.5
2028	5.0
2033	3.0
2034	2.5
2042	2.0
2046	3.0
2053	2.0
2054	2.0
2058	3.5
2064	0.5
2065	0.5
2076	2.5
2087	2.5
2088	2.0
2096	2.5
2100	3.0
2105	4.0
2108	3.0
2109	2.5
2112	3.5
2115	3.0
2116	3.0
2117	4.0
2118	3.0
2124	3.0
2126	1.5
2134	3.5
2137	3.0
2139	4.0
2140	2.5
2143	4.0
2144	5.0
2145	3.0
2146	1.0
2150	4.0
2161	3.0
2167	3.0
2174	4.5
2193	4.0
2194	3.0
2231	3.0
2232	2.5
2245	1.0
2248	4.0
2253	2.0
2262	2.5
2266	2.5
2273	3.5
2278	3.0
2288	3.0
2291	3.0
2294	2.5
2297	3.5
2302	3.5
2311	2.5
2312	3.0
2313	2.5
2316	1.5
2321	3.0
2328	2.5
2329	4.0
2334	2.5
2335	3.0
2353	3.0
2355	4.0
2359	2.5
2369	1.0
2371	4.5
2378	3.0
2384	2.5
2387	2.5
2389	3.0
2393	3.0
2395	5.0
2403	3.0
2405	2.5
2406	4.0
2407	2.5
2409	3.0
2410	2.5
2411	2.5
2413	3.0
2420	4.0
2421	2.5
2422	2.0
2423	4.0
2424	3.0
2427	1.0
2428	3.0
2431	2.5
2447	2.0
2450	2.0
2455	3.0
2458	2.5
2463	2.5
2467	2.5
2468	2.5
2469	1.5
2470	3.0
2471	2.0
2473	2.5
2474	4.0
2478	3.0
2490	4.0
2491	2.5
2497	2.5
2498	0.5
2502	5.0
2505	2.5
2514	2.5
2528	3.5
2529	3.0
2539	2.5
2542	2.0
2548	0.5
2571	5.0
2598	2.5
2599	2.0
2600	2.5
2617	2.5
2625	1.0
2628	2.0
2640	3.0
2641	3.0
2642	0.5
2657	3.0
2662	3.0
2671	3.0
2683	3.0
2686	2.5
2688	2.0
2692	2.5
2693	2.0
2699	4.0
2700	4.0
2701	1.0
2706	3.0
2710	1.0
2712	0.5
2713	2.5
2716	5.0
2717	2.0
2720	0.5
2722	1.0
2723	3.0
2724	2.0
2734	2.5
2735	2.5
2739	0.5
2746	3.0
2761	3.0
2762	4.0
2791	3.5
2792	3.0
2795	3.5
2797	3.0
2803	1.5
2804	5.0
2805	0.5
2806	2.0
2808	1.0
2819	4.0
2826	2.5
2840	3.0
2841	3.0
2857	2.5
2858	4.0
2872	4.0
2881	2.5
2889	2.5
2890	3.0
2901	2.5
2908	3.0
2912	2.0
2916	3.0
2918	4.0
2926	1.0
2942	2.0
2947	3.0
2948	3.0
2949	3.0
2959	5.0
2968	4.0
2971	2.0
2976	4.0
2985	3.0
2986	2.0
2987	3.5
2989	3.0
2990	3.0
2991	3.0
2993	3.0
2997	3.5
3000	4.0
3019	3.0
3020	4.0
3033	4.0
3039	3.0
3052	3.0
3053	3.0
3060	4.0
3070	4.5
3072	2.5
3081	2.5
3087	4.0
3088	3.0
3098	4.0
3101	2.0
3104	3.5
3105	2.5
3107	3.0
3108	2.5
3113	1.5
3114	3.0
3147	4.0
3157	1.0
3173	1.5
3174	3.5
3175	5.0
3186	2.0
3210	2.5
3219	3.0
3247	2.0
3253	3.0
3254	2.0
3255	3.0
3257	1.0
3263	2.0
3264	3.0
3269	2.0
3273	2.5
3274	3.0
3275	4.0
3300	4.0
3310	3.0
3354	1.5
3358	2.5
3359	3.0
3361	1.5
3386	1.5
3396	3.0
3408	3.0
3418	2.5
3421	4.0
3438	2.0
3441	3.0
3448	3.0
3450	2.5
3452	0.5
3471	3.0
3476	3.5
3479	3.0
3481	3.0
3489	2.5
3499	3.0
3524	2.5
3526	2.5
3527	3.5
3534	3.0
3535	0.5
3552	3.5
3578	4.0
3591	3.0
3608	3.0
3617	2.0
3623	1.0
3624	3.0
3638	3.0
3649	0.5
3671	3.0
3697	2.0
3699	3.0
3702	3.0
3703	5.0
3704	3.0
3717	1.5
3740	5.0
3744	2.5
3745	2.5
3751	3.0
3752	4.0
3763	3.0
3784	3.0
3785	3.0
3793	4.0
3802	2.0
3809	4.5
3826	2.0
3827	2.5
3844	3.0
3857	0.5
3863	2.0
3868	4.0
3869	3.0
3882	2.0
3889	2.0
3896	3.0
3911	4.0
3948	3.0
3967	2.5
3977	3.0
3984	3.0
3986	1.5
3987	2.5
3988	3.0
3994	4.0
3996	4.5
4010	4.5
4011	3.5
4014	2.0
4018	3.0
4022	3.0
4023	3.0
4025	3.0
4034	2.5
4054	1.0
4061	3.0
4084	2.5
4085	3.0
4104	0.5
4128	4.0
4148	4.0
4161	3.0
4205	2.0
4214	3.0
4223	2.5
4226	4.0
4232	1.0
4238	2.5
4246	3.0
4247	1.0
4255	0.5
4262	2.0
4270	2.0
4291	3.0
4299	2.0
4306	4.0
4308	1.5
4310	1.0
4321	3.0
4326	3.0
4333	1.5
4367	1.0
4369	2.5
4370	2.5
4446	2.5
4448	3.0
4477	1.0
4487	1.0
4488	2.0
4492	2.0
4531	2.5
4544	1.0
4571	3.0
4587	2.0
4641	2.5
4643	2.0
4676	2.0
4718	3.0
4734	0.5
4748	1.0
4776	4.0
4787	1.5
4816	2.5
4821	2.5
4855	3.0
4874	3.5
4878	4.0
4886	5.0
4887	2.0
4896	4.0
4901	4.0
4929	3.0
4941	3.5
4958	0.5
4963	3.0
4971	2.5
4975	2.5
4979	5.0
4980	2.0
4993	5.0
5010	4.0
5016	2.0
5021	4.0
5039	4.0
5040	1.5
5049	3.0
5060	4.0
5064	2.5
5103	2.5
5108	1.5
5218	2.5
5220	0.5
5254	3.0
5266	3.0
5299	4.0
5308	3.0
5313	1.5
5329	3.0
5349	5.0
5377	3.0
5387	0.5
5388	4.0
5415	0.5
5418	4.0
5445	5.0
5459	2.5
5464	3.0
5478	3.0
5479	1.0
5481	2.0
5489	3.0
5502	4.0
5540	3.0
5544	3.0
5553	2.5
5610	0.5
5620	0.5
5650	4.0
5669	0.5
5679	4.0
5693	1.5
5712	2.0
5816	4.0
5941	3.0
5944	3.0
5945	3.0
5952	5.0
5989	5.0
5991	2.5
6170	2.5
6184	2.0
6218	4.0
6323	3.0
6333	4.0
6365	4.0
6377	4.0
6436	2.5
6440	2.5
6502	3.0
6503	1.5
6539	3.0
6541	2.5
6595	0.5
6636	3.0
6645	3.0
6664	2.0
6731	3.0
6796	2.5
6873	1.5
6879	0.5
6944	3.0
6979	4.0
7007	3.0
7090	4.0
7147	3.0
7153	4.5
7318	2.5
8368	4.0
8507	3.5
8622	0.5
8644	3.0
8665	4.0
8783	2.0
8810	2.0
8874	4.0
