1	3.5
2	3.0
6	4.5
10	3.0
16	4.0
19	3.0
32	3.5
34	3.0
47	4.5
50	5.0
70	3.5
104	3.5
110	4.0
111	5.0
153	3.5
165	3.5
180	3.5
216	3.5
223	4.0
231	4.0
260	5.0
293	4.5
296	5.0
318	4.5
333	2.5
344	3.0
345	3.5
355	2.0
356	5.0
364	4.0
367	3.5
413	2.0
441	4.5
455	2.5
457	4.0
480	4.0
500	4.0
508	3.5
520	2.5
527	5.0
541	4.5
546	0.5
551	3.5
555	4.0
586	2.5
588	3.5
589	4.5
592	4.0
593	4.5
595	3.5
608	4.0
610	3.5
628	3.5
673	2.5
688	1.0
733	4.0
750	4.0
778	4.5
784	3.0
788	2.5
858	5.0
899	4.0
903	4.0
904	4.0
908	4.5
919	4.0
923	5.0
924	5.0
953	5.0
1036	4.5
1042	3.0
1060	3.0
1061	3.5
1073	3.5
1080	4.5
1089	4.5
1090	4.5
1097	4.5
1101	3.0
1127	3.5
1129	3.5
1136	3.5
1193	4.5
1196	5.0
1197	3.5
1198	5.0
1199	3.5
1200	4.5
1201	4.5
1204	5.0
1206	5.0
1207	4.0
1208	5.0
1210	4.0
1212	4.5
1213	5.0
1214	4.5
1215	4.5
1219	5.0
1220	4.0
1221	5.0
1222	4.5
1228	4.5
1233	4.5
1240	4.0
1246	4.0
1247	4.0
1258	4.5
1259	4.0
1261	4.0
1263	4.5
1265	4.0
1266	4.0
1270	4.5
1274	5.0
1278	3.5
1288	4.0
1291	4.0
1298	4.0
1320	3.0
1333	4.0
1370	3.0
1377	3.0
1387	4.5
1405	2.5
1411	4.0
1445	1.5
1466	4.0
1485	3.5
1515	2.5
1517	3.5
1527	3.5
1552	3.0
1562	0.5
1573	4.0
1580	3.5
1617	4.0
1639	2.0
1653	4.0
1673	4.0
1676	3.5
1682	4.0
1690	2.5
1704	4.0
1721	4.0
1729	3.5
1732	4.0
1748	4.0
1760	0.5
1777	3.0
1831	2.5
1882	0.5
1884	4.0
1907	3.5
1911	2.5
1917	3.0
1920	3.0
1923	3.5
1945	4.5
1954	4.5
1961	1.5
1968	4.0
2003	4.0
2005	4.0
2006	2.5
2011	3.5
2012	3.0
2019	4.5
2023	1.5
2028	4.5
2058	3.5
2060	3.5
2067	4.0
2105	3.0
2109	4.0
2115	3.0
2116	3.0
2186	5.0
2194	4.0
2231	3.5
2273	3.5
2288	4.5
2291	4.0
2294	3.0
2296	2.5
2321	3.5
2325	3.5
2329	4.5
2335	2.5
2353	3.5
2355	3.0
2366	4.0
2395	4.0
2423	3.5
2427	3.5
2450	1.0
2501	3.5
2502	3.5
2539	3.5
2541	3.5
2542	4.0
2555	0.5
2571	4.5
2579	4.0
2599	4.0
2617	3.0
2628	3.0
2657	3.5
2683	3.5
2692	5.0
2694	3.5
2700	4.5
2701	1.0
2706	3.5
2712	4.0
2716	4.0
2717	2.5
2719	2.5
2722	3.0
2723	3.0
2761	3.0
2762	4.5
2772	3.0
2791	4.0
2797	4.0
2804	4.0
2858	4.5
2890	3.5
2918	4.0
2951	4.0
2953	2.0
2959	5.0
2985	4.0
2997	4.0
3020	4.0
3033	3.0
3052	3.5
3054	1.5
3089	5.0
3114	3.5
3146	2.5
3147	4.0
3157	2.5
3160	4.5
3174	4.0
3175	3.5
3176	4.0
3253	3.5
3254	3.0
3266	4.0
3275	4.0
3300	3.5
3362	4.5
3408	3.0
3409	3.5
3421	4.0
3471	4.5
3481	3.5
3483	2.5
3527	4.0
3535	4.5
3536	3.0
3578	4.0
3593	0.5
3617	2.5
3624	2.0
3646	1.5
3681	4.0
3683	4.0
3730	4.0
3745	3.5
3752	3.0
3754	1.5
3785	2.5
3793	3.5
3799	2.0
3826	3.0
3897	4.0
3911	3.5
3916	4.0
3948	3.5
3949	4.0
3968	2.5
3969	3.5
3977	2.5
3979	2.5
3980	2.5
3986	3.0
3988	2.5
3994	4.5
3996	4.0
4002	4.0
4011	4.0
4015	2.5
4016	3.0
4018	2.5
4022	3.5
4025	2.5
4027	3.5
4103	4.0
4105	4.0
4128	3.5
4149	3.0
4226	5.0
4232	2.0
4235	5.0
4239	4.0
4247	2.5
4262	4.0
4270	3.0
4299	3.0
4306	4.0
4340	2.0
4343	3.0
4344	3.0
4366	3.5
4369	3.0
4388	2.0
4447	3.0
4448	3.5
4553	2.5
4638	3.0
4643	2.5
4701	3.5
4718	3.0
4728	3.0
4734	2.5
4776	4.0
4816	3.0
4855	4.0
4878	4.5
4886	3.5
4890	2.5
4896	3.5
4958	3.0
4973	5.0
4974	3.0
4975	3.0
4979	4.0
4993	5.0
5009	3.5
5010	3.5
5014	3.5
5025	2.5
5049	3.0
5108	3.5
5171	2.5
5218	3.0
5219	2.0
5265	3.0
5267	2.5
5283	3.0
5313	2.5
5349	4.0
5378	2.5
5418	4.0
5419	2.5
5444	3.5
5445	4.0
5446	3.5
5449	3.0
5459	2.5
5463	2.0
5464	4.0
5478	2.0
5481	3.0
5501	1.0
5502	4.0
5507	3.5
5572	3.0
5574	3.5
5609	0.5
5611	2.5
5618	3.5
5673	4.5
5785	2.5
5810	4.0
5816	3.5
5872	3.0
5879	2.5
5902	4.0
5903	2.0
5942	2.0
5952	5.0
5954	4.0
5956	4.0
5989	4.0
5991	3.5
5992	3.0
5995	4.0
6003	4.0
6016	5.0
6059	3.5
6155	2.5
6157	3.0
6188	4.0
6264	3.0
6281	3.5
6287	3.0
6294	2.0
6333	4.0
6365	4.0
6373	3.0
6377	3.5
6378	3.5
6440	4.0
6482	1.0
6502	4.0
6503	2.0
6534	2.5
6537	3.5
6539	4.0
6541	2.0
6565	4.0
6586	3.0
6593	3.5
6595	3.5
6754	4.0
6755	3.5
6807	4.0
6863	4.0
6870	4.0
6874	4.5
6888	3.0
6934	3.0
6936	3.0
6942	4.0
6947	2.5
6957	4.0
7090	3.5
7143	3.5
7147	4.0
7153	5.0
7154	2.5
7173	3.0
7254	3.5
7255	1.0
7293	3.0
7317	2.5
7324	2.5
7325	3.0
7346	3.0
7360	4.0
7361	4.5
7366	2.0
7367	2.5
7373	3.5
7376	2.5
7380	2.0
7438	4.5
7439	3.0
7444	3.0
7445	3.5
7451	3.5
7454	2.5
7458	3.0
7482	4.5
7587	4.5
7802	3.5
8042	4.0
8360	3.5
8361	3.0
8368	3.5
8372	1.5
8376	3.5
8464	4.0
8526	2.5
8528	3.0
8529	3.5
8531	0.5
8533	3.5
8622	3.5
8636	4.0
8638	3.5
8640	3.5
8641	4.5
8644	3.5
8665	3.5
8781	3.0
8783	3.5
8784	4.0
8798	4.0
8807	3.5
8810	1.0
8814	3.0
8865	3.5
8874	4.5
8907	2.5
8908	3.5
8910	3.0
8917	3.5
8947	2.0
8950	4.0
8957	4.0
8961	4.0
8965	2.0
8969	3.0
8972	4.0
8974	3.5
27660	3.5
27706	3.5
27773	4.0
27808	2.5
27837	3.0
27838	3.5
27904	3.5
30707	3.5
30749	4.0
30810	3.0
30812	3.5
30822	2.5
30825	3.0
31427	2.5
31685	3.0
31696	3.0
32017	3.0
32019	2.5
32029	3.5
32031	3.0
32587	4.5
33004	2.5
33158	2.5
33166	4.0
33493	3.5
33615	3.0
33646	3.5
33669	2.5
33679	2.5
33794	4.5
33836	2.0
34048	3.0
34072	2.5
34150	3.0
34162	3.5
34271	4.0
34319	3.5
34405	4.5
34520	2.5
34542	4.0
35836	4.0
35957	3.5
36519	3.0
36529	4.0
36708	3.5
37380	2.0
37384	2.5
37386	1.0
37733	4.0
37741	3.0
38061	4.0
39183	3.5
39444	3.0
39446	3.5
40278	4.0
40581	3.0
40732	4.0
40815	3.5
40819	4.0
41566	4.0
41569	3.5
41997	4.5
42002	2.0
42011	3.0
42723	2.0
42725	3.5
42738	3.0
43679	1.5
43919	0.5
43936	3.0
44004	2.5
44022	2.5
44191	3.5
44195	4.0
44199	4.0
44665	3.5
44761	3.5
44828	3.5
44972	2.5
44974	3.5
45186	3.5
45210	4.0
45442	2.0
45447	3.5
45499	3.5
45501	3.0
45517	3.0
45666	3.0
45672	3.0
45722	3.5
45726	2.5
45728	4.0
45950	3.5
46322	3.5
46335	2.0
46530	3.5
46578	4.0
46723	3.5
46965	3.5
46970	3.5
46972	2.5
46974	3.5
46976	3.5
47044	3.0
47099	3.5
47200	4.0
47423	4.0
47518	2.0
47610	3.5
47640	3.0
48043	3.5
48322	2.5
48385	4.0
48394	4.5
48516	5.0
48738	4.0
48774	4.5
48780	4.0
48877	3.5
49272	4.0
49278	3.0
49396	3.0
49530	3.5
50068	4.0
50442	3.0
50794	3.0
50798	0.5
50872	4.0
51077	2.5
51080	2.5
51086	2.5
51255	4.0
51540	4.5
51575	3.0
51662	4.0
51709	3.5
51931	4.0
51935	3.0
52241	3.0
52245	3.0
52281	3.0
52287	2.5
52328	4.0
52458	3.5
52604	3.0
52722	3.5
52952	4.0
52973	4.0
52975	2.0
53000	3.5
53121	3.0
53123	4.0
53125	3.0
53464	2.5
53519	3.0
53550	4.0
53894	4.0
53953	3.5
53972	3.5
53996	4.0
54001	3.5
54004	3.0
54190	4.0
54259	3.5
54272	4.0
54281	2.5
54286	4.0
54503	4.5
54648	2.5
54736	3.0
54881	4.0
54995	4.0
54997	4.0
54999	3.5
55052	4.0
55118	4.0
55247	4.5
55269	3.5
55282	3.5
55290	3.5
55363	4.5
55442	4.0
55444	4.0
55577	2.0
55765	4.0
55805	4.0
55814	4.5
55820	5.0
55830	3.5
55995	3.5
56145	4.0
56156	3.0
56171	2.0
56174	2.5
56251	3.5
56367	4.0
56757	4.0
56775	4.0
56782	5.0
56788	3.5
56805	3.5
57368	4.0
57640	4.0
57669	4.0
58025	2.5
58103	2.5
58154	2.0
58162	3.5
58295	4.0
58299	3.5
58303	3.5
58559	5.0
58803	3.5
58998	4.0
59018	4.0
59022	3.0
59103	3.0
59315	4.0
59369	4.0
59387	4.5
59421	2.5
59501	3.0
59615	4.0
59784	4.0
60037	2.5
60040	4.0
60069	4.5
60072	3.5
60074	3.0
60126	3.5
60397	2.5
60756	4.0
60766	4.0
60937	2.0
61024	4.0
61132	4.0
61323	4.0
62081	3.0
62394	1.5
62434	3.5
62511	3.5
62849	4.0
63082	4.5
63113	3.5
63876	4.0
63992	1.0
64497	2.0
64614	4.0
64620	4.0
64839	5.0
64957	4.5
