2	2.5
5	3.0
6	2.0
10	2.5
12	3.0
15	3.5
17	2.5
22	2.5
29	3.0
32	4.5
34	3.0
44	2.0
47	4.5
70	3.0
89	3.0
92	3.0
93	2.5
95	2.5
110	4.0
111	3.0
135	2.5
151	3.5
153	2.5
158	4.0
161	2.0
163	2.0
165	1.5
168	3.0
169	2.0
170	1.5
172	3.0
173	3.0
180	3.0
185	2.0
198	3.0
199	2.5
204	1.5
208	2.5
223	3.5
229	3.0
230	3.0
231	4.0
235	4.0
236	3.0
247	3.0
253	3.0
256	2.0
260	4.0
273	4.0
288	1.0
293	5.0
296	3.5
303	3.0
316	3.0
318	3.5
327	3.0
329	3.0
344	2.0
350	2.5
353	3.5
355	2.5
356	2.0
357	2.5
362	2.5
367	3.0
370	3.5
377	2.0
380	3.5
382	4.0
383	2.5
390	2.5
405	1.5
410	2.5
412	2.5
415	2.0
420	2.0
434	2.5
435	3.5
440	3.0
442	4.0
455	2.5
457	2.5
466	2.5
468	2.5
474	4.0
480	1.5
485	3.5
491	3.0
497	2.5
500	3.0
509	2.5
519	1.5
520	3.5
531	3.5
533	3.5
541	3.5
546	3.5
551	4.5
552	3.0
553	3.0
555	1.5
586	1.5
587	2.5
589	1.5
590	3.0
592	4.0
593	4.0
594	3.5
596	4.0
608	2.0
609	3.5
610	1.0
616	2.5
648	3.5
653	3.5
711	2.0
718	3.0
724	2.0
733	3.0
737	1.5
742	2.0
743	3.0
761	3.5
762	3.0
778	1.5
780	2.0
786	2.5
788	2.0
798	2.0
799	3.5
828	2.5
835	2.0
891	2.0
899	3.0
904	4.0
908	4.0
910	2.5
912	2.0
914	4.0
919	3.0
920	3.0
924	1.5
940	3.5
953	3.5
955	4.0
968	4.0
996	3.0
1009	3.0
1011	2.5
1015	3.5
1019	2.0
1022	3.0
1025	2.0
1027	3.5
1028	3.5
1029	3.5
1033	3.5
1036	4.5
1047	4.0
1059	1.0
1079	1.5
1080	4.0
1084	2.5
1090	2.5
1092	1.5
1093	2.0
1097	2.0
1100	2.0
1101	2.0
1103	2.5
1125	2.5
1127	2.5
1130	2.5
1136	4.5
1175	2.0
1193	4.0
1196	4.5
1197	3.5
1198	4.0
1200	2.5
1201	3.5
1204	2.0
1206	3.5
1209	2.0
1210	3.5
1212	3.5
1214	4.5
1219	3.5
1220	2.5
1222	3.5
1225	2.5
1227	2.0
1233	2.5
1240	3.0
1241	3.5
1249	2.5
1250	2.5
1251	2.5
1252	2.5
1253	3.0
1255	2.5
1258	4.0
1259	3.5
1260	3.5
1261	2.0
1262	3.5
1263	2.0
1265	3.5
1266	4.0
1269	2.0
1270	4.5
1275	4.0
1276	2.5
1277	2.5
1278	2.5
1282	2.5
1283	4.0
1284	3.5
1287	2.0
1288	4.0
1291	4.5
1293	2.5
1307	4.0
1320	4.5
1327	2.0
1339	5.0
1340	2.5
1342	2.5
1345	4.0
1346	2.5
1347	3.5
1348	3.5
1350	3.5
1354	1.5
1356	4.0
1367	2.5
1370	3.0
1371	3.0
1372	3.5
1373	4.0
1374	2.5
1375	3.0
1376	4.5
1377	5.0
1380	2.0
1385	2.5
1387	1.5
1388	1.5
1389	2.0
1391	2.5
1393	2.5
1394	3.0
1405	1.0
1407	2.0
1408	2.5
1411	3.0
1416	1.5
1438	2.0
1464	2.5
1499	1.0
1517	2.0
1527	4.0
1544	1.5
1552	2.0
1556	1.5
1562	2.0
1573	2.5
1580	3.0
1584	3.0
1586	2.0
1587	5.0
1590	2.0
1591	1.5
1595	2.0
1610	2.5
1617	3.5
1619	2.5
1620	3.0
1639	3.0
1644	2.5
1645	3.5
1653	3.5
1665	2.5
1673	4.0
1676	3.5
1680	3.0
1682	4.0
1687	3.0
1690	2.0
1704	4.0
1707	1.0
1717	2.0
1721	2.0
1722	2.5
1732	2.5
1747	2.5
1748	4.5
1752	2.5
1754	3.5
1760	0.5
1772	2.0
1779	2.5
1801	3.0
1810	2.0
1831	2.5
1835	2.0
1876	2.0
1892	2.0
1894	2.0
1909	2.0
1913	3.0
1917	2.5
1918	1.5
1923	3.5
1924	1.0
1954	4.0
1965	1.5
1967	3.5
1969	2.0
1970	2.0
1971	2.0
1972	1.5
1973	1.5
1975	2.0
1976	1.5
1977	1.5
1978	1.5
1979	1.5
1980	1.0
1981	2.0
1982	4.0
1983	3.5
1984	0.5
1985	2.0
1986	2.0
1994	2.5
1995	1.5
1996	1.0
1997	4.0
1998	2.0
1999	1.5
2000	3.5
2001	3.0
2002	2.5
2003	3.0
2004	2.5
2005	2.5
2006	3.5
2009	3.5
2011	3.0
2012	4.0
2018	3.5
2019	4.0
2021	3.5
2022	3.0
2023	2.0
2028	3.5
2033	3.0
2043	3.0
2048	3.5
2050	2.5
2051	2.5
2052	3.0
2068	1.5
2076	3.5
2078	2.5
2080	3.5
2085	3.0
2087	3.0
2088	3.0
2090	4.0
2093	3.0
2094	3.0
2096	2.0
2100	2.5
2102	3.5
2105	2.5
2107	1.5
2110	3.0
2115	3.0
2116	3.5
2118	2.5
2120	2.5
2121	1.0
2122	2.5
2124	3.0
2133	3.5
2138	3.0
2141	2.5
2142	2.0
2143	3.5
2153	2.5
2160	3.5
2161	2.5
2162	3.0
2167	3.5
2170	2.0
2174	3.5
2193	3.5
2194	2.5
2232	3.5
2288	2.5
2291	3.5
2301	3.5
2316	2.0
2320	4.0
2321	4.5
2328	2.5
2334	3.0
2336	3.0
2338	1.0
2340	3.0
2366	3.5
2373	1.5
2376	2.5
2378	4.0
2379	3.5
2380	3.0
2381	2.0
2382	2.5
2383	2.5
2393	3.5
2396	4.0
2401	3.0
2402	3.0
2403	4.5
2404	1.5
2405	2.5
2406	3.0
2407	3.0
2408	2.5
2409	3.5
2410	3.5
2411	3.0
2412	2.5
2414	3.5
2420	2.5
2421	1.5
2422	1.5
2427	0.5
2429	2.5
2450	2.5
2455	2.5
2456	1.5
2467	3.5
2470	3.5
2471	2.5
2474	2.5
2478	2.0
2513	3.0
2517	3.5
2518	3.0
2529	3.5
2530	2.5
2531	1.5
2532	1.5
2533	1.5
2539	3.5
2541	1.5
2548	1.0
2549	1.5
2571	3.5
2600	2.5
2605	3.0
2616	2.5
2617	3.0
2622	3.5
2628	2.0
2633	2.5
2640	3.0
2641	3.5
2642	2.5
2643	2.0
2644	3.0
2648	3.5
2657	1.0
2664	2.0
2668	1.0
2683	1.5
2701	2.5
2706	3.0
2710	0.5
2716	5.0
2717	4.0
2719	2.5
2722	1.5
2723	4.0
2724	2.5
2729	3.0
2748	2.5
2750	3.5
2762	4.0
2763	2.0
2788	2.5
2789	1.5
2791	5.0
2792	3.5
2793	1.5
2803	2.5
2808	2.0
2826	4.0
2841	3.0
2857	3.5
2858	3.0
2871	4.5
2872	2.5
2890	3.5
2902	2.5
2903	2.0
2915	2.0
2916	3.5
2921	3.0
2936	4.0
2944	3.5
2947	4.0
2948	4.0
2949	2.0
2950	2.0
2951	3.0
2953	1.0
2959	2.5
2968	2.5
2970	4.5
2985	4.0
2986	2.5
2987	2.5
2989	3.0
2990	2.0
2991	3.5
2993	2.0
2995	2.0
3005	3.5
3030	3.5
3033	5.0
3034	3.5
3036	2.0
3037	3.0
3039	3.5
3051	2.5
3052	3.5
3053	2.5
3072	1.5
3081	5.0
3082	2.5
3087	3.5
3089	2.5
3113	2.0
3147	3.5
3155	2.5
3156	3.0
3157	3.0
3175	4.5
3176	4.0
3186	4.0
3190	1.5
3198	2.5
3203	2.0
3213	3.5
3247	1.5
3248	1.5
3249	3.5
3253	3.0
3255	2.5
3257	2.0
3258	3.0
3264	3.0
3267	2.0
3269	2.5
3273	2.0
3300	4.0
3354	2.0
3355	3.5
3386	2.5
3388	2.5
3412	2.5
3430	3.5
3435	3.5
3441	2.0
3444	2.0
3448	3.5
3450	2.5
3471	1.5
3477	2.0
3479	3.5
3489	3.5
3499	3.5
3516	3.0
3527	4.0
3535	1.5
3578	3.5
3593	0.5
3623	1.5
3624	2.5
3633	3.5
3635	2.5
3638	4.0
3639	4.0
3671	3.5
3676	2.0
3681	3.5
3682	2.5
3697	2.5
3698	4.0
3699	2.0
3701	2.0
3703	3.0
3704	2.0
3707	1.5
3708	3.5
3717	2.0
3723	2.5
3742	3.0
3751	2.5
3753	3.0
3755	2.5
3760	1.5
3766	2.5
3793	3.5
3802	2.5
3826	2.0
3841	2.0
3863	3.0
3868	5.0
3869	4.0
3873	2.5
3877	2.0
3889	1.5
3893	3.5
3917	2.5
3918	1.5
3919	1.5
3977	2.5
3981	2.5
3984	4.0
3986	2.0
3994	4.0
3996	3.5
3997	1.5
4005	2.5
4006	4.5
4008	2.5
4011	2.0
4014	3.0
4027	3.0
4030	2.0
4036	0.5
4084	2.5
4085	3.0
4105	2.5
4121	2.5
4124	1.0
4133	3.5
4148	3.0
4210	4.0
4265	1.5
4270	2.0
4298	3.5
4299	4.0
4306	4.0
4308	4.0
4321	3.5
4327	3.5
4329	4.0
4333	2.5
4351	2.0
4361	2.0
4367	2.0
4369	2.0
4370	3.5
4396	3.5
4437	1.5
4446	2.5
4467	3.0
4498	2.5
4508	3.5
4526	2.5
4531	2.0
4535	2.5
4541	2.0
4545	2.5
4558	2.0
4563	2.5
4577	3.0
4624	3.5
4638	1.0
4643	2.5
4677	3.0
4682	2.5
4703	3.5
4718	1.0
4720	3.0
4734	4.0
4754	4.0
4756	2.0
4815	4.0
4855	4.5
4865	4.0
4896	3.5
4911	2.0
4941	2.0
4954	2.0
4973	3.5
4993	5.0
5010	1.5
5026	3.0
5027	2.0
5040	3.0
5049	2.0
5060	2.0
5128	1.5
5151	2.5
5152	2.5
5171	3.0
5247	3.0
5254	3.0
5266	3.0
5308	2.0
5309	2.5
5349	3.5
5378	2.5
5410	2.5
5418	4.0
5445	4.0
5452	2.0
5459	3.0
5489	4.0
5500	2.5
5502	2.0
5541	3.0
5630	2.0
5785	0.5
5796	2.0
5816	3.0
5872	2.0
5900	3.0
5903	2.5
5944	3.5
5945	3.0
5952	5.0
5956	3.5
6157	3.5
6166	2.5
6294	3.5
6331	2.5
6333	4.5
6365	2.0
6534	3.5
6539	3.5
6541	2.5
6662	2.5
6664	3.5
6711	4.5
6743	2.5
6785	2.5
6793	2.5
6794	2.5
6800	3.0
6807	2.0
6808	3.5
6832	3.0
6852	3.5
6857	2.5
6863	3.5
6873	3.0
6874	4.5
6889	2.0
6934	2.0
6944	2.5
6966	3.0
6979	2.5
6996	2.5
7000	3.0
7004	2.5
7007	2.0
7046	2.5
7063	3.5
7101	3.0
7143	4.0
7147	3.5
7151	3.5
7153	5.0
7164	4.0
7247	4.0
7324	3.5
7347	3.0
7366	3.0
7373	2.5
7438	4.5
7439	3.5
7454	2.0
7458	2.0
7569	3.0
7570	2.5
7573	3.5
7649	2.5
7842	3.5
7925	2.5
8132	5.0
8340	3.0
8368	3.5
8371	2.0
8387	2.0
8491	3.5
8526	3.5
8528	3.5
8596	2.0
8633	3.0
8636	4.0
8640	2.0
8644	2.5
8665	4.5
8666	1.5
8783	3.5
8798	4.0
8865	4.0
8879	3.0
8961	5.0
8970	3.5
8977	2.0
26152	3.5
26662	4.0
26680	4.0
30707	4.5
30793	4.0
30816	4.0
31221	1.5
31410	5.0
31658	4.0
31696	3.0
31804	1.5
32587	3.5
33004	3.0
33162	4.0
33493	3.0
33794	3.5
33836	3.0
34048	3.5
34150	3.5
34319	2.0
34332	3.5
34405	3.5
35836	4.5
36401	3.0
37380	2.0
37729	4.0
37733	4.0
37857	3.0
39183	2.5
39381	3.5
40732	1.0
40815	4.0
41566	3.5
41569	3.5
43560	2.5
43928	1.0
43936	3.5
44191	4.5
44974	3.5
45442	2.0
45447	2.0
45499	4.0
45722	2.0
45728	4.0
45730	3.5
45732	3.0
45880	3.0
46530	4.0
46578	4.0
46965	2.5
46972	3.5
46976	3.5
47044	3.0
47610	4.0
48043	4.0
48142	3.0
48304	4.0
48385	2.0
48394	5.0
48738	3.5
48774	3.0
48783	2.5
49272	4.0
49396	2.0
49530	4.0
49649	1.0
49651	4.0
50068	4.0
50601	3.5
50794	2.0
50804	1.0
51077	2.5
51080	3.5
51412	2.5
51575	3.5
51662	2.0
51935	3.5
52245	4.0
52281	3.0
52328	3.5
52458	2.0
52604	3.0
52722	3.5
52973	4.0
53000	2.5
53121	2.5
53125	2.5
53129	2.5
53464	2.5
53519	2.0
53550	3.0
53953	3.5
53956	4.0
53972	3.0
53993	1.0
53996	3.5
54001	3.5
54259	4.0
54272	3.5
54286	3.5
54503	4.5
54736	2.0
54995	2.5
54997	3.5
54999	3.0
55052	4.5
55118	4.0
55232	1.0
55282	1.5
55363	4.5
55765	3.5
55820	2.5
55830	2.5
55995	3.5
56152	3.5
56156	2.0
56171	2.5
56174	2.0
56339	4.0
56367	4.0
56757	3.0
56788	2.5
56801	0.5
56949	2.5
57368	1.5
57528	4.5
58025	2.5
58154	2.5
58293	1.5
58303	4.0
58559	4.0
59315	3.5
59501	2.0
59615	3.5
60037	1.5
60040	3.0
60072	2.0
60074	3.0
60684	4.5
60760	3.5
60950	3.0
61132	4.0
61323	1.5
62394	1.0
62434	3.0
63072	4.5
63082	4.0
63853	3.0
64614	4.5
64622	3.5
64983	3.0
65130	3.5
66097	3.5
66171	3.0
68157	3.0
68319	2.0
68358	3.0
69406	3.0
69640	3.5
69844	3.5
69951	3.5
71530	1.5
73017	4.0
74789	2.5
76251	4.0
77561	3.5
77866	2.0
79057	2.0
81845	4.5
83613	2.0
85131	1.0
85414	4.0
86332	3.5
87232	4.0
87430	2.5
89745	4.0
95510	3.0
