1	3.5
3	4.0
6	4.5
10	3.5
11	5.0
16	3.5
19	2.0
21	3.0
23	2.0
24	2.5
25	3.0
31	2.5
32	3.0
36	3.5
39	4.0
42	2.0
44	2.0
45	2.5
47	4.0
50	5.0
70	2.5
88	2.5
89	3.5
94	3.0
95	2.5
104	4.0
110	4.0
112	3.5
122	3.0
135	2.5
145	3.0
147	3.0
150	3.5
151	3.5
153	3.0
160	2.0
161	4.0
163	3.0
165	3.5
168	3.0
172	2.5
173	2.5
174	2.5
180	4.0
216	4.0
217	3.5
223	4.0
231	4.0
253	4.5
260	5.0
266	2.5
273	3.0
280	2.0
288	3.5
292	3.0
293	4.0
296	4.0
300	3.5
303	3.5
315	1.5
318	5.0
325	1.0
344	4.0
349	5.0
353	3.5
356	4.5
358	3.0
362	3.0
364	5.0
366	1.0
367	3.0
368	3.5
370	2.5
372	3.5
374	2.0
377	4.0
380	3.5
382	2.5
387	3.0
413	2.5
420	2.0
423	3.0
429	1.0
431	3.5
434	2.5
435	1.5
436	3.0
438	3.0
441	2.5
442	2.0
450	2.5
454	3.5
455	3.0
457	3.5
459	2.0
464	2.0
466	2.5
471	4.0
474	4.0
475	3.5
479	1.5
480	3.0
485	3.5
494	3.0
500	2.5
507	2.0
508	4.0
511	3.0
514	2.0
520	2.5
527	5.0
529	3.0
538	2.5
541	4.0
553	5.0
555	3.5
586	2.5
587	3.0
588	3.5
589	4.0
592	4.5
593	4.5
595	4.0
608	3.5
610	3.5
647	3.0
648	4.0
704	2.5
724	2.5
725	4.0
733	4.5
778	4.0
780	4.0
782	2.5
784	3.5
785	4.0
786	3.0
799	3.0
802	4.0
805	3.0
832	3.5
852	3.5
858	5.0
861	2.5
866	2.5
880	2.0
886	2.5
919	2.5
923	4.0
934	4.0
991	3.0
996	3.5
999	3.0
1003	3.0
1020	3.0
1027	3.0
1036	4.0
1037	2.5
1047	4.0
1060	4.5
1061	4.0
1073	3.5
1088	4.0
1089	4.0
1090	4.0
1091	2.5
1092	4.0
1095	3.5
1097	3.0
1100	5.0
1101	5.0
1120	3.5
1127	3.0
1183	2.0
1191	3.0
1193	3.0
1196	5.0
1197	4.0
1198	4.0
1204	3.0
1207	4.5
1208	2.5
1210	5.0
1213	4.0
1221	5.0
1222	3.5
1225	3.0
1233	4.0
1234	4.5
1240	3.5
1247	4.0
1259	4.0
1262	4.0
1265	4.5
1266	5.0
1268	3.0
1270	4.5
1274	2.5
1275	3.0
1276	5.0
1288	4.5
1291	4.5
1297	3.0
1302	4.5
1304	4.0
1339	4.0
1342	2.5
1347	2.5
1370	2.5
1377	3.0
1378	2.5
1380	3.0
1385	2.0
1393	4.0
1396	3.0
1405	3.0
1407	2.5
1411	2.0
1422	2.5
1431	2.5
1441	3.0
1459	3.5
1466	4.0
1476	4.0
1485	3.5
1497	2.0
1500	3.5
1503	2.5
1513	3.5
1517	3.5
1527	3.5
1552	2.0
1562	2.0
1573	3.0
1580	2.0
1584	3.0
1587	4.0
1589	4.0
1597	3.5
1610	4.5
1617	4.0
1620	3.5
1639	2.5
1641	4.5
1644	2.5
1645	3.0
1653	4.0
1663	2.5
1673	4.0
1674	4.0
1676	3.5
1682	3.0
1687	3.0
1693	4.0
1704	4.0
1711	3.0
1717	2.5
1721	1.5
1729	2.5
1732	3.0
1735	4.0
1747	4.0
1753	2.0
1769	3.0
1777	3.5
1783	3.0
1784	4.0
1792	3.0
1845	4.0
1866	1.0
1909	4.0
1917	3.5
1918	2.5
1923	4.5
1953	3.0
1961	4.0
1968	3.0
1997	3.5
1999	3.5
2000	3.5
2001	2.5
2002	3.0
2003	3.0
2005	3.0
2006	3.0
2011	4.0
2012	4.0
2020	4.0
2023	4.5
2026	2.5
2028	4.5
2054	2.5
2058	3.0
2078	3.0
2082	1.5
2094	4.0
2108	3.0
2115	3.5
2119	3.5
2120	4.0
2121	2.5
2122	2.5
2124	3.0
2133	2.5
2141	2.5
2146	2.5
2167	1.5
2174	3.0
2194	4.5
2195	3.0
2231	4.0
2268	4.0
2278	5.0
2291	3.0
2302	4.5
2320	2.5
2321	4.5
2324	4.0
2329	4.0
2334	4.0
2335	3.0
2353	4.0
2355	3.0
2371	3.5
2372	3.5
2374	2.5
2376	3.5
2378	4.0
2379	2.0
2380	2.0
2381	2.0
2382	2.0
2383	1.0
2395	2.5
2402	3.5
2403	3.5
2404	2.0
2405	2.5
2406	2.5
2411	2.5
2413	3.5
2420	4.0
2421	3.5
2423	4.0
2427	2.5
2447	4.0
2450	2.0
2470	2.5
2485	3.5
2490	4.5
2492	4.0
2500	3.0
2502	4.5
2505	4.0
2513	3.0
2529	2.5
2540	4.0
2541	4.0
2542	3.5
2567	3.5
2571	4.5
2572	4.5
2580	3.5
2598	2.5
2599	2.5
2605	3.5
2617	3.5
2625	2.0
2640	2.5
2641	2.0
2672	2.5
2683	2.0
2686	4.0
2688	3.5
2692	4.0
2694	3.0
2699	2.5
2706	4.5
2710	2.5
2712	4.0
2716	3.5
2717	2.0
2735	2.5
2762	4.5
2763	4.0
2772	2.5
2791	3.0
2792	2.5
2797	3.0
2798	2.0
2815	3.0
2816	2.0
2817	1.0
2827	2.0
2840	4.0
2858	3.5
2871	3.0
2889	2.5
2890	3.5
2915	3.5
2916	4.0
2918	4.0
2944	4.0
2947	4.0
2948	3.5
2949	4.0
2959	4.0
2985	3.5
2986	2.0
2987	4.0
2989	3.5
2990	3.0
2991	3.0
2993	4.0
2997	2.0
3006	2.5
3019	2.5
3020	2.5
3033	3.0
3052	3.0
3053	2.5
3081	4.0
3087	3.0
3098	5.0
3107	3.0
3113	3.0
3120	3.0
3130	2.0
3142	4.0
3145	2.5
3147	4.5
3148	4.0
3159	3.5
3173	3.5
3174	3.5
3178	4.0
3198	3.5
3208	2.5
3243	2.5
3247	2.0
3249	2.0
3252	5.0
3253	3.0
3254	2.5
3255	4.0
3256	4.5
3259	3.0
3263	2.5
3264	3.5
3270	2.0
3275	3.0
3298	3.5
3316	2.0
3317	3.5
3354	2.0
3355	3.5
3360	3.5
3361	4.0
3386	4.5
3409	2.0
3421	3.0
3441	4.0
3444	4.5
3450	4.0
3477	3.0
3498	3.0
3513	3.5
3525	3.5
3526	3.5
3527	3.5
3535	5.0
3552	2.5
3578	4.5
3614	3.0
3617	3.5
3623	3.0
3633	3.5
3635	3.5
3638	3.0
3639	3.5
3686	3.0
3688	4.0
3698	3.0
3702	2.0
3703	2.0
3704	2.5
3705	2.5
3717	1.0
3740	3.5
3753	3.0
3755	1.5
3763	3.0
3764	2.5
3783	3.5
3791	3.0
3793	4.0
3802	2.5
3809	2.0
3826	3.5
3827	2.5
3835	3.0
3852	2.0
3861	3.0
3863	3.0
3868	3.5
3869	3.0
3897	3.5
3901	3.5
3911	4.5
3916	3.5
3946	3.5
3948	3.0
3952	4.5
3972	1.5
3978	3.5
3980	2.5
3984	3.5
3993	3.0
3994	5.0
3996	5.0
3998	2.5
4002	2.5
4005	3.0
4006	2.0
4007	3.5
4015	3.5
4019	4.0
4023	2.5
4025	3.0
4027	4.5
4033	3.0
4034	3.0
4036	4.0
4041	4.0
4047	1.5
4052	2.5
4084	2.5
4085	3.0
4102	3.5
4121	3.0
4128	3.0
4133	2.0
4149	1.5
4159	2.5
4207	3.0
4210	3.0
4223	3.5
4226	5.0
4234	3.0
4238	3.0
4239	2.5
4246	4.0
4255	1.0
4262	2.5
4267	3.0
4270	3.0
4306	3.0
4310	3.0
4317	3.0
4326	4.0
4327	3.0
4344	4.0
4351	3.0
4367	2.0
4369	2.0
4370	3.0
4396	4.0
4446	3.5
4447	3.5
4448	4.5
4483	2.5
4487	3.0
4489	3.0
4499	2.5
4508	2.5
4545	2.0
4571	3.5
4572	2.0
4616	4.0
4621	2.5
4623	3.5
4643	2.0
4678	4.0
4718	3.0
4727	2.5
4728	4.0
4734	2.0
4735	2.0
4757	3.5
4776	4.0
4816	4.5
4823	2.0
4844	1.0
4848	4.5
4866	3.0
4874	2.5
4886	3.0
4889	4.0
4901	3.5
4963	5.0
4979	4.0
4980	2.0
4993	3.5
4995	3.5
5010	2.0
5013	4.0
5026	3.0
5049	3.0
5055	4.0
5064	4.5
5102	2.0
5103	4.0
5111	2.0
5247	4.0
5266	2.0
5283	2.0
5292	3.0
5312	4.0
5313	2.5
5349	4.0
5418	5.0
5438	2.0
5445	3.5
5449	2.5
5464	4.5
5479	2.0
5481	2.0
5502	5.0
5541	3.5
5574	3.5
5582	2.0
5630	4.0
5650	2.5
5693	2.0
5785	3.0
5816	3.0
5843	3.0
5872	1.5
5879	3.0
5952	3.5
5956	4.0
5959	4.0
5995	2.0
6059	4.5
6188	4.5
6281	3.5
6303	3.5
6322	5.0
6333	4.0
6365	2.5
6377	4.0
6378	4.5
6502	5.0
6534	2.5
6537	4.0
6539	4.0
6548	1.0
6586	2.5
6595	3.5
6659	2.5
6664	2.5
6708	2.0
6754	3.5
6764	3.5
6796	3.0
6800	2.5
6820	3.0
6832	3.5
6874	5.0
6934	2.5
6942	4.0
6944	3.5
6947	4.0
6950	3.0
6957	4.0
6966	3.5
7000	3.0
7004	2.5
7007	3.5
7017	2.5
7101	3.0
7102	3.5
7143	3.5
7153	3.5
7163	3.5
