1	4.0
2	4.0
3	3.0
4	2.0
5	2.0
6	4.0
7	3.0
10	3.0
11	4.5
12	2.0
16	4.0
18	4.5
19	4.0
20	3.0
21	4.5
22	4.0
23	1.0
24	4.5
25	3.0
26	4.0
29	4.0
31	1.0
32	4.5
34	4.0
35	2.0
36	4.5
39	4.5
42	2.0
43	3.0
44	4.0
45	4.0
47	5.0
50	5.0
52	4.0
57	4.0
60	4.0
62	2.0
65	2.0
69	3.0
70	4.5
71	1.0
72	4.0
78	4.5
81	4.0
88	4.0
89	4.0
94	4.0
95	2.0
101	4.5
102	1.0
103	4.0
104	4.5
105	4.5
110	3.5
111	5.0
112	4.0
113	4.0
118	2.0
122	1.0
125	4.5
132	3.0
140	1.0
141	2.0
144	2.0
145	2.0
147	4.0
150	3.0
152	3.0
153	1.5
156	4.0
157	2.0
158	3.0
159	4.5
160	1.0
161	4.5
162	4.5
163	4.0
164	4.5
165	4.0
166	2.0
170	3.0
173	3.0
175	1.0
176	4.0
177	2.0
179	1.0
180	4.0
182	3.0
185	4.0
186	3.0
188	4.5
190	4.0
193	1.0
194	4.5
195	2.0
196	3.0
198	4.5
203	4.0
204	2.0
205	4.5
207	3.0
208	1.0
209	2.0
215	4.0
216	4.5
222	3.0
223	3.0
224	4.0
225	3.0
229	5.0
230	4.5
231	4.5
233	5.0
234	1.0
235	5.0
236	3.0
237	4.0
246	4.0
247	4.5
248	3.5
253	4.0
257	4.0
259	3.0
260	4.0
261	4.0
265	4.0
266	4.5
268	4.0
273	3.0
275	2.0
277	3.0
280	4.0
288	4.5
289	4.0
291	2.0
292	4.0
293	5.0
296	5.0
300	4.5
303	4.0
305	1.0
312	2.0
315	1.0
316	4.0
317	4.0
318	5.0
319	4.0
322	4.0
325	2.0
328	2.0
329	2.0
333	4.5
337	4.5
338	2.0
339	4.0
342	4.0
344	4.0
346	4.0
349	4.0
350	1.0
353	4.0
354	3.0
356	4.5
357	4.0
358	4.0
360	2.0
361	3.0
364	3.5
367	3.0
368	4.0
370	4.0
371	4.0
372	3.0
373	4.0
374	2.0
376	4.0
377	3.0
380	3.5
381	4.0
382	2.0
410	2.0
413	3.0
414	3.0
415	2.0
418	2.0
419	2.0
420	1.0
423	4.0
426	2.5
427	1.0
428	4.0
429	4.5
431	4.5
432	2.0
433	3.0
434	3.0
435	3.0
436	1.0
437	2.0
438	3.0
440	4.5
441	4.5
442	3.0
448	5.0
450	3.0
453	3.0
454	4.5
455	3.0
457	4.0
459	2.0
466	4.0
467	3.0
471	5.0
474	4.5
477	3.5
479	3.0
480	4.0
481	4.0
482	2.0
485	3.0
489	2.0
490	4.5
491	2.0
492	4.0
493	3.0
494	3.0
497	3.0
500	2.0
505	2.0
507	5.0
508	4.5
511	4.0
514	4.0
516	3.0
517	3.0
518	1.0
519	2.0
520	3.0
521	4.5
524	4.0
527	4.5
528	3.0
529	4.5
532	4.0
535	4.0
536	3.0
537	3.0
538	4.0
539	4.5
540	1.0
541	4.5
542	3.0
543	4.0
546	3.0
550	3.0
551	4.0
552	3.0
553	2.0
555	4.5
556	5.0
562	4.5
569	3.0
574	4.5
581	4.0
585	4.0
586	4.0
587	4.0
588	3.5
589	4.5
590	4.0
592	3.0
593	5.0
594	4.0
596	4.0
597	3.0
605	3.0
608	5.0
609	4.0
610	3.0
612	4.0
616	2.5
627	4.0
628	4.5
637	3.0
639	2.0
647	4.0
648	3.0
653	4.0
662	3.0
663	4.5
673	4.0
678	4.0
694	3.0
700	4.0
707	3.0
709	3.0
710	2.0
719	4.0
725	3.0
731	2.0
733	3.0
736	1.0
748	3.0
750	4.5
761	4.0
762	3.0
765	1.5
778	4.0
780	3.0
781	3.0
784	5.0
785	5.0
786	2.5
788	4.0
798	2.0
799	4.5
800	4.5
802	1.0
804	4.0
805	4.5
818	4.0
832	4.0
835	2.0
837	4.0
840	3.0
842	3.0
848	4.0
849	1.0
851	4.0
858	5.0
866	4.5
880	1.0
882	4.0
886	2.0
898	4.5
903	4.5
904	4.0
908	4.5
914	4.5
919	5.0
921	4.0
922	4.5
923	5.0
924	4.5
942	4.0
953	5.0
971	5.0
986	3.0
994	4.5
996	3.0
999	2.0
1003	4.0
1007	3.0
1009	3.0
1010	4.0
1011	3.0
1012	4.0
1013	4.0
1015	4.0
1016	3.0
1017	3.0
1020	4.0
1021	3.0
1022	3.0
1025	3.0
1027	4.0
1028	4.5
1029	4.0
1030	4.0
1031	4.0
1032	3.0
1033	3.5
1034	4.0
1035	4.0
1036	5.0
1037	3.0
1042	4.5
1043	3.0
1047	4.0
1049	1.0
1050	4.5
1051	4.5
1054	4.0
1057	3.5
1059	4.5
1060	4.0
1061	3.0
1073	5.0
1077	4.0
1079	4.0
1080	4.5
1084	4.0
1088	4.5
1089	5.0
1090	4.5
1091	4.0
1092	3.0
1093	3.0
1094	4.0
1095	5.0
1097	4.5
1101	4.0
1104	4.0
1111	4.5
1120	4.0
1124	4.5
1125	4.5
1126	3.0
1127	4.0
1135	4.0
1136	4.5
1147	4.5
1148	4.0
1167	3.0
1171	3.0
1179	4.0
1183	4.0
1186	4.0
1188	4.0
1189	4.0
1190	4.0
1191	3.0
1193	5.0
1194	3.0
1196	4.5
1197	5.0
1198	5.0
1199	4.0
1200	4.0
1203	5.0
1204	4.0
1206	4.0
1207	5.0
1208	5.0
1210	4.0
1213	4.5
1214	4.0
1215	4.0
1218	4.0
1219	4.0
1220	4.0
1221	5.0
1222	5.0
1224	5.0
1227	3.5
1228	4.5
1230	4.5
1231	4.0
1234	4.5
1235	4.5
1238	4.0
1240	4.0
1241	4.5
1242	4.5
1245	5.0
1246	4.5
1247	4.5
1248	4.5
1249	4.0
1250	5.0
1252	4.5
1253	4.0
1255	3.0
1256	5.0
1257	3.0
1258	3.0
1259	5.0
1261	4.0
1265	5.0
1266	4.0
1268	4.0
1270	5.0
1271	4.0
1273	4.0
1276	5.0
1278	5.0
1282	5.0
1285	4.0
1288	5.0
1290	4.0
1291	4.0
1292	4.5
1297	4.0
1302	4.5
1304	4.5
1307	4.0
1320	2.0
1321	4.0
1333	4.0
1339	3.0
1343	4.5
1344	4.5
1345	4.0
1347	3.0
1352	3.0
1355	0.5
1357	4.0
1358	4.5
1361	4.5
1367	1.0
1370	4.0
1371	3.0
1372	2.0
1373	2.0
1374	3.0
1375	3.0
1376	4.0
1377	4.0
1378	4.0
1379	3.0
1380	4.0
1381	1.0
1385	3.0
1387	4.0
1391	4.0
1392	4.5
1393	4.5
1394	5.0
1396	4.5
1401	3.0
1404	4.5
1405	4.0
1407	4.0
1408	4.0
1409	2.0
1414	4.0
1416	1.0
1425	2.0
1431	2.0
1432	2.0
1440	2.0
1441	4.0
1449	5.0
1454	4.5
1457	4.0
1460	3.0
1461	3.0
1464	4.5
1466	4.5
1468	2.0
1474	3.0
1476	4.0
1483	1.0
1484	4.0
1485	4.0
1488	2.0
1498	4.5
1499	1.0
1500	4.0
1513	4.0
1515	2.0
1517	4.0
1518	4.5
1526	2.0
1527	5.0
1535	4.0
1544	1.0
1552	2.0
1554	4.5
1562	1.0
1569	4.0
1573	3.0
1580	3.0
1584	4.5
1588	4.0
1589	4.5
1590	4.0
1593	3.0
1594	4.0
1597	3.0
1598	2.0
1608	2.0
1610	4.0
1614	1.0
1615	4.5
1616	4.0
1617	4.5
1619	4.5
1620	2.0
1621	3.0
1625	4.5
1627	4.5
1635	2.0
1639	4.0
1641	3.0
1645	2.0
1647	3.0
1648	4.5
1649	5.0
1653	4.5
1658	3.0
1663	4.0
1670	4.0
1672	4.0
1673	5.0
1674	4.0
1676	4.5
1682	4.5
1687	3.0
1689	4.5
1701	4.5
1704	4.5
1711	4.0
1717	1.0
1719	5.0
1721	2.5
1729	4.5
1732	5.0
1747	3.0
1748	5.0
1754	4.5
1769	4.0
1772	2.0
1777	4.0
1779	2.0
1783	1.0
1784	4.0
1785	4.0
1794	4.0
1797	4.0
1799	4.0
1804	4.0
1805	4.5
1810	2.0
1816	1.0
1827	4.5
1833	3.0
1834	5.0
1835	1.0
1845	4.5
1855	2.0
1862	2.0
1866	2.0
1875	3.5
1883	2.0
1884	4.5
1885	4.0
1892	3.0
1895	4.0
1897	4.0
1909	4.0
1911	2.0
1912	5.0
1914	4.0
1916	4.5
1917	2.0
1918	2.0
1921	4.5
1923	5.0
1924	2.0
1927	3.0
1934	4.0
1946	4.5
1947	3.0
1953	4.5
1954	4.5
1958	4.0
1961	4.5
1962	4.5
1967	4.5
1968	4.0
1974	3.0
1981	2.5
1991	3.0
1994	4.5
1995	3.0
1996	2.0
1997	4.5
2000	4.5
2001	4.0
2002	4.0
2003	4.0
2004	4.5
2005	4.5
2006	4.5
2009	4.0
2011	3.5
2012	4.0
2013	4.0
2014	3.0
2015	4.0
2016	3.0
2018	4.0
2022	5.0
2023	4.5
2025	3.0
2026	3.0
2028	4.5
2038	3.0
2040	3.0
2041	3.0
2042	3.0
2046	4.0
2048	3.5
2050	3.0
2051	3.0
2052	2.0
2053	2.0
2054	4.0
2058	4.0
2060	4.0
2064	5.0
2065	4.0
2071	4.0
2072	3.0
2076	4.5
2077	3.0
2078	4.0
2080	4.0
2081	4.0
2082	3.0
2083	3.0
2084	3.0
2085	3.0
2087	4.0
2088	2.0
2089	3.0
2090	3.0
2091	3.0
2093	3.0
2094	4.0
2095	3.0
2096	3.0
2097	4.0
2100	4.5
2102	3.0
2105	4.0
2106	4.0
2108	4.5
2109	5.0
2110	4.5
2111	4.0
2112	4.5
2114	4.0
2115	3.5
2118	4.0
2119	3.0
2120	3.0
2121	3.0
2123	3.0
2124	3.0
2126	2.0
2133	4.0
2134	4.0
2135	1.5
2139	4.0
2140	2.5
2141	3.0
2143	3.0
2144	3.0
2145	4.0
2148	3.0
2149	3.0
2150	3.0
2153	2.0
2159	3.0
2161	4.0
2162	3.0
2163	3.0
2165	4.0
2166	4.0
2167	4.0
2174	4.0
2193	3.0
2194	4.5
2195	4.0
2231	4.5
2236	3.0
2243	4.0
2245	4.0
2247	4.0
2248	4.0
2249	4.5
2252	3.0
2253	2.0
2259	3.0
2261	4.0
2262	2.0
2263	4.0
2265	0.5
2266	4.0
2268	4.5
2269	3.0
2278	4.0
2280	4.0
2289	4.5
2291	4.5
2294	4.0
2296	1.5
2297	3.0
2301	4.0
2302	4.5
2303	3.0
2312	4.0
2313	4.0
2318	1.0
2321	4.5
2324	4.0
2325	4.0
2327	3.0
2329	4.5
2330	4.0
2335	3.0
2340	4.0
2352	4.0
2353	4.0
2354	4.0
2367	4.0
2369	3.0
2371	4.0
2372	3.0
2374	3.0
2375	4.0
2376	4.0
2378	4.0
2379	3.0
2380	3.0
2381	3.0
2382	2.0
2383	2.0
2387	4.0
2391	4.5
2395	5.0
2398	4.0
2399	3.0
2402	3.0
2403	3.0
2404	2.0
2405	4.0
2406	4.5
2407	4.5
2408	3.5
2409	4.0
2410	4.0
2411	4.0
2412	2.0
2413	4.5
2414	4.0
2416	4.0
2418	3.0
2420	4.5
2421	3.0
2422	2.0
2423	4.5
2424	4.0
2427	5.0
2428	4.0
2433	4.5
2439	5.0
2450	2.0
2451	2.0
2453	3.0
2458	3.0
2463	4.0
2468	3.0
2469	4.0
2470	4.0
2471	2.0
2473	3.0
2474	4.5
2476	4.0
2478	4.5
2490	4.0
2502	5.0
2513	3.0
2514	1.0
2517	3.0
2518	4.0
2528	4.5
2529	4.0
2539	1.0
2541	1.0
2542	4.5
2558	2.0
2567	2.0
2568	1.0
2571	5.0
2579	4.5
2580	4.5
2583	4.0
2594	4.0
2599	4.0
2600	4.5
2611	4.5
2615	4.0
2616	3.0
2628	3.0
2639	4.0
2640	4.0
2641	4.5
2642	3.0
2643	2.0
2657	3.0
2662	3.0
2671	4.0
2677	4.0
2683	2.0
2686	4.5
2692	5.0
2693	4.5
2694	4.0
2699	4.0
2700	5.0
2702	4.0
2706	3.0
2707	4.5
2710	2.0
2712	4.5
2716	5.0
2717	4.0
2723	3.0
2725	2.0
2726	4.5
2732	5.0
2734	4.0
2735	3.0
2736	4.0
2739	4.0
2746	4.5
2750	4.5
2752	3.0
2759	4.0
2761	3.5
2762	5.0
2770	4.0
2779	3.0
2788	4.0
2791	4.0
2792	4.0
2794	4.0
2795	4.5
2796	4.0
2797	4.5
2798	2.0
2799	1.0
2803	2.0
2804	5.0
2808	2.0
2822	3.0
2836	4.5
2846	3.0
2858	3.5
2863	4.5
2866	4.0
2867	3.0
2871	4.5
2883	4.0
2889	4.0
2890	5.0
2891	4.0
2898	3.0
2907	3.0
2908	4.5
2912	5.0
2915	4.0
2916	4.5
2917	4.5
2918	4.5
2926	4.0
2947	4.5
2950	2.0
2952	4.5
2953	3.0
2956	3.0
2959	5.0
2968	4.0
2973	4.5
2985	4.5
2986	3.5
2987	4.0
2990	3.0
2997	5.0
3005	2.5
3006	2.0
3007	5.0
3016	3.0
3020	1.0
3033	4.5
3034	3.0
3036	3.0
3039	4.0
3040	4.0
3044	4.0
3052	3.0
3060	4.0
3061	3.0
3063	3.0
3070	4.0
3071	4.0
3072	4.0
3074	3.0
3077	4.5
3081	4.0
3087	4.0
3088	4.0
3095	5.0
3098	4.5
3100	4.5
3101	4.0
3104	4.0
3105	5.0
3107	4.0
3108	4.5
3114	4.0
3120	3.0
3129	4.0
3134	5.0
3145	4.5
3152	5.0
3160	5.0
3168	4.0
3174	3.0
3176	3.0
3182	4.0
3189	4.0
3203	3.0
3208	2.0
3210	4.0
3219	3.0
3243	3.0
3246	4.5
3247	4.0
3249	2.0
3252	4.0
3253	4.0
3254	3.0
3255	4.0
3256	4.0
3257	1.0
3258	4.0
3259	4.5
3261	4.5
3262	4.0
3263	4.0
3264	4.0
3266	4.5
3267	4.0
3268	1.0
3269	4.0
3270	4.0
3271	4.5
3272	3.0
3273	1.0
3274	4.0
3298	4.0
3300	3.0
3301	3.0
3308	2.0
3317	4.5
3325	0.5
3328	4.0
3347	4.0
3358	5.0
3359	4.0
3360	4.5
3362	4.5
3363	4.0
3385	2.0
3386	4.5
3387	3.0
3388	4.0
3391	2.0
3392	1.0
3394	3.0
3396	4.5
3397	4.5
3398	4.0
3408	4.5
3412	3.0
3418	4.0
3421	4.5
3422	3.0
3424	4.5
3438	4.0
3439	2.0
3444	2.0
3448	3.0
3450	4.0
3466	4.0
3471	5.0
3476	4.0
3477	2.0
3478	4.0
3479	4.0
3480	4.0
3481	4.5
3489	2.0
3499	4.5
3500	4.0
3501	4.0
3504	4.0
3507	4.0
3510	4.0
3513	3.0
3524	4.0
3525	3.0
3526	4.5
3527	4.0
3528	3.0
3535	4.0
3536	4.5
3543	4.0
3552	3.5
3556	4.5
3557	3.0
3564	2.0
3566	4.0
3578	4.0
3591	4.5
3593	0.5
3608	5.0
3614	4.0
3618	3.0
3638	3.5
3646	2.0
3668	4.0
3671	4.5
3672	3.0
3683	4.5
3684	4.0
3685	4.0
3686	4.0
3697	2.0
3698	4.0
3699	4.0
3701	4.0
3702	3.0
3707	3.0
3708	3.0
3709	2.0
3710	1.0
3712	4.5
3717	2.5
3724	3.5
3728	4.5
3730	4.0
3740	4.0
3742	4.0
3747	4.5
3752	4.0
3755	2.0
3764	3.0
3773	3.0
3783	2.0
3784	4.0
3791	4.0
3793	4.0
3794	1.0
3798	3.0
3802	3.0
3809	4.5
3835	3.0
3844	4.5
3863	3.0
3868	4.5
3869	4.0
3877	2.0
3882	4.0
3893	2.5
3896	4.0
3897	4.5
3909	3.0
3911	4.0
3925	4.0
3948	4.5
3949	5.0
3952	2.5
3955	0.5
3959	4.0
3967	3.5
3977	4.0
3983	4.5
3994	4.5
3996	5.0
4002	5.0
4006	4.0
4010	3.0
4011	4.0
4017	4.0
4020	4.0
4023	2.5
4027	5.0
4029	4.0
4031	4.5
4034	4.5
4039	3.0
4040	2.5
4047	3.0
4055	4.0
4056	5.0
4061	3.5
4062	3.0
4066	4.0
4068	4.0
4069	1.5
4079	4.0
4080	2.5
4084	4.0
4085	4.0
4090	4.0
4091	3.5
4102	3.5
4103	5.0
4105	4.0
4121	4.0
4124	1.5
4128	4.5
4132	2.0
4133	3.0
4158	2.5
4161	3.0
4214	4.0
4215	2.0
4218	4.5
4226	4.5
4232	3.5
4235	4.5
4239	4.0
4248	4.0
4255	4.5
4262	2.0
4275	2.5
4276	4.0
4280	3.0
4291	3.0
4298	4.0
4304	4.0
4306	4.0
4308	4.5
4321	4.0
4322	5.0
4326	5.0
4333	3.5
4343	3.5
4344	1.0
4345	5.0
4351	3.0
4361	4.0
4369	2.0
4370	4.0
4378	5.0
4380	4.0
4396	3.0
4447	4.0
4450	2.5
4452	3.5
4465	3.5
4467	4.0
4474	2.5
4477	3.0
4478	3.5
4488	3.5
4489	4.0
4499	4.5
4502	2.0
4506	3.0
4509	4.0
4519	3.0
4544	2.0
4545	3.5
4553	3.5
4557	4.0
4558	3.5
4563	2.5
4564	3.5
4571	4.5
4616	4.0
4621	4.0
4623	3.5
4624	4.0
4638	3.0
4641	4.0
4642	5.0
4643	3.5
4649	5.0
4662	3.0
4673	2.5
4676	2.0
4677	3.5
4678	4.5
4679	3.5
4681	3.0
4686	1.5
4719	3.0
4734	0.5
4745	3.0
4775	0.5
4776	4.5
4787	4.0
4812	2.5
4816	3.0
4821	4.0
4848	5.0
4865	2.0
4866	2.5
4878	4.0
4881	4.5
4886	4.5
4887	2.5
4889	3.5
4890	2.5
4896	4.0
4901	2.5
4941	2.0
4963	5.0
4971	2.5
4973	5.0
4975	4.5
4979	5.0
4980	4.5
4993	3.5
4995	2.0
5010	4.5
5013	3.0
5014	0.5
5015	4.5
5049	3.0
5102	2.5
5103	4.0
5135	3.0
5171	2.5
5214	3.0
5219	2.5
5225	5.0
5247	3.0
5266	4.0
5291	4.0
5294	4.0
5298	4.0
5299	3.0
5303	4.5
5308	4.0
5309	2.0
5325	4.0
5349	4.0
5364	2.0
5377	3.5
5378	4.0
5387	1.0
5391	4.5
5401	3.5
5418	4.5
5421	2.0
5438	2.0
5445	4.0
5449	3.0
5452	2.0
5459	2.0
5477	4.5
5500	4.0
5502	4.0
5505	4.0
5508	2.5
5541	3.5
5544	4.0
5574	3.5
5577	2.0
5617	4.5
5649	3.0
5650	4.0
5669	4.5
5673	5.0
5679	2.5
5693	4.0
5772	4.5
5785	4.0
5791	4.0
5792	4.5
5810	2.5
5812	4.5
5816	3.0
5843	3.0
5878	5.0
5881	4.0
5893	4.0
5902	5.0
5903	4.0
5943	1.0
5945	3.5
5952	4.0
5954	5.0
5959	5.0
5970	2.5
5989	4.5
5991	4.0
6001	4.0
6003	4.5
6062	4.0
6188	4.0
6218	3.0
6281	1.5
6287	2.0
6296	4.5
6299	3.5
6301	5.0
6305	4.0
6323	3.5
6331	4.5
6333	4.5
6365	4.0
6367	4.0
6373	3.5
6377	3.5
6378	3.5
6380	4.0
6440	5.0
6502	4.5
6503	3.5
6534	2.5
6535	3.0
6538	2.0
6539	4.5
6552	4.0
6586	2.0
6595	2.0
6620	5.0
6659	4.5
6662	4.0
6663	4.0
6664	3.0
6708	4.0
6709	2.0
6711	4.5
6743	4.0
6755	3.0
6764	3.5
6773	4.0
6793	2.5
6796	4.5
6807	3.5
6832	3.5
6862	4.0
6863	4.0
6870	2.5
6873	4.0
6874	4.5
6881	3.5
6932	4.0
6934	4.0
6936	4.5
6944	2.5
6952	0.5
6953	4.0
6957	4.0
6966	3.5
6974	4.5
6979	4.0
6993	3.5
7001	4.5
7004	2.5
7007	2.5
7028	4.5
7044	4.5
7045	3.5
7046	3.0
7073	3.5
7101	4.0
7102	3.0
7137	4.0
7147	4.0
7151	3.0
7153	4.0
7156	4.0
7158	5.0
7160	4.0
7161	2.0
7173	1.5
7254	0.5
7263	3.5
7265	3.5
7293	4.0
7317	3.0
7325	2.5
7347	0.5
7361	5.0
7362	0.5
7367	2.5
7373	3.5
7438	5.0
7444	4.0
7451	4.5
7566	5.0
7570	3.0
7618	3.5
7619	3.0
7701	2.0
8169	3.5
8361	3.5
8366	3.0
8368	4.5
8376	3.5
8464	4.5
8477	4.5
8528	3.5
8529	3.0
8596	4.0
8610	3.5
8614	3.5
8622	4.5
8623	4.0
8633	3.5
8636	4.0
8638	4.5
8641	5.0
8665	4.0
8690	3.5
8784	4.5
8798	2.0
8807	4.5
8827	4.0
8865	3.5
8874	4.0
8880	3.0
8910	3.5
8914	2.0
8917	3.5
8949	3.5
8950	4.5
8958	2.0
8961	4.0
8966	3.0
8970	4.0
8972	3.0
8981	4.5
8984	4.0
26555	3.0
27660	3.5
27706	3.5
27721	4.0
27773	5.0
27808	2.5
27822	4.0
27837	3.5
27846	4.0
30749	4.0
30793	3.0
30810	4.5
30822	3.5
30825	2.0
31685	2.0
31696	4.0
31804	4.5
31878	3.5
32031	3.0
32587	4.5
33004	1.5
33164	1.0
33166	2.0
33493	3.0
33615	2.5
33679	3.0
33794	4.5
34048	3.5
34072	4.0
34150	0.5
34162	4.0
34271	4.0
34332	3.5
34338	4.5
34437	4.5
34542	4.0
35836	5.0
36519	3.5
37729	4.5
37733	4.0
37741	3.0
38038	3.5
38061	4.0
38886	4.0
39183	4.5
39292	4.5
40583	4.5
40815	4.0
40819	3.5
41285	5.0
41573	1.5
41716	4.0
42004	3.0
42011	2.5
43928	2.0
44191	2.5
44195	3.0
44199	2.5
44665	3.5
44761	2.0
44788	3.5
45186	4.0
45431	2.5
45499	2.5
45501	1.0
45517	2.0
45722	2.5
45726	2.0
45928	4.0
45950	4.0
46578	3.0
46965	1.5
46970	4.0
46972	3.0
46976	3.5
47200	3.5
47518	2.5
47629	3.0
47997	3.0
47999	4.0
48043	2.5
48385	4.5
48394	4.0
48516	5.0
48774	4.5
48780	3.5
49272	3.0
49274	3.0
49824	0.5
50794	3.0
50872	4.5
51255	4.0
51540	4.5
51662	3.5
52241	3.5
52245	2.0
52281	4.5
52435	4.0
52722	3.5
52973	4.0
53000	3.5
53123	4.5
53322	3.5
53519	4.0
53956	2.0
53996	2.5
54001	3.5
54272	4.0
54281	2.5
54286	4.0
54503	4.0
54881	4.0
54995	4.0
55247	4.0
55269	4.0
55276	3.5
55280	4.0
55820	4.5
56152	3.0
56367	4.5
56775	2.5
56782	5.0
56805	4.0
56921	2.5
57368	3.5
57669	3.5
58299	3.0
58559	4.5
58998	3.5
59315	4.0
59784	3.0
60037	2.5
60040	3.5
60069	5.0
60766	4.0
61024	4.0
61323	3.0
63082	4.0
63131	3.5
63859	2.5
65642	4.0
66097	3.5
67087	4.0
67408	3.0
67997	3.5
68157	4.5
68358	4.0
68793	2.5
68952	3.5
68954	4.5
69122	4.0
69757	4.0
69784	3.0
71156	2.5
71211	3.0
71264	3.5
71282	4.0
71535	4.0
72011	2.5
72226	4.5
72998	2.5
73017	4.0
76093	4.5
76251	3.5
77455	4.5
77561	4.0
78499	5.0
79091	3.5
79132	5.0
79702	4.5
80463	4.5
80549	4.0
80969	3.5
81562	4.0
81564	3.5
81834	4.5
81932	4.5
82459	4.5
82461	3.0
83134	3.5
84944	3.5
84954	4.0
85414	4.0
86332	3.5
86345	5.0
86347	5.0
86377	5.0
86833	4.0
86880	3.0
87232	4.0
87430	2.0
88125	5.0
88129	5.0
88140	3.0
89492	4.0
89745	5.0
89864	4.5
90866	4.0
91500	4.0
91529	4.5
91542	3.0
91630	4.0
92535	4.5
93840	3.5
94959	4.0
95510	3.5
96610	3.5
97304	4.0
97913	5.0
97921	4.5
99114	4.0
102125	4.0
102445	3.5
103335	3.0
104841	4.0
106072	3.5
106487	3.5
106696	4.5
106920	3.0
108932	4.0
