1	4.0
2	3.5
3	2.0
4	5.0
5	3.5
6	4.5
7	3.5
10	4.0
11	4.5
16	4.5
19	1.0
21	3.0
22	3.0
24	4.5
25	5.0
31	1.5
32	1.0
34	2.5
36	2.0
39	5.0
44	2.0
45	3.5
47	3.0
50	4.5
62	3.5
66	0.5
70	1.5
95	4.5
104	4.0
110	4.0
111	3.5
112	1.5
141	5.0
145	3.5
150	4.5
151	2.0
153	2.0
160	3.0
161	5.0
165	5.0
172	2.0
173	1.5
181	0.5
185	4.0
186	3.5
196	3.5
198	2.5
203	4.0
208	3.0
225	5.0
230	3.5
231	4.0
232	2.0
246	5.0
252	2.0
253	3.5
256	2.5
260	4.0
280	4.0
282	2.0
288	3.0
290	2.5
292	3.5
293	3.0
296	4.5
300	3.0
315	2.5
316	5.0
317	3.5
318	5.0
319	3.0
322	4.0
329	4.0
337	2.5
339	3.5
342	3.0
344	1.0
349	3.0
350	3.0
353	0.5
355	3.5
356	4.5
357	3.5
358	4.0
364	5.0
367	3.5
368	1.5
370	2.5
373	5.0
376	2.0
377	5.0
380	4.0
410	2.0
420	4.0
428	3.0
431	4.0
432	4.5
434	3.0
440	4.0
442	3.5
454	4.0
457	4.0
466	2.0
471	3.5
474	4.0
480	4.0
485	2.0
494	4.0
500	3.5
502	0.5
508	5.0
519	2.0
527	1.5
529	5.0
538	3.5
539	4.0
541	3.0
551	4.0
553	2.5
555	4.0
581	3.0
585	1.0
586	2.0
587	5.0
588	3.0
589	4.0
590	4.0
592	3.0
593	5.0
594	2.5
595	3.0
597	5.0
608	5.0
628	3.5
635	5.0
647	4.5
648	4.0
661	1.0
673	4.0
678	4.5
708	3.5
719	3.5
733	4.5
736	4.0
737	1.5
762	4.0
778	0.5
780	3.0
784	2.0
786	3.0
788	3.5
800	2.5
802	5.0
805	5.0
810	0.5
832	5.0
852	1.0
858	4.0
866	5.0
912	2.5
919	2.5
920	2.0
924	3.5
994	2.5
996	2.0
1015	3.5
1028	2.0
1035	2.0
1036	5.0
1037	0.5
1047	3.0
1049	3.5
1054	3.5
1060	4.0
1061	3.5
1073	3.5
1079	5.0
1080	0.5
1084	3.0
1088	0.5
1089	3.0
1090	3.0
1092	4.0
1094	5.0
1095	5.0
1097	3.5
1101	4.5
1120	3.0
1124	2.0
1127	3.5
1136	0.5
1147	5.0
1183	2.0
1196	4.0
1197	2.0
1198	4.5
1200	4.0
1203	4.5
1206	2.0
1210	4.0
1213	5.0
1214	4.0
1215	1.0
1219	5.0
1220	5.0
1221	3.5
1222	1.5
1228	4.5
1231	4.0
1233	4.0
1234	2.5
1240	4.0
1242	3.0
1246	3.0
1247	5.0
1249	3.5
1252	2.5
1258	5.0
1259	3.0
1263	4.0
1265	3.5
1266	2.0
1270	3.5
1271	3.0
1275	3.0
1282	1.0
1287	3.5
1291	4.5
1293	3.0
1302	2.5
1304	3.0
1307	4.5
1320	3.0
1333	4.0
1343	4.0
1356	4.5
1358	5.0
1370	4.5
1371	4.0
1372	4.0
1374	4.0
1375	4.0
1376	4.5
1387	3.5
1391	4.0
1393	4.5
1394	2.0
1396	4.5
1401	2.0
1405	2.0
1407	4.0
1408	4.5
1466	4.0
1468	3.0
1484	3.0
1485	3.5
1495	0.5
1499	2.0
1500	2.5
1513	3.5
1517	4.0
1527	4.0
1544	3.0
1552	3.0
1556	3.5
1573	3.0
1580	3.5
1584	5.0
1588	1.0
1590	3.0
1591	2.5
1595	0.5
1597	3.0
1608	4.5
1610	4.0
1615	4.0
1617	3.5
1620	3.0
1625	4.0
1639	2.0
1641	2.0
1644	3.5
1645	3.5
1653	5.0
1663	4.0
1665	3.0
1672	4.0
1673	3.0
1674	3.5
1676	2.5
1682	4.0
1690	3.5
1704	5.0
1707	1.0
1721	4.0
1722	5.0
1729	4.0
1732	2.0
1747	3.5
1754	4.5
1760	0.5
1779	3.5
1784	4.0
1797	3.0
1805	4.0
1810	3.0
1834	5.0
1845	3.0
1862	3.0
1863	2.0
1876	3.5
1907	3.0
1912	4.0
1917	5.0
1920	2.0
1923	5.0
1950	2.0
1954	3.0
1955	4.0
1961	5.0
1962	2.5
1974	3.0
1975	3.0
1978	2.0
1980	2.5
1981	2.0
1984	2.0
1994	4.0
1997	4.0
2000	4.0
2001	4.0
2005	3.0
2011	3.0
2012	3.0
2023	3.0
2028	4.0
2053	2.0
2054	1.5
2058	4.5
2064	4.5
2071	3.0
2078	5.0
2100	2.0
2105	2.0
2115	5.0
2136	3.5
2152	2.0
2153	2.0
2154	5.0
2167	1.5
2174	3.0
2194	4.5
2231	4.0
2265	3.0
2268	5.0
2272	3.0
2273	5.0
2278	3.0
2291	3.5
2294	3.0
2302	4.0
2313	2.0
2324	2.5
2329	3.5
2338	3.0
2353	4.5
2354	3.0
2355	3.5
2382	2.0
2383	2.0
2391	3.0
2395	1.5
2406	3.0
2407	2.5
2412	2.0
2420	1.5
2421	1.0
2424	3.0
2427	3.0
2455	3.5
2468	3.5
2470	2.0
2471	2.5
2501	3.5
2521	2.5
2529	4.0
2533	3.5
2542	0.5
2558	2.5
2568	3.0
2571	5.0
2617	3.0
2628	4.0
2671	3.5
2683	4.0
2686	3.0
2700	2.0
2701	2.5
2706	5.0
2707	2.0
2710	2.5
2712	4.5
2716	3.5
2720	3.0
2761	2.0
2762	5.0
2763	3.5
2770	4.5
2791	3.0
2797	3.0
2798	3.0
2799	2.0
2803	3.5
2807	2.0
2808	2.0
2816	2.5
2817	2.0
2819	5.0
2827	3.0
2828	1.0
2858	3.5
2871	4.0
2890	2.5
2915	5.0
2916	4.0
2917	4.5
2918	4.0
2947	5.0
2948	4.5
2952	4.0
2959	1.5
2985	2.0
2987	3.5
2997	2.0
3006	4.0
3039	5.0
3052	5.0
3054	0.5
3063	3.5
3070	1.0
3071	3.0
3072	3.0
3098	3.0
3101	5.0
3102	3.5
3104	4.0
3105	4.5
3107	5.0
3114	4.0
3147	5.0
3148	4.5
3176	4.0
3178	4.5
3190	1.0
3252	4.0
3253	2.0
3255	1.0
3256	3.5
3258	3.0
3268	1.0
3271	4.0
3286	2.0
3316	3.5
3360	3.0
3362	5.0
3386	5.0
3408	4.0
3418	5.0
3421	4.5
3424	2.5
3440	0.5
3448	4.0
3451	4.5
3466	3.5
3468	3.5
3471	3.0
3484	3.5
3498	4.5
3499	5.0
3504	3.0
3505	5.0
3510	4.5
3527	4.0
3552	4.0
3555	4.0
3564	3.0
3578	4.0
3624	1.5
3671	4.0
3683	3.0
3689	3.5
3690	3.5
3697	3.0
3699	3.5
3717	4.0
3728	3.5
3730	2.5
3735	4.5
3751	2.0
3753	4.0
3755	3.0
3763	4.0
3773	3.0
3783	2.0
3791	2.0
3793	4.5
3799	0.5
3821	3.5
3826	2.0
3879	3.0
3897	2.0
3916	5.0
3948	5.0
3949	2.5
3952	4.0
3953	5.0
3969	4.5
3977	2.0
3978	4.0
3980	4.5
3981	4.0
3984	4.0
3985	3.0
3990	3.0
3994	3.0
3996	3.0
4002	3.0
4007	5.0
4008	2.0
4011	1.0
4015	1.0
4016	4.0
4019	3.0
4020	3.0
4022	3.5
4027	4.0
4034	2.0
4037	4.0
4041	5.0
4085	4.5
4220	3.0
4223	4.0
4226	4.0
4238	3.0
4239	3.0
4247	1.5
4262	4.5
4304	5.0
4306	3.0
4310	4.0
4321	3.5
4326	2.5
4361	4.0
4388	3.0
4448	4.0
4489	4.0
4499	3.0
4587	3.5
4616	4.0
4621	1.5
4643	4.0
4677	1.5
4686	2.0
4720	3.0
4775	0.5
4787	1.5
4844	4.0
4855	3.0
4874	5.0
4878	2.0
4886	3.0
4890	4.0
4896	4.0
4899	3.0
4901	4.0
4958	3.5
4963	4.5
4973	1.0
4993	4.5
4995	3.5
5010	4.0
5014	4.0
5015	5.0
5049	3.0
5060	1.0
5064	3.5
5094	2.5
5152	3.0
5218	4.0
5237	3.5
5267	2.0
5294	4.0
5313	3.0
5323	2.0
5325	1.5
5329	1.0
5349	3.5
5377	1.0
5378	4.0
5388	3.0
5400	3.0
5401	5.0
5415	3.0
5418	4.0
5419	1.0
5445	4.0
5452	1.0
5464	3.5
5501	2.5
5502	3.0
5504	4.0
5505	2.5
5523	0.5
5528	3.5
5564	3.5
5610	3.0
5620	2.5
5630	4.0
5668	3.5
5669	4.0
5679	2.5
5685	3.0
5707	5.0
5782	2.5
5785	0.5
5803	2.5
5810	3.0
5812	3.5
5816	4.0
5893	5.0
5903	4.0
5941	4.0
5945	3.0
5952	4.5
5954	3.0
5955	5.0
5959	3.0
5989	3.5
5991	2.0
6013	2.0
6059	4.5
6104	0.5
6157	3.0
6187	5.0
6188	2.5
6281	3.5
6294	2.0
6322	5.0
6323	5.0
6333	4.0
6365	5.0
6377	4.5
6378	5.0
6482	1.5
6535	3.0
6537	3.0
6539	4.0
6541	3.0
6548	4.0
6550	1.5
6565	3.0
6587	0.5
6593	3.0
6659	3.5
6707	3.0
6709	1.0
6753	3.5
6763	4.0
6764	3.0
6765	3.5
6787	5.0
6794	1.0
6796	3.0
6867	1.5
6870	3.5
6874	1.0
6879	4.0
6887	5.0
6934	5.0
6942	3.0
6944	4.0
6947	1.5
6951	3.0
6952	3.0
6957	4.0
6979	5.0
7007	2.5
7018	4.0
7028	3.0
7143	2.0
7147	5.0
7149	4.5
7153	4.5
7154	2.5
7156	4.5
7160	3.5
7173	3.5
7254	4.5
7263	3.5
7293	4.0
7348	3.5
7360	3.0
7361	3.0
7373	0.5
7376	4.0
7438	1.5
7445	4.0
7458	4.0
7482	3.0
7698	3.0
7701	1.0
7842	2.0
8207	5.0
8360	3.5
8368	5.0
8373	4.0
8387	2.5
8464	3.5
8492	3.0
8528	2.0
8529	3.5
8530	3.0
8531	4.0
8533	4.0
8581	4.0
8622	4.5
8623	4.5
8633	3.5
8636	3.0
8644	5.0
8665	3.5
8666	4.0
8798	4.0
8807	2.0
8827	4.0
8958	5.0
8961	3.0
9010	2.0
27706	3.0
27808	1.0
27878	2.0
30749	4.0
30825	4.0
31225	4.0
31685	5.0
32296	3.0
33493	4.5
33679	2.0
33794	1.0
34271	4.5
34332	4.0
37727	4.0
40278	4.0
40583	1.0
40614	4.0
41569	2.0
