1	4.0
6	3.5
16	3.5
32	3.0
47	4.0
50	3.0
72	4.0
97	4.0
101	3.5
107	3.0
110	5.0
111	4.0
150	4.0
153	3.0
161	3.0
165	3.5
215	4.0
223	3.5
246	4.0
250	3.0
260	5.0
262	3.0
266	3.0
288	3.5
293	4.0
296	5.0
318	4.5
329	3.5
356	4.0
371	3.0
376	3.5
417	4.0
471	3.5
480	4.0
508	3.5
520	3.0
524	4.5
527	5.0
529	3.5
541	3.0
589	4.0
593	4.0
594	3.5
597	3.5
608	4.0
648	3.5
750	5.0
778	4.0
780	3.5
784	2.0
799	3.0
849	1.5
858	4.0
898	4.0
899	4.0
902	3.5
903	3.5
904	4.0
908	3.5
910	2.0
912	5.0
913	4.0
916	3.0
919	4.0
920	4.0
922	4.0
923	3.5
930	3.5
953	4.0
954	3.5
955	3.5
968	2.5
1021	2.5
1036	3.5
1060	2.5
1077	3.0
1080	3.0
1088	3.0
1089	2.5
1090	4.0
1095	3.5
1097	5.0
1100	3.5
1104	2.5
1129	3.5
1136	5.0
1178	4.0
1189	3.5
1193	4.0
1196	5.0
1197	3.0
1198	5.0
1200	4.0
1203	3.0
1204	4.0
1206	3.5
1208	4.0
1209	3.5
1210	5.0
1212	4.5
1213	4.0
1214	4.0
1219	3.0
1220	3.5
1221	4.0
1222	3.5
1225	4.0
1228	4.0
1230	4.0
1231	3.5
1233	4.0
1234	4.0
1240	3.5
1244	4.5
1245	4.5
1246	3.5
1247	3.0
1250	4.0
1252	4.0
1254	4.0
1258	4.0
1259	3.5
1261	3.5
1265	4.0
1266	4.0
1267	3.5
1270	3.5
1272	4.0
1274	3.5
1278	3.5
1291	4.0
1299	3.5
1301	2.0
1304	3.5
1307	3.5
1356	4.0
1358	3.5
1361	4.5
1370	2.5
1371	3.0
1372	4.0
1373	3.0
1374	4.0
1375	3.0
1376	4.0
1380	3.0
1387	4.0
1391	3.5
1394	3.5
1408	4.0
1483	3.5
1500	2.5
1544	2.5
1573	1.5
1580	4.0
1610	4.5
1617	4.0
1625	3.5
1639	5.0
1649	3.0
1673	4.0
1687	2.0
1690	2.0
1704	4.0
1719	4.5
1721	4.0
1729	3.5
1732	3.5
1760	0.5
1772	0.5
1779	3.0
1784	3.5
1785	4.0
1836	3.5
1876	3.0
1912	3.5
1914	3.5
1917	1.5
1923	3.0
1927	4.0
1945	4.0
1949	3.5
1950	3.5
1953	3.0
1954	3.0
1955	3.5
1956	3.5
1961	2.0
1966	3.5
1982	4.5
1994	3.0
2005	3.0
2011	2.5
2012	3.0
2021	2.5
2028	5.0
2068	4.0
2076	4.0
2083	3.5
2100	3.5
2105	3.0
2109	3.0
2115	3.5
2116	1.0
2167	2.5
2174	3.5
2176	3.5
2186	3.5
2193	3.5
2203	3.0
2236	3.0
2248	5.0
2278	4.0
2289	3.0
2290	3.5
2291	4.0
2300	3.5
2310	3.5
2314	3.0
2318	4.5
2324	4.0
2329	4.0
2336	3.5
2366	3.5
2367	1.5
2394	3.5
2395	4.0
2401	3.5
2407	3.0
2431	3.0
2488	4.0
2501	3.5
2502	4.0
2504	3.0
2528	2.5
2529	4.5
2551	3.5
2571	4.0
2599	4.5
2628	1.5
2641	1.5
2662	0.5
2664	3.5
2687	3.5
2692	4.0
2706	3.5
2709	3.0
2716	3.5
2723	2.5
2726	3.0
2732	2.5
2761	4.0
2762	4.0
2788	3.5
2804	2.5
2808	2.0
2858	4.0
2890	4.0
2908	4.0
2912	4.5
2916	3.5
2918	3.5
2932	4.0
2936	3.0
2948	3.0
2949	3.0
2959	4.0
2970	4.0
2971	4.5
2985	3.0
2997	4.0
3000	4.0
3006	5.0
3030	3.5
3067	3.0
3077	3.5
3091	3.5
3093	3.5
3098	4.5
3100	3.5
3107	4.0
3114	4.0
3125	4.0
3147	4.0
3148	3.5
3185	3.5
3189	1.5
3210	3.0
3246	4.0
3255	3.5
3264	3.0
3265	4.0
3300	3.5
3307	3.5
3361	4.0
3363	3.5
3365	4.0
3396	3.0
3408	3.5
3421	3.5
3424	4.0
3429	3.5
3435	4.0
3448	3.5
3468	4.0
3469	3.0
3471	4.0
3481	4.0
3483	3.0
3484	1.5
3508	4.0
3526	3.0
3535	2.0
3543	4.5
3578	4.0
3608	2.5
3623	3.0
3629	3.5
3671	3.5
3676	2.5
3677	4.0
3681	3.5
3683	3.5
3742	2.5
3751	3.5
3793	4.5
3809	3.5
3897	4.0
3911	3.5
3932	3.5
3943	3.5
3949	4.0
3983	4.0
3994	4.0
3996	5.0
4002	3.5
4006	1.5
4007	3.5
4011	3.5
4014	3.0
4016	3.5
4025	1.5
4027	3.5
4034	5.0
4041	4.0
4085	3.0
4105	3.5
4223	3.5
4226	4.0
4235	4.0
4262	3.0
4299	4.0
4306	3.5
4329	1.5
4369	3.0
4380	5.0
4406	3.0
4427	3.0
4432	3.0
4464	4.0
4489	4.0
4557	3.0
4638	1.5
4641	4.0
4649	3.5
4700	3.5
4701	3.5
4720	3.5
4728	1.0
4732	2.5
4823	3.5
4835	3.5
4855	3.5
4873	4.0
4878	3.5
4886	3.5
4889	3.5
4890	3.0
4896	3.5
4963	3.5
4973	4.0
4974	2.5
4975	4.0
4979	5.0
4993	5.0
4995	3.5
5010	3.5
5013	3.5
5060	3.0
5081	3.0
5110	2.0
5225	4.0
5266	4.0
5349	3.5
5377	4.0
5378	2.0
5379	4.0
5385	3.5
5417	3.5
5418	3.5
5445	4.0
5450	3.5
5459	1.0
5464	4.0
5617	4.0
5618	4.0
5669	4.0
5673	5.0
5747	3.5
5785	3.5
5816	3.5
5878	4.0
5902	4.0
5903	1.5
5944	2.0
5952	5.0
5989	3.5
5991	3.5
5995	4.0
6016	4.0
6187	1.0
6197	3.5
6242	2.0
6281	2.5
6283	3.5
6291	4.0
6331	4.0
6333	4.5
6377	4.0
6383	3.0
6385	3.5
6535	1.5
6539	3.5
6548	3.5
6552	3.0
6565	4.0
6591	3.5
6669	3.5
6707	3.0
6708	4.0
6711	4.0
6764	2.5
6774	3.5
6777	3.0
6787	4.0
6807	3.5
6852	3.5
6863	3.5
6867	3.5
6870	4.0
6874	4.0
6881	3.5
6890	4.0
6932	4.0
6953	3.5
6975	4.0
6985	2.5
6993	3.5
7013	3.5
7022	2.5
7063	3.0
7090	3.5
7099	4.0
7139	4.0
7143	4.0
7147	4.0
7153	5.0
7156	4.0
7158	3.5
7173	2.0
7256	3.5
7263	3.5
7265	3.0
7293	3.5
7317	1.5
7318	3.5
7323	3.0
7324	1.5
7325	2.0
7327	3.5
7348	3.5
7360	3.0
7361	4.0
7366	3.0
7367	3.5
7371	3.0
7373	2.5
7438	4.0
7439	2.5
7444	3.0
7445	4.0
7451	3.5
7458	2.0
7460	3.5
7482	3.0
7560	3.5
7698	4.0
7766	2.5
7980	3.5
7981	3.5
8014	3.5
8228	4.0
8360	3.5
8361	1.5
8366	3.5
8368	4.0
8370	2.0
8371	1.5
8376	3.5
8464	3.5
8528	2.5
8529	3.5
8530	4.0
8533	3.0
8607	3.5
8622	4.0
8636	4.0
8638	4.0
8640	1.5
8641	3.5
8643	0.5
8644	3.0
8645	4.0
8665	3.5
8781	3.5
8783	3.0
8784	4.0
8798	4.0
8807	3.5
8810	1.5
8827	3.5
8865	3.5
8873	4.0
8874	3.5
8910	3.0
8914	4.0
8917	3.5
8937	4.0
8949	4.0
8950	4.0
8957	0.5
8958	2.5
8961	4.0
8965	3.5
8966	3.0
8970	3.0
8972	3.0
8973	3.5
8974	2.5
8977	3.0
8981	4.0
8983	3.0
8984	2.0
9018	3.5
25771	2.5
25788	3.0
26131	4.0
26152	0.5
26555	2.5
26729	3.5
26776	4.0
27266	3.5
27706	3.5
27721	4.0
27741	4.0
27773	3.5
27788	2.0
27790	3.5
27801	1.5
27803	4.0
27808	3.0
27821	3.0
27822	1.5
27831	4.0
27838	3.5
27839	1.5
27846	4.0
27873	4.0
27878	3.5
27904	3.0
30707	4.0
30749	4.0
30793	1.5
30803	3.5
30810	5.0
30812	4.0
30816	2.5
30822	4.0
30850	2.5
30898	3.5
31184	1.0
31225	1.5
31410	2.5
31420	1.5
31658	3.5
31685	2.5
31696	3.0
31804	3.0
31878	3.0
32587	4.0
33004	3.5
33154	3.0
33162	3.0
33166	3.5
33171	3.5
33493	4.0
33660	4.0
33679	2.5
33794	4.0
33834	2.5
33880	4.0
34048	4.0
34072	3.5
34150	2.5
34153	3.5
34162	2.5
34271	3.5
34319	2.5
34323	2.5
34332	3.5
34338	3.5
34405	4.0
34437	4.0
34528	4.0
34542	4.0
35836	4.0
36276	3.0
36517	4.0
36527	4.0
36529	3.0
36535	3.0
37240	3.5
37729	1.5
37733	4.0
37741	4.0
38038	4.0
38061	3.5
38798	3.5
38886	4.0
39183	4.0
39231	2.0
39292	4.0
39381	4.0
39414	3.5
39444	3.5
40278	4.0
40339	2.0
40583	4.0
40629	4.0
40732	3.5
40815	3.5
40819	2.5
40826	1.5
41285	4.0
41566	4.0
41569	4.0
41571	2.5
41573	3.5
41716	3.0
41863	3.5
41997	4.0
42418	4.0
42718	1.5
42723	3.0
42725	1.5
43936	1.5
44191	3.5
44195	2.5
44199	3.0
44204	3.0
44397	2.5
44555	4.0
44694	3.5
44709	3.5
44761	4.0
44788	2.5
44828	3.5
44974	3.5
45028	4.0
45081	1.5
45186	3.5
45210	4.0
45431	3.0
45442	1.5
45447	2.5
45499	2.5
45501	2.5
45517	2.5
45666	2.5
45668	2.5
45672	1.5
45720	1.5
45722	3.5
45728	2.0
45730	3.0
45880	4.0
45950	3.5
46322	3.0
46335	3.5
46530	4.0
46578	1.5
46723	4.0
46850	3.0
46948	3.5
46965	3.0
46967	3.0
46970	2.5
46974	3.5
46976	4.0
47044	4.0
47099	2.0
47200	0.5
47423	4.0
47610	2.0
47629	3.5
47997	2.5
47999	3.5
48043	4.0
48082	4.0
48142	1.0
48304	2.5
48322	3.5
48385	4.0
48394	4.0
48516	4.0
48696	4.0
48738	4.0
48774	4.0
48780	4.0
48783	2.5
48982	2.5
48997	3.0
49272	3.5
49274	3.5
49278	3.5
49396	3.0
49530	3.5
49651	2.5
49822	4.0
49824	3.5
49932	2.0
49961	4.0
50068	3.0
50442	1.5
50601	4.0
50685	3.5
50872	4.0
50912	3.0
51077	1.5
51080	3.5
51084	2.5
51086	1.5
51091	4.0
51255	3.5
51540	3.5
51662	3.0
51709	3.0
51931	3.5
51935	2.0
52042	4.0
52241	3.0
52245	2.5
52281	3.5
52328	4.0
52458	3.0
52604	3.0
52722	3.5
52885	3.5
52952	4.0
52973	4.0
52975	3.0
53000	4.0
53123	4.0
53125	3.0
53322	2.5
53519	3.5
53550	4.0
53894	3.5
53953	3.0
53956	3.5
53972	3.5
53996	3.5
54001	4.0
54190	2.5
54259	3.0
54272	3.0
54281	3.5
54286	4.0
54372	3.0
54503	3.5
54736	3.5
54881	4.0
54995	3.5
54997	3.0
54999	3.0
55052	4.0
55069	3.5
55094	3.5
55118	3.0
55247	4.0
55269	3.5
55276	4.0
55280	4.0
55290	4.0
55363	4.0
55442	3.5
55444	4.0
55721	3.0
55765	3.5
55805	4.0
55814	3.5
55820	5.0
55830	2.0
55995	3.0
56145	3.0
56152	3.5
56171	2.5
56174	3.5
56333	3.0
56339	4.0
56367	4.0
56757	3.0
56782	4.0
56788	3.0
56801	2.5
56805	3.5
57368	3.0
57528	3.0
57640	2.0
57669	3.5
58025	2.5
58105	3.0
58295	2.5
58559	5.0
58998	3.5
59018	3.5
59022	1.0
59126	3.0
59315	4.0
59369	3.0
59387	4.0
59501	2.5
59615	3.0
59784	3.0
60037	1.5
60040	2.5
60069	4.0
60072	1.5
60074	2.5
60126	3.5
60684	2.5
60756	3.5
60766	3.5
60950	3.5
61024	3.5
61132	3.0
61236	4.5
61240	3.5
61323	3.5
61729	3.5
62081	2.5
62155	2.5
62374	4.0
62434	2.5
62511	2.5
63062	3.5
63072	4.5
63082	3.5
63113	3.5
63131	3.0
63853	3.0
63859	3.5
63876	3.5
63992	1.5
64497	2.5
64575	3.5
64614	4.5
64620	3.5
64622	3.5
64839	3.5
64957	4.0
64983	3.5
65130	3.5
65216	3.0
65261	4.5
66097	3.5
66509	4.0
66665	4.5
67087	4.0
67197	4.0
67255	2.5
67267	3.0
67408	3.0
67734	5.0
67923	3.5
67997	4.5
68135	3.0
68157	4.5
68159	3.5
68237	4.5
68319	1.5
68358	4.0
68554	3.0
68791	2.5
68848	4.5
68952	3.5
68954	5.0
69122	3.5
69134	4.0
69406	3.0
69481	4.5
69526	4.0
69640	3.5
69757	3.0
69784	3.0
69844	4.5
70286	4.5
70293	4.0
70599	3.0
71033	2.5
71057	3.0
71156	3.0
71211	4.5
71282	4.0
71379	4.0
71464	4.5
71518	4.0
71520	4.0
71535	3.5
71579	4.5
71745	4.5
72011	4.5
72226	4.5
72378	3.5
72407	1.5
72641	1.5
72720	4.5
72731	3.0
72733	2.5
72737	4.5
72998	4.5
73017	4.0
73023	4.0
73266	4.0
73321	3.5
73344	4.5
74458	4.5
74510	2.5
74545	4.5
74789	2.5
74795	3.5
76077	3.0
76093	4.0
76175	3.0
76251	4.0
76293	3.0
77455	4.5
77561	3.0
77866	2.0
78039	4.5
78105	1.5
78209	4.0
78499	4.5
78574	4.5
79057	3.0
79091	3.5
79132	4.5
79185	2.5
79293	2.5
79592	3.5
79702	4.5
80463	5.0
80489	4.0
80549	4.0
80906	4.0
80969	4.5
81229	3.0
81537	3.5
81562	4.5
81591	4.5
81782	2.0
81834	4.5
81845	4.0
81847	4.5
81932	3.5
82459	4.5
82461	4.5
83349	2.5
83613	3.0
84152	2.5
84374	3.5
84392	3.0
84772	3.0
84944	4.5
84954	3.5
85131	2.0
85414	4.5
85510	4.0
85774	4.5
86190	4.5
86320	3.5
86332	4.5
86833	4.0
86880	2.5
86882	4.5
86898	4.5
86911	3.0
87222	3.0
87232	2.5
87306	4.5
87430	1.5
87485	2.0
87520	3.5
87869	4.0
88125	4.5
88129	4.5
88140	4.0
88163	4.0
88744	3.5
88810	3.0
89470	4.0
89492	3.0
89745	4.5
89753	4.5
89774	3.5
89804	4.5
89864	4.5
89904	4.5
90746	3.5
90866	4.5
91077	4.0
91500	4.0
91529	4.5
91535	1.5
91542	3.5
91630	4.5
91658	4.5
92420	3.5
92535	4.5
93510	3.5
93840	4.5
94777	3.0
94864	3.5
94959	4.5
95088	3.0
95167	4.0
95441	3.0
95510	4.5
96079	4.5
96610	4.5
96821	4.5
97304	3.0
97306	3.5
97752	4.5
97913	4.5
97921	2.5
97923	4.5
97938	4.5
98154	4.5
98809	4.5
98961	4.5
99114	4.5
99149	2.0
