1	2.0
6	4.0
11	2.5
21	4.5
29	3.0
32	4.0
47	4.5
50	5.0
70	5.0
101	4.5
110	3.0
163	3.5
170	5.0
235	4.0
247	3.5
253	4.0
260	3.0
292	3.0
296	5.0
306	2.5
318	4.0
319	4.5
332	3.0
344	3.0
349	4.0
353	3.5
356	4.0
377	3.0
407	3.5
457	2.5
480	4.0
482	4.5
521	4.0
527	3.0
532	4.0
541	5.0
565	4.5
589	3.5
592	3.5
593	5.0
599	4.0
608	5.0
610	5.0
648	4.5
724	4.5
750	5.0
778	3.5
780	3.5
849	3.5
858	5.0
903	4.5
904	4.0
905	2.5
908	4.0
909	3.0
910	2.0
912	5.0
920	0.5
922	5.0
923	5.0
924	5.0
933	3.0
965	3.5
968	5.0
1036	3.5
1077	3.0
1079	4.0
1084	3.5
1086	4.0
1089	5.0
1095	5.0
1128	4.0
1129	5.0
1130	4.5
1136	5.0
1147	3.0
1148	2.0
1179	5.0
1183	3.5
1189	3.0
1193	5.0
1196	3.5
1197	5.0
1198	4.0
1199	5.0
1200	5.0
1201	5.0
1203	5.0
1206	5.0
1208	5.0
1212	5.0
1213	4.0
1214	5.0
1215	4.5
1219	5.0
1220	4.0
1221	5.0
1222	5.0
1230	3.5
1233	3.0
1240	4.5
1241	5.0
1247	5.0
1248	3.5
1250	5.0
1252	5.0
1253	5.0
1254	5.0
1258	4.0
1260	5.0
1261	5.0
1264	3.0
1266	4.0
1267	5.0
1270	4.5
1274	3.0
1276	3.5
1278	3.5
1283	4.0
1284	5.0
1288	5.0
1292	4.0
1299	4.5
1303	5.0
1321	5.0
1332	3.5
1333	5.0
1334	3.0
1339	4.5
1340	4.0
1345	4.5
1346	5.0
1347	3.5
1348	4.5
1350	4.0
1356	5.0
1358	4.5
1377	4.0
1380	3.0
1387	5.0
1394	5.0
1396	3.5
1527	3.0
1562	3.0
1580	2.5
1591	4.5
1610	4.0
1617	5.0
1625	2.5
1645	5.0
1653	5.0
1663	3.0
1676	4.5
1719	4.5
1721	4.0
1732	4.5
1748	4.0
1918	2.5
1921	4.0
1923	4.5
1938	4.0
1945	4.5
1950	5.0
1953	4.5
1955	3.5
1956	4.0
1974	2.5
1982	5.0
1994	3.0
1997	4.5
2000	4.5
2001	3.0
2003	3.5
2009	5.0
2010	4.0
2011	4.0
2019	3.5
2021	4.5
2076	4.0
2107	3.0
2118	4.0
2124	4.0
2130	5.0
2134	5.0
2160	4.5
2167	3.5
2174	3.0
2178	5.0
2186	3.5
2202	4.0
2232	4.0
2248	3.5
2288	5.0
2289	5.0
2311	5.0
2328	3.5
2329	4.0
2346	4.5
2363	5.0
2366	3.0
2377	5.0
2391	4.0
2395	3.0
2454	3.5
2455	5.0
2459	4.0
2467	4.0
2488	5.0
2495	4.0
2502	5.0
2527	5.0
2528	5.0
2529	5.0
2553	5.0
2554	3.5
2571	4.5
2579	3.5
2580	5.0
2599	3.0
2613	5.0
2633	4.5
2640	3.5
2641	4.0
2644	4.5
2648	5.0
2657	0.5
2660	2.5
2662	4.5
2664	4.5
2710	5.0
2712	5.0
2716	4.0
2729	4.0
2746	3.0
2747	3.5
2762	5.0
2793	4.5
2797	3.0
2819	4.5
2858	4.0
2862	3.5
2901	4.0
2915	5.0
2916	4.0
2917	5.0
2918	5.0
2919	5.0
2951	4.5
2959	5.0
2968	5.0
2997	5.0
3016	4.0
3018	5.0
3030	2.5
3032	5.0
3039	3.0
3040	2.0
3081	3.0
3114	0.5
3168	4.5
3176	4.0
3198	4.0
3210	4.0
3267	5.0
3328	3.5
3347	3.5
3355	5.0
3362	4.0
3364	5.0
3408	3.0
3418	5.0
3421	5.0
3424	3.5
3461	5.0
3468	5.0
3469	4.0
3471	3.5
3476	5.0
3481	3.0
3499	4.5
3504	4.0
3521	4.0
3527	4.5
3550	4.0
3551	5.0
3556	4.0
3565	3.0
3593	1.5
3617	5.0
3623	3.0
3646	1.0
3668	4.5
3681	4.5
3683	5.0
3686	4.5
3697	3.0
3702	4.0
3703	4.5
3706	4.5
3726	3.0
3727	3.0
3730	5.0
3735	4.0
3740	4.0
3751	2.0
3755	4.5
3783	5.0
3793	5.0
3798	3.0
3799	1.0
3821	1.5
3857	2.5
3882	2.5
3896	5.0
3916	3.0
3917	4.5
3927	4.5
3928	3.5
3932	4.5
3948	3.5
3949	4.0
3959	4.0
3968	3.5
3969	3.0
3973	4.5
3977	4.0
3979	3.0
3991	2.5
3996	3.5
4011	4.0
4018	2.5
4022	3.5
4025	2.5
4027	5.0
4034	5.0
4036	4.0
4037	5.0
4041	4.0
4079	5.0
4085	3.0
4105	5.0
4128	4.5
4210	5.0
4226	5.0
4239	5.0
4246	3.5
4262	5.0
4306	2.5
4308	2.0
4367	4.0
4368	2.0
4370	5.0
4410	4.0
4422	2.5
4437	4.0
4443	4.0
4467	3.0
4498	3.5
4533	4.5
4541	3.5
4546	4.0
4553	4.5
4571	4.5
4641	4.0
4643	4.0
4701	2.0
4713	5.0
4718	3.0
4720	4.5
4735	4.0
4744	3.5
4754	5.0
4816	4.0
4821	4.0
4848	3.5
4878	4.0
4881	4.5
4886	2.5
4896	3.5
4902	4.0
4963	4.0
4973	3.0
4975	3.5
4978	3.0
4979	4.0
4993	5.0
4995	3.0
5010	5.0
5015	5.0
5016	4.5
5049	3.5
5072	4.0
5105	5.0
5120	4.5
5218	2.5
5219	5.0
5225	4.5
5266	3.0
5294	5.0
5299	3.5
5349	5.0
5378	3.0
5388	5.0
5418	4.5
5445	4.0
5459	3.0
5464	5.0
5489	5.0
5502	5.0
5522	5.0
5544	4.0
5630	4.5
5669	3.0
5679	4.0
5785	2.5
5816	4.0
5881	4.5
5893	5.0
5902	5.0
5944	3.5
5945	3.0
5952	5.0
5991	3.5
6003	2.5
6184	3.5
6213	2.5
6242	4.0
6250	4.5
6290	3.0
6297	3.5
6303	4.5
6305	4.0
6333	5.0
6373	4.0
6377	2.5
6385	3.5
6440	5.0
6502	4.5
6537	4.0
6539	3.0
6541	3.0
6552	4.0
6564	3.5
6565	4.0
6593	3.0
6615	4.0
6650	4.0
6659	4.0
6695	3.5
6707	3.0
6708	4.5
6711	3.5
6731	3.5
6755	4.5
6787	5.0
6820	3.0
6863	3.0
6867	3.0
6870	4.5
6874	5.0
6879	3.0
6887	2.5
6951	1.5
6952	4.0
6953	4.0
6957	4.5
6966	3.5
6987	3.5
7001	5.0
7045	5.0
7123	2.5
7137	4.5
7147	3.0
7149	3.5
7151	3.5
7153	5.0
7155	3.0
7158	5.0
7160	3.0
7254	5.0
7325	2.0
7346	3.5
7347	4.0
7360	5.0
7361	3.5
7373	3.5
7380	3.0
7387	5.0
7419	3.0
7438	5.0
7444	3.0
7482	3.0
7560	5.0
7569	4.0
7698	2.0
7700	5.0
7757	5.0
8360	2.5
8361	3.5
8368	4.5
8371	4.5
8376	3.5
8464	0.5
8507	4.0
8531	1.0
8622	4.0
8636	5.0
8665	5.0
8690	4.0
8781	3.5
8783	3.5
8784	3.0
8798	3.0
8807	4.0
8810	3.0
8874	5.0
8910	4.5
8917	4.0
8947	4.5
8949	5.0
8950	3.0
8957	3.0
8969	2.5
8970	2.5
8984	2.5
26152	3.0
26614	5.0
27773	4.0
27790	4.0
30707	3.5
30749	4.0
30810	3.5
30812	3.5
30816	3.5
31696	4.5
31804	5.0
32019	3.0
32587	3.0
33004	3.5
33166	4.5
33493	4.5
33646	2.5
33794	5.0
33836	2.0
34048	4.5
34150	2.5
34520	2.0
35836	4.0
37380	3.5
37733	3.5
37741	4.5
40815	5.0
41285	4.0
41566	5.0
42723	5.0
43836	2.5
44191	4.0
44397	3.0
44694	3.5
45028	4.0
45081	3.0
45499	5.0
45672	2.5
45722	4.0
45732	2.5
46530	3.5
46578	4.5
46970	4.0
47044	3.5
47423	4.5
47610	4.5
47997	4.0
48082	3.0
48385	5.0
48394	5.0
48516	5.0
48780	5.0
49272	4.5
52975	3.0
53000	5.0
53125	4.0
53464	3.5
54001	5.0
54286	5.0
55232	4.5
55276	4.0
55280	5.0
55820	5.0
56145	5.0
56171	4.0
56174	3.0
56367	4.0
56921	5.0
57368	4.5
58559	5.0
59369	3.0
59501	4.5
60684	5.0
61240	5.0
61248	3.0
61323	5.0
61350	2.5
63072	5.0
63113	5.0
64839	3.5
65230	2.0
66097	3.0
67087	3.0
67255	4.5
68319	5.0
68358	5.0
68554	4.0
68952	4.5
68954	3.0
69481	5.0
69844	5.0
70286	4.5
71282	2.5
71379	5.0
71535	5.0
72011	5.0
72737	2.0
72998	5.0
73023	2.5
73344	5.0
74458	4.5
76251	4.5
77561	5.0
78499	0.5
78574	5.0
79132	5.0
79702	5.0
80489	5.0
81834	5.0
82459	5.0
82461	4.5
83134	5.0
84152	5.0
84944	3.0
84954	4.5
85774	2.0
86320	5.0
87232	5.0
88125	5.0
89745	5.0
89753	4.5
89904	5.0
91500	5.0
91529	5.0
91658	4.0
92420	5.0
93840	5.0
94777	3.0
94864	5.0
95167	2.5
95510	4.5
96610	5.0
98809	5.0
99149	4.0
102125	5.0
102445	4.0
104841	5.0
104913	3.0
106100	3.0
106487	5.0
106489	5.0
106920	5.0
110102	4.5
111362	5.0
112175	2.5
112556	4.0
112852	4.0
