1	2.0
2	0.5
3	1.0
5	1.0
6	1.0
9	1.0
10	2.0
11	2.0
12	3.0
13	1.0
14	2.0
16	3.0
17	3.0
18	3.0
19	1.0
21	3.0
22	0.5
23	1.0
24	3.0
25	4.0
32	4.0
34	5.0
36	4.0
41	3.5
42	2.0
44	2.0
45	2.0
47	3.0
48	1.0
50	5.0
57	3.0
60	1.0
63	3.0
65	0.5
69	4.0
70	2.0
72	1.0
88	2.0
89	2.0
93	1.0
95	2.0
100	2.0
101	2.0
104	2.5
105	2.0
110	5.0
111	5.0
112	3.0
122	1.0
126	1.0
132	2.0
141	2.0
144	3.0
145	1.0
147	4.0
150	2.0
151	3.0
152	3.0
153	1.0
159	3.0
160	1.0
161	1.0
162	3.0
163	0.5
165	3.0
172	2.0
173	1.0
175	4.0
177	2.0
180	4.0
185	2.0
188	2.0
193	2.0
194	2.0
195	2.0
196	3.0
198	3.0
203	1.0
204	1.0
216	3.0
223	5.0
225	2.0
229	2.0
231	4.0
233	3.0
234	1.0
235	5.0
239	1.0
246	4.5
247	4.0
252	2.0
253	3.0
255	1.0
256	1.0
259	4.0
260	4.5
261	2.5
273	1.0
276	0.5
277	2.0
280	5.0
282	2.5
288	3.0
292	2.0
293	3.0
296	5.0
300	4.0
315	1.0
316	3.0
317	2.0
318	5.0
327	1.0
329	3.0
333	3.0
337	4.0
338	1.0
339	1.0
344	4.0
349	3.0
350	2.0
351	1.0
353	3.0
354	4.0
355	1.0
356	2.0
360	1.0
364	2.0
367	2.0
368	4.0
370	1.0
372	2.0
373	3.0
377	2.0
379	1.5
380	3.0
382	1.0
383	2.0
384	3.0
387	1.0
405	0.5
407	1.0
410	1.0
412	1.0
413	2.0
414	1.0
415	1.0
420	0.5
428	4.0
431	3.0
432	1.0
434	3.0
435	1.0
436	3.0
438	0.5
440	2.0
441	2.0
442	3.0
450	2.0
454	2.0
456	2.0
457	2.0
464	1.0
466	1.0
468	4.0
471	4.0
474	3.0
475	4.0
477	1.0
479	2.0
480	3.0
481	3.0
482	3.0
485	3.0
489	1.0
491	2.5
493	4.0
494	1.0
500	2.0
502	0.5
504	1.0
507	2.0
508	3.0
509	2.0
511	1.0
512	1.0
514	2.0
515	3.0
520	1.0
521	4.0
524	2.0
527	5.0
529	5.0
532	3.0
541	3.0
542	2.0
543	4.0
544	1.0
546	1.0
547	2.0
551	4.0
553	3.0
555	4.0
558	3.0
562	4.0
569	1.0
585	2.0
586	4.0
587	1.0
588	2.0
589	3.0
590	3.0
592	4.0
593	4.0
594	3.0
595	5.0
597	1.5
608	5.0
610	3.0
611	1.0
628	2.0
631	0.5
648	2.0
653	2.0
662	0.5
667	1.0
673	1.0
691	1.0
692	1.0
694	0.5
695	3.0
708	2.0
714	4.0
719	1.0
724	2.0
733	2.0
736	2.0
737	2.0
741	3.0
743	0.5
748	1.0
750	4.0
765	1.0
778	4.0
780	2.0
783	1.0
784	4.0
785	3.0
786	1.0
788	2.0
798	1.0
799	3.0
800	4.0
805	2.5
810	1.0
818	1.0
832	2.0
833	2.0
835	3.0
839	0.5
849	1.0
852	2.5
858	3.0
866	4.0
879	2.0
880	1.0
899	4.0
903	3.0
904	3.0
908	5.0
910	4.0
912	5.0
913	4.0
919	4.0
920	3.5
923	5.0
924	4.5
933	3.0
953	4.0
954	5.0
969	4.0
991	4.0
994	4.0
998	1.0
1004	1.0
1005	1.0
1020	2.0
1021	1.0
1022	2.0
1028	4.5
1032	2.0
1033	3.0
1034	4.0
1036	5.0
1037	3.0
1042	1.0
1047	1.0
1051	4.0
1054	2.0
1060	3.0
1061	3.0
1064	1.0
1073	2.5
1079	3.0
1080	3.0
1088	1.0
1089	5.0
1090	4.0
1091	3.0
1092	2.0
1093	3.0
1094	3.0
1095	4.0
1096	2.0
1097	3.0
1100	1.0
1101	2.0
1120	2.0
1124	3.0
1126	1.0
1127	3.0
1128	2.0
1129	3.0
1135	1.0
1136	4.0
1147	4.0
1171	4.0
1179	5.0
1183	3.0
1185	4.0
1186	3.0
1191	1.0
1193	5.0
1196	5.0
1197	4.0
1198	5.0
1200	4.0
1201	3.0
1203	4.0
1206	3.0
1208	3.0
1210	4.0
1212	2.5
1213	5.0
1214	3.0
1215	3.0
1219	4.0
1220	4.0
1221	3.0
1222	5.0
1227	4.0
1228	4.0
1231	4.0
1233	4.0
1234	5.0
1240	4.0
1242	4.0
1245	5.0
1246	4.5
1250	3.5
1252	5.0
1254	4.0
1257	4.0
1258	5.0
1259	3.5
1261	2.0
1262	5.0
1263	3.0
1265	4.5
1266	5.0
1267	4.0
1268	3.0
1270	4.0
1271	2.0
1274	4.0
1275	4.0
1276	3.0
1278	3.0
1284	3.0
1285	4.0
1286	4.0
1288	5.0
1291	4.0
1295	1.0
1297	2.0
1298	4.0
1302	4.0
1304	5.0
1307	5.0
1320	2.0
1321	3.0
1333	2.0
1339	3.0
1342	1.0
1343	2.0
1345	3.0
1347	2.5
1352	3.0
1353	1.0
1356	4.0
1357	3.0
1358	4.0
1367	1.0
1370	1.0
1371	4.0
1372	2.0
1373	3.0
1374	4.0
1375	3.0
1376	4.0
1377	2.0
1378	2.0
1379	2.0
1380	0.5
1381	1.0
1382	1.0
1385	1.0
1387	2.0
1388	0.5
1390	3.0
1391	1.0
1392	3.0
1394	4.0
1395	2.0
1396	2.0
1401	3.0
1404	2.0
1405	3.0
1407	2.0
1410	1.0
1422	1.0
1431	3.0
1445	1.0
1459	2.0
1464	4.5
1466	4.0
1468	0.5
1474	1.0
1476	4.0
1485	2.0
1487	1.0
1488	2.0
1497	1.0
1499	1.0
1515	1.0
1517	4.0
1518	2.0
1527	1.0
1544	2.0
1552	2.0
1562	1.0
1566	0.5
1569	0.5
1573	1.0
1580	3.0
1584	1.0
1587	3.0
1589	3.0
1590	1.0
1591	2.0
1594	3.0
1597	2.0
1598	0.5
1601	2.0
1603	1.0
1604	3.0
1608	2.0
1610	3.0
1611	3.0
1614	0.5
1616	2.0
1617	3.0
1619	1.0
1620	2.0
1625	4.0
1626	1.0
1627	1.0
1633	4.0
1635	3.0
1639	3.0
1641	4.0
1644	2.0
1645	1.0
1653	2.0
1658	2.0
1660	3.0
1663	3.0
1667	2.0
1672	2.0
1673	2.0
1674	4.0
1676	4.0
1682	4.0
1687	3.0
1688	1.0
1689	4.0
1690	2.0
1693	4.0
1694	3.0
1702	1.0
1704	2.0
1707	1.0
1711	3.0
1713	2.0
1717	1.0
1721	5.0
1722	2.0
1729	3.0
1730	3.0
1732	4.0
1747	4.0
1748	4.0
1752	1.0
1760	0.5
1762	1.0
1772	1.0
1777	2.0
1779	1.0
1783	2.0
1784	3.0
1785	4.0
1792	2.0
1794	3.0
1799	3.0
1805	3.0
1806	1.0
1810	2.5
1831	1.0
1833	2.0
1834	5.0
1845	3.0
1848	1.0
1855	0.5
1862	2.0
1863	1.0
1875	3.0
1876	2.0
1882	1.0
1883	1.0
1884	4.0
1885	1.5
1889	3.0
1892	1.0
1895	1.0
1897	1.0
1909	5.0
1911	2.0
1912	3.0
1916	4.0
1917	2.0
1918	2.0
1919	1.0
1920	2.0
1921	4.0
1923	3.5
1953	4.0
1954	4.0
1958	2.0
1960	3.0
1961	3.0
1962	4.0
1967	3.0
1968	2.0
1970	1.0
1974	3.0
1976	1.0
1982	2.0
1991	3.0
1992	1.0
1994	4.0
1997	3.0
2000	3.0
2001	3.0
2002	2.0
2003	3.0
2004	1.0
2005	2.0
2006	2.0
2011	3.0
2012	1.0
2019	2.5
2021	4.0
2022	2.0
2023	1.0
2027	1.0
2028	3.0
2042	1.0
2046	3.0
2050	0.5
2054	2.0
2058	3.0
2064	5.0
2071	4.0
2072	1.0
2076	5.0
2080	2.0
2081	0.5
2082	0.5
2084	1.0
2085	1.0
2088	1.0
2093	2.0
2094	3.0
2097	3.0
2100	2.0
2105	2.0
2107	1.0
2108	3.0
2111	2.0
2112	3.0
2114	2.0
2115	3.0
2117	4.0
2118	4.0
2121	3.0
2122	3.0
2125	3.0
2126	2.0
2133	3.0
2134	2.0
2139	3.0
2140	2.0
2141	2.0
2142	1.0
2143	2.0
2144	1.0
2145	1.0
2146	2.0
2147	0.5
2149	1.0
2150	2.0
2153	1.0
2154	0.5
2160	2.0
2161	3.0
2162	0.5
2166	2.0
2167	3.0
2169	2.0
2174	3.0
2193	1.0
2194	5.0
2195	4.0
2231	1.0
2232	4.0
2240	2.0
2243	3.0
2245	4.0
2247	2.0
2248	4.0
2249	2.0
2253	1.0
2261	3.0
2262	1.0
2263	3.0
2268	2.0
2273	3.0
2278	3.0
2282	2.0
2288	4.0
2289	5.0
2291	3.0
2294	2.0
2302	3.0
2311	3.0
2312	2.0
2313	5.0
2315	1.0
2318	4.0
2321	2.5
2322	1.0
2325	1.0
2327	1.0
2328	1.0
2329	4.0
2334	1.0
2336	4.0
2344	4.0
2348	4.0
2352	2.0
2353	2.0
2359	4.0
2366	3.0
2367	1.0
2369	1.0
2371	0.5
2373	0.5
2374	1.0
2375	1.0
2376	1.0
2378	1.5
2389	0.5
2391	4.0
2392	1.0
2393	2.0
2394	1.0
2395	3.0
2396	4.0
2402	1.0
2403	4.0
2405	0.5
2406	3.0
2407	3.0
2408	1.0
2409	2.0
2410	3.0
2411	2.0
2412	1.0
2416	3.0
2418	2.0
2420	3.0
2421	0.5
2424	2.0
2427	3.0
2431	1.0
2439	5.0
2451	1.0
2455	3.0
2457	2.0
2458	1.0
2463	1.0
2468	2.0
2469	2.0
2470	3.0
2471	1.0
2474	2.0
2476	2.0
2485	1.5
2490	3.0
2492	1.0
2500	2.0
2502	4.0
2505	3.0
2513	3.0
2514	1.0
2517	3.0
2525	2.0
2527	3.0
2528	4.0
2529	2.0
2539	2.0
2541	3.0
2542	5.0
2546	1.0
2551	3.0
2560	1.0
2571	5.0
2572	3.0
2580	3.0
2581	4.0
2596	3.0
2598	2.0
2599	4.0
2600	0.5
2605	2.0
2606	1.0
2611	4.0
2616	0.5
2617	3.0
2628	1.5
2640	3.0
2641	4.0
2642	1.0
2657	2.0
2668	1.0
2683	2.0
2688	2.0
2692	4.0
2693	3.0
2694	2.0
2699	1.0
2700	2.0
2701	1.0
2706	4.0
2707	2.0
2710	4.0
2712	2.0
2713	1.0
2716	4.0
2717	2.0
2718	3.0
2719	1.0
2722	1.0
2723	2.0
2735	3.0
2736	2.0
2745	4.0
2746	1.0
2750	2.0
2759	3.0
2761	2.0
2762	4.0
2763	3.0
2770	3.0
2771	2.0
2787	3.0
2791	4.0
2792	2.0
2793	1.0
2794	2.0
2795	3.0
2796	2.0
2797	3.0
2802	3.0
2803	2.0
2804	4.0
2807	0.5
2808	2.0
2817	1.0
2827	1.0
2840	0.5
2858	5.0
2861	2.0
2862	1.0
2866	2.0
2867	3.0
2871	2.0
2875	1.0
2881	1.0
2888	0.5
2890	2.0
2898	2.0
2900	1.0
2906	1.0
2908	3.0
2912	5.0
2915	3.0
2916	4.0
2917	3.0
2918	5.0
2921	2.0
2924	4.0
2926	3.0
2942	1.0
2944	4.0
2947	3.0
2951	3.0
2952	3.0
2953	0.5
2959	4.0
2966	4.5
2968	3.0
2970	3.0
2976	3.0
2978	3.0
2985	3.0
2986	2.0
2987	2.0
2990	2.0
2995	1.0
2997	4.0
3000	3.0
3005	1.0
3006	5.0
3008	3.0
3011	3.0
3016	2.0
3018	4.0
3019	4.0
3020	3.0
3024	2.0
3029	3.0
3033	2.0
3036	2.0
3039	4.5
3044	2.0
3052	3.0
3060	2.0
3063	3.0
3068	3.0
3071	2.0
3072	3.0
3082	2.0
3087	4.0
3098	5.0
3100	2.0
3101	3.0
3104	4.0
3105	4.0
3107	3.0
3108	3.0
3114	2.0
3120	2.0
3130	0.5
3147	2.0
3148	4.0
3160	2.0
3168	2.0
3175	3.0
3176	3.0
3177	1.0
3182	3.0
3186	3.5
3189	3.0
3197	1.0
3203	3.0
3208	1.0
3210	4.0
3219	3.0
3243	0.5
3246	1.0
3247	1.0
3248	1.0
3249	1.0
3252	1.0
3253	3.0
3254	1.0
3255	4.0
3256	3.0
3257	0.5
3258	0.5
3259	2.0
3260	2.0
3261	3.0
3262	1.5
3263	3.0
3264	2.0
3267	3.0
3269	2.0
3271	3.0
3273	1.0
3274	1.0
3275	2.0
3285	2.0
3298	2.0
3300	2.0
3301	2.0
3308	2.0
3316	1.0
3317	2.0
3326	2.0
3327	1.0
3328	3.5
3342	3.0
3354	0.5
3358	3.0
3360	4.0
3361	4.0
3362	3.0
3384	4.0
3386	5.0
3387	2.0
3388	2.0
3394	1.0
3397	3.0
3408	3.0
3418	2.0
3421	3.0
3422	2.0
3424	3.0
3430	2.0
3438	1.0
3439	1.0
3440	1.0
3441	2.0
3444	3.0
3448	4.0
3450	3.0
3452	0.5
3468	5.0
3471	2.0
3476	4.0
3478	2.0
3481	2.0
3484	0.5
3489	2.0
3499	3.0
3500	0.5
3501	4.0
3505	2.0
3510	3.0
3513	2.0
3524	1.0
3525	2.0
3526	4.0
3527	4.0
3534	2.0
3535	2.0
3536	0.5
3543	3.0
3551	3.0
3552	4.0
3555	2.0
3556	3.5
3578	2.0
3591	2.0
3593	3.0
3608	3.0
3614	3.0
3616	0.5
3617	3.0
3623	1.0
3624	3.0
3638	3.0
3646	0.5
3649	2.0
3671	3.0
3677	3.0
3683	4.0
3684	2.0
3685	4.0
3688	1.0
3693	3.0
3697	3.0
3698	3.0
3699	2.0
3700	2.0
3701	3.0
3702	3.0
3703	1.0
3704	2.0
3705	1.0
3706	1.0
3707	1.0
3708	3.0
3709	2.0
3710	0.5
3712	1.0
3717	1.0
3735	4.0
3740	4.0
3745	3.0
3751	4.0
3752	2.0
3753	2.0
3754	0.5
3755	2.0
3763	3.0
3764	2.0
3773	1.0
3785	1.5
3786	3.0
3791	0.5
3793	3.0
3794	3.0
3798	1.0
3799	0.5
3802	2.0
3809	4.0
3825	0.5
3826	2.0
3827	0.5
3831	1.0
3835	2.0
3836	3.0
3841	2.0
3844	2.0
3852	3.0
3858	0.5
3863	1.0
3865	0.5
3868	4.0
3869	2.0
3882	3.5
3893	2.5
3896	3.0
3897	4.0
3911	3.0
3916	0.5
3917	3.5
3918	2.0
3919	1.0
3943	4.0
3946	0.5
3948	3.0
3949	4.0
3950	3.0
3952	5.0
3955	0.5
3968	1.5
3969	1.0
3973	0.5
3977	0.5
3978	1.0
3979	0.5
3981	2.0
3983	3.0
3986	2.0
3987	3.0
3988	1.0
3993	3.0
3994	2.0
3996	3.0
3997	0.5
3998	0.5
4002	4.0
4003	1.0
4005	1.0
4006	1.0
4007	3.0
4008	2.0
4009	3.0
4010	1.0
4011	2.0
4014	3.5
4015	2.0
4016	1.0
4019	1.0
4020	3.0
4022	2.0
4023	1.0
4025	0.5
4027	4.0
4029	3.0
4033	4.0
4034	4.0
4036	3.0
4037	4.0
4055	3.0
4056	3.5
4066	3.0
4068	0.5
4085	3.0
4086	2.0
4102	3.0
4103	3.0
4105	3.0
4121	2.0
4128	3.0
4149	1.5
4155	0.5
4161	0.5
4167	0.5
4218	3.0
4223	2.0
4226	5.0
4234	3.0
4235	2.0
4239	4.0
4246	3.5
4247	1.5
4248	0.5
4262	4.0
4265	0.5
4270	1.0
4280	3.0
4299	3.0
4304	2.0
4306	3.0
4308	3.5
4310	1.0
4321	1.5
4326	1.0
4340	0.5
4343	1.0
4344	3.0
4345	3.0
4349	2.0
4351	1.0
4361	4.0
4367	1.0
4369	0.5
4370	3.5
4378	4.0
4396	2.0
4446	3.0
4447	0.5
4448	2.0
4450	0.5
4452	2.0
4465	4.0
4474	3.0
4478	3.0
4488	3.0
4489	2.0
4499	3.0
4502	1.0
4571	3.0
4638	1.0
4641	2.0
4642	4.0
4643	0.5
4661	0.5
4700	0.5
4701	1.0
4718	1.0
4719	2.0
4720	1.5
4723	2.5
4734	3.0
4735	0.5
4757	0.5
4775	0.5
4776	0.5
4814	0.5
4816	2.5
4821	1.0
4844	1.5
4848	4.0
4874	2.0
4878	3.0
4881	3.0
4886	2.5
4889	2.5
4890	1.0
4896	5.0
4901	1.0
4903	3.0
4951	2.0
4958	2.5
4963	2.0
4973	3.0
4975	2.0
4978	3.0
4979	3.0
4993	3.5
4995	3.0
5009	2.0
5010	2.0
5013	3.0
5014	0.5
5015	3.0
5025	0.5
5026	4.0
5047	1.0
5049	4.0
5060	4.0
5064	2.5
5065	0.5
5074	3.0
5092	1.0
5108	0.5
5110	4.0
5128	2.0
5171	1.0
5218	0.5
5219	1.0
5220	0.5
5254	0.5
5266	1.0
5282	0.5
5299	0.5
5313	0.5
5349	4.0
5363	1.0
5364	1.5
5377	3.5
5378	1.5
5388	1.0
5400	1.0
5418	2.0
5419	2.5
5421	3.5
5445	1.5
5446	3.5
5449	1.0
5459	2.0
5463	3.5
5464	3.0
5480	1.0
5481	1.0
5502	4.0
5504	0.5
5505	3.0
5507	1.5
5528	1.0
5530	0.5
5572	1.5
5577	4.0
5610	0.5
5617	4.0
5620	1.0
5669	4.0
5673	2.5
5679	3.0
5685	2.0
5785	3.0
5809	3.0
5810	0.5
5812	1.0
5816	3.0
5872	3.0
5876	3.5
5902	4.0
5903	3.5
5944	3.5
5945	4.0
5952	3.5
5954	1.0
5955	1.5
5956	2.5
5959	3.0
5989	3.5
5991	4.0
5995	1.5
6003	2.5
6016	2.5
6157	2.5
6188	4.0
6218	3.0
6296	2.5
6297	3.0
6299	3.0
6322	1.5
6323	1.0
6331	3.5
6333	4.0
6338	0.5
6365	3.5
6373	1.0
6377	3.5
6378	1.0
6380	3.0
6385	4.0
6436	4.5
6502	2.5
6503	0.5
6537	2.5
6538	3.0
6539	3.5
6541	1.0
6565	4.5
6708	2.0
6711	3.0
6764	1.0
6863	3.5
6867	3.5
6870	2.5
6874	3.5
6879	3.5
6890	3.5
6934	2.0
6936	3.0
6942	3.0
6947	3.0
6953	2.5
6957	4.0
6959	0.5
7123	3.0
7137	2.5
7139	2.5
7143	2.5
7147	3.0
7149	1.0
7153	3.5
7160	3.0
7162	2.5
7254	2.5
7263	3.5
7285	3.5
7293	3.5
7324	3.0
7346	1.0
7347	2.5
7348	3.5
7360	3.0
7361	3.5
7381	0.5
7438	2.5
7445	3.5
7451	3.5
7458	1.5
8360	1.5
8361	1.5
8366	3.0
8368	3.0
8373	0.5
8376	3.0
8464	3.0
8528	1.5
8529	1.0
8533	4.5
8622	3.0
8636	2.5
8644	2.5
8665	2.0
8781	3.5
8783	3.0
8784	3.5
8798	2.0
8807	1.0
8865	1.5
8866	3.0
8873	4.5
8874	3.0
8910	2.0
8917	0.5
8937	2.5
8949	2.5
8957	3.0
8958	2.0
8961	3.0
8970	4.0
8972	3.5
8981	3.0
8984	1.5
27706	3.5
27773	4.0
27808	0.5
27821	1.0
27837	1.0
27846	4.0
27873	2.5
30707	4.0
30749	3.0
30793	1.0
30810	3.0
30812	2.5
30898	0.5
31685	0.5
31694	1.0
31696	1.5
32031	2.0
32587	2.0
32596	0.5
32598	1.5
33004	3.0
33162	2.0
33166	3.0
33437	1.0
33493	3.5
33499	0.5
33646	1.0
33660	4.0
33669	3.0
33679	3.0
33794	3.5
34048	2.5
34072	3.0
34150	0.5
34153	3.0
34162	4.0
34319	2.0
34332	3.0
34338	1.0
34405	2.0
34532	3.0
34542	2.5
35836	2.0
35957	3.0
36517	3.0
36519	1.5
36529	3.0
37240	3.5
37382	1.0
37386	0.5
37729	2.0
37731	3.5
37733	3.5
37741	3.5
37857	1.0
38061	4.0
38798	3.0
38886	3.5
39183	1.5
39292	4.0
39381	3.0
39414	2.0
39435	1.5
39444	2.0
40278	0.5
40583	3.5
40614	3.0
40629	3.0
40732	3.0
40815	3.5
40819	3.0
41285	2.0
41566	2.0
41569	1.5
41571	2.5
41716	2.5
41997	1.5
42004	3.0
42007	0.5
42723	1.0
42725	3.0
42738	3.5
43560	3.5
43679	3.0
43919	0.5
43928	1.0
43936	4.0
44191	3.5
44195	3.5
44199	2.5
44665	2.5
44761	4.0
44972	1.0
45186	2.5
45210	4.0
45442	1.0
45447	2.5
45499	1.0
45501	1.5
45666	2.5
45668	0.5
45720	2.5
45722	3.0
45728	2.5
45730	0.5
45928	3.5
45950	4.0
46530	3.0
46578	2.5
46723	2.0
46965	2.5
46970	2.5
46972	2.5
46974	1.0
46976	2.5
47099	1.5
47423	3.0
47518	3.0
47610	4.0
47629	2.5
47644	1.0
48043	2.5
48385	3.0
48394	2.5
48516	4.0
48696	2.5
48774	4.0
48780	4.5
48783	1.5
49272	4.0
49278	1.5
49396	3.5
49530	3.0
49822	3.0
49824	0.5
49961	3.0
50601	3.0
50685	2.0
50804	2.5
50872	3.0
51080	3.5
51084	3.0
51086	1.0
51255	2.0
51540	3.0
51662	4.0
51931	2.0
51935	3.0
52241	2.5
52245	2.0
52287	3.5
52328	2.5
52458	2.5
52604	3.0
52973	3.5
53000	1.5
53121	1.0
53123	3.0
53125	3.0
53322	3.5
53464	2.5
53550	2.0
53894	4.0
53953	1.0
53972	3.5
53993	0.5
53996	2.0
54001	3.5
54004	0.5
54190	3.5
54259	3.0
54272	2.0
54286	4.0
54503	3.5
54997	3.0
54999	2.0
55052	3.0
55094	4.0
55118	3.0
55247	2.5
55276	4.0
55290	3.5
55363	2.0
55765	2.5
55768	2.0
55805	2.5
55820	3.5
55908	2.5
55995	2.5
56152	2.5
56174	2.0
56367	2.0
56782	3.5
57368	2.5
58295	3.0
58559	4.0
59315	2.5
59369	4.0
59501	1.0
59615	1.0
59784	4.0
59900	0.5
60037	1.0
60040	3.0
60069	2.5
60072	3.0
60074	1.5
60684	3.0
60756	4.0
60760	2.5
60937	1.0
61240	2.5
62155	1.0
62374	3.0
62376	2.0
62849	3.0
63062	3.5
63082	3.0
63131	3.0
63859	3.0
63876	2.5
64575	3.0
64614	4.0
64620	3.0
64622	3.0
64839	2.5
64983	3.0
65216	2.0
65682	2.5
68157	2.5
68237	3.5
68358	3.0
68954	2.0
69122	3.5
69481	2.0
69757	3.5
70286	4.0
70599	1.0
71135	3.0
71211	1.0
71254	1.0
71264	2.0
71379	3.5
71520	2.5
71530	2.5
71535	2.0
71838	2.5
72011	2.5
72378	3.0
72395	4.0
72641	1.5
72731	1.0
72733	2.0
72998	2.5
73017	3.0
73321	2.5
73323	3.0
74458	2.0
74795	3.5
78499	2.0
79132	4.0
80463	2.5
81591	4.0
81782	2.5
81845	1.5
82459	4.0
84392	1.5
85414	2.5
86190	3.0
86332	2.0
86833	2.5
96079	3.0
96610	2.0
97938	3.5
104374	2.0
106100	3.0
106920	3.0
112852	3.0
