1	4.0
12	3.0
18	3.5
19	3.5
29	5.0
32	5.0
34	4.0
48	3.0
50	3.0
60	3.0
88	4.0
102	3.0
104	4.5
107	4.0
125	4.0
150	4.0
153	3.5
157	3.5
180	3.0
194	3.5
208	3.0
216	4.0
223	4.0
231	4.0
235	4.0
260	5.0
296	3.0
316	4.0
318	4.5
322	2.0
333	4.0
337	4.0
342	4.0
344	3.5
356	3.0
364	3.0
366	3.0
367	4.0
370	4.0
419	3.5
471	4.5
480	4.0
520	4.0
541	4.5
551	5.0
585	3.0
588	0.5
592	3.0
661	3.5
663	4.0
671	4.0
680	0.5
714	4.0
720	4.0
741	4.0
745	4.5
747	3.5
750	4.5
780	0.5
783	2.5
799	2.5
899	4.0
903	4.0
904	4.0
910	3.5
919	4.0
922	4.5
923	4.5
924	4.0
926	4.0
968	4.0
969	3.5
1059	3.5
1073	3.5
1077	4.0
1079	4.0
1080	4.5
1127	0.5
1136	5.0
1148	4.0
1171	4.0
1175	4.5
1196	5.0
1197	4.5
1198	4.0
1199	5.0
1200	4.0
1203	4.0
1207	4.0
1210	5.0
1212	3.5
1214	3.5
1215	4.0
1219	3.5
1223	4.0
1243	4.5
1244	4.5
1247	3.5
1252	4.5
1257	3.5
1258	4.0
1259	4.0
1260	4.0
1261	4.0
1265	3.5
1267	3.5
1270	3.5
1274	4.0
1278	4.0
1282	4.0
1288	4.0
1291	4.0
1298	4.5
1302	3.5
1321	4.0
1333	3.5
1347	2.0
1377	4.5
1387	4.0
1391	2.5
1393	4.0
1394	3.5
1431	3.0
1449	4.5
1464	4.5
1483	4.0
1485	4.0
1517	4.0
1527	4.0
1544	2.5
1556	2.5
1566	3.0
1580	3.5
1591	4.0
1592	0.5
1641	3.5
1649	3.0
1682	4.5
1688	3.0
1690	3.5
1702	3.5
1721	0.5
1722	3.0
1732	4.0
1748	4.0
1760	2.5
1777	3.0
1827	4.0
1848	3.0
1884	3.5
1907	3.0
1913	3.5
1921	4.0
1923	4.0
1947	3.0
1967	4.5
1970	4.0
1971	3.5
1972	2.0
1973	3.0
1982	4.0
1991	3.0
1994	3.5
1997	3.5
2010	4.5
2052	4.0
2064	4.0
2072	3.5
2076	4.0
2078	3.5
2081	3.0
2083	4.0
2084	3.0
2089	3.5
2090	3.5
2093	5.0
2100	3.5
2109	3.0
2115	2.0
2117	3.5
2140	4.5
2152	0.5
2160	4.0
2161	4.5
2174	3.5
2193	3.0
2232	4.0
2248	3.5
2282	3.5
2289	3.0
2291	4.0
2294	3.5
2297	4.0
2354	0.5
2355	4.0
2360	4.5
2371	3.0
2383	2.0
2384	3.0
2395	4.0
2413	4.0
2459	0.5
2463	4.0
2478	3.5
2501	3.5
2502	4.0
2517	3.5
2527	4.5
2542	4.5
2550	4.0
2571	4.5
2617	3.5
2628	3.0
2657	4.5
2683	4.0
2687	3.0
2692	4.5
2700	4.0
2709	3.5
2710	3.5
2716	3.0
2720	3.0
2723	3.5
2731	4.0
2739	3.0
2761	3.0
2762	4.0
2791	4.5
2792	4.0
2795	3.0
2797	3.5
2829	4.0
2857	3.5
2858	3.5
2877	4.0
2918	4.0
2926	3.5
2959	5.0
2967	4.0
2968	3.5
2971	4.0
2987	4.0
2997	5.0
3000	4.0
3007	4.0
3033	4.0
3040	2.0
3081	4.0
3088	3.5
3089	4.0
3091	3.0
3108	3.5
3114	4.0
3134	3.5
3147	4.0
3159	4.0
3160	4.0
3174	4.0
3175	3.5
3253	4.5
3254	4.0
3286	2.5
3300	3.5
3324	4.0
3358	4.0
3363	4.0
3386	4.0
3396	4.0
3397	4.0
3429	4.5
3435	2.5
3461	4.0
3471	4.0
3476	4.5
3489	4.0
3499	4.0
3503	2.5
3526	3.5
3535	4.0
3552	4.0
3569	4.5
3608	4.0
3629	3.0
3671	3.0
3676	5.0
3741	4.0
3742	4.0
3751	3.5
3752	4.0
3754	2.5
3785	4.0
3793	3.5
3809	4.0
3814	4.0
3858	4.5
3868	4.5
3869	4.0
3897	4.0
3910	5.0
3911	4.5
3917	3.5
3930	3.0
3948	3.5
3949	5.0
3977	3.5
3979	3.5
3988	2.5
3994	4.0
4002	4.0
4011	4.0
4016	3.0
4018	3.0
4027	4.0
4039	3.5
4090	3.5
4149	4.0
4158	3.0
4226	4.5
4232	2.0
4276	3.5
4306	3.5
4308	4.0
4326	3.0
4366	3.0
4370	4.0
4388	3.0
4467	4.5
4499	4.0
4509	3.0
4519	3.5
4571	3.5
4641	3.5
4642	4.5
4701	1.5
4720	3.5
4728	4.0
4799	2.5
4845	3.0
4857	4.0
4873	5.0
4874	4.0
4878	5.0
4881	4.0
4886	3.5
4896	3.0
4902	4.5
4914	4.0
4963	4.0
4973	5.0
4990	2.0
4993	4.0
4994	3.0
5047	3.5
5092	2.0
5103	3.5
5110	3.0
5171	2.5
5218	3.5
5264	3.0
5291	4.0
5298	4.5
5313	3.0
5349	3.5
5378	4.0
5401	4.0
5419	3.0
5445	2.5
5449	3.5
5481	4.0
5500	4.0
5501	1.0
5523	1.0
5530	3.5
5541	4.0
5572	1.0
5618	5.0
5667	3.5
5669	4.5
5673	5.0
5679	3.5
5803	2.5
5804	2.0
5816	3.5
5872	3.0
5879	1.5
5902	4.0
5942	3.5
5952	3.5
5971	4.0
5989	3.5
5991	4.5
6062	4.0
6104	3.5
6157	3.0
6184	3.0
6188	3.5
6218	3.5
6281	4.0
6283	4.0
6296	4.5
6297	2.0
6301	3.0
6333	3.5
6350	4.5
6365	3.5
6373	4.0
6377	4.5
6378	3.5
6440	5.0
6482	2.0
6484	3.5
6503	1.0
6534	3.0
6539	4.0
6541	3.0
6550	3.5
6564	4.0
6565	3.0
6566	2.5
6593	2.5
6618	4.0
6620	5.0
6624	0.5
6639	4.0
6662	2.5
6711	4.0
6731	4.0
6755	4.0
6773	4.5
6774	1.0
6783	3.0
6787	3.0
6807	4.5
6863	2.5
6867	4.0
6873	3.5
6874	4.5
6881	4.0
6888	3.0
6932	4.0
6934	4.0
6936	1.5
6942	4.0
6951	2.0
6959	3.5
6966	4.0
6985	3.5
6987	4.5
7063	4.5
7073	3.0
7075	2.5
7089	4.5
7090	4.5
7099	4.0
7123	4.5
7147	4.5
7149	1.5
7150	3.5
7153	4.0
7156	4.0
7163	4.0
7164	4.0
7173	2.5
7293	4.0
7324	3.5
7325	2.5
7327	5.0
7347	2.5
7361	5.0
7366	1.5
7367	4.0
7373	2.5
7380	3.5
7387	3.5
7419	3.5
7438	4.0
7439	3.5
7444	0.5
7451	3.5
7454	2.5
7460	4.0
8360	2.0
8361	3.0
8366	4.5
8368	1.5
8371	3.0
8376	4.0
8464	4.0
8477	4.5
8529	3.5
8531	3.0
8607	4.5
8610	3.5
8622	3.5
8636	3.5
8641	4.0
8644	3.0
8781	4.0
8783	3.0
8784	4.0
8798	4.5
8810	2.0
8814	0.5
8827	4.0
8860	3.5
8865	3.5
8870	3.0
8874	4.5
8910	5.0
8914	4.0
8917	4.0
8949	3.5
8950	3.5
8961	4.0
8965	3.0
8970	4.0
8972	3.5
8983	4.0
8984	2.5
25771	5.0
26662	4.0
27706	4.0
27731	4.0
27790	3.0
27822	3.0
27846	5.0
27904	2.5
30793	3.0
30810	4.0
30816	3.0
30894	0.5
31658	5.0
31685	3.0
31878	4.5
32031	1.5
32587	4.0
32598	1.0
33166	4.5
33493	4.5
33660	1.0
33794	1.0
33834	4.0
33880	4.5
34048	3.0
34072	3.5
34162	3.5
34319	3.0
34405	3.5
34437	4.0
34542	4.5
35957	1.5
36401	2.0
36535	3.0
37240	4.5
37729	4.0
37741	4.5
37857	5.0
38038	3.0
38061	4.0
39183	4.0
39292	4.0
40278	4.0
40732	3.5
40815	3.5
41566	3.0
41569	3.5
41997	4.0
42004	4.0
42011	3.5
44191	4.0
44195	4.5
44199	4.0
44555	4.5
44694	4.0
44788	4.5
45028	2.5
45722	3.0
45950	2.0
46578	4.5
46850	4.0
46965	3.5
46976	4.0
47629	3.5
47999	4.5
48043	4.0
48082	5.0
48394	5.0
48774	2.5
48780	3.5
49932	5.0
50872	4.0
50912	4.5
51255	4.5
51540	4.0
52604	2.5
52885	5.0
53125	1.0
53894	4.0
54001	4.0
54190	2.5
54272	3.5
54503	4.0
54881	4.5
55247	0.5
55276	4.5
55290	3.5
55442	5.0
55814	5.0
55830	3.0
56145	2.5
56339	4.5
56367	4.0
56757	3.0
56782	4.5
56805	4.0
57274	2.5
57368	3.0
58559	1.0
59387	5.0
59615	2.5
60069	4.0
60766	3.0
61236	4.0
61240	4.0
61323	4.5
61729	3.5
62511	5.0
63082	4.0
65261	5.0
65642	4.0
66097	4.5
66665	4.0
68237	4.5
68358	2.0
68791	3.5
68952	4.5
68954	4.5
69134	4.5
69844	2.0
69951	4.5
70286	2.0
71057	3.0
71156	3.0
71379	3.0
72998	0.5
73266	3.5
74789	1.0
76077	4.0
76251	4.5
77455	4.0
78499	4.5
79132	3.0
79702	3.0
81591	3.0
81845	2.0
81847	3.5
86320	3.5
86332	3.5
86880	1.0
87232	4.0
88129	4.0
93840	4.5
94959	3.0
97913	4.5
103341	1.0
104841	3.5
106782	4.0
108932	4.5
109374	4.0
112183	3.0
112556	4.0
112852	4.5
