1	4.0
2	3.5
5	3.0
6	4.0
9	3.5
12	2.5
18	4.5
19	3.0
22	3.0
23	3.0
24	4.0
25	3.0
31	3.5
32	4.0
34	4.0
44	3.0
47	5.0
48	3.5
50	4.5
70	4.5
88	2.0
95	3.0
104	3.0
110	5.0
112	3.5
145	4.0
150	3.5
151	3.5
153	3.0
158	2.5
160	2.5
161	4.0
163	4.0
165	4.0
168	3.5
170	3.0
172	3.0
173	3.0
177	3.0
185	3.0
196	3.0
204	2.0
208	4.0
224	4.0
231	3.0
236	3.5
247	3.5
253	4.0
256	3.0
259	3.5
260	3.5
288	3.5
289	3.5
290	3.5
292	3.0
293	4.5
296	5.0
303	3.0
316	3.5
318	5.0
319	4.0
327	2.5
328	4.0
337	3.5
342	3.5
344	3.5
345	3.0
353	4.0
355	2.5
356	5.0
362	3.5
364	5.0
367	3.5
368	3.0
377	4.0
380	4.5
383	3.5
393	2.5
410	3.5
413	3.5
419	2.5
420	3.0
423	3.5
432	2.5
434	3.0
435	2.5
442	4.0
455	3.0
457	3.5
466	3.5
474	4.0
480	4.5
485	3.5
493	4.0
508	3.5
520	2.5
521	3.0
527	4.0
533	3.0
539	3.0
540	3.0
541	4.5
543	3.5
544	3.5
548	4.0
551	4.0
552	3.5
553	3.5
555	4.0
586	3.5
587	4.5
588	4.0
589	4.5
590	5.0
592	4.0
593	3.5
594	3.5
597	4.0
647	3.5
648	4.0
653	3.5
661	3.0
673	3.5
724	2.5
733	4.5
736	3.0
737	2.0
741	4.0
743	3.0
748	3.5
761	2.5
762	3.0
778	5.0
780	4.0
785	3.5
786	2.5
798	2.5
799	4.0
802	4.0
832	3.5
836	2.5
837	3.5
839	2.5
849	3.0
852	3.0
879	2.5
880	3.0
912	4.0
968	2.0
991	4.0
1020	3.5
1025	4.5
1027	4.5
1029	4.0
1030	2.5
1036	5.0
1037	3.0
1047	4.0
1049	3.5
1059	4.5
1061	4.0
1079	3.0
1080	4.0
1088	4.5
1089	4.0
1090	4.5
1092	3.0
1093	3.5
1094	4.0
1097	4.0
1100	3.5
1101	4.0
1127	4.0
1129	4.0
1135	3.5
1136	4.0
1147	3.5
1196	4.0
1197	4.0
1198	4.0
1200	4.0
1201	3.5
1204	4.0
1206	3.0
1210	4.5
1213	4.5
1214	4.0
1215	2.5
1219	4.0
1220	4.0
1222	4.0
1225	4.0
1240	4.0
1255	3.5
1258	3.0
1259	4.0
1262	4.5
1265	5.0
1266	4.0
1270	4.5
1274	4.0
1275	4.0
1282	3.5
1291	4.5
1293	4.5
1302	3.5
1304	4.0
1307	4.0
1320	3.5
1321	3.5
1327	3.5
1333	4.0
1339	3.5
1342	3.5
1343	4.0
1344	4.0
1345	4.5
1370	4.0
1377	3.0
1378	4.0
1379	3.5
1380	3.5
1381	3.0
1385	4.0
1387	4.0
1391	2.5
1393	4.5
1394	3.5
1396	3.5
1405	1.5
1407	3.0
1408	5.0
1416	3.5
1438	3.0
1479	1.5
1485	3.0
1499	2.0
1500	4.0
1513	1.5
1515	3.0
1517	3.5
1527	4.0
1544	3.0
1552	4.5
1562	2.0
1573	4.0
1580	4.0
1584	3.5
1586	4.0
1587	3.5
1588	3.0
1590	3.5
1591	3.5
1597	3.5
1606	4.0
1608	3.5
1610	4.0
1620	3.5
1639	4.0
1641	4.5
1644	3.0
1645	4.0
1653	3.0
1663	3.0
1674	3.5
1676	4.0
1680	4.0
1681	2.5
1682	4.5
1687	3.0
1690	3.5
1702	3.0
1704	4.0
1721	4.0
1726	4.0
1729	3.0
1748	3.5
1752	2.0
1777	4.5
1779	3.0
1801	3.5
1831	3.0
1833	3.0
1882	2.5
1883	3.5
1911	2.0
1912	3.5
1917	4.0
1918	4.0
1920	3.0
1923	4.0
1957	4.0
1960	4.0
1961	4.5
1962	4.0
1967	4.5
1968	4.0
1997	3.0
2000	4.5
2001	4.0
2002	4.0
2003	4.0
2004	2.5
2005	4.5
2006	3.5
2010	4.5
2011	4.5
2012	4.5
2014	3.5
2018	3.5
2021	4.0
2028	5.0
2046	3.5
2048	3.5
2053	2.0
2058	4.0
2072	3.5
2078	4.0
2080	3.0
2081	4.5
2085	4.0
2094	4.0
2100	3.5
2105	3.5
2115	4.0
2116	4.0
2123	3.0
2124	3.5
2125	3.5
2126	3.0
2134	3.0
2135	3.5
2136	2.5
2138	5.0
2139	4.5
2140	4.5
2141	4.0
2142	3.5
2143	4.5
2145	3.5
2160	4.0
2161	4.0
2167	4.0
2174	4.5
2193	4.5
2194	4.0
2231	4.0
2232	3.5
2268	4.0
2273	4.0
2278	3.5
2291	4.5
2294	3.0
2313	4.0
2316	3.0
2321	3.0
2322	3.5
2329	4.5
2340	4.0
2353	4.0
2354	3.0
2355	3.5
2359	3.5
2366	4.0
2367	4.0
2390	4.0
2396	4.5
2401	4.0
2405	4.0
2406	4.0
2407	3.5
2413	3.5
2420	4.5
2424	3.5
2427	3.5
2428	3.5
2447	3.5
2450	3.0
2455	4.0
2456	3.0
2467	4.0
2470	4.0
2471	3.5
2474	3.5
2478	3.5
2490	3.5
2505	3.0
2513	4.0
2542	4.5
2567	3.5
2571	4.5
2600	1.5
2605	3.0
2616	2.5
2617	4.0
2628	3.5
2641	3.5
2671	4.0
2683	3.5
2692	4.5
2694	3.0
2699	3.5
2700	2.5
2701	3.5
2706	4.0
2707	3.5
2710	3.5
2712	3.5
2716	4.5
2717	3.0
2720	1.0
2722	3.5
2723	3.0
2739	3.5
2746	4.0
2748	2.5
2761	3.0
2762	3.5
2770	3.0
2791	4.0
2797	4.0
2802	3.5
2808	4.0
2815	2.5
2822	2.0
2826	3.5
2827	3.0
2858	4.0
2872	4.0
2879	4.0
2890	3.5
2916	4.0
2918	3.5
2944	4.0
2951	4.0
2953	3.0
2959	4.5
2968	4.0
2985	4.0
2987	4.0
2995	3.5
3005	3.5
3020	3.5
3033	2.5
3037	4.0
3052	4.0
3053	3.5
3060	4.0
3081	3.0
3107	3.5
3108	3.5
3113	3.5
3114	3.5
3147	4.0
3173	4.0
3175	3.5
3176	3.5
3178	4.0
3198	4.0
3203	4.0
3247	4.0
3253	3.5
3254	3.5
3256	3.5
3257	3.5
3259	4.5
3263	3.5
3264	3.5
3265	4.0
3269	3.5
3271	4.0
3273	3.0
3275	4.0
3285	3.0
3300	4.0
3386	4.0
3409	4.0
3418	3.5
3448	4.5
3478	3.0
3479	3.5
3484	2.5
3489	4.0
3503	3.0
3508	4.0
3527	4.0
3535	2.5
3578	4.5
3623	3.0
3624	3.5
3671	3.5
3681	4.0
3686	3.5
3697	3.0
3698	3.0
3699	3.5
3701	3.0
3702	3.5
3703	3.5
3704	4.0
3717	3.0
3726	3.5
3744	2.5
3751	3.5
3753	4.0
3755	3.5
3785	2.0
3793	4.5
3826	3.0
3827	3.5
3841	3.5
3863	4.0
3917	3.5
3968	3.5
3977	3.0
3979	3.5
3986	2.5
3994	3.0
3996	4.0
3997	2.5
3999	3.0
4006	5.0
4008	3.5
4010	4.0
4011	4.0
4018	3.5
4022	3.0
4041	4.0
4103	4.5
4128	4.0
4148	3.5
4178	4.0
4223	3.5
4226	4.0
4238	4.0
4246	3.5
4270	3.5
4275	3.5
4306	4.5
4308	4.5
4310	4.0
4321	3.5
4327	4.0
4343	4.0
4344	3.5
4351	3.5
4367	3.5
4369	3.0
4370	3.5
4467	2.5
4487	3.5
4492	4.0
4545	3.5
4571	3.5
4621	3.5
4638	3.5
4673	3.0
4677	3.5
4681	3.5
4701	3.5
4720	3.0
4728	2.0
4734	3.0
4748	1.0
4776	4.0
4816	1.5
4844	3.0
4855	3.0
4878	3.5
4886	4.0
4887	3.0
4890	2.5
4896	4.0
4954	3.5
4963	4.0
4975	3.5
4980	3.0
4993	5.0
5010	3.5
5055	4.0
5064	4.0
5065	3.5
5093	3.0
5152	3.0
5159	2.5
5218	4.5
5219	3.5
5254	3.5
5266	4.0
5308	3.5
5313	3.5
5349	4.0
5377	3.5
5401	2.0
5418	4.0
5419	2.5
5444	4.0
5445	4.0
5449	3.0
5459	3.5
5463	3.0
5464	4.0
5481	3.0
5502	3.0
5507	3.5
5574	4.0
5609	2.0
5679	3.0
5810	4.0
5816	4.0
5833	3.0
5903	4.5
5952	4.5
5956	4.0
5989	3.5
6016	4.5
6059	3.5
6156	3.0
6157	3.0
6218	3.5
6287	2.5
6303	3.5
6333	4.0
6365	4.0
6377	4.5
6383	3.0
6440	3.5
6502	3.5
6534	3.5
6537	3.0
6539	4.0
6548	3.5
6564	3.0
6595	3.0
6664	3.5
6709	3.0
6754	3.5
6755	3.0
6796	4.0
6807	3.5
6857	4.0
6863	4.0
6874	4.0
6934	3.5
6936	3.0
6944	3.0
6947	3.5
6966	3.0
7004	2.5
7022	3.0
7090	4.5
7143	4.5
7147	4.0
7153	5.0
7254	4.0
7325	2.0
7360	3.0
7373	4.0
7376	4.0
7380	3.5
7445	3.5
7454	3.0
7458	4.0
7481	3.5
7757	3.5
8132	5.0
8169	3.5
8360	3.5
8361	3.5
8368	3.5
8371	4.0
8528	3.0
8636	4.5
8640	2.5
8641	2.0
8644	3.0
8665	4.0
8666	2.5
8798	4.0
8810	3.0
8866	3.0
8874	3.5
8908	3.5
8957	4.0
8961	4.5
8972	3.0
8977	2.5
8984	3.5
8985	3.5
27788	4.0
27801	4.0
27904	2.5
30707	4.5
30749	4.0
30793	3.0
30810	1.0
31225	3.0
31420	3.0
31696	4.0
31878	3.5
32031	3.0
32587	4.5
33162	3.0
33615	3.5
33646	3.0
33679	4.0
33794	4.0
34048	3.0
34150	3.5
34162	2.5
34319	4.0
34405	4.5
34534	3.5
36401	3.0
36519	3.5
37386	3.0
37731	3.0
37830	3.5
40815	4.0
41566	3.0
41569	3.5
42718	4.0
42723	3.0
42734	3.0
42738	3.5
43936	3.5
44022	3.5
44191	3.5
45186	3.5
45499	4.0
45517	4.0
45720	3.5
45722	3.5
46335	3.0
46530	3.5
46948	3.0
46970	3.5
46972	3.0
47200	4.0
47610	4.0
48043	3.5
48304	4.0
48385	3.5
48394	3.5
48738	4.0
48774	3.0
48780	4.0
48982	3.5
49272	4.5
49274	4.5
49530	3.0
50872	3.5
51077	2.5
51255	2.5
51412	3.5
51540	3.5
51662	4.0
52245	3.0
52328	3.0
52458	3.0
52722	3.5
52973	2.5
53000	3.5
53121	3.0
53125	3.0
53322	3.5
53464	3.0
53972	4.0
53996	4.0
54001	4.0
54259	4.5
54272	3.0
54286	4.0
55276	3.5
55282	3.5
55765	4.0
55830	2.5
55995	3.5
56145	2.5
56174	3.5
56339	3.0
56775	3.0
56801	3.0
56949	3.5
57274	4.0
57640	4.0
58025	4.0
58293	3.5
58295	3.5
58559	4.0
59315	4.0
59615	3.0
59784	4.5
60040	3.0
60069	4.0
60072	4.5
60684	4.0
60937	3.0
61132	2.5
61350	3.0
63082	4.0
63113	3.0
64030	3.0
64614	3.5
64957	4.5
65514	4.5
65682	3.5
66171	3.0
68157	3.0
68319	3.5
68358	4.5
68791	3.5
68954	3.5
69481	4.0
69526	3.0
70286	3.5
70336	3.0
71135	4.0
71254	2.5
71264	3.5
71530	3.0
71535	3.0
72226	3.5
72378	3.5
72998	5.0
73017	4.0
73321	2.5
74789	3.5
74795	3.5
76093	4.5
76175	3.0
76251	3.5
77561	4.0
77866	3.0
78105	4.0
78469	4.0
78499	3.5
78637	4.0
78772	3.0
79057	3.5
79091	4.5
79132	4.5
79185	3.5
79293	4.0
79695	4.0
79702	3.0
80219	3.0
80463	4.5
80489	3.0
81229	3.0
81564	4.5
81834	3.0
81847	3.5
81932	4.0
83613	3.0
84152	4.0
84944	3.5
84954	4.0
85414	4.5
86190	3.0
86332	3.5
87222	3.5
87232	4.0
87430	2.5
87485	1.5
87520	3.0
88125	4.5
88140	3.5
88744	4.0
89745	4.5
89753	3.0
90746	3.5
91529	4.5
91535	3.0
91542	3.5
91630	3.5
92420	4.5
93840	3.5
94777	3.5
94864	3.5
95167	4.0
95510	3.5
96079	4.0
96737	3.5
97752	3.5
98809	4.0
