1	4.0
2	1.5
6	2.0
7	2.5
10	2.5
11	4.0
16	2.0
19	1.0
21	4.0
23	2.5
29	5.0
32	4.0
34	2.5
36	3.0
42	4.0
45	1.0
47	2.5
50	2.5
52	1.0
70	4.0
76	3.0
81	3.0
95	2.5
101	3.0
104	3.0
110	2.5
111	2.5
112	2.5
125	4.0
141	3.5
145	2.5
150	3.5
153	1.0
161	2.5
162	3.5
165	1.0
172	1.5
173	1.0
175	2.5
185	1.0
193	0.5
194	2.5
196	1.0
198	3.5
204	1.5
215	3.5
223	4.0
229	3.0
231	2.5
233	2.5
235	3.5
236	2.0
237	2.0
247	2.0
256	2.5
260	5.0
265	3.0
273	2.0
277	3.5
288	2.5
293	3.5
296	5.0
300	2.5
303	2.0
306	1.5
316	1.5
318	3.0
319	4.5
327	3.0
329	3.0
333	3.0
337	3.5
339	2.0
344	2.5
345	4.0
349	2.5
353	3.0
356	3.0
357	1.5
364	4.0
367	3.0
368	3.0
372	2.0
377	2.5
379	1.5
380	2.5
382	1.5
417	4.5
420	1.5
431	2.0
432	2.0
434	2.5
440	2.5
441	4.0
442	1.5
454	3.0
457	3.5
464	1.0
466	2.5
471	5.0
474	4.0
480	3.0
482	2.5
485	4.0
490	3.0
493	3.5
494	3.5
497	2.5
500	2.5
501	1.0
508	2.5
515	2.5
517	1.0
521	1.0
527	2.5
529	4.0
535	1.0
537	2.0
540	1.5
541	5.0
543	2.5
546	2.5
551	4.0
555	2.5
587	2.5
588	3.0
589	5.0
590	1.0
592	4.5
593	4.5
594	2.5
595	2.5
597	2.5
599	2.5
608	4.0
610	3.0
627	2.0
648	2.5
653	1.5
661	2.0
708	2.0
733	1.0
741	2.5
745	4.0
750	4.0
778	4.0
780	1.5
784	2.0
785	2.5
786	2.5
788	1.0
832	3.0
838	3.0
849	2.5
852	2.5
858	4.0
866	4.0
886	3.0
904	4.0
910	1.0
912	5.0
913	5.0
920	2.5
923	2.0
924	4.0
940	3.0
953	3.0
954	3.0
994	3.5
999	1.0
1027	1.0
1036	3.0
1047	2.5
1059	3.5
1060	4.5
1073	4.0
1077	3.0
1079	4.5
1080	4.5
1086	3.5
1088	3.5
1089	5.0
1092	2.5
1093	2.0
1094	3.5
1097	4.0
1101	2.5
1120	4.0
1124	3.0
1127	2.5
1129	2.5
1136	3.5
1148	4.0
1162	4.0
1171	1.0
1172	3.0
1173	1.5
1175	5.0
1183	1.0
1186	2.0
1193	5.0
1196	5.0
1197	4.5
1198	5.0
1199	5.0
1200	5.0
1201	3.5
1203	3.5
1204	3.0
1206	4.5
1207	3.0
1208	4.5
1210	5.0
1211	1.0
1212	2.5
1213	2.5
1214	5.0
1215	4.0
1217	2.5
1218	4.0
1220	3.5
1221	4.0
1222	2.5
1223	3.5
1225	1.5
1228	1.0
1230	4.0
1231	3.0
1233	3.5
1234	4.0
1235	3.5
1240	5.0
1243	4.5
1244	4.5
1245	3.5
1246	2.0
1247	3.5
1249	2.5
1250	3.5
1252	5.0
1257	4.5
1258	3.5
1259	4.0
1261	5.0
1263	3.5
1265	5.0
1266	5.0
1267	3.5
1270	4.0
1271	1.5
1274	2.5
1275	4.0
1276	3.0
1277	2.5
1278	3.5
1282	3.5
1284	2.5
1285	5.0
1288	4.5
1291	3.0
1292	1.5
1293	2.0
1296	2.0
1297	4.5
1298	5.0
1301	3.0
1304	3.5
1306	1.0
1307	4.5
1320	1.5
1334	3.0
1339	4.0
1345	3.5
1350	3.0
1356	3.5
1357	1.0
1358	4.0
1361	3.5
1370	2.0
1371	2.5
1372	2.0
1373	1.5
1374	5.0
1375	2.5
1376	4.5
1377	2.0
1385	2.0
1387	3.0
1391	1.0
1393	3.0
1394	2.0
1395	2.5
1396	2.0
1405	3.0
1407	3.5
1411	3.5
1449	2.5
1466	3.5
1483	2.5
1485	4.0
1500	2.0
1513	2.5
1517	1.5
1527	2.5
1542	2.5
1544	2.0
1552	1.0
1573	3.5
1580	2.5
1584	2.5
1586	2.5
1589	3.0
1591	1.5
1594	2.0
1608	2.5
1610	3.0
1617	3.0
1625	2.5
1627	3.5
1635	5.0
1639	4.5
1641	4.0
1645	2.0
1648	3.5
1653	2.5
1663	3.5
1673	4.0
1674	3.0
1676	0.5
1682	2.0
1693	3.0
1704	1.5
1711	3.5
1721	3.0
1722	2.0
1729	3.0
1732	4.5
1747	1.5
1748	4.5
1769	2.5
1777	3.0
1779	2.5
1784	2.0
1794	4.0
1810	2.5
1834	3.0
1873	2.5
1876	2.5
1884	3.5
1907	3.0
1909	2.0
1912	4.0
1914	4.0
1916	4.5
1917	0.5
1921	5.0
1923	3.0
1946	2.5
1955	4.0
1956	4.5
1961	3.5
1962	3.0
1967	3.0
1968	4.5
1970	2.0
1982	3.0
1994	3.5
1995	2.0
1997	2.5
1999	1.0
2000	3.5
2001	1.5
2002	1.5
2003	3.5
2010	2.5
2011	2.5
2012	2.5
2015	3.5
2019	3.5
2020	2.5
2021	2.0
2022	2.0
2023	2.0
2028	2.5
2034	2.5
2054	3.0
2076	2.5
2081	4.0
2094	3.0
2100	3.5
2105	3.5
2108	3.5
2109	3.0
2115	2.0
2124	2.5
2135	3.0
2138	3.0
2140	3.0
2144	4.0
2148	3.5
2150	3.5
2161	2.5
2163	1.5
2167	4.0
2174	3.0
2176	3.5
2193	2.5
2194	2.5
2232	3.5
2241	1.0
2243	2.5
2248	3.0
2253	1.5
2259	1.0
2268	2.0
2273	3.0
2278	2.0
2288	4.5
2289	3.5
2291	3.0
2294	2.0
2302	3.5
2311	4.5
2321	2.5
2324	3.5
2329	2.5
2333	4.5
2340	2.5
2346	3.0
2352	4.5
2355	3.5
2366	3.0
2371	3.5
2376	1.5
2377	2.5
2378	2.0
2391	4.0
2394	3.0
2395	5.0
2396	3.5
2404	1.0
2406	3.0
2407	3.5
2416	1.5
2420	2.0
2421	2.0
2424	0.5
2455	3.5
2463	3.0
2467	3.5
2469	1.0
2470	3.0
2478	1.0
2502	4.0
2517	2.5
2518	1.0
2528	2.5
2529	3.5
2542	2.5
2571	5.0
2580	3.0
2594	3.5
2598	2.0
2599	4.0
2600	4.5
2616	1.0
2617	2.0
2628	0.5
2640	4.5
2641	4.5
2657	2.0
2664	3.0
2668	3.0
2671	3.5
2672	2.0
2688	1.5
2692	4.5
2693	3.5
2699	2.5
2700	4.5
2706	2.5
2710	2.0
2712	1.5
2716	4.0
2718	1.5
2728	2.0
2735	1.0
2761	4.0
2762	2.5
2770	3.0
2787	2.5
2788	3.0
2791	4.0
2792	3.0
2795	1.5
2797	4.0
2803	2.5
2819	2.5
2840	1.0
2841	3.0
2858	3.0
2871	3.0
2872	3.5
2890	4.5
2912	1.5
2915	2.0
2916	4.0
2918	4.0
2924	2.5
2942	2.5
2944	2.5
2947	3.0
2948	3.5
2949	3.0
2959	5.0
2968	3.5
2976	3.0
2985	5.0
2986	1.5
2987	4.5
2989	3.5
2993	2.5
2997	5.0
3000	3.0
3006	3.5
3018	2.5
3033	2.0
3039	3.0
3040	3.5
3044	4.5
3052	2.0
3060	3.5
3070	4.5
3077	1.0
3081	2.5
3087	1.5
3088	3.0
3098	2.0
3101	3.0
3104	1.5
3105	3.5
3107	2.5
3108	4.0
3114	4.5
3148	2.0
3160	3.5
3168	1.5
3174	1.5
3175	4.0
3186	2.0
3198	3.0
3203	2.5
3210	3.5
3213	3.5
3247	2.5
3253	4.0
3256	2.0
3258	1.5
3261	2.0
3263	3.0
3264	3.0
3266	2.0
3267	3.0
3300	3.5
3301	3.0
3317	3.5
3328	2.5
3342	3.5
3360	2.5
3361	3.0
3362	3.0
3396	3.5
3418	3.5
3421	3.5
3429	4.5
3438	1.5
3448	3.0
3451	2.5
3452	2.5
3462	2.0
3471	4.0
3476	5.0
3479	4.0
3480	4.0
3481	3.0
3489	0.5
3499	3.5
3525	2.0
3526	3.5
3527	3.5
3535	2.5
3543	2.5
3550	3.0
3551	3.0
3556	1.5
3576	1.0
3578	2.0
3608	1.0
3623	2.0
3624	3.0
3635	3.5
3638	2.5
3639	3.0
3653	3.0
3671	3.0
3677	2.0
3683	3.5
3686	3.0
3697	1.5
3699	2.5
3702	1.5
3703	3.5
3706	4.5
3707	2.0
3708	2.5
3723	2.5
3730	3.0
3740	3.5
3747	3.0
3751	4.0
3752	2.5
3754	2.0
3755	2.5
3786	2.0
3793	4.5
3798	1.0
3809	1.0
3812	2.5
3814	3.0
3819	3.0
3827	1.0
3863	2.0
3868	3.0
3882	3.0
3896	3.0
3897	3.0
3918	2.5
3949	3.5
3950	2.5
3967	4.0
3977	2.5
3993	2.0
3994	2.5
3996	4.5
4002	1.5
4005	4.0
4007	2.0
4011	2.0
4014	2.5
4017	2.0
4020	3.0
4025	1.5
4027	3.0
4029	3.0
4034	1.5
4041	2.5
4052	2.0
4061	2.5
4066	2.5
4069	2.0
4079	3.5
4084	2.0
4085	2.0
4103	1.0
4105	3.0
4128	3.0
4210	3.0
4211	4.0
4214	3.0
4225	3.5
4226	5.0
4232	3.0
4234	3.0
4235	2.5
4239	1.5
4246	2.5
4270	3.0
4280	2.5
4306	3.0
4308	2.5
4321	3.5
4343	2.5
4344	2.0
4349	3.0
4361	3.0
4367	1.0
4370	2.0
4372	3.0
4380	4.0
4443	3.0
4446	2.5
4447	2.5
4467	2.5
4499	4.5
4533	3.0
4557	1.5
4558	2.0
4564	3.5
4641	3.0
4642	2.5
4643	2.0
4681	1.5
4713	4.5
4718	2.0
4720	4.0
4734	2.5
4784	2.5
4846	3.0
4855	2.5
4865	1.0
4873	1.0
4878	4.5
4881	3.0
4886	2.5
4896	3.0
4901	1.5
4902	4.0
4903	1.0
4951	2.5
4963	3.0
4973	5.0
4975	2.5
4979	5.0
4993	5.0
4995	4.0
5010	3.0
5015	3.0
5021	2.0
5072	3.0
5218	2.5
5222	2.5
5225	3.5
5237	2.0
5266	3.0
5349	4.0
5377	3.0
5388	3.0
5417	3.0
5418	3.5
5438	2.0
5444	4.5
5445	4.5
5459	2.0
5464	3.0
5500	2.0
5502	2.5
5528	3.5
5548	1.5
5617	2.5
5618	4.0
5669	1.0
5679	4.5
5782	3.0
5810	3.0
5816	4.0
5881	2.5
5902	5.0
5945	1.5
5952	5.0
5971	3.0
5989	3.0
5991	2.5
6003	2.0
6016	3.5
6062	3.5
6104	3.0
6218	3.5
6242	3.0
6281	2.0
6296	2.5
6333	4.5
6350	3.5
6365	2.0
6373	2.5
6377	4.5
6380	3.0
6385	3.5
6440	2.0
6502	4.0
6534	3.5
6537	4.0
6539	2.5
6552	3.5
6618	4.0
6620	4.0
6636	4.5
6659	4.0
6708	3.5
6711	4.0
6755	3.5
6796	4.5
6807	3.5
6863	4.0
6867	3.5
6870	3.0
6874	2.5
6881	3.5
6934	3.0
6936	3.0
6942	2.5
6947	3.0
6954	2.5
6957	3.0
6979	4.0
6996	0.5
7000	4.5
7001	4.0
7027	3.5
7075	1.0
7090	3.5
7099	4.0
7123	5.0
7137	3.0
7139	3.5
7143	2.5
7147	3.0
7153	5.0
7156	3.0
7160	3.0
7162	3.0
7361	4.0
7371	3.5
7373	4.0
7387	3.5
7419	2.5
7438	2.5
7482	1.5
7649	3.5
8207	2.5
8253	5.0
8360	4.0
8366	3.0
8368	4.5
8370	3.0
8373	2.5
8464	3.5
8501	2.5
8607	3.5
8610	2.5
8636	4.5
8638	3.5
8665	3.0
8690	3.0
8781	4.0
8784	3.0
8798	3.5
8807	4.0
8865	3.5
8874	4.0
8949	3.0
8961	4.5
27706	3.5
30810	4.0
33794	4.0
