1	5.0
2	4.5
3	3.0
5	4.0
6	2.5
8	3.5
10	4.0
11	2.0
16	4.0
17	0.5
19	2.0
32	3.0
34	3.5
39	3.0
44	2.0
47	4.0
48	2.5
50	5.0
54	3.5
60	3.5
65	2.5
69	3.0
70	3.0
88	4.5
104	5.0
107	3.0
110	5.0
111	3.0
141	4.5
145	3.0
150	3.5
153	3.0
157	3.0
163	3.5
165	3.0
169	3.0
180	3.0
181	0.5
196	0.5
207	2.5
216	5.0
223	3.5
231	5.0
235	4.0
239	3.0
253	3.0
258	2.5
260	5.0
261	2.5
262	4.0
267	3.0
274	3.5
288	3.5
293	3.5
296	3.5
303	4.0
316	0.5
317	4.0
318	5.0
329	0.5
333	4.5
337	4.0
339	4.5
344	3.0
349	3.0
350	4.0
351	1.0
356	4.0
361	4.0
362	1.5
364	4.5
367	3.0
368	3.5
370	3.0
377	3.0
380	3.5
421	2.0
454	4.0
455	4.0
457	4.0
466	2.5
480	4.5
500	4.5
508	3.5
520	4.0
524	4.0
527	4.5
529	3.0
531	3.5
539	3.5
541	1.0
542	3.5
543	4.0
546	1.5
551	2.5
553	4.5
569	3.0
586	5.0
587	1.0
588	5.0
590	2.0
592	2.5
593	4.5
594	4.5
595	4.5
596	4.5
597	2.0
599	4.0
608	4.5
609	3.5
616	4.0
648	4.5
661	1.5
673	3.5
709	4.0
711	3.0
733	4.0
736	3.5
737	1.0
778	0.5
780	3.5
783	2.5
784	3.0
785	3.0
788	2.5
805	4.0
810	0.5
832	4.0
837	4.0
858	5.0
881	4.5
891	2.0
899	3.5
902	3.0
903	3.5
904	4.5
905	4.5
909	3.5
910	4.0
912	3.5
913	4.0
914	3.0
915	3.5
918	3.5
919	3.5
920	3.5
923	3.5
924	0.5
933	4.0
953	3.0
954	2.0
986	2.5
1005	4.0
1007	4.5
1008	4.5
1009	3.5
1010	3.5
1011	4.0
1012	3.5
1013	4.5
1014	3.0
1015	4.0
1016	3.5
1017	4.0
1018	4.5
1019	4.0
1020	4.5
1021	4.0
1022	4.5
1023	2.5
1025	4.5
1027	3.0
1028	4.0
1029	4.0
1030	4.0
1031	3.0
1032	4.0
1033	3.5
1035	3.5
1036	5.0
1042	3.5
1049	4.0
1060	3.5
1064	3.5
1073	4.5
1079	3.0
1080	3.0
1086	4.0
1089	5.0
1092	0.5
1097	3.5
1099	3.0
1101	3.5
1125	5.0
1136	5.0
1193	3.5
1196	5.0
1197	4.5
1198	5.0
1201	4.5
1203	4.0
1206	2.0
1208	3.0
1210	5.0
1213	4.5
1214	3.5
1215	1.0
1219	3.5
1221	5.0
1222	4.0
1226	4.0
1228	4.0
1234	5.0
1246	2.0
1247	1.0
1250	4.0
1258	4.0
1259	4.0
1262	4.0
1265	4.0
1266	5.0
1267	4.0
1270	4.5
1272	3.5
1276	3.5
1282	2.0
1287	4.0
1288	3.5
1291	5.0
1304	5.0
1333	3.5
1339	0.5
1345	1.5
1347	2.0
1350	3.0
1356	0.5
1359	4.0
1367	4.0
1370	3.5
1371	0.5
1373	0.5
1374	0.5
1375	0.5
1376	0.5
1377	3.5
1387	4.0
1388	2.0
1389	2.0
1393	4.0
1394	0.5
1405	2.0
1407	3.5
1408	4.0
1431	3.5
1441	3.5
1460	1.0
1461	3.0
1466	3.5
1474	4.0
1476	0.5
1485	4.0
1488	3.5
1500	3.0
1513	4.0
1515	3.0
1517	5.0
1527	2.0
1544	4.0
1552	4.0
1562	2.5
1566	4.0
1569	3.5
1573	3.5
1580	3.5
1588	3.5
1590	3.0
1592	2.0
1595	2.0
1608	4.0
1610	3.5
1617	3.5
1620	4.0
1625	2.5
1639	3.5
1644	3.0
1645	3.5
1646	4.0
1653	2.0
1665	3.5
1672	3.5
1673	0.5
1676	0.5
1681	2.5
1682	4.0
1687	4.0
1689	5.0
1693	3.5
1702	3.5
1707	0.5
1713	3.0
1717	3.5
1721	2.5
1732	4.0
1753	3.0
1754	4.0
1760	0.5
1777	5.0
1784	0.5
1792	4.0
1801	4.5
1805	0.5
1806	1.0
1840	3.0
1882	0.5
1884	1.0
1894	3.0
1907	4.0
1911	3.0
1917	3.5
1923	4.0
1954	4.5
1957	4.5
1961	4.5
1962	4.0
1968	3.0
1974	3.0
1982	3.0
1991	4.0
1997	5.0
1998	2.5
1999	3.0
2000	3.0
2003	3.5
2005	4.0
2006	4.0
2011	4.5
2012	5.0
2013	4.0
2014	4.5
2015	3.0
2017	3.0
2018	4.0
2021	3.0
2023	4.5
2028	5.0
2036	1.5
2042	4.0
2048	5.0
2050	3.5
2051	3.0
2052	4.0
2053	4.5
2054	4.5
2059	2.0
2060	3.5
2072	3.5
2078	4.5
2080	4.5
2081	4.5
2082	4.5
2083	3.0
2085	4.5
2087	5.0
2089	5.0
2090	4.5
2092	4.0
2096	4.5
2102	4.0
2109	0.5
2115	5.0
2116	3.5
2122	3.0
2123	1.5
2125	4.0
2126	4.0
2135	3.0
2137	3.5
2141	4.0
2142	3.5
2144	2.0
2150	1.5
2152	1.0
2160	4.0
2161	3.0
2162	2.0
2167	3.5
2231	4.0
2248	3.5
2268	5.0
2273	4.0
2288	3.5
2291	3.5
2294	3.0
2296	4.0
2301	3.5
2302	4.0
2316	2.0
2324	5.0
2329	4.0
2334	3.0
2335	4.0
2336	3.0
2338	3.0
2340	2.0
2353	4.5
2355	4.5
2364	0.5
2384	2.5
2389	2.0
2393	0.5
2394	2.5
2402	4.0
2403	5.0
2404	1.0
2409	4.0
2410	3.0
2411	4.0
2412	3.0
2423	4.0
2424	1.0
2427	3.5
2428	1.5
2429	1.5
2431	4.0
2432	4.0
2450	0.5
2459	3.0
2478	3.5
2496	2.0
2501	4.0
2502	4.0
2505	3.5
2513	3.0
2541	0.5
2542	4.5
2555	0.5
2565	2.5
2571	4.5
2581	2.5
2617	5.0
2628	3.0
2633	0.5
2676	3.0
2683	5.0
2687	3.0
2688	3.0
2694	4.5
2700	3.5
2701	2.0
2702	0.5
2706	1.0
2709	3.0
2710	5.0
2712	0.5
2713	0.5
2716	3.5
2719	3.5
2720	1.0
2722	1.5
2723	3.5
2724	3.0
2728	4.0
2762	3.5
2763	3.0
2764	3.5
2791	3.0
2794	3.0
2797	3.5
2803	3.5
2804	4.0
2826	3.5
2827	3.5
2828	3.5
2860	3.5
2871	3.0
2881	3.5
2889	2.0
2907	3.5
2915	1.0
2918	3.5
2944	4.5
2948	4.5
2949	4.0
2951	4.0
2953	4.5
2959	4.5
2987	1.5
2995	2.5
2997	2.5
3004	0.5
3005	3.0
3006	3.5
3033	3.5
3034	5.0
3052	2.0
3066	3.0
3081	3.5
3082	4.0
3088	3.5
3101	0.5
3114	5.0
3146	2.5
3147	4.5
3155	1.5
3157	3.5
3159	0.5
3173	3.5
3175	2.0
3176	3.0
3177	1.5
3210	2.0
3243	3.5
3247	4.0
3248	4.0
3252	3.0
3253	4.0
3254	3.5
3255	2.5
3256	3.5
3257	0.5
3259	4.0
3267	3.0
3273	3.5
3275	4.5
3286	1.5
3296	3.5
3300	3.5
3316	3.5
3324	4.5
3328	3.5
3362	3.0
3365	4.0
3397	3.5
3398	3.5
3409	3.5
3421	3.0
3438	2.0
3440	1.0
3444	4.5
3448	4.0
3450	3.5
3452	3.5
3481	4.0
3483	2.5
3484	2.0
3489	4.5
3494	4.5
3499	4.0
3510	2.5
3512	4.5
3515	4.5
3527	2.5
3534	3.0
3535	2.0
3552	4.0
3555	4.5
3578	5.0
3614	3.5
3617	3.0
3623	4.0
3624	4.0
3646	3.0
3671	1.0
3672	3.0
3675	4.0
3683	3.5
3717	4.0
3752	4.5
3753	5.0
3755	3.0
3784	3.0
3785	2.5
3793	3.5
3798	4.0
3809	4.0
3825	0.5
3863	2.5
3864	0.5
3868	3.5
3882	1.0
3916	4.5
3948	4.5
3949	4.0
3955	1.5
3968	3.0
3969	2.5
3977	2.5
3979	3.0
3981	0.5
3986	1.0
3988	3.5
3993	1.0
3994	3.0
3996	2.5
3998	3.0
3999	3.0
4002	4.0
4011	5.0
4014	1.5
4015	4.0
4016	4.5
4019	3.0
4022	3.0
4023	3.5
4025	3.5
4027	3.5
4033	3.0
4034	3.5
4039	2.5
4052	3.0
4054	1.0
4069	0.5
4090	3.5
4148	3.5
4149	4.5
4153	2.0
4220	3.5
4223	4.0
4226	3.5
4232	1.0
4238	4.5
4239	4.5
4247	2.0
4255	2.5
4262	5.0
4270	4.0
4299	4.0
4306	2.0
4308	2.5
4310	0.5
4326	3.5
4327	4.0
4329	4.0
4339	2.5
4340	1.0
4343	2.0
4344	4.5
4361	3.5
4366	3.5
4368	3.0
4369	4.0
4386	2.5
4387	4.5
4388	3.0
4406	4.5
4447	2.0
4499	3.5
4519	3.5
4535	2.5
4571	3.5
4638	3.5
4643	3.5
4677	4.0
4678	2.5
4679	3.5
4699	0.5
4700	3.5
4701	4.0
4710	4.0
4718	0.5
4720	4.0
4728	4.5
4734	4.5
4744	3.0
4756	1.5
4770	2.0
4775	0.5
4776	5.0
4792	3.5
4799	4.5
4814	4.0
4816	5.0
4821	3.5
4823	4.0
4844	3.5
4845	2.0
4855	4.0
4857	4.0
4866	4.0
4876	3.5
4878	4.5
4886	5.0
4887	3.5
4889	3.0
4890	4.0
4896	4.5
4899	1.5
4901	4.0
4958	4.0
4963	4.0
4974	3.5
4975	3.0
4979	2.5
4993	5.0
4994	4.0
4995	4.5
5010	4.0
5014	4.0
5015	0.5
5025	5.0
5047	4.0
5064	3.5
5065	2.5
5066	1.0
5093	3.0
5094	1.0
5102	3.5
5103	5.0
5107	4.0
5108	4.5
5110	4.0
5127	2.0
5128	1.5
5152	4.5
5171	1.0
5218	3.0
5219	2.5
5247	3.0
5254	3.5
5265	1.0
5266	3.5
5267	3.5
5282	2.5
5283	3.0
5293	2.0
5294	3.0
5296	3.0
5299	4.0
5312	4.0
5313	0.5
5323	0.5
5349	4.0
5363	1.0
5364	0.5
5378	1.0
5388	3.5
5400	3.0
5401	0.5
5418	4.5
5419	2.5
5420	2.5
5444	2.0
5445	3.5
5449	3.5
5459	3.5
5463	2.5
5464	3.5
5478	1.0
5480	1.5
5481	5.0
5501	2.0
5502	4.0
5504	0.5
5507	4.5
5528	3.5
5541	3.5
5564	1.0
5574	3.0
5611	3.5
5620	3.0
5621	1.5
5630	2.0
5679	4.5
5782	4.0
5784	0.5
5785	4.5
5803	1.5
5804	3.0
5809	0.5
5810	4.5
5816	4.5
5879	3.5
5903	4.5
5941	3.0
5942	4.5
5943	0.5
5944	0.5
5945	3.0
5952	5.0
5955	2.5
5956	3.5
5957	3.0
5959	2.0
5989	4.0
5995	4.5
6006	2.0
6016	3.0
6058	3.5
6059	3.0
6155	4.0
6156	4.0
6157	1.0
6166	3.0
6188	4.0
6212	1.5
6213	4.5
6218	1.0
6263	3.0
6266	2.0
6281	4.0
6287	2.5
6294	0.5
6297	4.0
6323	4.5
6331	3.0
6333	4.0
6338	2.0
6365	5.0
6373	4.0
6377	4.0
6378	4.0
6379	3.0
6383	2.5
6482	0.5
6484	1.0
6502	3.0
6503	1.0
6534	0.5
6539	4.0
6541	2.5
6548	3.0
6550	3.5
6565	3.5
6586	0.5
6587	0.5
6593	2.5
6595	3.0
6659	4.0
6662	4.0
6663	5.0
6695	0.5
6707	1.0
6708	2.5
6709	4.0
6711	0.5
6724	3.0
6754	2.5
6755	0.5
6763	1.5
6764	1.5
6765	0.5
6793	4.5
6794	3.5
6807	2.0
6808	5.0
6862	4.5
6863	5.0
6870	4.5
6874	4.5
6879	3.5
6880	3.0
6887	3.5
6888	3.0
6889	0.5
6934	3.5
6936	5.0
6944	4.5
6947	4.5
6950	3.5
6951	1.0
6952	3.5
6957	2.0
6959	0.5
7004	3.0
7007	1.0
7045	2.5
7072	4.0
7090	4.0
7137	1.0
7143	4.5
7147	2.0
7149	0.5
7150	3.0
7153	5.0
7154	0.5
7161	3.0
7162	3.0
7163	2.5
7173	3.0
7247	3.5
7254	4.0
7255	4.0
7263	4.0
7293	4.0
7317	2.0
7318	4.0
7325	3.5
7347	3.0
7360	1.5
7361	1.0
7362	3.0
7367	4.0
7369	1.5
7373	4.0
7376	1.5
7386	3.5
7438	5.0
7439	4.0
7444	3.5
7445	4.0
7451	4.5
7454	3.0
7458	4.0
7842	3.0
8228	4.0
8360	2.5
8361	1.0
8368	4.0
8371	3.0
8376	4.5
8464	4.0
8526	3.5
8528	4.0
8529	4.0
8531	2.0
8533	3.0
8596	5.0
8636	4.0
8640	2.0
8641	4.5
8644	4.0
8665	5.0
8781	4.0
8783	4.0
8798	4.5
8807	4.0
8810	0.5
8814	3.5
8827	4.5
8860	3.5
8861	2.0
8870	1.0
8874	4.0
8908	3.5
8917	2.5
8937	3.5
8947	3.5
8948	0.5
8949	0.5
8957	4.5
8961	4.0
8965	3.0
8968	2.5
8970	1.5
8972	4.0
8983	3.5
8984	3.5
8985	2.0
26084	1.5
26133	4.0
26152	3.5
26614	5.0
27611	0.5
27773	3.5
27788	2.0
27808	3.5
27821	2.5
27822	1.5
27837	4.0
27839	4.0
30707	5.0
30749	3.5
30793	3.0
30812	4.5
30816	4.0
30822	3.5
30825	2.5
30894	2.5
31221	1.5
31225	3.5
31420	3.5
31427	4.0
31685	4.5
31696	1.0
31878	3.0
32017	3.0
32029	4.0
32587	2.5
32596	3.0
32598	3.0
33004	1.5
33085	4.5
33162	1.0
33164	2.0
33166	3.0
33437	4.0
33493	3.5
33615	3.5
33646	4.0
33660	4.5
33679	3.5
33794	3.0
33836	2.0
34048	1.5
34150	3.5
34162	3.5
34271	5.0
34319	4.0
34532	4.0
34534	3.5
34542	4.0
35836	3.0
35957	2.5
36401	3.0
36517	2.0
36519	2.0
36525	3.5
36529	4.0
36708	4.0
37384	1.5
37720	3.5
37727	3.0
37729	3.0
37731	1.0
37733	2.0
39183	0.5
39292	1.5
39435	3.0
39444	3.0
39446	4.0
39715	0.5
40278	0.5
40581	2.5
40583	3.5
40614	4.0
40629	3.0
40732	4.0
40815	4.0
40819	2.5
41566	4.0
41569	3.0
41571	3.0
41997	4.0
42002	4.0
42011	3.5
42723	1.5
42725	0.5
42734	3.0
42738	3.0
43679	3.0
43836	3.0
43871	3.0
43919	0.5
43936	3.5
44022	3.0
44191	0.5
44193	4.5
44199	4.0
44397	3.0
44665	2.0
44972	3.0
45081	1.5
45186	4.0
45210	3.0
45431	3.5
45442	3.5
45447	0.5
45499	3.5
45501	3.0
45517	4.0
45666	4.5
45672	4.0
45720	3.0
45722	4.0
45726	4.0
45728	3.0
45730	3.5
46322	4.0
46578	4.0
46723	1.0
46948	3.5
46965	0.5
46970	3.5
46972	4.5
46976	3.5
47099	4.0
47200	3.0
47518	3.5
47610	4.0
47640	0.5
47644	4.0
47997	0.5
48142	1.0
48304	5.0
48322	4.5
48385	4.5
48394	3.5
48516	5.0
48738	3.5
48774	3.0
48780	4.0
48877	4.0
49272	4.0
49274	2.5
49278	3.5
49286	3.5
49396	2.5
49530	4.5
49649	2.5
49651	4.0
49822	0.5
50189	0.5
50442	2.0
50601	2.5
50794	0.5
50798	0.5
50804	3.5
50872	4.5
51080	4.5
51084	3.5
51086	3.5
51091	2.0
51255	4.0
51412	3.5
51540	3.0
51575	3.5
51662	3.5
51709	2.0
51931	1.5
51935	4.5
52241	3.5
52245	4.5
52281	3.5
52287	4.0
52435	4.0
52458	4.0
52604	3.5
52722	4.0
52973	4.0
52975	1.0
53121	2.5
53123	4.5
53125	3.5
53129	4.5
53322	4.0
53464	2.0
53519	3.5
53550	1.0
53953	3.5
53956	4.0
53972	4.0
53993	4.0
53996	2.0
54001	4.5
54004	3.0
54190	2.5
54259	4.0
54272	3.0
54286	4.5
54503	4.0
54648	4.0
54736	3.5
54881	4.0
54995	1.0
54997	5.0
54999	4.0
55052	0.5
55118	3.5
55247	3.5
55267	3.5
55269	4.0
55276	1.5
55280	3.0
55282	3.0
55290	3.0
55363	3.0
55577	4.0
55765	4.0
55768	2.5
55805	0.5
55820	5.0
55830	2.5
55995	0.5
56145	3.5
56152	4.0
56156	4.5
56174	4.5
56251	3.0
56367	4.0
56587	4.0
56757	4.0
56775	4.0
56782	5.0
56788	0.5
56805	0.5
56921	0.5
56941	4.0
56949	4.0
57368	4.0
57528	4.0
57640	4.0
57669	0.5
58025	4.0
58047	3.0
58103	3.0
58105	4.5
58154	2.0
58162	4.5
58293	1.0
58295	3.5
58299	4.0
58559	5.0
58803	4.0
58998	0.5
59022	4.0
59103	4.5
59315	5.0
59421	4.5
59501	4.0
59615	5.0
59725	0.5
59784	4.5
59900	4.0
60037	1.0
60040	4.5
60069	4.0
60072	4.5
60074	3.5
60126	4.5
60397	3.0
60487	3.5
60756	4.0
60937	3.5
61024	5.0
61132	4.5
61160	3.0
61248	2.5
61323	4.5
61350	0.5
61729	4.5
62081	4.0
62999	4.0
63062	5.0
63082	1.5
63113	3.5
63131	4.0
64575	4.0
64957	4.5
65088	4.0
