2	4.0
3	4.0
4	4.0
11	4.0
14	5.0
16	4.0
17	4.0
19	2.0
21	5.0
24	5.0
25	4.0
31	5.0
32	5.0
36	5.0
39	4.0
41	4.0
47	4.0
48	2.0
50	5.0
52	4.0
58	5.0
62	5.0
66	3.0
79	4.0
92	4.0
100	4.0
103	5.0
105	4.0
110	4.0
111	4.0
121	3.0
135	3.0
141	4.0
150	4.0
151	4.0
154	4.0
161	4.0
168	4.0
169	2.0
186	4.0
191	3.0
195	3.0
203	4.0
207	4.0
217	3.0
224	5.0
230	5.0
234	4.0
235	5.0
246	4.0
249	4.0
253	3.0
256	4.0
260	5.0
261	5.0
265	3.0
266	4.0
272	4.0
273	4.0
277	4.0
280	4.0
282	5.0
293	4.0
294	4.0
296	5.0
300	4.0
302	4.0
305	4.0
318	5.0
329	4.0
334	4.0
337	5.0
342	3.0
344	2.0
345	5.0
348	5.0
350	4.0
351	5.0
353	4.0
355	3.0
356	3.0
357	5.0
360	4.0
364	5.0
367	4.0
368	4.0
369	4.0
370	2.0
371	4.0
374	2.0
377	4.0
378	4.0
380	4.0
382	4.0
412	4.0
418	4.0
420	3.0
429	2.0
432	4.0
437	3.0
440	5.0
444	2.0
445	4.0
446	4.0
452	4.0
454	5.0
457	5.0
468	4.0
469	3.0
471	4.0
475	4.0
477	4.0
480	4.0
497	5.0
500	5.0
508	4.0
509	4.0
514	4.0
515	4.0
519	4.0
520	3.0
527	5.0
529	4.0
532	3.0
534	5.0
535	4.0
539	4.0
541	4.0
552	5.0
585	3.0
586	4.0
587	5.0
588	4.0
589	5.0
590	5.0
592	4.0
593	5.0
594	5.0
595	4.0
596	5.0
597	4.0
608	5.0
612	3.0
613	4.0
619	3.0
640	3.0
647	4.0
653	5.0
673	2.0
688	3.0
707	4.0
750	5.0
762	4.0
778	2.0
780	3.0
784	2.0
788	1.0
802	5.0
805	2.0
830	5.0
832	5.0
838	5.0
848	5.0
852	5.0
858	5.0
880	2.0
892	4.0
897	4.0
899	4.0
900	4.0
901	5.0
902	5.0
903	5.0
904	4.0
905	4.0
906	4.0
908	4.0
909	3.0
910	5.0
911	3.0
912	5.0
913	5.0
914	5.0
915	4.0
916	5.0
918	4.0
919	5.0
920	4.0
922	4.0
923	4.0
924	4.0
926	4.0
928	4.0
930	4.0
932	5.0
933	5.0
934	5.0
938	5.0
940	5.0
941	4.0
942	4.0
943	4.0
944	4.0
947	4.0
948	4.0
949	5.0
951	4.0
953	5.0
954	4.0
955	4.0
969	5.0
971	5.0
973	4.0
994	4.0
1007	2.0
1008	4.0
1009	4.0
1010	3.0
1013	3.0
1019	5.0
1022	4.0
1027	3.0
1028	3.0
1029	2.0
1032	5.0
1035	4.0
1036	4.0
1037	3.0
1041	4.0
1054	4.0
1057	4.0
1059	5.0
1077	4.0
1079	5.0
1080	5.0
1081	5.0
1082	5.0
1084	5.0
1085	4.0
1086	4.0
1088	5.0
1090	4.0
1093	3.0
1094	4.0
1095	3.0
1096	5.0
1097	5.0
1099	5.0
1101	5.0
1103	4.0
1104	5.0
1120	4.0
1124	5.0
1127	5.0
1129	3.0
1135	4.0
1136	5.0
1172	3.0
1177	4.0
1183	4.0
1185	5.0
1193	5.0
1196	5.0
1198	5.0
1200	4.0
1201	3.0
1203	5.0
1204	5.0
1206	3.0
1207	5.0
1208	4.0
1210	5.0
1212	4.0
1213	5.0
1214	5.0
1219	5.0
1220	5.0
1221	5.0
1224	4.0
1225	5.0
1226	5.0
1228	4.0
1230	5.0
1231	3.0
1234	5.0
1235	5.0
1237	3.0
1240	5.0
1242	4.0
1243	5.0
1244	5.0
1246	5.0
1247	5.0
1249	4.0
1250	5.0
1251	4.0
1252	5.0
1253	3.0
1254	4.0
1256	5.0
1259	5.0
1260	4.0
1262	5.0
1263	4.0
1265	5.0
1266	5.0
1267	4.0
1269	5.0
1270	4.0
1271	5.0
1272	5.0
1276	5.0
1278	5.0
1281	4.0
1283	5.0
1284	4.0
1287	4.0
1291	5.0
1292	5.0
1293	5.0
1295	5.0
1296	5.0
1299	4.0
1301	4.0
1302	5.0
1304	5.0
1307	5.0
1333	4.0
1334	2.0
1339	4.0
1344	5.0
1350	3.0
1356	4.0
1357	5.0
1358	5.0
1363	3.0
1366	3.0
1371	5.0
1372	4.0
1373	5.0
1374	5.0
1375	5.0
1376	5.0
1377	3.0
1380	3.0
1387	4.0
1392	3.0
1393	4.0
1394	2.0
1401	4.0
1405	2.0
1407	4.0
1408	5.0
1409	3.0
1411	4.0
1416	4.0
1440	4.0
1441	4.0
1466	4.0
1468	3.0
1480	4.0
1500	4.0
1503	1.0
1526	4.0
1542	2.0
1544	4.0
1569	5.0
1580	4.0
1584	4.0
1586	4.0
1589	3.0
1608	4.0
1610	5.0
1617	4.0
1619	4.0
1633	3.0
1639	4.0
1641	3.0
1643	4.0
1646	3.0
1663	3.0
1673	4.0
1674	4.0
1676	4.0
1678	4.0
1693	5.0
1694	3.0
1701	4.0
1704	5.0
1711	3.0
1721	3.0
1727	5.0
1729	3.0
1730	4.0
1732	4.0
1735	4.0
1747	5.0
1784	5.0
1801	5.0
1816	3.0
1840	4.0
1884	3.0
1914	5.0
1917	3.0
1918	4.0
1923	2.0
1924	2.0
1938	4.0
1944	3.0
1945	5.0
1947	5.0
1948	5.0
1949	5.0
1950	3.0
1951	4.0
1952	3.0
1953	5.0
1954	4.0
1955	4.0
1956	5.0
1957	5.0
1958	5.0
1959	5.0
1960	5.0
1961	5.0
1962	5.0
1963	4.0
1964	4.0
1965	5.0
1968	5.0
1994	5.0
1997	4.0
2000	5.0
2001	4.0
2002	4.0
2003	4.0
2005	4.0
2009	4.0
2011	3.0
2013	4.0
2015	4.0
2016	2.0
2017	3.0
2018	5.0
2019	4.0
2020	5.0
2021	2.0
2023	4.0
2042	3.0
2054	2.0
2065	4.0
2067	5.0
2069	5.0
2070	5.0
2076	4.0
2080	5.0
2081	4.0
2082	2.0
2087	5.0
2088	4.0
2096	5.0
2100	4.0
2108	4.0
2110	3.0
2112	4.0
2115	5.0
2116	4.0
2117	4.0
2124	4.0
2132	5.0
2134	4.0
2135	5.0
2136	4.0
2137	4.0
2138	4.0
2140	3.0
2144	4.0
2145	4.0
2147	5.0
2150	4.0
2160	4.0
2161	4.0
2163	5.0
2167	5.0
2174	3.0
2186	4.0
2193	5.0
2194	4.0
2240	5.0
2243	5.0
2245	4.0
2249	4.0
2252	3.0
2253	3.0
2266	5.0
2268	4.0
2269	4.0
2289	3.0
2291	3.0
2294	4.0
2300	5.0
2302	5.0
2303	5.0
2312	5.0
2346	3.0
2352	4.0
2363	4.0
2367	3.0
2369	5.0
2371	3.0
2374	4.0
2393	4.0
2398	5.0
2401	5.0
2402	2.0
2404	2.0
2405	5.0
2406	5.0
2407	5.0
2409	3.0
2410	2.0
2411	2.0
2413	2.0
2420	5.0
2421	3.0
2424	3.0
2454	3.0
2455	3.0
2467	5.0
2468	3.0
2469	5.0
2470	3.0
2474	4.0
2478	2.0
2490	2.0
2505	1.0
2518	4.0
2520	3.0
2524	3.0
2527	3.0
2528	4.0
2530	3.0
2531	2.0
2533	2.0
2563	4.0
5060	3.0
