1	4.5
2	3.5
5	3.0
10	3.5
13	4.0
19	3.5
25	4.5
27	3.5
34	2.5
47	5.0
48	3.5
50	4.5
54	3.5
60	3.5
62	4.0
65	3.5
70	4.5
86	4.0
87	3.0
88	3.5
101	4.0
104	3.0
110	4.5
111	5.0
112	3.0
145	3.0
153	3.0
158	2.5
160	3.0
161	3.5
162	4.5
163	3.5
165	3.5
169	3.0
170	3.0
174	3.0
185	2.5
196	3.0
208	3.5
216	3.5
223	3.5
231	4.0
233	4.0
235	3.5
236	4.0
238	3.5
239	3.5
250	4.0
258	2.5
260	3.0
267	2.5
274	3.0
288	4.0
291	3.0
293	5.0
296	5.0
316	3.5
317	3.0
318	4.5
333	3.5
337	5.0
339	2.5
340	4.0
344	3.5
355	2.5
356	4.5
362	3.5
364	4.0
366	3.5
367	3.5
368	4.0
374	3.0
376	3.5
408	4.0
419	2.5
429	3.0
441	4.0
442	3.0
455	3.0
457	4.5
466	3.5
471	2.5
473	3.0
480	4.0
481	4.0
485	3.0
500	3.5
505	4.0
520	2.0
524	4.0
529	3.5
531	3.5
537	4.0
539	3.0
541	4.5
542	4.0
546	0.5
551	3.5
552	3.5
558	3.5
575	3.5
586	4.0
588	4.0
589	4.0
590	4.5
592	4.5
593	5.0
595	4.0
596	4.0
597	3.5
608	4.5
609	3.0
616	4.0
637	2.5
648	3.5
653	3.5
661	3.5
673	3.5
688	3.0
714	5.0
719	3.5
733	4.0
736	4.5
743	2.5
747	3.0
765	4.0
780	4.0
784	4.0
785	2.5
786	3.0
798	3.5
802	3.0
830	3.5
832	3.5
833	3.5
837	3.0
858	5.0
880	2.0
903	3.0
910	4.5
919	3.5
920	3.5
924	3.5
934	3.5
968	2.5
996	3.5
1005	3.0
1012	4.0
1017	4.0
1020	3.5
1021	3.0
1025	4.0
1027	4.5
1028	3.5
1029	3.5
1033	4.0
1035	3.0
1036	4.0
1047	3.0
1049	4.5
1059	3.0
1073	3.5
1080	4.0
1088	3.0
1089	4.0
1090	4.5
1091	3.5
1097	4.0
1101	3.5
1126	3.5
1127	3.5
1136	4.5
1193	4.5
1196	3.5
1197	3.5
1198	3.5
1200	3.5
1206	4.5
1208	5.0
1210	3.0
1214	4.0
1215	2.5
1219	4.0
1221	4.5
1222	4.0
1240	3.5
1241	2.5
1258	4.0
1261	3.0
1263	4.5
1265	4.0
1266	4.5
1271	4.0
1272	4.5
1278	4.0
1282	3.5
1283	3.0
1289	3.0
1291	4.0
1302	3.0
1304	5.0
1307	4.0
1327	4.5
1333	4.0
1334	3.5
1347	3.5
1357	3.5
1359	3.5
1367	3.5
1370	4.0
1377	4.0
1387	4.0
1388	3.5
1391	3.5
1405	3.5
1407	3.0
1408	3.0
1409	3.0
1431	3.0
1438	3.0
1440	3.5
1441	2.5
1442	3.5
1445	3.0
1449	3.5
1457	3.0
1474	2.5
1475	3.0
1479	3.5
1485	3.5
1499	2.5
1500	3.0
1515	3.5
1517	3.5
1527	4.0
1544	3.0
1552	3.5
1554	3.5
1562	2.0
1569	2.5
1573	2.5
1580	4.0
1588	2.5
1608	3.5
1610	4.0
1625	4.5
1645	3.5
1653	4.0
1663	3.5
1665	3.0
1673	3.0
1676	2.5
1682	4.5
1707	1.5
1721	3.5
1722	3.5
1727	3.0
1729	3.0
1752	4.0
1753	4.0
1760	1.5
1777	3.0
1779	4.5
1784	5.0
1792	3.5
1801	2.5
1831	1.5
1833	3.5
1855	2.5
1876	3.0
1882	1.0
1888	3.0
1889	4.0
1894	3.0
1907	4.0
1911	2.5
1917	3.5
1920	3.0
1921	4.5
1954	4.0
1967	4.0
1969	3.0
1974	3.0
1991	3.0
1992	2.5
2003	3.5
2004	2.5
2005	3.5
2006	3.5
2009	3.0
2015	3.5
2018	3.5
2021	4.5
2028	4.5
2033	3.5
2036	3.0
2041	3.5
2042	3.5
2048	4.0
2050	3.5
2051	4.5
2053	3.0
2054	3.5
2058	4.0
2059	3.0
2060	2.5
2078	3.5
2080	3.5
2081	4.0
2082	3.5
2085	4.0
2087	3.5
2089	4.0
2094	4.0
2096	3.5
2115	2.5
2122	3.0
2123	3.5
2124	3.0
2135	4.0
2137	3.5
2139	4.5
2141	4.0
2150	3.5
2151	4.0
2153	3.0
2160	4.5
2161	3.5
2162	3.0
2167	2.5
2170	3.5
2195	3.0
2268	3.5
2273	4.0
2291	4.0
2297	4.0
2306	3.0
2315	2.5
2321	3.5
2324	3.5
2329	3.5
2335	3.0
2340	3.5
2385	2.5
2394	3.5
2395	4.5
2402	3.5
2403	4.0
2404	3.0
2406	3.0
2409	4.0
2410	3.5
2411	3.5
2412	3.5
2420	3.5
2423	3.0
2424	3.5
2427	2.5
2431	3.5
2470	3.5
2485	1.5
2501	4.5
2502	4.5
2527	4.0
2539	3.0
2560	4.5
2563	4.0
2571	4.5
2572	2.5
2579	3.5
2581	2.0
2596	4.0
2605	3.0
2616	3.5
2617	3.5
2628	1.5
2671	4.0
2676	3.5
2683	4.0
2687	3.5
2692	4.0
2694	3.0
2699	3.5
2701	3.0
2707	3.5
2713	3.0
2716	4.0
2720	2.5
2722	3.0
2723	3.5
2724	2.0
2761	4.0
2762	4.0
2771	3.5
2795	3.5
2797	4.0
2798	3.0
2799	3.0
2804	3.0
2826	4.0
2829	3.0
2840	3.0
2846	4.5
2858	5.0
2860	3.5
2871	4.0
2881	3.0
2891	3.5
2918	3.5
2947	3.5
2953	4.0
2959	4.0
2995	2.5
2997	5.0
3005	4.0
3007	5.0
3033	2.5
3034	4.5
3052	3.0
3063	2.5
3074	4.0
3081	4.0
3082	3.5
3087	3.0
3100	4.0
3105	4.5
3107	3.5
3113	3.5
3114	4.0
3135	3.5
3147	4.5
3174	5.0
3175	3.5
3198	5.0
3243	3.5
3247	3.5
3248	3.5
3253	3.5
3254	3.5
3255	3.5
3256	4.0
3267	3.5
3270	3.5
3275	3.5
3286	2.5
3301	2.5
3354	2.0
3355	3.5
3362	4.0
3388	3.5
3409	2.0
3429	4.0
3438	3.0
3440	3.0
3441	4.5
3477	3.5
3481	4.5
3484	3.5
3489	4.5
3510	3.5
3534	4.0
3535	3.5
3555	4.5
3564	2.5
3578	4.0
3608	3.5
3616	4.0
3623	3.5
3624	4.0
3675	3.0
3704	2.5
3717	3.0
3745	3.5
3751	3.5
3752	2.5
3753	3.5
3755	3.0
3784	4.0
3785	3.0
3793	4.0
3798	3.5
3809	4.0
3825	2.0
3827	3.0
3857	3.0
3871	4.0
3882	1.5
3915	3.0
3916	3.5
3948	3.5
3949	5.0
3977	2.5
3988	3.0
3993	3.0
3994	3.5
3997	2.0
3999	3.0
4014	4.0
4015	3.5
4016	4.0
4018	1.5
4019	4.0
4022	4.5
4023	4.5
4025	3.5
4027	3.0
4052	3.5
4090	4.0
4091	4.5
4103	4.5
4104	4.0
4105	3.0
4148	3.5
4149	3.0
4223	4.5
4226	4.0
4235	3.5
4238	3.0
4239	3.5
4247	2.5
4248	2.5
4254	2.5
4262	4.0
4265	2.0
4270	3.5
4299	3.0
4306	3.0
4308	2.5
4310	2.0
4321	2.5
4327	4.0
4343	3.5
4366	3.0
4367	3.5
4369	1.5
4372	3.0
4446	3.0
4447	2.5
4477	3.0
4502	3.5
4519	4.0
4544	4.0
4545	4.0
4558	3.5
4571	3.5
4623	3.5
4638	2.5
4642	5.0
4643	2.5
4677	4.0
4678	3.5
4699	3.0
4700	2.0
4701	4.0
4720	4.0
4725	4.0
4728	3.5
4732	3.0
4744	3.5
4748	3.0
4757	3.0
4770	3.0
4815	3.0
4816	3.0
4821	3.5
4823	4.0
4844	4.0
4845	3.0
4848	3.0
4865	4.0
4866	3.5
4874	4.0
4876	3.5
4878	5.0
4886	4.5
4887	2.5
4890	3.5
4896	3.5
4902	5.0
4958	4.0
4963	3.5
4973	4.5
4975	2.5
4979	4.5
4980	3.0
4993	4.5
4994	4.5
5010	4.0
5014	4.0
5015	3.0
5026	4.5
5047	3.5
5064	4.5
5065	4.0
5066	3.0
5102	3.0
5103	4.0
5107	3.5
5108	4.0
5110	3.5
5127	3.5
5128	2.5
5146	3.5
5152	3.5
5159	4.0
5171	3.0
5218	3.5
5219	4.0
5225	4.5
5254	2.5
5266	2.5
5282	2.5
5298	4.0
5299	3.0
5303	4.0
5308	3.5
5309	3.5
5313	3.0
5316	4.0
5325	3.5
5349	3.5
5363	2.5
5364	3.0
5378	1.0
5388	4.0
5400	2.0
5401	3.5
5415	3.0
5418	4.0
5444	2.5
5445	4.5
5449	3.5
5459	3.5
5463	4.0
5464	4.5
5477	4.5
5478	3.0
5479	4.0
5481	3.5
5502	3.5
5507	2.5
5508	3.0
5528	4.0
5541	3.0
5553	3.5
5574	4.0
5582	3.0
5617	4.5
5618	4.5
5620	3.0
5621	2.5
5630	3.5
5668	4.0
5669	4.0
5673	4.5
5679	3.5
5782	5.0
5784	3.0
5785	4.0
5804	3.0
5816	3.5
5843	3.0
5872	3.5
5882	3.0
5900	3.5
5902	5.0
5903	2.5
5941	3.0
5942	2.0
5945	4.5
5952	4.5
5956	2.5
5957	3.5
5970	4.0
5989	4.0
5991	2.5
6003	4.0
6006	3.0
6058	3.0
6155	3.0
6156	3.5
6157	2.0
6166	3.0
6187	4.0
6188	4.0
6197	3.5
6213	3.5
6218	3.0
6250	3.0
6263	3.5
6287	3.5
6290	3.5
6294	3.0
6299	4.0
6322	3.5
6323	4.0
6331	4.0
6333	3.0
6365	3.0
6367	3.0
6373	3.0
6377	4.0
6378	3.5
6379	3.0
6383	2.0
6385	5.0
6502	5.0
6503	2.5
6534	3.0
6535	3.0
6537	4.0
6538	4.5
6539	4.5
6541	3.0
6548	3.5
6550	2.5
6552	4.0
6564	3.0
6587	0.5
6595	3.0
6615	2.5
6617	3.5
6618	3.5
6620	4.5
6659	4.5
6707	1.5
6708	4.5
6709	4.0
6711	4.5
6753	3.5
6754	2.5
6755	5.0
6764	3.5
6765	3.5
6773	5.0
6785	4.5
6793	3.0
6794	2.5
6810	3.0
6863	3.0
6870	4.0
6874	5.0
6879	4.0
6880	4.0
6881	3.5
6887	3.0
6888	2.0
6889	3.5
6890	2.5
6934	3.0
6936	3.5
6942	2.0
6944	3.5
6947	3.0
6950	3.5
6952	3.0
6953	4.5
7004	3.0
7022	4.5
7090	4.0
7139	4.0
7143	2.5
7147	4.0
7149	4.0
7150	3.0
7151	3.0
7153	4.5
7154	3.0
7160	4.0
7161	3.0
7162	1.5
7163	3.0
7164	3.5
7173	3.5
7235	4.5
7247	4.0
7254	3.0
7255	3.0
7263	4.0
7265	5.0
7285	3.5
7293	3.5
7317	3.0
7324	3.0
7325	3.0
7347	3.5
7360	3.5
7361	5.0
7362	2.5
7371	1.5
7373	4.0
7376	3.5
7380	2.5
7438	4.5
7439	2.5
7444	2.5
7445	4.0
7451	2.5
7454	3.0
7458	2.5
7460	4.0
7573	3.5
7842	4.5
8154	3.5
8169	3.5
8360	3.5
8361	3.5
8368	3.5
8376	4.0
8464	4.0
8528	2.5
8529	4.0
8531	2.0
8533	3.5
8614	3.5
8636	3.0
8640	2.5
8641	3.5
8644	3.0
8665	4.0
8781	4.0
8783	1.0
8784	4.0
8798	4.5
8807	3.5
8808	2.0
8810	1.5
8865	3.0
8873	4.5
8874	5.0
8907	3.0
8917	3.5
8947	3.0
8949	5.0
8950	5.0
8957	3.5
8961	4.0
8965	2.5
8966	3.5
8970	3.5
8972	3.5
8977	2.5
8981	3.0
8983	4.0
8984	3.0
8985	3.0
26662	3.5
27317	4.0
27592	3.5
27706	3.5
27721	3.5
27773	5.0
27788	2.5
27801	3.0
27808	3.5
27837	3.0
27838	4.0
30707	2.5
30793	4.0
30810	4.5
30825	3.5
30898	3.5
31221	2.0
31420	3.5
31685	3.5
31696	3.5
31878	3.0
32019	3.0
32031	2.0
32296	3.0
32587	4.5
32596	3.5
33004	3.5
33162	3.5
33166	4.0
33493	0.5
33646	4.0
33660	3.0
33794	4.5
34048	3.5
34072	3.5
34150	1.5
34162	3.0
34319	3.5
34336	3.5
34338	4.0
34405	3.5
34520	2.5
34542	5.0
35836	3.5
36401	3.5
36519	3.5
36529	3.0
37382	3.0
37386	3.0
37720	4.0
37729	4.0
37733	2.0
37741	5.0
38038	4.0
38886	5.0
39183	3.5
39446	3.0
40815	3.0
41566	3.5
41569	3.5
41997	4.5
42004	4.5
42723	2.5
42738	2.5
44022	3.5
44191	3.0
44665	4.5
44761	3.0
44972	2.5
45028	3.5
45186	3.5
45442	3.5
45447	3.5
45499	2.5
45517	4.0
45666	3.0
45722	2.5
45728	2.0
46578	4.0
46948	3.0
46972	3.0
46976	4.5
47099	4.0
47610	2.5
47997	2.5
48043	3.5
48082	4.0
48322	4.0
48385	2.0
48394	4.0
48516	5.0
48774	3.5
48780	4.0
48982	3.5
49272	4.0
49274	3.5
49396	4.0
49530	4.0
50601	3.0
50872	4.5
51077	3.5
51086	3.0
51091	2.5
51255	4.5
51540	3.0
51662	3.5
51709	4.0
52245	4.0
52281	5.0
52458	3.5
52722	3.0
52973	2.5
53121	3.0
53123	4.5
53125	3.0
53322	3.0
53519	5.0
53550	4.0
53953	3.5
53972	4.0
53993	3.0
53996	3.5
54001	3.5
54272	3.5
54286	3.5
54503	4.0
54736	3.5
54995	5.0
54997	5.0
55094	5.0
55269	5.0
55290	4.0
55805	4.0
55820	5.0
55830	4.0
55995	2.5
56152	4.0
56174	3.0
56333	4.5
56367	3.0
56757	4.0
56782	5.0
57368	3.0
57528	4.0
57669	5.0
58103	3.0
58559	5.0
58803	3.5
58998	4.0
59315	3.5
59615	3.5
59784	4.0
60069	4.5
