1	3.0
2	3.0
19	0.5
22	1.0
39	4.0
44	1.5
45	4.5
57	3.5
88	2.5
92	1.5
102	2.0
104	3.5
125	4.5
141	4.5
150	3.5
160	2.0
165	3.0
168	1.0
171	3.5
185	3.5
186	3.5
195	2.0
196	1.5
203	3.5
215	4.0
218	3.0
230	3.0
234	0.5
236	2.0
253	4.5
256	1.5
260	4.0
261	4.0
266	3.5
276	1.5
282	3.5
288	3.5
289	2.0
292	3.5
293	4.0
296	4.0
303	1.0
316	3.0
318	5.0
319	4.5
333	2.5
339	3.5
342	5.0
344	1.0
345	5.0
349	3.5
356	4.0
357	3.5
364	2.0
367	1.0
368	3.5
376	2.0
377	3.5
380	3.0
382	2.0
383	3.0
415	1.5
416	1.5
419	2.0
434	4.0
442	0.5
457	4.0
468	2.5
480	4.5
491	2.0
500	3.5
509	3.5
524	1.0
532	3.5
539	3.5
542	2.5
543	3.5
550	3.5
551	4.0
553	3.0
562	4.0
585	1.0
586	1.5
587	4.0
588	3.0
589	4.0
592	3.0
593	5.0
595	3.0
597	4.0
627	4.5
647	4.0
648	3.0
653	3.0
663	3.5
688	1.0
708	4.0
724	2.5
728	3.5
736	3.0
778	4.5
780	2.0
788	1.5
802	2.5
830	4.0
832	3.0
866	4.5
879	1.5
919	3.0
953	3.0
955	4.5
998	3.0
1015	3.5
1027	3.0
1036	3.0
1042	3.0
1046	4.0
1049	3.0
1057	4.0
1079	4.5
1080	4.5
1088	1.5
1091	0.5
1092	3.0
1097	3.5
1101	3.0
1126	0.5
1136	4.5
1188	4.5
1196	3.5
1197	4.0
1198	5.0
1210	3.5
1240	4.0
1242	3.0
1246	3.5
1265	3.5
1270	3.0
1271	3.0
1285	4.5
1291	4.5
1307	3.0
1342	2.0
1347	2.5
1358	3.5
1377	4.0
1381	0.5
1394	4.5
1396	4.0
1407	4.0
1414	3.5
1438	3.0
1441	3.5
1449	5.0
1479	2.0
1499	0.5
1513	4.0
1515	0.5
1527	1.0
1541	3.5
1544	1.0
1562	0.5
1569	4.0
1580	3.0
1584	2.0
1587	2.5
1597	3.5
1608	4.0
1610	3.0
1611	3.5
1614	3.0
1617	4.5
1620	3.0
1625	3.5
1641	4.0
1644	2.0
1648	4.0
1673	1.5
1680	4.0
1704	3.5
1717	4.0
1721	2.5
1727	1.5
1735	3.0
1747	4.0
1777	4.5
1784	4.5
1821	3.0
1835	1.0
1855	1.5
1885	5.0
1888	2.5
1889	3.5
1892	3.0
1897	3.5
1909	3.5
1911	2.0
1917	1.0
1921	4.0
1923	3.0
1961	3.0
1962	3.5
1968	3.5
1994	3.0
1997	3.5
2000	3.0
2003	3.5
2005	4.0
2006	3.0
2011	2.0
2012	1.0
2028	4.0
2054	2.0
2072	3.0
2081	3.5
2100	1.5
2115	3.0
2119	2.0
2121	3.0
2124	3.0
2125	4.0
2133	3.5
2140	2.0
2145	3.0
2153	1.5
2161	4.0
2174	3.0
2232	3.5
2245	3.0
2247	2.5
2252	2.0
2263	2.0
2265	0.5
2266	1.5
2268	3.5
2269	1.5
2279	3.0
2282	4.0
2316	3.0
2321	3.5
2325	3.0
2329	4.5
2333	4.5
2336	5.0
2346	3.0
2355	3.5
2359	3.5
2369	2.5
2371	3.5
2373	2.0
2375	3.0
2390	4.0
2391	4.0
2396	4.5
2403	3.0
2405	1.5
2406	4.5
2413	4.0
2416	1.0
2423	1.5
2463	3.5
2468	2.5
2469	3.5
2470	3.0
2471	0.5
2500	3.0
2502	5.0
2517	2.0
2541	4.0
2542	4.5
2558	1.5
2571	5.0
2580	4.5
2581	3.5
2583	3.0
2596	3.0
2599	4.5
2605	3.0
2616	3.0
2617	1.5
2622	2.5
2628	1.5
2657	3.0
2671	3.0
2688	3.0
2699	2.5
2700	4.5
2706	3.0
2710	3.0
2718	4.0
2719	1.5
2723	3.5
2735	2.0
2748	1.0
2752	3.0
2762	4.0
2795	3.5
2797	3.0
2798	1.5
2803	3.5
2804	2.5
2827	0.5
2858	5.0
2871	3.0
2908	4.0
2915	3.0
2916	3.5
2917	4.0
2918	4.0
2926	3.5
2959	4.0
2987	3.0
2995	1.0
2997	4.5
3006	3.5
3034	4.0
3039	2.5
3044	3.5
3052	4.5
3079	2.5
3081	3.0
3087	3.5
3100	4.0
3101	4.0
3107	3.0
3160	3.5
3175	4.0
3176	3.5
3186	2.5
3203	3.0
3247	3.5
3249	3.5
3253	3.5
3255	3.0
3256	3.5
3257	2.0
3258	3.0
3264	3.0
3268	0.5
3269	2.0
3273	4.0
3274	2.5
3285	1.0
3301	2.5
3316	2.0
3354	1.0
3361	3.0
3392	2.0
3398	3.0
3408	4.0
3409	2.5
3418	3.5
3436	1.5
3441	3.0
3448	3.0
3479	4.0
3481	4.0
3489	1.0
3499	4.5
3510	2.0
3512	3.0
3526	4.0
3527	3.5
3534	2.5
3535	4.0
3536	2.0
3552	3.5
3556	4.0
3578	4.5
3591	2.5
3618	3.0
3685	3.5
3686	2.5
3698	3.5
3702	3.0
3703	3.0
3704	3.0
3708	3.0
3712	3.0
3740	3.0
3751	3.5
3785	3.5
3786	4.0
3791	2.0
3793	4.5
3794	3.0
3798	4.0
3809	3.5
3825	0.5
3831	3.0
3835	3.0
3844	3.5
3882	3.5
3893	2.0
3897	3.5
3911	5.0
3948	4.0
3949	5.0
3967	4.5
3977	3.5
3978	3.0
3981	0.5
3983	4.0
3988	2.0
3993	3.0
3994	1.5
3996	5.0
3997	2.0
3998	2.0
3999	1.5
4011	4.5
4014	5.0
4018	2.5
4020	3.0
4022	3.5
4025	3.5
4027	4.0
4029	3.0
4034	4.0
4040	3.0
4052	2.0
4069	1.5
4085	3.0
4132	2.5
4133	1.5
4148	1.0
4161	3.0
4223	3.5
4226	5.0
4228	3.5
4238	2.0
4246	5.0
4270	1.0
4306	4.5
4308	4.5
4310	0.5
4321	2.0
4333	2.0
4361	3.5
4367	1.0
4368	1.0
4369	0.5
4388	3.0
4427	5.0
4447	5.0
4474	3.0
4487	1.5
4499	3.5
4571	4.5
4621	2.0
4638	0.5
4642	3.5
4643	1.0
4676	2.5
4681	3.5
4720	4.0
4816	3.5
4821	3.0
4823	2.5
4848	2.5
4865	2.0
4876	1.5
4878	3.5
4880	3.5
4890	3.0
4896	3.0
4963	4.5
4975	0.5
4979	4.5
4980	2.0
4993	5.0
4995	3.0
5013	2.5
5040	2.5
5064	2.5
5065	2.0
5171	2.0
5219	0.5
5222	3.0
5266	3.0
5299	4.0
5309	1.5
5312	2.5
5349	4.0
5377	4.0
5388	3.5
5418	3.0
5419	1.0
5445	3.5
5446	4.0
5459	1.5
5463	1.5
5464	3.5
5481	1.5
5502	3.0
5505	5.0
5507	0.5
5528	4.0
5548	2.5
5620	2.5
5630	2.0
5669	4.0
5673	4.0
5679	3.0
5791	2.5
5810	3.5
5812	4.0
5816	3.5
5902	3.5
5944	1.0
5945	4.0
5952	5.0
5956	3.5
5970	3.0
5989	3.0
5991	4.5
5992	3.5
6003	3.0
6058	2.0
6059	2.5
6155	2.5
6157	1.5
6281	3.5
6296	4.5
6322	3.5
6323	3.0
6333	4.5
6365	2.5
6367	4.0
6373	3.0
6378	2.5
6379	2.0
6428	2.5
6502	2.5
6503	2.5
6535	3.5
6537	3.5
6538	3.5
6539	4.5
6564	1.0
6595	2.5
6620	4.5
6659	2.5
6664	3.0
6711	5.0
6808	3.5
6810	3.0
6873	3.0
6874	5.0
6880	3.0
6881	4.5
6888	3.0
6934	2.0
6936	3.0
6957	4.0
6979	3.0
7101	3.0
7147	3.0
7149	3.5
7153	5.0
7160	4.0
7256	3.5
7293	3.5
7360	3.5
7361	5.0
7373	2.5
7438	4.5
7451	4.0
7454	2.5
7458	3.5
