1	4.5
2	3.5
6	4.0
9	2.5
10	3.5
11	3.0
16	4.0
19	2.5
20	3.0
21	4.0
29	4.5
31	2.5
34	2.5
36	4.0
47	5.0
48	2.5
50	5.0
70	2.5
86	4.0
110	4.5
111	4.5
125	4.0
145	4.0
150	4.0
158	2.0
160	1.5
169	1.5
172	1.5
185	3.5
208	3.5
215	3.5
223	1.0
231	0.5
236	3.5
252	3.5
253	4.0
256	2.0
257	3.0
260	5.0
277	3.0
288	2.5
292	3.0
293	4.5
296	4.5
318	5.0
337	4.0
339	3.5
344	2.0
349	4.0
350	4.0
355	2.0
356	4.5
357	4.0
364	4.5
367	3.0
368	3.5
374	2.0
377	3.5
383	4.0
410	1.5
435	1.0
454	4.5
455	3.0
457	4.0
466	3.0
471	4.5
480	3.5
485	2.5
497	4.0
500	3.5
507	4.0
508	4.0
520	3.0
527	4.5
535	4.0
541	4.5
551	3.0
586	3.5
587	3.5
588	3.5
589	4.0
590	4.0
592	3.0
593	4.5
594	3.5
595	3.5
596	3.0
597	4.0
608	4.0
647	4.0
648	4.5
653	3.5
673	2.5
720	4.0
733	4.0
736	3.5
745	4.0
765	4.0
778	3.5
780	3.5
784	3.5
786	1.5
788	2.5
805	4.0
837	3.5
838	4.0
888	2.0
902	4.0
910	5.0
913	4.5
919	3.5
924	4.5
948	4.5
965	4.5
996	4.0
1027	4.0
1028	3.5
1036	4.0
1059	4.0
1064	2.5
1079	4.0
1080	3.0
1088	4.5
1089	4.5
1097	4.0
1103	4.5
1113	2.0
1136	3.0
1148	4.0
1193	5.0
1196	5.0
1197	4.5
1198	5.0
1201	4.5
1204	4.5
1208	3.5
1209	4.5
1210	5.0
1212	4.5
1213	4.5
1227	4.5
1230	4.5
1233	4.5
1234	5.0
1240	3.0
1246	5.0
1247	4.5
1250	4.5
1258	4.0
1259	4.5
1265	4.5
1270	4.0
1271	4.5
1275	3.0
1276	4.0
1282	3.5
1291	5.0
1295	4.5
1307	5.0
1367	3.5
1370	4.0
1374	4.0
1380	4.5
1381	2.0
1391	1.5
1393	4.0
1396	4.5
1407	4.0
1425	3.5
1429	3.5
1438	2.5
1457	3.5
1466	4.5
1485	4.0
1488	3.0
1517	1.0
1527	4.0
1541	3.5
1544	3.0
1552	3.5
1556	1.5
1569	3.5
1573	4.5
1580	4.5
1588	3.0
1595	1.0
1597	4.0
1608	3.5
1610	4.5
1616	3.5
1619	4.5
1625	4.5
1644	3.5
1645	4.5
1653	4.0
1665	3.0
1672	4.5
1676	3.5
1682	4.5
1687	3.5
1688	2.0
1689	3.5
1702	3.5
1704	4.5
1713	3.0
1717	3.0
1721	3.5
1722	3.0
1732	4.0
1735	3.5
1754	4.5
1784	4.5
1792	4.0
1801	3.0
1805	4.0
1833	3.5
1858	2.0
1876	3.5
1882	3.5
1907	3.5
1912	3.5
1917	3.5
1920	2.5
1923	4.0
1961	4.5
1968	4.5
2005	4.0
2011	3.5
2012	3.0
2018	3.5
2019	4.5
2028	4.5
2048	3.5
2054	3.0
2058	4.0
2078	4.0
2081	3.5
2085	3.5
2105	3.5
2115	4.5
2126	2.5
2132	4.5
2145	4.0
2150	4.0
2167	4.0
2194	4.5
2232	4.5
2236	4.5
2268	4.0
2273	4.0
2278	4.0
2291	4.5
2294	4.0
2297	4.0
2312	4.5
2321	4.0
2322	1.0
2324	4.5
2328	3.5
2336	4.5
2338	3.0
2340	4.0
2353	4.5
2355	4.0
2359	4.0
2378	3.5
2379	2.0
2380	2.0
2381	1.5
2382	1.0
2383	1.0
2384	2.0
2395	4.5
2396	4.0
2420	3.0
2423	3.0
2424	3.5
2427	5.0
2431	4.0
2432	4.0
2467	4.0
2468	4.0
2470	3.0
2471	2.5
2485	3.5
2490	4.0
2496	3.5
2505	3.5
2539	4.0
2541	4.5
2558	4.0
2567	3.5
2571	5.0
2572	4.5
2579	4.5
2580	4.0
2581	3.5
2587	3.5
2617	3.5
2628	4.0
2671	4.0
2672	4.0
2683	1.0
2687	4.0
2692	4.5
2694	3.5
2700	1.5
2706	3.5
2710	4.0
2716	4.0
2723	2.5
2724	4.0
2745	4.0
2762	5.0
2763	3.5
2770	3.0
2794	1.0
2805	3.5
2826	3.5
2858	4.5
2860	4.0
2863	4.5
2871	4.0
2889	4.0
2890	4.0
2918	5.0
2922	4.0
2946	3.5
2953	3.0
2959	5.0
2966	4.5
2978	4.0
2990	3.5
2997	4.5
3006	4.5
3020	4.0
3033	2.0
3053	3.0
3079	3.5
3081	4.0
3082	3.5
3087	4.5
3114	4.0
3148	4.5
3155	3.5
3157	3.0
3160	4.5
3175	3.5
3176	4.0
3179	4.5
3186	3.5
3225	3.0
3238	2.0
3247	3.0
3248	3.0
3256	4.0
3257	2.5
3263	2.5
3264	0.5
3269	2.5
3273	3.0
3275	4.0
3285	4.0
3300	3.5
3301	4.0
3317	4.5
3354	3.5
3362	4.0
3408	4.0
3409	4.5
3438	2.5
3439	2.0
3440	2.0
3448	4.5
3452	4.0
3481	4.0
3483	3.5
3484	3.0
3489	4.0
3510	3.5
3536	4.0
3555	3.5
3556	4.0
3564	2.0
3578	5.0
3616	3.5
3617	3.5
3623	4.0
3624	4.0
3646	2.5
3668	4.0
3686	4.0
3702	3.5
3717	4.0
3744	4.0
3751	4.0
3752	3.5
3753	4.0
3755	3.5
3784	3.0
3785	3.0
3793	4.0
3825	4.0
3826	3.5
3827	3.0
3831	4.5
3861	3.5
3863	2.5
3868	2.0
3893	3.5
3897	4.5
3948	4.0
3967	5.0
3968	4.0
3977	3.5
3986	2.5
3987	3.5
3991	1.5
3994	4.0
3996	4.0
3998	3.5
3999	1.5
4008	4.0
4011	4.5
4014	4.5
4015	3.5
4018	4.0
4019	4.0
4022	4.0
4025	3.5
4027	4.5
4052	2.0
4054	4.0
4056	4.0
4069	3.0
4084	3.5
4085	4.0
4161	4.0
4223	4.5
4226	5.0
4234	3.5
4239	4.5
4246	4.0
4270	3.0
4299	4.5
4306	5.0
4308	4.0
4310	3.5
4343	3.5
4344	4.0
4361	4.0
4366	3.0
4367	2.5
4368	2.0
4369	3.5
4370	4.0
4372	3.5
4383	4.0
4388	1.5
4446	4.0
4447	4.0
4448	4.5
4519	3.5
4558	3.0
4577	4.0
4638	3.0
4639	3.0
4643	3.5
4681	4.0
4701	4.0
4718	3.0
4720	4.0
4727	3.5
4728	3.0
4734	2.5
4735	1.5
4776	4.0
4816	4.0
4823	4.0
4848	4.0
4878	4.5
4880	4.5
4881	4.0
4886	4.5
4889	4.5
4896	4.5
4901	4.5
4954	4.0
4963	4.5
4967	4.5
4973	5.0
4975	4.0
4993	5.0
4995	4.5
5010	4.0
5014	4.5
5016	4.0
5051	4.0
5064	4.5
5065	3.5
5106	2.0
5107	4.0
5151	3.5
5171	3.5
5218	4.5
5220	3.5
5254	4.0
5266	4.0
5267	4.0
5299	4.5
5313	1.5
5316	2.5
5349	5.0
5377	4.0
5378	4.0
5380	4.5
5418	4.5
5445	4.0
5446	4.5
5459	4.0
5463	2.5
5464	4.5
5480	2.5
5502	3.5
5507	3.5
5528	4.5
5541	3.5
5574	3.5
5611	4.0
5613	4.5
5618	4.5
5620	4.0
5666	4.0
5679	4.0
5690	4.5
5791	4.5
5803	2.0
5804	2.0
5810	4.0
5816	4.5
5872	3.5
5903	4.5
5952	5.0
5954	4.0
5956	4.0
5989	4.5
5992	4.0
6059	4.0
6093	3.5
6157	3.5
6187	4.5
6218	4.0
6281	4.5
6287	3.0
6294	3.5
6323	4.5
6333	4.0
6338	3.5
6365	4.5
6367	4.0
6370	4.5
6373	4.0
6377	4.5
6378	4.0
6383	3.5
6385	4.5
6440	4.0
6503	3.5
6534	3.5
6539	5.0
6541	3.0
6548	4.0
6586	2.5
6595	4.0
6617	4.5
6708	4.5
6711	4.0
6773	3.5
6787	4.5
6832	4.0
6874	4.0
6890	4.0
6934	4.0
6942	4.5
6947	4.5
6993	4.5
7034	4.5
7073	3.5
7090	4.0
7143	4.5
7147	5.0
7149	4.5
7153	5.0
7154	4.0
7160	4.0
7162	4.0
7163	2.5
7164	4.0
7173	4.0
7254	4.5
7255	2.0
7318	4.0
7323	4.5
7324	4.0
7325	3.5
7361	5.0
7367	4.0
7373	4.0
7444	4.0
7454	3.0
7458	4.0
7587	4.0
7981	4.5
8207	4.0
8360	4.0
8368	4.5
8371	3.5
8376	3.0
8387	1.0
8533	4.0
8604	4.0
8622	3.0
8636	5.0
8644	4.5
8665	4.5
8666	3.5
8781	4.0
8784	5.0
8798	4.5
8865	3.5
8866	4.0
8874	4.0
8961	5.0
8965	3.5
8970	5.0
8984	4.0
9010	4.5
27266	3.5
27660	4.0
27706	4.5
27721	4.5
27815	4.5
30707	5.0
30793	4.5
30825	4.0
31696	3.5
32587	4.5
33004	4.0
33166	4.5
33493	4.5
33669	3.0
33794	4.5
34405	4.5
36401	3.5
36519	1.5
36529	4.0
36535	4.5
37729	4.5
38061	4.5
39183	4.5
40583	4.5
40629	4.5
40815	4.5
41566	4.0
41569	3.0
42011	3.5
44022	3.5
44191	4.5
44204	4.5
44555	5.0
44665	4.0
44694	4.0
44761	4.5
45186	4.0
45431	4.0
45447	4.0
45499	4.0
45517	4.0
45722	4.5
45880	3.5
46578	4.5
46972	3.0
46976	5.0
47099	5.0
47610	4.0
48043	4.5
48394	4.0
48516	4.5
48696	4.5
48738	4.0
48774	4.5
48780	4.5
49272	4.5
49274	3.0
49278	4.0
49530	5.0
49649	3.0
50872	5.0
51255	4.5
51540	4.5
51662	4.0
52722	4.5
53123	4.0
53125	4.5
53322	4.0
53972	4.0
54001	4.5
54259	5.0
54286	4.5
54503	3.5
54736	4.5
54997	4.5
55052	4.5
55280	4.5
55442	4.5
55820	4.5
55830	4.5
55872	4.5
56171	4.0
56367	5.0
56757	4.0
57640	4.0
57669	4.5
58025	3.0
58047	4.5
58105	4.0
58154	3.5
58559	5.0
58803	4.5
59315	4.5
59421	4.0
59501	4.0
60040	3.5
60069	5.0
60074	4.0
60684	4.0
60950	4.5
61323	3.5
62081	3.0
62394	2.5
63072	3.5
63082	5.0
63853	3.5
64957	4.5
65230	4.0
66203	2.5
67734	4.5
68157	4.5
68237	4.5
68319	3.5
68358	4.5
68954	5.0
69122	4.0
69481	4.0
69757	5.0
69844	4.5
69951	4.0
70286	4.5
70293	4.0
71211	3.5
71535	4.5
71745	3.5
71899	4.5
72998	4.0
73017	4.5
74458	4.5
74789	4.0
74795	3.5
76093	4.5
76251	4.0
77561	3.5
77866	4.0
78039	4.5
78105	4.0
78499	5.0
78574	4.0
79132	5.0
79185	3.5
79242	5.0
79357	5.0
79702	4.5
80463	4.5
80549	4.5
81229	4.5
81591	4.5
81834	4.5
81845	4.5
82461	3.5
84944	4.5
85414	4.5
86190	4.5
86332	4.0
86880	4.0
86882	4.5
87232	4.5
88125	4.5
88129	3.5
88140	3.5
88744	4.5
89745	4.5
89753	4.5
89864	4.5
89904	5.0
91529	4.5
91535	4.0
91542	4.0
91630	4.0
92259	5.0
94959	4.5
95510	4.5
96079	4.5
96610	4.5
96737	3.0
96821	5.0
97752	4.0
97913	5.0
97921	4.5
97938	4.5
98154	4.0
98809	4.0
99114	4.5
101864	4.0
102125	4.0
102445	4.5
103228	4.0
103253	4.0
103341	4.0
103772	4.0
104374	4.5
105844	4.5
106072	4.0
106489	4.5
106696	4.5
106920	3.5
108932	4.5
110102	4.5
111362	4.5
112175	4.0
112623	4.5
112852	5.0
