1	5.0
2	3.0
6	3.0
11	3.0
14	3.0
16	3.0
17	4.0
21	5.0
22	4.0
25	4.0
32	4.0
34	5.0
36	4.0
39	5.0
41	4.0
45	5.0
46	1.0
48	1.0
52	4.0
55	3.0
62	1.0
72	5.0
94	3.0
100	3.0
105	3.0
110	1.0
111	5.0
112	3.0
121	3.0
125	2.0
141	2.0
144	3.0
150	4.0
153	1.0
161	2.0
162	5.0
168	2.0
171	3.0
175	1.0
176	5.0
194	2.0
205	5.0
206	4.0
208	2.0
222	3.0
223	3.0
230	3.0
232	5.0
235	5.0
242	2.0
246	5.0
253	2.0
260	5.0
265	5.0
272	5.0
281	5.0
292	1.0
296	5.0
300	4.0
305	1.0
316	1.0
318	2.0
334	3.0
337	3.0
345	3.0
348	5.0
351	2.0
355	1.0
356	1.0
357	3.0
363	5.0
368	3.0
369	2.0
371	3.0
372	2.0
376	3.0
377	4.0
380	4.0
382	1.0
410	5.0
412	3.0
413	1.0
420	1.0
425	3.0
428	3.0
434	3.0
435	1.0
438	1.0
440	3.0
441	5.0
448	3.0
452	3.0
457	5.0
471	2.0
474	5.0
475	3.0
477	2.0
480	5.0
485	5.0
497	4.0
500	3.0
501	2.0
508	3.0
509	2.0
515	5.0
527	4.0
529	3.0
531	4.0
535	1.0
538	5.0
539	3.0
551	5.0
555	5.0
556	5.0
562	1.0
581	5.0
586	1.0
587	4.0
588	2.0
589	5.0
590	5.0
592	2.0
593	5.0
595	5.0
596	3.0
597	3.0
608	5.0
647	3.0
648	3.0
661	2.0
674	3.0
708	3.0
720	5.0
728	5.0
733	2.0
736	1.0
745	5.0
762	1.0
778	3.0
780	1.0
800	5.0
830	1.0
832	3.0
838	3.0
858	5.0
861	4.0
898	5.0
902	2.0
905	5.0
908	4.0
909	5.0
910	5.0
912	5.0
913	5.0
919	4.0
920	5.0
921	4.0
922	5.0
923	5.0
924	1.0
926	5.0
927	4.0
930	5.0
933	3.0
934	3.0
936	4.0
940	4.0
942	5.0
943	3.0
946	4.0
953	5.0
954	3.0
955	2.0
969	4.0
971	5.0
994	5.0
1010	4.0
1013	2.0
1022	4.0
1029	4.0
1036	3.0
1041	3.0
1050	2.0
1051	3.0
1057	3.0
1060	4.0
1061	2.0
1069	5.0
1073	4.0
1077	5.0
1078	5.0
1079	4.0
1080	5.0
1081	5.0
1082	5.0
1093	2.0
1094	3.0
1095	5.0
1096	5.0
1097	4.0
1103	3.0
1104	5.0
1125	4.0
1127	5.0
1136	5.0
1148	5.0
1171	3.0
1172	4.0
1177	4.0
1179	4.0
1185	5.0
1186	5.0
1187	4.0
1188	2.0
1189	5.0
1191	3.0
1193	5.0
1196	4.0
1197	5.0
1198	4.0
1200	4.0
1201	1.0
1204	3.0
1207	5.0
1208	3.0
1210	3.0
1213	5.0
1214	4.0
1218	5.0
1219	5.0
1220	1.0
1221	5.0
1223	5.0
1224	4.0
1225	3.0
1230	5.0
1231	5.0
1234	4.0
1235	5.0
1238	2.0
1240	5.0
1242	4.0
1244	5.0
1245	5.0
1246	3.0
1247	5.0
1248	2.0
1251	5.0
1252	5.0
1253	4.0
1254	4.0
1256	5.0
1258	3.0
1259	4.0
1263	4.0
1265	5.0
1267	5.0
1268	3.0
1269	2.0
1270	4.0
1271	1.0
1272	3.0
1276	4.0
1278	5.0
1279	1.0
1282	1.0
1284	5.0
1285	5.0
1286	4.0
1288	5.0
1291	3.0
1295	4.0
1296	5.0
1299	4.0
1304	5.0
1307	5.0
1333	3.0
1340	5.0
1345	4.0
1350	4.0
1356	4.0
1357	4.0
1358	4.0
1370	3.0
1371	3.0
1377	1.0
1380	3.0
1381	1.0
1387	4.0
1392	4.0
1394	5.0
1395	4.0
1396	4.0
1399	3.0
1405	1.0
1407	3.0
1408	1.0
1409	1.0
1414	4.0
1416	1.0
1429	4.0
1449	1.0
1466	4.0
1500	5.0
1503	1.0
1513	3.0
1517	3.0
1544	1.0
1552	1.0
1573	5.0
1580	5.0
1586	1.0
1587	2.0
1589	4.0
1600	3.0
1608	1.0
1611	5.0
1614	2.0
1617	5.0
1633	3.0
1635	5.0
1641	4.0
1643	4.0
1645	3.0
1648	3.0
1649	4.0
1653	4.0
1663	3.0
1673	4.0
1674	3.0
1676	5.0
1678	3.0
1680	3.0
1682	3.0
1693	3.0
1694	4.0
1701	4.0
1704	4.0
1707	1.0
1713	1.0
1721	4.0
1732	5.0
1747	5.0
1748	4.0
1753	1.0
1760	3.0
1769	1.0
1777	3.0
1779	1.0
1784	3.0
1788	3.0
1792	2.0
1797	3.0
1809	1.0
1810	3.0
1821	1.0
1827	3.0
1858	4.0
1866	1.0
1876	1.0
1882	1.0
1883	3.0
1884	3.0
1885	5.0
1904	2.0
1912	5.0
1914	3.0
1917	1.0
1923	1.0
1924	5.0
1936	3.0
1938	4.0
1939	5.0
1940	4.0
1944	4.0
1946	4.0
1948	5.0
1950	4.0
1952	5.0
1953	4.0
1954	4.0
1955	4.0
1956	5.0
1958	4.0
1959	4.0
1961	4.0
1962	5.0
1964	4.0
1966	5.0
1968	3.0
1982	5.0
1994	3.0
1997	5.0
2000	4.0
2001	4.0
2003	2.0
2006	2.0
2013	2.0
2014	4.0
2018	3.0
2020	4.0
2023	2.0
2028	4.0
2054	3.0
2059	1.0
2064	5.0
2065	5.0
2066	5.0
2067	1.0
2078	1.0
2080	4.0
2081	5.0
2085	4.0
2088	1.0
2100	4.0
2108	3.0
2109	3.0
2110	3.0
2111	3.0
2112	1.0
2115	4.0
2118	4.0
2124	4.0
2130	4.0
2132	4.0
2136	2.0
2146	3.0
2150	3.0
2155	4.0
2159	4.0
2160	5.0
2167	1.0
2171	2.0
2186	4.0
2202	4.0
2203	5.0
2208	5.0
2231	3.0
2243	5.0
2248	4.0
2249	2.0
2252	1.0
2259	1.0
2272	3.0
2273	4.0
2278	4.0
2289	5.0
2290	4.0
2291	4.0
2294	5.0
2297	1.0
2300	4.0
2301	3.0
2312	4.0
2318	3.0
2320	3.0
2321	3.0
2329	4.0
2333	4.0
2351	4.0
2352	4.0
2353	1.0
2355	5.0
2356	1.0
2367	3.0
2374	1.0
2378	5.0
2384	1.0
2390	4.0
2395	5.0
2396	5.0
2407	3.0
2431	1.0
2439	4.0
2455	3.0
2459	3.0
2463	5.0
2469	4.0
2473	1.0
2474	3.0
2478	1.0
2485	3.0
2502	4.0
2513	2.0
2524	3.0
2528	4.0
2529	4.0
2539	2.0
2540	5.0
2550	5.0
2551	3.0
2570	3.0
2571	5.0
2596	4.0
2599	5.0
2611	3.0
2612	4.0
2616	1.0
2625	3.0
2628	1.0
2633	5.0
2640	3.0
2644	4.0
2648	5.0
2657	2.0
2664	5.0
2677	5.0
2692	3.0
2693	5.0
2700	2.0
2710	3.0
2716	3.0
2724	1.0
2734	4.0
2736	5.0
2750	5.0
2761	5.0
2763	3.0
2770	3.0
2779	1.0
2788	4.0
2791	4.0
2797	5.0
2801	3.0
2852	4.0
2858	5.0
2859	4.0
2863	3.0
2870	3.0
2871	3.0
2882	1.0
2890	5.0
2908	5.0
2915	3.0
2916	5.0
2918	3.0
2929	4.0
2936	4.0
2937	5.0
2942	3.0
2947	4.0
2949	4.0
2953	1.0
2966	4.0
2968	5.0
2973	5.0
2976	2.0
2985	4.0
2987	4.0
2988	4.0
2996	1.0
2997	5.0
3006	4.0
3007	5.0
3016	3.0
3019	5.0
3030	2.0
3033	1.0
3037	4.0
3039	4.0
3045	2.0
3067	3.0
3070	3.0
3071	3.0
3072	5.0
3081	3.0
3082	2.0
3088	4.0
3090	5.0
3093	4.0
3095	4.0
3099	2.0
3100	3.0
3104	3.0
3105	4.0
3108	4.0
3114	5.0
3134	5.0
3145	3.0
3147	1.0
3153	4.0
3156	1.0
3163	5.0
3168	1.0
3175	5.0
3182	5.0
3200	3.0
3244	4.0
3246	3.0
3252	2.0
3255	3.0
3260	5.0
3261	4.0
3265	5.0
3274	3.0
3334	3.0
3358	3.0
3361	3.0
3362	5.0
3363	2.0
3364	4.0
3384	3.0
3386	3.0
3392	2.0
3396	4.0
3418	4.0
3421	2.0
3424	3.0
3426	2.0
3429	5.0
3435	4.0
3448	3.0
3451	3.0
3467	4.0
3468	3.0
3471	2.0
3475	5.0
3478	2.0
3481	4.0
3489	1.0
3499	5.0
3500	3.0
3504	5.0
3507	3.0
3524	5.0
3526	5.0
3528	2.0
3546	5.0
3591	3.0
3608	4.0
3614	1.0
3624	5.0
3633	5.0
3671	5.0
3683	4.0
3684	5.0
3685	4.0
3688	2.0
3699	3.0
3701	5.0
3712	4.0
