1	4.0
2	3.5
6	4.0
16	3.0
21	2.0
29	4.5
31	1.5
32	4.5
47	4.0
48	2.5
50	3.5
70	2.5
110	4.0
111	3.5
145	2.5
150	2.5
151	3.0
153	2.5
160	1.5
165	3.5
175	3.5
194	2.5
198	3.0
208	2.5
231	3.0
235	4.0
247	3.5
252	3.0
253	3.5
260	4.0
266	3.0
288	3.0
292	3.0
293	4.0
296	3.0
305	2.0
316	3.0
318	3.5
329	3.0
337	4.0
356	3.5
364	3.5
370	2.5
377	3.0
407	4.0
410	3.0
431	3.0
455	2.0
466	3.0
480	3.0
485	3.0
497	3.0
507	4.0
508	3.0
509	3.0
515	3.5
520	2.5
527	5.0
537	3.0
539	3.5
541	4.5
551	4.0
586	3.0
589	3.5
590	3.0
592	4.0
593	3.5
595	2.5
597	3.0
648	3.0
674	2.5
720	4.0
724	3.0
733	3.0
736	2.5
741	3.5
745	4.5
750	4.0
778	3.0
780	3.0
781	3.5
783	4.0
858	4.0
866	3.5
912	3.0
920	3.0
923	2.0
924	2.0
968	3.0
991	3.0
996	2.5
1028	3.0
1029	3.5
1036	4.0
1037	2.5
1059	4.0
1061	3.0
1079	3.5
1080	3.5
1088	3.0
1089	3.5
1090	4.0
1092	3.5
1094	3.0
1097	3.0
1100	2.0
1101	3.0
1103	3.5
1127	3.0
1128	3.5
1129	3.5
1136	4.5
1148	4.5
1171	3.0
1175	4.0
1178	3.5
1183	2.5
1193	4.5
1196	4.0
1197	4.0
1198	4.0
1200	4.5
1201	4.5
1204	3.5
1206	3.5
1208	3.5
1209	4.0
1210	4.0
1211	2.5
1213	4.0
1214	4.5
1215	3.5
1219	3.0
1220	3.5
1221	4.0
1222	3.5
1223	4.0
1227	4.0
1240	4.5
1241	3.5
1242	3.5
1246	4.0
1250	3.0
1255	3.5
1258	3.5
1259	3.5
1261	3.5
1263	3.0
1265	4.0
1270	2.5
1271	4.0
1274	3.0
1275	4.0
1276	3.5
1282	3.5
1288	3.5
1291	4.0
1304	4.0
1320	3.5
1342	1.5
1343	3.5
1345	3.0
1350	3.5
1357	3.5
1370	3.0
1371	3.5
1372	3.5
1373	2.0
1374	3.5
1375	3.0
1376	3.5
1377	4.0
1378	3.5
1379	3.5
1385	2.5
1391	3.5
1394	3.5
1396	2.5
1407	3.5
1408	4.5
1466	3.5
1479	2.5
1483	3.0
1499	0.5
1517	3.0
1527	4.0
1552	3.0
1556	1.5
1562	2.5
1573	3.5
1580	3.5
1584	4.0
1587	4.0
1610	3.0
1617	3.0
1620	2.5
1625	4.0
1641	3.5
1645	3.5
1653	3.0
1663	3.5
1665	2.5
1673	3.5
1676	2.5
1680	3.5
1682	3.5
1687	3.0
1688	2.5
1690	3.0
1704	3.0
1717	3.0
1721	3.5
1726	2.0
1729	3.0
1732	4.0
1747	3.5
1748	4.0
1754	3.5
1762	3.5
1779	2.0
1784	3.0
1805	3.0
1873	4.0
1876	3.0
1884	2.0
1892	3.0
1907	3.5
1909	2.5
1912	3.0
1917	3.5
1920	3.5
1921	2.0
1923	3.5
1954	2.5
1961	4.0
1967	3.5
1982	3.0
1994	3.5
1997	4.0
2003	3.5
2004	3.0
2005	3.0
2006	2.5
2010	2.5
2011	2.5
2012	3.5
2019	4.0
2021	3.5
2023	4.0
2025	1.5
2028	3.5
2054	2.0
2058	3.5
2076	3.0
2081	2.5
2094	3.5
2097	2.5
2115	3.5
2122	3.0
2124	4.0
2126	2.5
2140	3.0
2143	3.0
2145	3.0
2146	3.5
2153	2.5
2167	2.0
2174	4.0
2188	2.5
2193	3.5
2194	3.0
2231	3.5
2232	3.5
2245	2.5
2288	4.0
2291	4.5
2302	2.0
2318	3.5
2324	4.0
2329	4.0
2340	2.5
2355	4.0
2373	2.5
2375	3.0
2378	3.0
2382	1.5
2393	2.5
2394	3.0
2396	3.0
2403	4.0
2405	2.5
2406	3.0
2409	2.0
2410	2.5
2411	3.5
2413	3.5
2424	3.0
2427	2.5
2428	3.0
2431	2.5
2467	3.5
2470	3.0
2471	1.5
2474	3.5
2491	2.5
2529	3.5
2541	3.0
2542	3.5
2560	3.5
2571	3.5
2572	3.5
2580	3.0
2594	3.5
2600	3.5
2617	3.5
2622	3.0
2628	3.5
2640	3.0
2657	3.0
2671	3.5
2683	3.0
2687	3.0
2692	3.0
2699	2.5
2710	3.0
2712	3.5
2716	3.5
2717	2.5
2723	3.5
2728	3.5
2761	4.0
2762	4.0
2763	3.0
2791	3.5
2792	3.0
2797	3.0
2805	3.5
2806	2.0
2827	1.5
2858	4.0
2881	3.0
2908	3.0
2916	3.5
2944	4.0
2947	3.0
2949	2.5
2953	2.5
2959	3.5
2966	3.5
2976	2.5
2985	3.5
2987	4.0
2997	3.5
3000	3.5
3004	3.5
3006	3.0
3020	3.5
3033	4.0
3052	3.5
3060	3.5
3066	3.5
3081	4.0
3095	3.0
3114	3.5
3147	3.5
3156	3.0
3160	3.0
3168	3.5
3174	3.0
3175	3.5
3176	3.5
3186	3.5
3203	3.5
3210	3.0
3250	3.0
3252	4.0
3253	2.5
3254	2.0
3257	2.5
3258	2.5
3259	3.0
3260	3.5
3271	4.0
3273	2.5
3300	3.5
3301	3.0
3307	4.0
3310	4.0
3316	2.0
3317	2.5
3328	3.5
3354	2.0
3363	3.0
3408	3.0
3409	3.0
3418	4.0
3438	2.5
3448	3.5
3462	4.5
3471	3.0
3481	3.0
3503	2.5
3510	3.0
3527	3.0
3535	3.0
3536	3.5
3556	3.5
3578	3.5
3593	1.0
3617	2.5
3623	3.5
3639	2.0
3686	3.0
3698	3.0
3703	4.0
3704	3.0
3727	3.0
3741	2.5
3751	3.5
3753	3.0
3785	3.5
3793	3.0
3798	3.0
3825	3.0
3826	2.0
3863	2.5
3869	3.0
3882	2.5
3893	3.0
3895	1.5
3897	3.5
3910	3.0
3917	3.0
3948	3.5
3949	4.5
3953	3.0
3967	3.5
3968	3.0
3977	2.5
3981	1.5
3988	2.0
3992	4.0
3993	3.0
3994	3.0
3996	3.0
3999	2.5
4008	3.0
4011	3.5
4014	4.0
4020	3.0
4022	3.0
4023	3.5
4027	3.5
4034	3.5
4036	3.0
4056	1.5
4085	3.0
4105	4.0
4148	2.5
4161	3.0
4210	3.0
4223	3.0
4226	3.5
4235	3.5
4239	2.5
4246	3.5
4267	2.5
4270	3.0
4306	4.5
4308	4.0
4327	4.0
4343	2.0
4361	3.0
4367	2.5
4370	3.5
4372	3.5
4388	3.0
4396	3.0
4446	3.0
4448	2.5
4492	3.0
4641	3.0
4643	2.0
4681	3.0
4720	4.0
4728	3.0
4741	3.5
4776	2.5
4814	3.0
4815	3.0
4816	4.0
4844	3.5
4848	4.0
4865	3.0
4874	3.0
4878	4.0
4881	4.0
4886	4.0
4896	3.5
4902	3.5
4963	3.5
4973	5.0
4974	3.0
4979	3.0
4993	5.0
4995	3.0
5010	3.0
5013	3.5
5015	4.0
5026	2.0
5074	3.0
5218	4.0
5225	3.5
5254	3.0
5269	3.0
5299	3.0
5308	2.5
5313	2.5
5349	3.0
5377	3.5
5378	3.5
5388	3.0
5418	3.5
5445	3.0
5464	3.0
5481	2.5
5502	2.5
5528	3.5
5541	3.5
5577	4.0
5608	3.0
5618	4.5
5630	3.0
5669	3.5
5673	4.0
5679	3.5
5690	5.0
5791	3.5
5816	3.5
5872	3.0
5878	3.5
5881	3.5
5902	2.5
5903	3.5
5944	3.0
5952	4.5
5954	3.5
5956	2.0
5971	4.0
5989	4.0
5991	2.5
5992	4.0
6003	3.0
6058	3.0
6104	4.0
6157	3.5
6218	4.0
6242	4.0
6281	3.0
6286	4.0
6291	3.5
6323	3.0
6333	3.5
6350	4.5
6365	4.0
6367	4.0
6373	3.0
6377	4.0
6378	3.5
6502	4.0
6503	3.5
6534	4.0
6537	4.0
6539	4.0
6541	3.0
6550	3.0
6586	3.0
6618	3.5
6708	3.5
6709	3.0
6711	5.0
6754	3.0
6755	4.0
6807	3.5
6863	4.0
6867	4.0
6870	3.5
6873	3.5
6874	2.0
6890	2.0
6947	3.5
7007	3.5
7022	3.5
7073	2.5
7099	4.0
7139	4.0
7143	4.0
7147	3.5
7151	4.0
7153	5.0
7154	3.5
7160	3.0
7162	3.0
7173	3.0
7254	2.5
7265	3.5
7323	3.5
7347	2.5
7361	4.0
7367	2.5
7371	4.0
7373	4.0
7451	3.5
7458	3.5
8340	3.0
8360	4.5
8361	3.0
8368	3.5
8370	3.0
8371	3.5
8464	4.0
8526	3.0
8528	4.0
8622	3.0
8636	3.5
8638	3.5
8640	3.5
8645	3.5
8783	3.0
8784	4.0
8798	3.5
8865	3.0
8873	4.0
8917	3.5
8948	3.5
8949	4.0
8950	3.0
8961	4.5
8970	4.0
8977	2.0
8981	4.0
8984	3.0
26662	3.5
27706	4.0
27721	4.0
27773	3.5
27801	4.0
27873	4.0
30707	4.0
30749	4.0
30793	3.5
30810	4.0
30812	3.5
30822	3.5
30825	3.5
31410	4.0
31420	3.0
31658	3.5
31878	3.5
32587	4.0
32596	3.5
33004	3.5
33166	4.0
33493	4.0
33679	3.5
33794	4.0
34072	4.0
34319	3.5
34405	3.5
34437	3.0
36401	3.5
36519	3.5
36529	3.5
37380	3.0
37720	3.5
37729	4.0
37733	3.5
37857	4.5
38038	4.0
38061	3.5
39183	4.0
39292	3.5
40583	4.0
40819	3.5
41285	3.5
41566	3.5
41569	3.5
42004	3.5
42738	3.0
43936	3.5
44191	3.5
44195	3.5
44199	3.5
44555	4.0
44694	3.5
45499	3.5
45501	3.5
45517	3.5
45666	3.0
45672	3.5
45720	3.5
45722	3.5
45730	3.5
45880	3.5
46530	3.0
46578	4.0
46723	3.5
46976	4.0
47200	3.5
47610	3.5
48043	4.0
48082	4.0
48142	3.5
48394	4.0
48516	3.5
48774	3.5
48780	3.5
49272	3.0
49651	3.0
49772	3.5
49824	3.5
49932	3.5
50794	3.5
50872	3.5
51540	3.5
51662	3.5
52281	3.5
52328	3.0
52952	3.5
53000	3.5
53125	3.5
53322	3.5
53464	3.0
53953	3.0
53972	3.5
54001	3.5
54259	4.0
54736	3.5
54995	3.5
54997	4.0
55269	3.5
55282	2.5
55442	3.5
55820	3.5
55830	3.0
56152	3.5
56171	3.0
56174	3.0
56339	4.0
56367	4.0
56607	4.0
56757	4.0
56782	3.5
57274	4.0
58154	3.5
58559	3.5
59018	4.0
59315	4.0
59615	3.5
60037	2.0
60069	4.5
60126	3.5
60684	4.0
60950	4.0
61132	3.5
61240	4.5
61323	3.5
63082	4.0
63876	3.5
63992	3.0
64839	4.0
64957	4.0
66097	3.5
66665	4.0
68157	4.0
68237	3.5
68358	3.5
68791	3.5
68954	4.0
69481	3.5
69640	3.0
69757	4.0
69951	4.0
70286	4.0
71033	4.0
71057	3.0
71135	3.0
71379	3.0
71535	4.0
72998	3.0
73017	3.5
74789	4.0
76251	4.0
76293	3.5
77561	3.5
78574	4.0
79132	4.5
79242	4.5
79702	4.0
80219	4.0
80549	4.0
80969	4.0
81591	4.5
81845	3.5
82459	3.5
83134	3.5
84944	3.5
85510	2.5
86332	3.5
86880	3.5
88129	4.0
89864	3.5
91529	3.5
93840	4.0
94864	3.0
95088	3.0
96610	4.5
98809	4.0
102903	3.5
104841	4.0
106489	3.0
