1	0.5
2	2.0
3	3.0
6	4.0
10	3.0
16	4.5
19	4.0
21	4.0
34	2.0
39	1.0
44	1.5
47	4.0
50	3.5
63	4.0
69	4.0
95	2.5
104	3.5
110	5.0
111	4.0
112	4.0
122	3.0
145	4.0
150	3.0
153	3.5
160	3.0
165	5.0
173	2.0
175	4.0
185	2.5
193	3.5
208	3.0
227	1.0
231	4.0
235	2.5
256	1.5
260	4.0
288	3.5
293	4.0
296	4.0
318	5.0
337	3.5
344	4.5
353	4.0
356	5.0
357	1.5
364	4.0
367	2.5
368	4.0
370	1.5
376	2.0
377	2.0
379	1.5
380	2.5
405	1.5
410	2.0
420	4.0
428	3.0
431	4.5
434	2.0
435	1.0
442	2.5
448	4.0
454	3.5
457	3.5
466	3.0
480	2.0
485	2.5
493	5.0
500	3.0
508	4.0
519	1.5
520	3.0
527	3.0
552	2.0
553	3.0
555	3.5
586	1.0
588	3.0
589	3.5
590	4.0
592	3.5
593	3.5
594	2.5
597	3.0
628	4.0
648	3.0
733	3.5
736	1.0
737	0.5
743	3.0
778	4.0
780	3.5
784	3.0
786	3.0
788	3.0
832	3.5
858	5.0
919	2.0
1029	3.0
1036	4.0
1059	3.0
1061	4.0
1079	4.0
1089	4.0
1090	4.5
1092	4.0
1093	4.0
1097	2.5
1101	4.0
1120	4.0
1127	4.0
1136	3.0
1193	4.5
1196	4.0
1198	3.0
1200	3.5
1206	3.5
1208	3.0
1210	3.5
1213	4.0
1214	4.0
1220	3.5
1221	5.0
1222	4.5
1227	4.0
1240	3.5
1258	3.5
1262	4.0
1270	3.0
1291	4.0
1298	4.0
1320	3.0
1367	0.5
1370	4.0
1377	3.0
1387	3.5
1388	3.0
1391	1.0
1393	3.5
1405	2.0
1407	2.0
1466	4.0
1485	3.0
1517	3.5
1527	3.0
1562	3.5
1573	3.0
1580	3.0
1587	3.0
1608	2.5
1610	3.5
1619	4.0
1625	4.0
1645	4.0
1673	4.0
1676	1.0
1682	4.0
1704	3.5
1707	0.5
1721	3.5
1722	3.0
1729	4.0
1732	4.0
1772	3.5
1777	3.5
1784	4.0
1805	3.0
1866	2.5
1882	3.0
1884	5.0
1917	4.0
1918	3.0
1923	4.0
1961	4.5
2000	3.5
2001	3.0
2002	3.0
2003	2.5
2004	1.5
2011	2.0
2012	2.0
2023	5.0
2028	4.5
2050	3.0
2054	0.5
2058	4.0
2115	4.0
2153	3.0
2167	4.0
2174	2.0
2194	2.5
2232	4.0
2268	4.0
2273	3.5
2291	4.0
2324	4.0
2329	4.5
2335	5.0
2338	1.5
2355	3.5
2367	1.5
2373	2.5
2379	3.5
2396	1.0
2402	1.5
2403	3.0
2404	3.0
2411	3.0
2412	3.0
2420	2.0
2490	4.0
2502	4.5
2542	4.0
2567	2.0
2571	4.0
2580	3.0
2617	2.0
2628	4.0
2640	2.0
2683	3.0
2700	3.0
2706	4.0
2710	4.0
2712	3.0
2716	2.5
2735	3.0
2762	3.5
2791	4.0
2858	4.5
2908	3.5
2916	3.5
2924	4.0
2953	1.5
2959	4.5
2985	3.0
2986	3.0
2987	3.5
2997	3.5
3006	3.5
3033	4.0
3039	3.5
3052	3.5
3081	3.0
3113	2.0
3114	1.0
3147	4.0
3173	3.5
3176	4.0
3213	3.5
3250	2.5
3252	4.0
3253	2.0
3257	1.5
3268	0.5
3275	4.0
3285	3.5
3444	1.5
3448	4.0
3450	3.0
3481	3.0
3489	2.5
3498	4.0
3499	4.0
3527	4.0
3535	4.0
3564	0.5
3578	4.5
3581	3.5
3617	3.5
3623	3.0
3697	3.0
3698	3.0
3702	2.5
3717	4.0
3751	3.0
3752	3.5
3753	4.0
3785	3.5
3793	3.5
3821	2.0
3826	3.0
3879	2.5
3908	1.0
3948	3.5
3949	4.0
3977	2.5
3984	4.0
3994	3.5
3996	4.0
3999	2.0
4007	4.0
4011	4.0
4015	1.5
4022	4.0
4027	3.0
4034	4.0
4054	3.0
4061	4.0
4084	4.0
4085	4.5
4102	4.0
4148	3.5
4223	4.0
4226	3.5
4228	3.5
4235	4.0
4239	4.5
4254	1.5
4262	5.0
4306	4.0
4308	3.5
4310	4.0
4369	3.5
4370	3.0
4487	2.5
4489	5.0
4558	4.0
4643	2.0
4701	3.5
4776	4.5
4878	3.5
4886	3.5
4887	4.0
4896	4.0
4901	3.5
4915	2.5
4958	3.0
4963	3.0
4973	3.5
4974	3.0
4993	5.0
4995	4.5
5010	4.0
5027	3.5
5040	3.0
5049	3.5
5064	2.0
5093	2.5
5151	3.0
5152	4.0
5218	4.5
5220	3.0
5254	3.5
5292	4.0
5349	3.5
5378	3.5
5379	3.5
5388	3.5
5418	4.0
5420	3.5
5445	4.0
5449	1.5
5464	3.0
5507	2.0
5523	2.5
5530	3.5
5574	3.0
5621	3.0
5630	3.5
5669	3.0
5785	3.0
5803	3.0
5810	5.0
5816	3.5
5903	4.0
5952	5.0
5954	3.0
5956	3.5
5959	3.5
5989	4.0
6016	4.0
6059	3.5
6188	3.5
6281	3.0
6323	4.5
6333	2.5
6365	2.0
6373	3.5
6377	4.0
6378	4.0
6502	4.0
6537	2.5
6539	5.0
6548	4.0
6664	3.5
6708	4.0
6709	3.0
6711	3.0
6754	3.5
6793	1.0
6796	5.0
6874	4.0
6934	1.5
6996	2.0
7004	1.0
7007	3.0
7022	1.0
7090	4.0
7143	5.0
7147	3.5
7153	5.0
7162	4.0
7163	2.5
7254	4.0
7346	2.0
7347	4.0
7360	3.5
7361	3.5
7376	2.0
7438	4.0
7444	2.0
7445	4.0
7458	4.5
7502	5.0
8132	4.0
8340	4.0
8360	3.5
8368	3.5
8370	4.0
8372	2.0
8464	3.5
8529	3.5
8604	4.0
8622	3.5
8636	3.5
8640	4.0
8641	3.5
8644	3.5
8665	4.0
8666	2.5
8798	4.0
8810	1.0
8874	3.0
8950	3.5
8958	3.0
8961	3.0
8969	2.0
8970	3.0
8972	3.5
8977	4.0
8983	3.0
8985	3.5
26680	3.0
27831	4.0
27838	0.5
30707	4.0
30749	4.0
30793	3.0
30812	4.0
31410	3.5
32587	4.0
33158	2.0
33162	4.0
33166	3.0
33493	3.0
33615	4.5
33646	3.5
33660	3.5
33679	3.0
33794	4.0
34150	3.0
34162	3.0
34271	4.0
35836	4.0
36401	3.5
36519	3.0
36529	4.0
36535	2.5
37727	2.5
37729	4.0
37731	4.0
38061	4.0
40278	3.0
40581	2.0
40815	3.5
40819	4.0
41569	3.0
42007	3.0
42718	3.0
42738	3.5
43936	4.0
44004	2.5
44022	4.5
44191	3.5
44195	4.0
44199	4.5
44665	4.0
45186	3.0
45431	4.0
45442	2.0
45499	3.0
45501	3.0
45517	3.5
45672	3.5
45720	3.0
45722	5.0
45726	3.5
45732	2.5
46335	3.5
46530	2.5
46578	3.0
46723	3.0
46965	2.0
46972	3.5
46974	3.5
46976	3.5
47044	3.0
47099	3.5
47200	3.5
47518	2.5
47610	4.0
47640	2.5
47997	2.5
48142	3.5
48304	4.0
48322	3.0
48516	4.5
48738	4.0
48774	4.0
48780	4.5
48982	3.5
49272	4.0
49274	3.5
49396	3.5
49530	4.0
49649	3.0
49824	3.5
50068	4.0
50442	3.5
50798	2.0
50804	3.5
50872	3.5
51077	2.5
51091	3.0
51575	2.5
51662	5.0
51935	3.5
52281	3.5
52328	2.0
52458	3.5
52722	3.0
52952	3.0
52973	3.5
53000	3.5
53121	3.5
53125	5.0
53322	3.5
53464	3.5
53519	3.5
53550	4.0
53972	4.0
53996	5.0
54001	3.5
54259	4.0
54286	5.0
54503	4.0
54648	3.5
54736	4.0
54997	4.5
55118	4.0
55247	4.0
55282	2.5
55290	4.0
55363	3.0
55721	3.5
55765	4.0
55768	3.0
55805	2.0
55820	4.0
55830	4.0
56174	3.5
56367	3.5
56775	3.0
56949	3.0
57368	1.5
57528	4.0
58025	2.5
58103	2.5
58162	2.5
58293	2.0
58295	3.5
58299	3.5
58559	5.0
58803	3.5
59103	3.0
59315	3.5
59369	3.5
59615	2.0
59784	4.0
60040	3.5
60069	3.5
60397	3.0
60684	3.5
60937	2.5
61024	3.0
61132	3.5
61248	3.0
61323	2.0
61350	4.0
62081	3.5
62374	4.0
62394	3.5
62849	3.0
62999	4.0
63082	4.0
63113	4.0
63131	3.0
63853	3.5
63859	3.5
63992	2.0
64030	3.0
64497	2.0
64614	3.5
64957	4.0
64969	4.0
65088	3.5
65216	3.5
65230	3.0
65514	3.0
65682	3.0
66203	2.5
66509	3.0
67087	3.5
67255	3.5
67734	2.5
68135	1.5
68157	4.5
68159	4.0
68205	1.0
68319	4.0
68358	4.0
68554	4.0
68791	3.5
68793	2.5
68954	3.5
69122	4.0
69481	4.0
69640	3.0
69644	4.0
69844	0.5
70286	2.0
70336	3.0
71211	3.0
71254	3.0
71530	2.5
71535	4.5
72378	2.0
72998	4.5
73017	3.5
73321	4.0
74458	4.0
76093	4.0
77561	3.5
77866	3.5
78105	4.0
78209	4.5
79057	3.0
79091	4.0
79132	4.0
80463	3.5
80489	3.5
81229	4.0
81537	3.5
81845	4.0
81932	4.0
82459	4.5
82461	4.0
86332	3.0
87222	3.0
87232	2.5
88129	4.0
89492	3.5
91529	4.5
97304	4.0
99114	4.0
