1	4.0
2	3.5
3	2.0
5	2.0
19	2.5
20	2.0
21	2.0
23	3.5
31	4.0
32	4.5
34	2.0
39	2.5
44	3.0
47	5.0
48	1.0
50	3.5
58	4.0
60	2.5
70	3.5
86	3.0
87	2.0
89	3.0
95	1.5
104	2.0
110	4.5
126	3.0
141	3.0
145	3.0
147	5.0
150	4.5
158	3.5
165	4.0
169	2.0
181	1.0
185	2.5
216	2.5
227	3.0
231	2.0
235	2.0
256	2.5
260	2.0
261	3.0
266	3.0
267	2.5
277	3.5
296	4.0
300	4.0
303	3.0
318	5.0
337	4.5
344	3.0
351	3.0
355	2.5
356	4.5
357	3.5
364	5.0
367	2.0
374	2.5
376	2.5
377	4.0
380	1.5
393	1.5
414	4.0
419	2.0
434	2.5
435	1.5
442	2.0
455	3.5
457	2.0
480	3.0
485	2.0
500	3.0
502	2.5
520	3.5
527	5.0
531	3.0
538	2.0
539	3.0
541	4.0
544	4.5
551	4.0
552	3.0
575	3.5
585	2.0
586	3.0
587	5.0
588	4.0
589	4.0
592	3.0
593	4.5
594	3.0
595	3.5
596	3.0
597	4.5
608	3.0
616	3.0
628	5.0
647	4.0
648	2.0
653	4.0
673	2.5
688	2.5
708	3.5
711	2.5
724	2.5
736	3.5
778	2.0
780	3.0
784	1.5
785	2.5
786	2.0
788	1.0
798	3.0
799	3.5
800	3.0
802	3.5
805	4.5
810	3.5
818	1.0
830	2.5
832	2.5
836	2.0
837	3.5
886	3.0
899	3.5
919	5.0
953	4.5
986	3.5
996	2.5
1005	2.5
1020	4.0
1021	4.0
1025	3.0
1028	4.5
1031	3.0
1032	3.5
1036	3.5
1042	2.0
1047	3.5
1059	4.5
1061	3.5
1073	4.5
1088	4.5
1097	3.0
1101	3.5
1126	2.5
1196	3.0
1210	2.5
1213	2.5
1220	3.0
1222	4.0
1240	2.0
1246	2.0
1250	2.5
1258	3.5
1259	4.5
1265	3.0
1267	3.5
1270	2.5
1271	4.5
1282	2.0
1302	3.5
1307	4.0
1347	2.5
1359	2.5
1367	2.5
1370	1.5
1380	4.0
1387	3.5
1388	2.5
1393	5.0
1396	3.5
1407	3.0
1409	2.5
1422	3.5
1427	2.5
1466	3.0
1479	2.5
1483	0.5
1485	2.0
1488	3.0
1513	3.5
1517	2.0
1518	3.5
1527	1.5
1544	2.5
1552	4.0
1556	2.5
1562	2.5
1569	4.0
1573	4.0
1580	2.5
1588	2.5
1592	3.0
1593	3.0
1595	3.0
1597	3.5
1608	3.0
1610	3.5
1611	4.5
1614	3.5
1617	4.0
1619	3.5
1625	4.0
1639	3.0
1641	3.5
1644	2.5
1645	4.0
1653	4.0
1672	4.5
1676	1.5
1680	3.0
1682	4.5
1687	3.5
1688	4.5
1702	2.0
1704	4.0
1707	3.0
1717	1.5
1721	4.0
1722	2.0
1726	4.0
1748	2.0
1752	3.5
1754	3.5
1760	1.0
1772	2.5
1777	4.0
1779	3.5
1784	4.0
1792	2.0
1801	2.5
1805	4.0
1831	1.0
1835	4.5
1848	3.0
1863	3.0
1866	3.0
1882	1.0
1892	2.0
1894	3.0
1895	2.5
1907	1.5
1911	1.5
1912	2.0
1917	4.5
1918	1.0
1920	3.0
1923	2.5
1954	2.5
1957	3.0
1961	4.5
1967	2.5
1968	5.0
1991	3.0
1997	2.0
2000	2.5
2001	2.5
2002	2.0
2003	2.0
2005	3.0
2006	2.5
2011	2.0
2012	2.5
2013	3.0
2014	3.0
2028	4.5
2036	3.5
2042	3.5
2052	3.0
2053	3.0
2054	2.5
2058	4.0
2059	3.5
2060	2.5
2072	2.5
2081	3.0
2082	4.0
2087	3.5
2096	3.0
2100	2.5
2114	4.0
2115	2.0
2121	1.5
2122	2.5
2125	3.5
2126	3.5
2134	2.0
2137	3.5
2144	2.5
2146	3.0
2152	2.0
2153	2.5
2161	3.0
2162	2.5
2167	3.0
2174	4.0
2193	3.0
2232	2.5
2236	4.5
2268	4.0
2273	2.0
2279	3.5
2291	5.0
2294	4.0
2297	3.0
2316	4.0
2320	4.0
2321	3.5
2325	2.0
2329	5.0
2334	4.0
2335	3.0
2338	1.5
2340	4.5
2353	3.5
2355	1.5
2366	3.0
2379	2.5
2391	3.0
2394	2.5
2396	3.0
2406	2.5
2420	3.5
2421	2.0
2422	3.0
2424	3.5
2428	2.5
2429	4.5
2431	4.5
2447	3.5
2470	1.5
2485	3.0
2490	2.5
2496	2.5
2497	3.5
2498	2.0
2501	3.5
2505	4.0
2539	3.5
2541	3.0
2555	2.5
2558	3.5
2571	3.5
2572	3.5
2580	3.0
2581	2.5
2598	2.0
2605	3.0
2606	3.5
2617	2.5
2618	2.0
2628	3.0
2657	3.0
2671	3.0
2683	3.0
2687	3.0
2688	3.5
2692	2.0
2694	3.5
2701	1.5
2706	4.0
2707	5.0
2710	3.5
2716	3.0
2717	2.0
2718	3.0
2720	1.5
2722	1.5
2723	0.5
2724	2.5
2746	2.0
2761	1.0
2762	3.5
2770	1.0
2771	4.0
2797	3.5
2798	3.0
2799	1.5
2805	2.0
2806	3.5
2808	1.0
2828	1.0
2846	1.0
2858	5.0
2890	3.5
2906	3.5
2915	3.0
2916	3.5
2918	4.5
2959	5.0
2961	3.0
2985	2.0
2987	4.0
2990	1.5
2997	4.5
3004	3.0
3005	4.0
3051	4.0
3052	2.5
3081	1.5
3107	4.0
3113	0.5
3114	3.5
3146	2.5
3147	5.0
3156	3.5
3157	3.0
3176	4.0
3178	4.0
3186	4.0
3247	3.0
3248	3.0
3249	2.0
3253	1.0
3254	2.5
3255	4.0
3257	4.0
3273	2.0
3275	3.0
3285	4.0
3287	2.0
3301	3.0
3316	3.5
3386	3.0
3408	5.0
3409	4.0
3452	0.5
3461	1.5
3478	4.0
3481	3.0
3484	2.0
3489	3.0
3510	4.5
3513	3.5
3526	4.0
3534	4.0
3552	1.5
3555	2.5
3556	3.5
3564	2.0
3578	3.5
3593	0.5
3594	4.0
3608	3.5
3616	1.5
3617	3.5
3623	1.0
3624	2.0
3646	2.5
3649	2.0
3686	3.5
3705	2.5
3710	2.0
3717	4.0
3729	1.5
3744	1.0
3751	1.5
3752	2.5
3753	5.0
3754	1.0
3755	2.0
3785	3.0
3793	3.0
3821	1.0
3825	3.5
3844	4.0
3861	3.5
3882	4.0
3897	4.5
3916	4.5
3948	4.5
3949	4.5
3959	3.0
3967	3.5
3968	2.0
3969	5.0
3977	2.0
3980	4.5
3986	2.0
3987	3.5
3988	3.0
3997	1.0
4011	3.5
4014	3.5
4015	4.0
4018	3.0
4019	3.5
4020	3.5
4022	1.5
4023	2.5
4025	4.0
4034	3.5
4039	4.0
4052	3.5
4054	3.0
4069	2.5
4084	1.0
4085	1.5
4091	3.0
4128	2.5
4148	4.0
4159	4.0
4161	3.5
4167	3.5
4223	3.0
4226	4.5
4228	3.5
4232	2.0
4238	3.5
4239	4.0
4246	2.5
4248	3.0
4251	2.0
4265	2.5
4270	1.5
4299	4.0
4306	4.0
4308	4.0
4310	4.5
4321	1.5
4326	4.0
4340	1.5
4343	0.5
4344	4.0
4351	3.5
4366	3.5
4367	2.0
4369	3.5
4372	4.5
4386	2.5
4388	1.0
4447	1.5
4448	4.5
4519	2.5
4545	3.0
4616	4.0
4621	3.0
4623	3.0
4638	2.0
4639	4.0
4643	3.0
4673	2.5
4677	1.0
4700	4.0
4701	1.0
4718	1.5
4720	4.0
4728	4.0
4734	3.0
4744	1.0
4748	3.0
4757	4.0
4776	4.0
4814	4.0
4816	2.0
4823	4.0
4844	4.5
4865	3.5
4866	4.0
4867	4.0
4874	3.5
4878	5.0
4886	4.5
4890	2.0
4896	2.0
4899	2.0
4901	4.5
4951	1.5
4958	4.0
4963	4.5
4973	4.5
4974	2.5
4975	4.5
4980	1.0
4990	3.0
4992	4.0
5014	4.5
5015	4.5
5025	2.5
5055	4.0
5066	4.0
5092	3.5
5103	3.5
5106	2.0
5108	4.0
5110	3.0
5151	4.0
5159	3.5
5171	3.0
5218	4.0
5254	1.0
5264	2.5
5266	2.0
5267	3.0
5283	2.5
5293	1.0
5308	2.5
5309	2.5
5312	4.0
5349	4.0
5377	3.0
5415	2.0
5419	1.0
5444	3.0
5445	3.5
5446	3.0
5449	2.0
5452	3.0
5459	1.0
5481	2.0
5504	1.0
5507	0.5
5524	2.5
5528	3.5
5564	3.5
5572	0.5
5620	3.0
5630	4.5
5666	3.5
5669	5.0
5673	0.5
5679	1.0
5693	4.0
5747	3.0
5810	3.0
5816	2.5
5879	4.0
5900	2.5
5903	3.5
5941	3.5
5943	2.0
5952	2.5
5954	4.0
5955	4.0
5956	4.0
5957	3.5
5970	4.0
5989	4.0
5991	3.0
5995	4.5
6003	2.0
6006	3.0
6013	1.0
6058	3.0
6059	4.0
6155	3.5
6156	2.5
6166	3.0
6187	4.5
6188	2.5
6218	4.0
6281	4.0
6287	2.0
6294	1.0
6322	3.5
6323	4.0
6333	2.5
6338	1.0
6365	3.0
6373	2.0
6377	4.0
6378	4.0
6383	3.0
6482	1.0
6537	1.0
6539	4.5
6566	1.0
6593	3.5
6595	2.0
6708	3.0
6709	3.0
6793	3.0
6794	2.0
6807	3.5
6863	3.0
6870	4.5
6874	3.5
6879	4.5
6880	1.0
6881	3.5
6890	4.0
6932	3.5
6934	1.0
6942	4.5
6951	1.5
6952	3.5
7004	2.5
7007	3.5
7017	2.5
7036	2.5
7060	3.5
7147	4.0
7150	2.5
7153	2.0
7154	3.5
7160	4.0
7161	2.5
7164	1.5
7247	4.5
7254	4.5
7285	3.0
7293	5.0
7317	3.5
7347	4.5
7361	5.0
7362	3.5
7366	1.5
7381	1.0
7438	2.5
7439	3.5
7444	2.0
7445	4.0
7451	3.5
7618	4.5
7701	2.5
8132	3.0
8360	1.0
8361	3.5
8368	3.5
8371	1.0
8376	0.5
8528	3.5
8529	3.5
8531	0.5
8533	4.5
8622	4.0
8636	3.0
8641	1.0
8643	3.0
8644	2.0
8781	4.0
8798	1.5
8807	3.5
8808	2.5
8814	4.0
8860	4.0
8865	0.5
8866	3.5
8908	5.0
8917	2.0
8947	1.0
8950	4.0
8957	4.5
8958	4.0
8961	4.0
8965	2.0
8970	4.0
8972	3.5
8981	3.5
8984	1.0
27788	4.0
27808	2.0
27821	4.0
27831	4.0
27904	3.5
30707	4.0
30793	4.5
30812	4.5
30825	3.0
31225	5.0
31410	3.5
31420	1.0
31427	4.0
31685	4.0
31696	1.0
32029	3.5
32031	3.5
32296	3.0
32587	2.0
33085	2.0
33166	5.0
33615	4.0
33646	2.5
33669	2.0
33679	4.5
33794	3.0
33836	1.0
34048	1.5
34162	1.5
34319	3.0
34332	3.5
35957	0.5
38061	3.0
39183	3.0
39231	3.5
39446	2.5
40278	2.0
40815	3.5
40819	4.5
41285	2.5
41566	1.5
41569	2.5
41571	4.0
42007	3.0
42011	2.5
42723	2.5
43396	3.0
43560	4.0
43679	1.0
43936	3.0
44004	2.0
44022	3.5
44191	4.5
44199	5.0
44665	5.0
45442	1.5
45447	1.5
45499	1.0
45517	4.5
45668	2.5
45720	3.5
46965	2.0
46972	1.5
46974	1.5
47099	4.0
47200	3.0
47610	4.0
48304	1.0
48385	0.5
48394	5.0
48516	5.0
48780	4.5
48877	3.0
48982	3.5
49274	4.0
49278	4.0
49396	2.5
49530	5.0
50601	3.0
50798	1.0
50804	2.5
50872	4.5
50912	3.0
51084	2.5
51255	1.0
51412	2.5
51540	4.0
51935	4.0
52287	3.0
52458	3.5
52604	4.0
52722	1.0
52973	3.0
52975	3.0
53121	0.5
53125	2.0
53322	2.5
53464	2.0
53519	0.5
53953	2.0
53956	3.5
53993	2.0
53996	3.0
54001	3.5
54272	2.0
54281	4.0
54503	4.0
54736	4.0
55118	3.5
55267	3.0
55805	4.0
55830	1.0
55872	4.0
56152	2.5
56174	1.0
56715	3.5
56757	4.0
56775	4.0
56805	2.5
56941	4.5
56949	3.5
58103	4.0
58559	5.0
58803	3.5
58998	2.5
59022	2.0
59315	4.5
59369	4.5
59421	2.0
59900	0.5
60069	3.5
60074	2.5
60126	1.5
61024	1.5
61323	0.5
62081	3.0
62999	3.5
63062	3.5
63082	5.0
63992	2.0
64030	2.0
64034	4.5
64575	3.0
64614	5.0
64622	3.5
64716	4.0
64957	4.0
64983	2.5
65088	3.5
65130	3.5
66097	2.5
66203	2.5
67197	2.5
67408	2.0
68135	3.0
68157	5.0
68237	4.0
68319	2.0
68554	3.5
68952	0.5
68954	4.0
69122	2.5
69406	4.0
69481	3.5
69526	1.0
69757	4.0
69844	4.0
69951	3.5
70183	3.5
71264	3.0
71379	2.5
71535	1.0
71838	3.0
72407	0.5
72641	5.0
72998	3.0
73017	4.5
74789	4.5
78499	4.5
79695	0.5
