1	3.5
2	2.5
5	3.0
6	4.0
7	2.5
8	2.5
10	3.0
11	4.0
14	3.0
15	3.0
16	4.5
18	3.0
19	3.0
20	3.0
21	3.5
23	3.0
24	3.5
31	3.0
32	4.0
34	3.5
39	2.5
44	3.0
45	2.5
47	4.5
50	4.0
62	4.5
65	3.0
70	4.5
88	4.0
95	3.0
101	5.0
104	3.0
110	3.5
111	5.0
112	2.5
125	4.0
140	3.0
141	3.0
145	3.5
147	3.5
150	4.0
153	3.0
158	2.5
160	2.5
161	3.0
162	4.0
163	3.5
170	4.0
173	2.0
175	3.5
179	2.5
185	2.5
186	3.0
193	1.0
203	2.5
208	2.5
216	3.5
231	4.0
234	2.5
235	3.0
246	3.0
247	3.5
252	3.0
253	5.0
256	2.0
260	3.0
267	2.5
276	2.5
277	2.5
288	4.0
292	2.5
293	3.0
296	5.0
300	3.5
308	3.0
315	3.0
316	2.5
317	3.0
318	3.5
322	3.5
325	3.5
326	4.0
332	2.0
333	4.0
337	3.5
339	3.0
344	3.5
350	2.5
353	3.5
354	3.0
355	3.0
356	5.0
362	3.0
364	3.0
366	3.0
367	3.5
368	2.5
370	3.0
372	3.5
373	3.0
374	2.5
376	3.0
377	3.5
379	2.5
380	3.0
382	2.5
410	1.5
413	3.0
419	3.0
420	3.0
424	3.0
428	2.5
429	2.5
432	2.5
434	2.5
435	3.0
436	2.5
437	1.0
440	3.0
441	4.5
442	1.5
453	3.0
454	3.0
455	2.5
457	3.5
460	2.5
461	3.5
466	2.0
475	4.0
479	3.0
480	4.5
481	3.5
485	1.5
500	4.0
502	2.0
507	4.0
508	3.5
520	3.0
522	3.5
524	5.0
527	3.5
529	2.5
531	3.5
535	5.0
539	3.0
542	2.0
543	3.0
546	3.0
552	3.0
555	5.0
556	4.0
562	4.0
569	3.0
574	3.5
575	2.5
585	3.0
586	3.5
587	2.5
588	3.0
589	4.0
590	3.5
592	4.0
594	3.0
595	3.0
596	3.0
597	3.0
608	4.5
637	2.0
648	3.0
653	2.0
661	2.5
662	3.5
671	4.0
673	3.0
678	4.0
700	3.0
708	1.5
714	3.5
719	2.5
724	3.0
733	3.5
736	3.5
737	2.0
750	4.5
762	2.5
765	3.0
778	4.5
780	4.0
784	3.0
785	3.5
786	2.5
788	3.0
798	3.0
799	2.5
802	3.0
804	2.0
805	3.5
810	1.5
818	2.5
829	1.5
832	3.0
833	2.0
836	2.0
839	3.0
842	2.0
852	2.5
858	5.0
866	4.0
886	2.5
898	3.0
899	4.0
903	5.0
904	5.0
908	5.0
909	4.5
910	4.0
912	5.0
913	4.5
919	5.0
922	3.5
923	5.0
924	3.5
928	4.0
930	4.0
931	4.0
933	4.0
953	4.5
954	4.0
965	4.0
999	2.5
1005	2.5
1013	3.0
1020	3.0
1022	3.0
1027	3.0
1028	4.0
1029	3.0
1032	3.0
1037	2.5
1042	3.0
1047	2.5
1059	3.0
1060	4.0
1061	3.0
1073	5.0
1084	4.0
1086	4.0
1088	2.5
1089	5.0
1090	4.0
1091	2.0
1093	5.0
1095	3.5
1097	4.5
1100	3.0
1103	5.0
1104	3.5
1120	3.5
1136	4.0
1147	3.5
1178	3.0
1179	3.5
1193	5.0
1194	4.5
1196	3.5
1197	3.5
1198	3.0
1199	5.0
1200	3.0
1202	4.0
1203	4.0
1206	5.0
1207	4.0
1208	4.0
1210	3.0
1213	5.0
1214	3.0
1219	5.0
1221	4.0
1222	4.5
1225	4.0
1228	5.0
1230	4.5
1233	3.0
1235	5.0
1240	3.5
1246	3.5
1247	4.0
1251	3.5
1252	4.5
1256	3.5
1258	5.0
1259	3.5
1263	3.5
1265	4.5
1267	4.0
1269	3.0
1270	5.0
1271	3.5
1276	3.5
1278	3.0
1282	2.5
1288	4.0
1289	4.0
1291	4.0
1298	4.5
1302	4.5
1307	2.5
1320	2.5
1327	3.0
1333	5.0
1347	3.5
1348	3.5
1350	3.5
1358	4.0
1359	2.0
1367	3.0
1377	3.0
1378	3.0
1380	2.5
1387	3.0
1391	2.5
1393	3.5
1396	3.5
1405	4.0
1407	3.0
1408	3.0
1409	2.5
1416	2.0
1429	3.0
1431	3.0
1441	3.5
1442	4.0
1454	4.0
1461	2.5
1464	3.5
1476	3.5
1485	3.5
1498	3.5
1500	3.0
1503	3.0
1517	3.5
1527	2.5
1544	3.0
1552	3.0
1562	2.5
1569	3.0
1573	3.5
1580	3.5
1584	2.5
1586	2.0
1591	1.5
1598	2.5
1605	2.0
1608	3.0
1611	4.5
1614	3.0
1616	2.0
1619	3.0
1639	3.0
1641	3.5
1644	3.0
1646	3.0
1653	2.5
1663	4.5
1665	3.0
1673	5.0
1674	3.0
1676	2.5
1682	4.0
1702	2.5
1704	5.0
1711	3.0
1717	3.0
1721	3.5
1722	3.0
1729	3.5
1732	4.0
1747	3.0
1748	3.5
1753	4.0
1777	2.5
1779	2.5
1784	4.0
1804	3.5
1805	3.5
1810	3.5
1831	2.5
1835	2.5
1840	3.5
1882	2.5
1883	2.5
1884	4.5
1889	3.5
1892	2.5
1894	2.5
1895	4.0
1911	2.5
1912	3.5
1917	3.0
1918	3.0
1920	2.5
1921	3.5
1923	3.5
1953	3.0
1954	5.0
1956	4.0
1961	4.0
1968	3.0
1982	4.0
1983	3.0
1991	3.0
1994	4.0
1997	4.0
2000	3.0
2001	3.0
2002	3.0
2003	3.5
2005	4.0
2006	2.5
2010	3.5
2011	5.0
2012	4.5
2014	2.5
2015	3.0
2018	3.5
2022	5.0
2023	3.5
2025	3.5
2026	2.5
2027	1.5
2028	4.0
2036	3.0
2042	3.0
2046	4.0
2052	2.5
2053	3.0
2054	3.5
2060	3.0
2064	3.5
2072	4.0
2076	4.0
2078	4.0
2080	3.0
2081	3.0
2082	3.0
2084	3.5
2085	3.0
2087	3.5
2088	4.0
2094	3.0
2096	3.0
2100	3.0
2105	3.0
2107	2.5
2114	3.0
2115	4.0
2119	2.5
2122	3.0
2124	3.0
2126	2.5
2134	3.0
2136	3.0
2139	3.5
2141	3.0
2142	2.5
2161	4.0
2162	3.0
2167	2.0
2169	2.5
2174	4.0
2176	4.0
2178	3.5
2181	3.0
2184	3.5
2186	4.0
2188	4.0
2193	4.0
2194	3.5
2202	4.0
2204	3.5
2212	4.0
2231	3.5
2236	3.5
2253	2.5
2268	3.5
2273	3.0
2279	2.5
2282	1.0
2291	4.0
2296	2.5
2297	3.0
2302	2.5
2303	3.5
2313	4.0
2318	5.0
2321	4.0
2325	2.5
2329	4.0
2335	3.5
2336	3.0
2338	2.0
2344	2.5
2353	2.5
2354	2.5
2355	3.0
2356	4.0
2366	3.0
2375	4.0
2378	3.0
2381	3.0
2384	3.0
2387	3.0
2389	1.0
2395	3.5
2396	3.0
2406	3.0
2407	3.5
2409	4.0
2410	3.5
2411	4.0
2412	3.0
2413	4.0
2418	3.0
2420	3.0
2423	4.0
2424	2.5
2428	3.5
2431	3.5
2447	4.0
2450	2.0
2470	3.0
2471	3.0
2474	4.0
2478	4.0
2485	2.5
2502	4.0
2505	3.5
2506	4.0
2518	3.0
2519	4.0
2539	2.5
2541	3.5
2542	3.5
2567	3.0
2568	2.5
2571	5.0
2580	4.0
2606	2.0
2615	2.5
2616	3.0
2617	1.0
2628	3.0
2640	4.0
2641	4.0
2642	3.5
2643	3.5
2657	4.0
2670	2.5
2671	2.5
2672	2.5
2683	3.5
2694	3.5
2699	3.0
2700	3.0
2701	2.5
2702	4.0
2706	3.5
2710	3.0
2712	5.0
2716	5.0
2717	5.0
2719	3.0
2723	3.5
2728	4.0
2729	4.0
2731	4.0
2762	3.0
2770	2.0
2772	3.5
2791	3.5
2795	3.0
2797	4.0
2798	3.0
2799	2.5
2804	3.0
2808	2.0
2840	3.0
2846	3.0
2858	5.0
2871	3.5
2877	2.5
2881	2.5
2888	2.0
2890	4.5
2902	3.0
2903	3.5
2912	4.5
2915	3.0
2916	3.0
2918	3.5
2952	5.0
2953	3.0
2959	5.0
2973	5.0
2976	3.0
2985	2.5
2987	3.0
2995	2.5
2997	4.0
3020	3.5
3033	2.5
3034	3.0
3039	3.0
3052	4.5
3063	2.5
3071	4.0
3072	3.0
3081	3.0
3082	3.0
3087	4.0
3095	5.0
3098	4.0
3100	4.0
3107	3.0
3114	2.0
3146	3.0
3147	4.0
3148	3.5
3157	3.0
3160	5.0
3168	5.0
3174	4.0
3175	2.5
3176	3.0
3210	3.0
3243	3.0
3246	3.5
3247	3.0
3248	3.0
3253	3.5
3254	3.5
3255	4.0
3257	2.5
3259	3.0
3263	2.5
3264	2.5
3267	4.0
3268	2.5
3273	2.5
3298	4.5
3300	3.5
3301	2.5
3316	1.5
3317	4.0
3355	4.0
3360	3.5
3362	3.0
3365	3.0
3388	3.0
3408	3.5
3409	2.5
3418	3.0
3421	4.0
3424	4.5
3438	3.0
3439	2.5
3440	2.5
3466	2.5
3468	3.5
3471	3.0
3477	3.5
3481	3.0
3484	3.0
3489	3.0
3504	4.0
3515	3.0
3524	4.5
3526	3.5
3527	3.0
3535	5.0
3536	3.0
3546	4.0
3549	3.5
3552	4.5
3554	3.0
3556	5.0
3565	2.5
3578	4.0
3591	3.0
3608	4.0
3617	3.5
3623	3.0
3646	2.5
3668	3.0
3671	4.0
3672	2.5
3683	3.5
3699	3.0
3717	3.0
3735	3.5
3747	5.0
3752	3.0
3753	3.0
3754	2.5
3755	3.0
3766	3.0
3785	3.0
3793	2.5
3798	3.5
3809	2.5
3812	4.5
3814	3.5
3821	2.5
3825	2.0
3835	2.5
3844	3.0
3858	1.0
3861	2.5
3863	2.5
3882	1.5
3896	3.5
3897	5.0
3916	4.0
3943	3.0
3948	3.5
3949	4.5
3955	2.5
3968	2.5
3969	3.5
3977	2.0
3978	3.0
3979	3.5
3981	2.5
3994	3.5
3996	3.0
3998	2.5
3999	2.0
4002	5.0
4007	4.0
4008	3.5
4011	5.0
4015	3.0
4016	2.5
4018	3.0
4022	3.5
4023	3.5
4025	2.0
4027	4.0
4034	3.5
4036	3.5
4039	3.0
4041	2.5
4084	3.0
4085	5.0
4090	2.0
4121	3.0
4128	3.0
4149	3.0
4159	2.0
4161	3.0
4174	3.5
4191	4.0
4224	2.5
4226	4.5
4228	2.0
4238	2.5
4239	5.0
4247	3.5
4248	2.5
4255	3.5
4262	4.0
4270	1.0
4280	5.0
4292	3.5
4299	2.0
4305	2.0
4306	2.5
4310	2.5
4321	3.5
4322	3.0
4340	2.0
4343	2.5
4344	2.0
4351	2.5
4367	2.5
4368	2.5
4369	3.0
4370	4.0
4386	2.0
4388	2.5
4447	2.5
4452	4.0
4477	2.0
4483	3.0
4489	3.5
4492	2.5
4509	3.5
4519	3.0
4545	3.0
4558	2.5
4563	3.5
4571	3.5
4577	3.5
4587	2.5
4616	3.0
4621	2.0
4624	3.5
4638	3.0
4641	2.0
4643	3.0
4677	4.0
4678	3.0
4679	3.0
4701	3.5
4713	3.5
4718	2.5
4720	3.0
4728	3.5
4732	2.5
4733	3.5
4734	3.0
4744	1.0
4748	2.5
4775	0.5
4776	3.5
4787	4.0
4799	3.5
4816	2.5
4821	3.0
4848	3.0
4865	3.0
4873	4.0
4874	3.5
4876	2.0
4878	5.0
4886	3.0
4890	3.0
4896	3.5
4901	3.5
4951	3.0
4954	3.5
4963	4.0
4973	3.5
4975	4.5
4979	5.0
4980	3.0
4993	3.5
4994	2.5
4995	3.5
5009	3.0
5010	3.0
5014	3.5
5015	4.0
5025	3.0
5047	1.5
5064	3.0
5065	3.0
5074	3.5
5102	3.5
5103	3.0
5111	2.5
5139	3.0
5151	3.5
5159	2.5
5171	2.0
5218	3.0
5219	2.0
5266	3.5
5283	3.5
5294	3.5
5296	2.5
5308	3.5
5309	3.5
5313	0.5
5316	3.0
5325	3.0
5329	4.5
5349	3.5
5364	4.0
5377	4.0
5388	3.5
5401	2.5
5444	2.0
5445	3.5
5449	2.5
5459	3.0
5464	4.0
5481	3.5
5502	3.5
5505	3.5
5507	4.0
5508	4.0
5564	1.0
5574	2.5
5602	2.5
5617	4.0
5620	2.5
5666	5.0
5669	4.0
5673	5.0
5679	3.0
5782	4.0
5785	3.0
5810	4.0
5816	3.0
5902	4.5
5903	3.0
5942	2.5
5945	4.5
5952	4.0
5956	3.5
5959	3.0
5969	2.5
5970	4.0
5989	4.0
5995	4.0
6003	4.0
6013	2.0
6016	4.5
6058	2.5
6156	2.5
6157	1.5
6166	2.5
6188	3.5
6212	2.0
6218	2.5
6223	4.0
6281	3.5
6287	3.0
6290	2.5
6323	3.5
6365	5.0
6373	3.0
6377	3.0
6378	3.0
6380	3.5
6440	3.5
6502	3.5
6503	2.0
6534	2.5
6538	4.0
6539	3.5
6541	2.0
6548	3.0
6550	2.5
6564	2.0
6586	2.5
6587	0.5
6595	3.0
6615	2.5
6620	4.0
6645	3.5
6659	3.0
6669	4.0
6708	4.0
6709	4.5
6711	5.0
6724	5.0
6787	4.5
6793	2.5
6794	2.0
6863	3.5
6874	4.0
6888	2.5
6934	5.0
6936	4.0
6942	4.0
6944	4.0
6951	2.5
6966	2.5
6979	3.0
7004	2.5
7036	4.0
7090	4.0
7102	3.0
7123	4.0
7139	3.5
7143	3.0
7147	5.0
7149	4.0
7150	3.0
7151	2.5
7153	3.5
7156	3.5
7160	3.5
7161	2.5
7163	3.0
7173	3.0
7247	3.5
7254	3.0
7265	3.0
7285	3.5
7293	3.0
7325	3.0
7347	3.0
7360	3.5
7361	4.0
7367	3.0
7371	2.5
7376	2.0
7438	3.5
7445	3.0
7454	1.0
7460	4.5
7618	3.5
7934	4.0
8042	4.0
8132	4.0
8169	3.0
8228	4.0
8360	3.0
8366	4.0
8368	3.5
8372	1.0
8376	4.0
8492	4.0
8528	3.0
8529	3.5
8531	0.5
8622	4.0
8636	3.0
8641	3.5
8666	1.0
8783	3.0
8784	5.0
8798	4.0
8807	3.5
8827	3.5
8874	3.0
8880	3.0
8910	5.0
8917	4.0
8948	3.0
8949	4.5
8958	4.0
8961	2.5
8965	2.5
8970	4.0
8981	3.5
8984	2.5
9018	2.5
26084	3.5
26242	3.5
26555	3.0
27660	4.0
27706	3.5
27808	3.5
27904	3.5
30793	3.0
30810	4.0
30812	3.5
30822	3.5
30825	3.5
32587	4.5
33166	3.5
33646	3.0
33794	4.0
34162	3.5
34437	3.5
35836	3.5
36708	4.0
38886	4.0
39231	3.5
39292	3.5
39414	3.5
39444	3.5
40278	4.0
41569	3.5
43836	2.0
44195	4.0
44761	4.0
45028	4.5
45672	3.0
46530	3.5
46578	5.0
46965	2.0
46970	3.5
47997	3.5
48322	4.0
48385	3.5
48394	4.0
48516	4.0
48774	5.0
50794	3.0
51091	4.5
51255	3.5
51540	3.5
51662	4.0
52281	4.5
52973	4.0
53125	3.0
53519	4.0
53894	3.5
53996	4.0
54503	3.5
54995	4.5
54997	3.5
55247	4.5
55269	5.0
55765	3.5
55820	4.5
56174	3.0
56367	4.5
56587	3.5
56757	3.5
56782	5.0
56805	3.5
57528	3.0
57640	3.5
58559	4.5
59022	3.5
59126	4.0
59315	3.5
59615	3.0
59900	4.0
60072	4.5
60074	3.0
60684	3.5
60756	3.5
60766	4.0
61024	4.5
61132	3.5
62511	4.5
63082	3.5
63113	3.5
63131	4.5
63876	5.0
63992	3.0
64957	4.5
66509	4.5
66934	3.5
68358	4.0
