1	4.0
2	2.0
5	1.0
7	3.0
10	2.0
19	3.0
21	3.0
24	2.0
25	5.0
31	1.0
32	3.0
34	5.0
36	4.0
39	4.0
42	1.0
45	4.0
46	3.0
48	3.0
50	4.0
52	3.0
57	3.0
61	1.0
62	3.0
72	4.0
73	3.0
88	5.0
94	3.0
95	3.0
97	4.0
101	3.0
102	1.0
104	3.0
110	2.0
111	5.0
112	3.0
122	2.0
125	3.0
141	3.0
145	1.0
147	1.0
149	4.0
150	3.0
153	3.0
156	2.0
157	4.0
158	3.0
164	3.0
170	2.0
173	1.0
175	1.0
176	3.0
179	2.0
180	2.0
185	1.0
186	2.0
190	4.0
194	5.0
203	2.0
206	3.0
213	3.0
216	3.0
218	3.0
223	3.0
231	2.0
234	2.0
235	4.0
247	4.0
248	3.0
250	1.0
253	3.0
256	2.0
260	4.0
261	3.0
276	3.0
278	2.0
280	3.0
282	3.0
288	1.0
289	2.0
296	5.0
300	3.0
312	4.0
316	2.0
317	1.0
318	4.0
319	4.0
327	2.0
333	5.0
337	3.0
339	2.0
344	3.0
345	3.0
348	4.0
350	2.0
352	2.0
353	3.0
355	2.0
356	3.0
357	3.0
358	3.0
361	3.0
362	3.0
364	4.0
367	2.0
368	2.0
370	3.0
372	3.0
376	1.0
377	3.0
380	3.0
413	2.0
414	2.0
415	2.0
419	2.0
423	2.0
428	3.0
429	1.0
433	2.0
435	2.0
440	3.0
441	2.0
450	3.0
454	3.0
455	2.0
457	3.0
466	2.0
471	3.0
473	1.0
480	4.0
481	4.0
489	2.0
492	4.0
500	4.0
501	3.0
508	5.0
520	2.0
527	4.0
529	4.0
531	3.0
535	5.0
539	3.0
543	3.0
546	1.0
550	3.0
552	2.0
555	3.0
562	5.0
574	2.0
575	2.0
586	4.0
587	3.0
588	3.0
589	3.0
590	1.0
592	3.0
593	4.0
594	3.0
595	3.0
596	2.0
597	3.0
608	5.0
616	2.0
628	3.0
648	2.0
661	4.0
663	3.0
688	1.0
708	2.0
709	3.0
711	2.0
719	2.0
733	3.0
736	2.0
743	3.0
745	4.0
762	1.0
778	2.0
780	1.0
784	3.0
785	4.0
788	3.0
800	3.0
802	1.0
805	3.0
809	1.0
832	2.0
833	2.0
835	2.0
851	4.0
852	3.0
858	4.0
866	4.0
880	1.0
902	4.0
903	4.0
904	5.0
908	4.0
909	5.0
910	3.0
911	4.0
913	4.0
916	3.0
919	2.0
923	4.0
924	4.0
926	4.0
953	5.0
955	2.0
994	3.0
999	2.0
1005	1.0
1006	1.0
1010	3.0
1016	4.0
1020	3.0
1022	2.0
1023	4.0
1025	3.0
1027	2.0
1028	3.0
1029	5.0
1031	2.0
1032	1.0
1034	1.0
1035	2.0
1037	3.0
1041	5.0
1042	1.0
1046	4.0
1051	4.0
1057	3.0
1059	2.0
1060	4.0
1073	3.0
1077	4.0
1078	4.0
1086	3.0
1088	2.0
1089	5.0
1091	2.0
1093	3.0
1094	4.0
1095	3.0
1097	4.0
1099	3.0
1103	4.0
1104	3.0
1111	4.0
1120	3.0
1126	1.0
1147	4.0
1148	5.0
1183	3.0
1186	5.0
1193	4.0
1196	4.0
1197	3.0
1198	4.0
1206	4.0
1207	4.0
1208	4.0
1210	4.0
1211	3.0
1212	4.0
1213	4.0
1219	5.0
1220	4.0
1230	5.0
1236	5.0
1240	3.0
1244	5.0
1247	5.0
1248	4.0
1251	3.0
1259	4.0
1262	3.0
1265	4.0
1268	3.0
1270	4.0
1271	2.0
1282	4.0
1300	4.0
1307	2.0
1333	4.0
1345	3.0
1352	2.0
1353	1.0
1354	4.0
1357	4.0
1358	3.0
1359	2.0
1367	3.0
1377	2.0
1380	1.0
1381	2.0
1387	4.0
1391	4.0
1392	4.0
1393	3.0
1396	3.0
1405	3.0
1407	3.0
1431	3.0
1441	3.0
1446	3.0
1449	5.0
1454	3.0
1476	3.0
1484	3.0
1485	3.0
1500	3.0
1517	4.0
1527	2.0
1541	2.0
1556	1.0
1569	2.0
1573	3.0
1584	3.0
1588	3.0
1594	5.0
1597	2.0
1600	4.0
1605	2.0
1610	2.0
1611	3.0
1614	2.0
1617	4.0
1625	2.0
1627	1.0
1633	4.0
1635	5.0
1639	2.0
1641	3.0
1644	1.0
1647	2.0
1648	4.0
1653	4.0
1658	2.0
1663	4.0
1665	2.0
1670	3.0
1672	1.0
1673	5.0
1676	3.0
1678	4.0
1680	2.0
1682	4.0
1693	3.0
1699	3.0
1701	5.0
1704	3.0
1711	3.0
1717	3.0
1719	4.0
1721	2.0
1729	4.0
1730	2.0
1732	4.0
1734	3.0
1735	3.0
1747	3.0
1748	3.0
1760	2.0
1777	4.0
1783	3.0
1784	3.0
1794	4.0
1799	3.0
1805	3.0
1809	4.0
1810	3.0
1816	3.0
1821	1.0
1827	4.0
1834	2.0
1844	4.0
1845	3.0
1873	3.0
1875	4.0
1876	1.0
1882	1.0
1883	4.0
1884	2.0
1885	4.0
1892	3.0
1895	1.0
1904	5.0
1907	3.0
1909	3.0
1912	4.0
1914	3.0
1916	4.0
1917	1.0
1921	3.0
1923	3.0
1963	4.0
1968	4.0
1982	4.0
1997	4.0
2005	2.0
2011	3.0
2012	2.0
2015	4.0
2017	3.0
2018	5.0
2025	3.0
2026	1.0
2028	3.0
2036	2.0
2042	2.0
2046	3.0
2048	2.0
2050	3.0
2053	3.0
2054	3.0
2058	2.0
2064	5.0
2072	1.0
2078	3.0
2080	3.0
2081	3.0
2082	2.0
2083	4.0
2085	4.0
2087	2.0
2089	3.0
2090	3.0
2093	2.0
2096	3.0
2100	3.0
2107	3.0
2108	4.0
2109	4.0
2115	3.0
2117	3.0
2123	3.0
2124	3.0
2125	1.0
2126	3.0
2133	4.0
2141	3.0
2144	4.0
2145	4.0
2150	4.0
2151	3.0
2153	2.0
2154	2.0
2155	3.0
2160	4.0
2161	1.0
2162	1.0
2166	3.0
2169	3.0
2174	1.0
2186	4.0
2188	2.0
2193	3.0
2195	3.0
2232	3.0
2248	5.0
2249	3.0
2252	2.0
2253	1.0
2261	2.0
2265	3.0
2268	2.0
2273	3.0
2279	2.0
2280	1.0
2282	3.0
2289	5.0
2290	3.0
2291	4.0
2294	4.0
2300	3.0
2302	3.0
2303	3.0
2310	1.0
2315	1.0
2318	5.0
2321	3.0
2324	3.0
2329	2.0
2331	4.0
2333	5.0
2335	2.0
2336	3.0
2340	2.0
2351	4.0
2352	3.0
2353	2.0
2355	3.0
2356	3.0
2357	5.0
2359	3.0
2360	5.0
2366	5.0
2371	3.0
2375	4.0
2384	3.0
2387	1.0
2389	3.0
2390	4.0
2391	3.0
2395	5.0
2396	3.0
2405	2.0
2418	2.0
2421	1.0
2422	1.0
2423	3.0
2427	4.0
2428	3.0
2435	4.0
2436	2.0
2439	4.0
2442	3.0
2443	2.0
2447	2.0
2450	3.0
2455	2.0
2463	3.0
2468	3.0
2470	2.0
2471	2.0
2478	2.0
2485	2.0
2500	2.0
2502	3.0
2504	2.0
2505	1.0
2506	1.0
2541	4.0
2542	2.0
2571	3.0
2572	3.0
2575	3.0
2580	3.0
2581	4.0
2583	3.0
2594	3.0
2599	4.0
2600	2.0
2606	1.0
2616	3.0
2622	3.0
2624	3.0
2628	3.0
2657	3.0
2671	1.0
2677	3.0
2682	3.0
2683	2.0
2686	4.0
2687	1.0
2690	3.0
2692	3.0
2694	2.0
2699	1.0
2700	4.0
2701	1.0
2702	3.0
2706	4.0
2710	3.0
2712	4.0
2716	4.0
2717	3.0
2718	3.0
2723	2.0
2725	4.0
2747	4.0
2752	3.0
2759	3.0
2762	3.0
2763	3.0
2770	2.0
2791	4.0
2792	3.0
2794	4.0
2795	4.0
2796	2.0
2797	4.0
2798	1.0
2803	3.0
2804	4.0
2806	3.0
2826	1.0
2836	2.0
2841	3.0
2857	2.0
2858	5.0
2883	3.0
2888	1.0
2890	4.0
2907	3.0
2908	4.0
2912	4.0
2918	4.0
2926	3.0
2932	4.0
2952	4.0
2953	2.0
2959	2.0
2961	1.0
2966	3.0
2976	3.0
2987	4.0
2996	1.0
2997	5.0
3000	3.0
3006	3.0
3007	3.0
3008	4.0
3028	3.0
3033	3.0
3034	3.0
3051	2.0
3052	3.0
3063	3.0
3079	3.0
3081	3.0
3083	4.0
3087	3.0
3089	4.0
3100	3.0
3107	1.0
3114	4.0
3115	3.0
3125	3.0
3129	4.0
3145	4.0
3146	2.0
3147	2.0
3148	3.0
3152	4.0
3157	1.0
3159	3.0
3160	5.0
3168	4.0
3174	4.0
3176	3.0
3178	3.0
3181	4.0
3182	4.0
3185	3.0
3186	2.0
3208	2.0
3225	1.0
3243	3.0
3247	3.0
3248	2.0
3249	3.0
3253	4.0
3254	2.0
3255	3.0
3257	2.0
3258	2.0
3261	2.0
3263	3.0
3264	3.0
3268	2.0
3269	1.0
3271	3.0
3272	2.0
3273	2.0
3285	1.0
3286	3.0
3300	2.0
3301	3.0
3317	5.0
3325	1.0
3328	3.0
3354	2.0
3355	1.0
3363	3.0
3385	3.0
3387	3.0
3392	2.0
3396	4.0
3397	4.0
3398	5.0
3408	3.0
3409	3.0
3418	3.0
3429	4.0
3438	2.0
3439	2.0
3450	3.0
3452	2.0
3466	3.0
3469	3.0
3471	4.0
3477	3.0
3481	5.0
3489	3.0
3499	3.0
3510	3.0
3512	2.0
3513	1.0
3515	3.0
3526	5.0
3535	3.0
3536	2.0
3538	3.0
3552	4.0
3556	3.0
3565	1.0
3566	4.0
3569	2.0
3578	3.0
3591	2.0
3594	2.0
3598	4.0
3608	4.0
3614	3.0
3616	2.0
3617	3.0
3618	4.0
3623	4.0
3668	3.0
3672	4.0
3690	3.0
3741	4.0
3744	1.0
3745	3.0
3747	5.0
3751	4.0
3752	3.0
3755	3.0
3773	3.0
3783	4.0
3786	3.0
3793	2.0
3794	5.0
3798	1.0
3809	3.0
3812	5.0
3825	1.0
3831	1.0
3852	3.0
3857	2.0
3858	3.0
3863	4.0
3868	3.0
3869	4.0
3882	2.0
3893	4.0
3897	3.0
3910	5.0
3911	5.0
3943	4.0
3948	3.0
3949	5.0
3952	4.0
3953	3.0
3967	3.0
3969	1.0
3977	3.0
3978	1.0
3981	1.0
3983	4.0
3988	3.0
3993	3.0
3994	2.0
3996	4.0
3998	2.0
4002	5.0
4014	3.0
4022	3.0
4027	3.0
4029	4.0
4034	4.0
