1	4.0
2	3.5
6	4.5
10	4.0
11	4.0
12	3.5
15	4.0
16	4.0
19	4.0
21	4.5
22	3.5
32	4.0
34	4.0
39	3.5
44	3.5
45	4.0
47	4.0
48	3.0
50	5.0
70	4.0
76	4.0
88	3.5
104	3.5
110	5.0
112	4.0
145	3.5
150	4.5
151	4.0
153	3.0
158	4.0
160	3.5
161	4.0
165	4.0
172	3.5
173	3.0
177	3.5
180	4.0
185	3.5
188	4.0
204	3.5
208	3.0
223	4.0
225	4.0
230	4.0
231	4.0
236	3.5
237	3.5
252	3.5
253	4.0
256	3.5
260	4.0
266	4.5
267	3.0
272	3.0
292	3.5
296	4.5
300	4.0
316	3.5
317	3.5
318	4.5
325	2.5
329	3.5
333	3.5
338	3.5
339	4.0
344	4.0
349	3.0
353	4.0
355	3.5
356	4.0
357	4.0
364	4.5
366	4.0
367	4.0
368	3.5
370	4.0
374	3.0
376	3.0
377	4.0
380	4.0
405	3.0
407	3.5
410	4.0
418	3.0
423	3.5
428	4.0
434	3.5
440	4.0
442	3.5
454	4.0
457	4.0
464	3.5
466	4.0
468	4.0
471	4.0
474	4.0
475	4.5
480	4.0
485	3.5
490	4.0
494	3.5
500	3.5
507	4.5
512	3.5
517	3.5
519	2.5
520	3.5
524	4.0
527	5.0
533	4.0
537	3.5
539	4.0
541	4.0
546	2.5
551	4.0
552	4.0
553	4.0
555	4.5
586	3.5
587	4.0
588	4.5
589	4.0
590	4.0
592	4.0
593	5.0
595	3.5
597	3.5
608	5.0
610	4.0
616	4.0
628	4.0
647	3.5
648	4.0
653	3.5
692	2.5
694	4.0
725	3.5
733	4.0
735	3.0
736	3.5
741	4.5
762	3.5
765	3.5
778	4.5
780	4.0
784	3.0
785	4.0
786	4.0
788	3.5
799	4.0
800	4.5
802	4.0
832	4.0
842	4.0
849	3.0
858	5.0
879	3.5
886	3.5
912	5.0
923	5.0
924	4.0
930	4.5
953	3.5
968	4.0
991	4.0
996	3.5
999	3.5
1021	3.0
1028	3.5
1030	3.5
1033	4.0
1034	4.0
1036	4.0
1047	4.0
1049	3.5
1061	4.0
1073	3.5
1079	4.5
1080	4.5
1089	4.5
1090	4.0
1092	3.5
1097	4.0
1100	3.0
1101	4.0
1120	4.0
1125	4.0
1127	4.0
1136	4.0
1171	4.0
1172	4.5
1190	3.5
1196	4.5
1197	4.0
1198	4.0
1199	4.0
1200	4.5
1201	3.5
1204	4.5
1206	4.0
1208	4.5
1209	4.5
1210	3.5
1213	4.0
1214	4.0
1215	4.0
1219	4.0
1220	4.0
1221	5.0
1222	4.0
1225	4.5
1233	4.5
1234	4.5
1240	4.0
1242	4.0
1243	4.0
1246	4.0
1250	4.5
1252	4.5
1258	3.5
1259	4.0
1261	3.0
1262	5.0
1265	4.0
1266	5.0
1269	4.5
1270	4.0
1271	4.0
1272	5.0
1274	4.5
1275	3.5
1278	4.0
1285	4.0
1288	4.5
1291	4.0
1292	3.5
1297	4.0
1298	5.0
1302	3.0
1307	4.0
1320	3.5
1321	3.5
1333	4.0
1339	3.5
1342	3.5
1345	4.0
1347	4.0
1350	4.0
1356	3.5
1358	4.0
1359	4.0
1370	3.5
1372	3.0
1373	2.5
1374	4.0
1375	3.0
1376	4.0
1377	3.5
1380	3.5
1385	4.0
1387	4.0
1391	3.5
1394	4.0
1396	4.0
1405	4.0
1407	4.0
1408	4.0
1422	4.0
1429	3.5
1438	3.5
1459	3.5
1466	4.0
1485	4.0
1487	3.5
1500	4.0
1513	3.5
1517	4.0
1527	4.0
1544	4.0
1552	3.5
1562	3.0
1569	4.0
1573	4.0
1580	4.0
1584	4.0
1586	4.5
1587	3.5
1589	4.0
1590	3.5
1597	3.5
1608	4.0
1610	4.0
1616	4.0
1617	4.5
1625	4.0
1627	4.0
1639	4.0
1644	3.5
1645	3.0
1673	4.0
1676	4.5
1682	4.0
1687	3.5
1690	3.5
1704	4.5
1711	4.0
1717	4.0
1721	4.5
1722	4.0
1747	4.0
1748	4.5
1754	4.0
1777	4.0
1784	4.0
1792	3.5
1799	4.0
1831	3.0
1834	4.0
1845	4.5
1858	4.0
1882	3.5
1907	4.0
1909	3.5
1911	3.5
1912	4.0
1917	3.5
1920	3.5
1921	4.0
1923	4.5
1960	4.5
1961	4.0
1968	4.0
1969	3.0
1970	3.0
1974	3.0
1982	4.0
1983	3.5
1994	4.5
1997	4.0
2000	4.0
2001	4.5
2003	4.0
2005	4.0
2006	4.0
2011	3.5
2012	3.5
2013	4.0
2021	3.5
2023	4.0
2027	3.0
2028	4.5
2034	3.0
2042	3.0
2046	3.5
2053	3.0
2054	3.5
2058	3.5
2060	3.5
2065	4.0
2082	3.5
2085	4.0
2088	3.5
2090	4.0
2094	4.0
2100	4.0
2105	4.0
2107	3.5
2111	3.5
2112	3.5
2115	4.0
2116	3.0
2118	4.0
2119	2.5
2120	4.0
2126	3.5
2136	3.5
2139	3.5
2144	4.0
2150	4.0
2167	4.0
2174	4.0
2193	4.0
2194	4.0
2232	4.5
2252	3.5
2263	3.5
2268	4.5
2273	4.0
2278	4.0
2280	3.5
2288	4.5
2291	4.0
2302	4.5
2311	3.5
2315	3.0
2321	3.5
2322	3.0
2328	3.5
2329	5.0
2334	4.0
2336	4.5
2338	3.0
2353	4.0
2355	3.5
2371	4.0
2373	3.5
2374	3.5
2376	3.5
2387	2.5
2396	4.5
2401	4.5
2403	4.0
2405	4.0
2406	4.0
2407	4.0
2413	3.0
2414	4.0
2416	3.5
2420	3.5
2428	4.0
2433	3.5
2448	3.0
2463	4.5
2467	4.5
2470	4.0
2476	4.0
2490	4.0
2502	4.0
2517	3.5
2518	3.5
2519	3.5
2529	4.0
2540	4.0
2542	4.5
2549	3.0
2553	4.0
2554	3.5
2560	4.0
2567	3.5
2571	4.5
2580	4.0
2605	4.0
2617	4.0
2625	3.5
2628	3.5
2640	3.5
2641	3.5
2657	3.5
2670	4.0
2683	4.0
2687	4.0
2688	3.5
2699	3.5
2700	4.0
2701	3.0
2702	3.5
2706	4.0
2710	3.5
2713	3.0
2716	4.5
2717	3.5
2719	3.5
2723	4.0
2728	4.0
2735	3.5
2745	4.5
2761	3.5
2762	4.5
2763	4.0
2770	3.5
2772	3.5
2791	4.0
2795	4.0
2797	4.5
2808	3.0
2826	3.5
2841	4.0
2858	5.0
2862	3.0
2872	4.0
2883	4.5
2890	4.0
2901	3.0
2915	4.0
2916	4.0
2918	4.0
2921	5.0
2944	4.5
2951	4.0
2959	4.5
2985	4.0
2986	3.0
2987	4.0
2989	4.0
2990	4.0
2995	4.5
2997	3.5
3000	4.0
3006	4.5
3016	3.5
3039	4.0
3052	4.0
3053	3.5
3060	4.0
3062	4.5
3071	4.5
3081	4.0
3082	4.0
3101	4.0
3104	4.5
3107	4.0
3113	3.5
3114	4.0
3147	4.0
3160	4.0
3174	3.5
3175	4.0
3176	4.0
3190	3.0
3197	4.0
3208	3.0
3210	4.5
3213	4.0
3219	4.0
3238	3.0
3247	3.5
3253	4.0
3254	3.0
3255	4.0
3258	3.5
3259	3.5
3263	3.5
3264	3.5
3273	4.0
3275	4.5
3298	4.0
3300	4.0
3354	3.0
3355	3.5
3360	4.5
3361	4.0
3362	4.0
3408	4.0
3421	4.5
3441	4.0
3448	5.0
3452	4.0
3471	4.0
3476	3.5
3479	4.0
3489	3.5
3500	3.0
3508	4.0
3519	3.5
3526	3.5
3527	4.0
3535	4.0
3552	4.5
3555	4.0
3578	5.0
3593	2.5
3617	2.5
3623	3.5
3624	4.0
3638	3.5
3639	4.0
3654	4.0
3671	4.5
3698	2.5
3701	3.5
3703	4.0
3708	3.5
3735	4.0
3740	4.0
3751	3.5
3753	4.0
3755	5.0
3785	4.0
3793	4.0
3802	3.0
3809	4.0
3826	3.0
3827	3.5
3836	4.5
3861	3.5
3863	4.0
3868	4.0
3869	3.5
3879	4.0
3882	3.0
3896	3.5
3897	4.0
3917	3.5
3918	3.5
3919	3.0
3946	4.0
3948	4.0
3959	3.0
3968	3.5
3972	4.0
3977	4.0
3981	3.0
3984	4.0
3986	4.0
3994	4.5
3996	4.5
4005	3.5
4008	4.0
4011	4.5
4018	3.5
4025	4.0
4027	4.0
4030	3.5
4034	4.0
4047	5.0
4061	4.0
4085	4.0
4103	4.5
4128	4.0
4143	3.5
4148	4.0
4210	4.5
4214	4.0
4226	4.5
4238	4.0
4262	4.5
4270	4.0
4291	3.5
4306	4.5
4310	4.0
4317	3.0
4322	4.0
4326	4.5
4339	4.0
4343	4.0
4344	3.5
4351	3.5
4367	4.0
4387	4.0
4388	3.5
4396	3.5
4446	4.0
4465	4.0
4480	3.0
4498	3.5
4531	3.5
4541	4.0
4557	4.0
4564	4.0
4571	4.0
4572	4.0
4577	3.5
4587	3.5
4638	3.5
4654	3.5
4701	4.0
4720	5.0
4734	4.5
4735	3.5
4744	2.5
4770	3.5
4776	4.0
4816	3.5
4855	4.0
4865	4.0
4876	4.0
4878	4.5
4896	4.0
4963	4.5
4975	4.0
4993	5.0
4995	4.5
5010	4.0
5013	4.0
5021	4.5
5026	5.0
5049	4.0
5055	4.0
5060	4.0
5064	4.5
5094	3.0
5219	4.0
5254	4.0
5292	4.5
5303	3.5
5308	4.0
5309	3.0
5312	4.0
5323	3.5
5349	4.5
5378	3.5
5388	4.5
5418	4.0
5444	4.0
5445	4.0
5479	4.0
5481	3.5
5500	4.5
5502	3.5
5506	4.0
5507	4.0
5528	4.0
5574	3.5
5630	4.5
5679	4.5
5707	4.0
5784	4.0
5816	4.5
5843	4.0
5872	4.0
5952	5.0
5956	4.5
6104	4.5
6156	4.0
6157	4.0
6188	4.0
6213	4.0
6281	3.5
6294	3.5
6303	4.0
6323	4.5
6333	4.0
6365	4.0
6373	4.0
6377	4.5
6378	4.5
6379	3.5
6428	4.0
6502	4.5
6534	3.5
6537	4.0
6539	4.5
6541	4.0
6564	3.5
6595	4.5
6615	3.5
6659	4.0
6662	3.5
6663	4.0
6709	3.5
6754	4.0
6807	4.0
6808	4.5
6863	3.5
6874	5.0
6888	3.0
6934	3.5
6942	3.5
6947	4.5
6950	3.5
6952	3.5
6966	3.5
6974	4.5
6979	4.0
6996	2.0
7000	3.5
7004	3.0
7007	4.0
7028	4.5
7076	4.5
7090	4.5
7101	3.5
7102	4.0
7104	3.5
7143	4.5
7153	5.0
7163	4.0
7347	4.0
7361	4.0
7373	4.0
7387	4.0
7438	5.0
7454	4.0
7482	4.0
7569	4.5
7842	4.0
7980	4.5
8169	3.5
8337	4.0
8360	4.0
8361	3.5
8368	4.5
8493	4.5
8501	3.5
8528	4.0
8581	4.5
8614	3.5
8623	4.5
8633	3.5
8636	5.0
8644	4.0
8665	4.5
8783	5.0
8798	4.5
8861	4.0
8874	4.5
8880	3.5
8908	4.0
8917	4.0
8949	4.5
8957	4.0
8961	4.5
8972	4.5
30793	3.5
30825	4.0
31696	4.5
31878	4.5
32587	4.5
32596	4.0
33164	3.0
33166	4.0
33437	4.0
33493	4.5
33679	4.0
33794	4.5
34048	3.5
34150	3.5
34162	4.0
37386	3.5
37733	4.0
38038	4.0
39446	4.0
40815	4.5
41566	4.0
41569	3.5
44191	5.0
44665	4.5
44828	4.0
45186	4.0
45722	5.0
