1	4.0
6	3.0
11	3.0
16	4.0
17	4.0
21	3.0
25	4.5
26	4.0
28	4.0
29	4.0
32	4.0
34	3.0
36	4.0
41	4.0
43	4.0
46	1.0
47	3.0
50	5.0
52	4.0
57	3.0
58	4.0
62	3.0
68	3.0
73	4.0
74	4.0
82	4.0
85	5.0
105	3.0
110	4.0
125	3.0
140	3.0
141	2.0
144	4.0
147	4.0
150	4.0
154	4.0
155	4.0
156	4.0
161	3.0
162	4.0
163	2.0
164	3.0
175	4.0
176	4.0
187	4.0
190	4.0
194	4.0
198	4.0
213	5.0
222	3.0
229	4.0
230	3.0
232	4.0
233	5.0
235	3.0
246	3.0
247	5.0
249	4.0
260	4.0
265	4.0
266	3.0
268	4.0
271	3.0
272	4.0
281	4.0
282	3.0
290	5.0
293	4.0
296	4.0
299	4.0
300	4.0
306	5.0
307	5.0
308	4.0
314	4.0
318	4.0
319	4.0
322	4.0
326	4.0
334	5.0
337	3.0
342	3.0
346	3.0
349	3.0
352	4.0
356	4.0
357	3.0
363	4.0
364	3.0
373	5.0
376	3.0
381	3.0
412	4.0
417	4.0
441	3.0
446	3.0
448	4.0
454	3.0
456	3.0
457	3.0
471	3.0
474	3.0
475	4.0
491	3.0
493	4.0
497	4.0
501	5.0
506	4.0
508	4.0
509	4.0
515	4.0
523	4.0
527	5.0
529	3.0
534	4.0
535	5.0
539	3.0
541	4.0
549	3.0
551	2.0
555	3.0
562	4.0
565	4.0
588	3.0
593	4.0
608	4.0
613	4.0
628	4.0
639	3.0
647	4.0
648	3.0
650	3.0
653	3.0
671	1.0
678	4.0
700	3.0
708	3.0
714	4.0
728	4.0
731	3.0
733	3.0
778	3.0
780	3.0
781	4.0
782	3.0
798	3.0
800	5.0
802	3.0
804	4.0
832	3.0
838	3.0
848	3.0
851	4.0
852	3.0
866	4.0
882	3.0
892	4.0
903	5.0
908	4.0
923	4.0
991	3.0
994	4.5
999	4.0
1041	4.0
1042	3.0
1047	3.0
1049	3.0
1050	4.0
1057	4.0
1059	4.0
1061	3.0
1089	4.0
1094	4.0
1095	4.0
1120	3.0
1131	4.0
1132	4.0
1147	4.0
1150	3.0
1161	5.0
1171	4.0
1172	4.0
1175	3.0
1176	5.0
1177	4.0
1179	5.0
1183	5.0
1184	3.0
1185	4.0
1187	4.0
1188	4.0
1201	4.0
1202	3.0
1204	4.0
1206	5.0
1208	5.0
1211	5.0
1213	3.0
1216	3.0
1224	5.0
1233	4.0
1236	4.0
1245	4.0
1248	4.0
1249	4.0
1258	4.0
1264	4.0
1265	4.0
1266	4.0
1267	4.0
1271	4.0
1280	5.0
1289	4.0
1292	4.0
1295	5.0
1296	4.0
1300	4.0
1302	4.0
1305	4.0
1343	3.0
1352	3.0
1353	2.0
1354	4.0
1355	3.0
1356	4.0
1357	3.0
1358	4.0
1366	3.0
1391	2.0
1392	4.0
1393	4.0
1399	4.0
1404	4.0
1407	3.0
1408	4.0
1409	3.0
1411	4.0
1416	2.0
1422	3.0
1425	2.0
1438	2.0
1442	3.0
1446	4.0
1449	3.0
1464	3.0
1465	4.0
1466	4.0
1479	3.0
1480	4.0
1488	4.0
1498	3.0
1500	4.0
1515	3.0
1517	3.0
1518	3.0
1526	3.0
1527	4.0
1541	4.0
1542	4.0
1544	3.0
1550	3.0
1552	3.0
1556	2.0
1569	3.0
1573	3.0
1580	3.0
1584	4.0
1586	3.0
1589	4.0
1590	2.0
1594	4.0
1597	4.0
1600	3.0
1601	3.0
1603	3.0
1605	3.0
1608	4.0
1609	3.0
1610	3.0
1611	4.0
1615	4.0
1616	4.0
1617	4.0
1619	4.0
1620	3.0
1625	4.0
1627	3.0
1633	4.0
1635	4.0
1639	4.0
1641	3.0
1643	4.0
1645	3.0
1647	3.0
1648	4.0
1653	3.0
1655	2.0
1658	3.0
1660	4.0
1667	4.0
1672	3.0
1673	4.0
1676	2.0
1678	4.0
1680	4.0
1682	4.0
1683	4.0
1686	4.0
1687	3.0
1690	2.0
1693	4.0
1694	4.0
1699	4.0
1701	4.0
1704	4.0
1711	3.0
1719	4.0
1721	4.0
1722	3.0
1726	4.0
1727	4.0
1729	4.0
1730	3.0
1732	3.0
1734	4.0
1735	3.0
1747	4.0
1748	3.0
1754	3.0
1769	3.0
1779	3.0
1783	3.0
1784	4.0
1788	4.0
1792	3.0
1799	4.0
1801	3.0
1804	3.0
1805	4.0
1810	3.0
1816	2.0
1821	3.0
1831	2.0
1833	3.0
1834	4.0
1835	4.0
1836	4.0
1840	4.0
1844	4.0
1845	3.0
1862	2.0
1866	2.0
1873	4.0
1876	4.0
1882	2.0
1883	4.0
1884	2.0
1885	4.0
1888	3.0
1892	3.0
1894	3.0
1904	4.0
1907	3.0
1909	4.0
1912	4.0
1914	4.0
1916	4.0
1917	2.0
1921	4.0
1923	3.0
1949	4.0
1965	4.0
1966	4.0
2006	4.0
2010	4.0
2022	4.0
2026	2.0
2028	5.0
2058	3.0
2067	5.0
2108	4.0
2112	4.0
2125	4.0
2126	3.0
2153	2.0
2165	4.0
2166	4.0
2167	2.0
2171	4.0
2231	3.0
2266	3.0
2268	3.0
2272	3.0
2278	4.0
2280	4.0
2282	3.0
2289	4.0
2291	3.0
2294	3.0
2297	3.0
2302	3.0
2314	4.0
2316	3.0
2320	3.0
2321	4.0
2324	4.0
2329	4.0
2331	3.0
2333	4.0
2334	3.0
2336	4.0
2337	3.0
2340	3.0
2344	3.0
2353	4.0
2355	3.0
2356	3.0
2357	4.0
2359	4.0
2360	4.0
2384	3.0
2385	3.0
2387	3.0
2389	3.0
2390	4.0
2391	4.0
2393	3.0
2394	4.0
2395	3.0
2396	4.0
2424	4.0
2427	5.0
2428	3.0
2429	3.0
2432	3.0
2433	3.0
2435	4.0
2436	3.0
2439	4.0
2442	5.0
2443	5.0
2445	3.0
2490	3.0
2501	4.0
2505	3.0
2506	3.0
2539	3.0
2541	3.0
2542	3.0
2546	4.0
2558	3.0
2560	4.0
2561	4.0
2563	3.0
2567	3.0
2570	4.0
2571	4.0
2575	4.0
2580	4.0
2581	3.0
2583	3.0
2598	3.0
2599	4.0
2600	4.0
2605	3.0
2611	4.0
2617	3.0
2622	4.0
2624	4.0
2628	3.0
2629	3.0
2671	3.0
2672	3.0
2676	3.0
2677	4.0
2682	5.0
2683	3.0
2686	4.0
2688	3.0
2690	4.0
2692	4.0
2700	3.0
2702	4.0
2707	4.0
2710	2.0
2712	4.0
2713	2.0
2718	2.0
2722	3.0
2723	3.0
2724	3.0
2725	4.0
2745	4.0
2759	4.0
2761	5.0
2762	4.0
2763	3.0
2769	4.0
2770	4.0
2771	3.0
2801	4.0
2827	2.0
2829	4.0
2840	3.0
2841	3.0
2858	4.5
2861	3.0
2871	4.0
2881	3.0
2883	4.0
2890	4.0
2891	4.0
2906	3.0
2908	4.0
2916	2.0
2917	4.0
2959	4.0
2966	4.0
2969	5.0
2976	3.0
2997	5.0
3005	4.0
3006	4.0
3044	4.0
3051	3.0
3052	4.0
3053	4.0
3077	4.0
3078	4.0
3081	3.0
3082	3.0
3083	4.0
3089	5.0
3125	4.0
3134	4.0
3145	4.5
3147	4.0
3148	4.0
3155	4.0
3156	3.0
3160	4.0
3163	4.0
3173	3.0
3174	3.0
3175	4.0
3176	4.0
3178	4.0
3179	3.0
3185	4.0
3186	3.0
3200	4.0
3201	5.0
3238	3.0
3246	4.0
3259	3.0
3260	4.0
3261	4.0
3273	3.0
3285	3.0
3298	3.0
3300	4.0
3301	3.0
3316	3.0
3317	4.0
3324	2.0
3326	3.0
3328	4.0
3354	3.0
3355	3.0
3386	4.0
3408	3.0
3418	4.0
3476	3.0
3481	4.0
3499	3.0
3510	4.0
3512	4.0
3513	3.0
3515	5.0
3534	3.0
3535	3.0
3536	3.0
3538	3.0
3555	3.0
3556	4.0
3565	2.0
3566	4.0
3578	3.0
3598	4.0
3618	3.0
3623	3.0
3624	4.0
3646	1.0
3700	3.0
3712	4.0
3717	3.0
3730	4.0
3741	4.0
3744	3.0
3745	3.0
3753	3.0
3754	2.0
3755	3.0
3783	4.0
3793	3.0
3798	3.0
3824	3.0
3825	3.0
3826	3.0
3827	3.0
3831	3.0
3852	4.0
3858	2.0
3863	3.0
3893	4.0
3895	3.0
3896	4.0
3897	4.0
3901	3.0
3909	3.0
3910	4.0
3911	4.0
3948	2.0
3949	5.0
3952	4.0
3953	4.0
3955	1.0
3967	4.0
3968	3.0
3969	4.0
3977	3.0
3978	3.0
3979	1.0
3980	4.0
3981	3.0
3983	4.0
3986	3.0
3987	4.0
3992	3.0
3993	4.0
3994	3.0
3996	5.0
3998	4.0
3999	3.0
4011	3.0
4014	4.5
4017	4.5
4018	3.0
4019	4.0
4020	4.0
4021	4.0
4022	4.0
4023	4.0
4024	4.0
4027	4.0
4029	4.0
4031	4.0
4033	4.0
4034	4.0
4036	3.0
4056	4.0
4077	4.0
4103	4.0
4144	4.0
4148	3.0
4158	2.0
4161	3.0
4167	3.0
4223	4.0
4225	4.0
4226	5.0
4228	3.0
4231	3.0
4232	3.0
4234	3.0
4235	5.0
4238	3.0
4239	4.0
4246	3.0
4267	3.0
4270	3.0
4299	3.0
4305	4.0
4306	3.0
4308	3.0
4310	3.0
4343	3.0
4344	3.0
4345	4.0
4366	3.0
4367	3.0
4369	3.0
4370	3.0
4378	4.0
4380	4.0
4387	3.0
4410	4.0
4422	4.0
4424	5.0
4446	3.0
4447	3.0
4448	4.0
4450	4.0
4452	4.0
4563	3.0
4639	2.0
4641	4.0
4643	3.0
4699	3.0
4700	3.0
4720	4.0
4723	4.0
4727	3.0
4733	3.0
4735	2.0
4745	4.0
4756	2.0
4770	3.0
4776	3.0
4799	4.0
4814	3.0
4815	3.0
4821	3.0
4823	3.0
4844	3.0
4848	4.0
4865	3.0
4866	3.0
4867	3.0
4873	4.0
4874	3.0
4878	3.0
4880	4.0
4881	4.0
4889	4.0
4901	3.0
4902	4.0
4903	4.0
4914	4.0
4958	3.0
4963	3.0
4967	4.0
4973	4.0
4975	4.0
4976	3.0
4978	4.0
4979	3.0
4992	3.0
4993	4.0
4994	3.0
4995	4.0
5010	3.0
5013	4.0
5014	3.0
5015	4.0
5016	3.0
5051	3.0
5064	3.0
5065	3.0
5074	4.0
5081	3.0
5107	3.0
5108	3.0
5127	3.0
5135	4.0
5152	4.0
5171	3.0
5219	2.0
5222	4.0
5225	4.0
5266	4.0
5267	4.0
5269	3.0
5282	3.0
5293	3.0
5294	4.0
5298	3.0
5299	3.0
5312	3.0
5316	4.0
5319	4.0
5349	4.0
5364	4.0
5377	4.0
5378	3.0
5380	4.0
5388	4.0
5391	4.0
5400	3.0
5417	4.0
5418	4.0
5420	2.0
5421	4.0
5444	4.0
5445	4.0
5446	4.0
5450	4.0
5459	3.0
5464	4.0
5479	3.0
5481	2.0
5502	4.0
5505	4.0
5506	3.0
5507	3.0
5524	2.5
5528	4.0
5530	3.0
5574	3.0
5577	4.0
5610	3.0
5611	3.0
5613	3.0
5617	4.0
5618	4.0
5630	3.0
5667	3.0
5668	4.0
5669	4.0
5673	4.0
5679	3.0
5784	3.0
5791	4.0
5792	4.0
5809	4.0
5810	3.0
5812	4.0
5872	3.0
5876	4.0
5878	5.0
5881	4.0
5890	3.0
5902	3.0
5944	2.0
5945	4.0
5952	4.0
5954	4.0
5956	4.0
5959	4.0
5989	3.5
5991	3.0
5992	4.0
5995	4.0
6003	3.0
6016	3.5
6059	3.0
6062	4.0
6157	3.0
6187	3.0
6197	4.0
6213	3.0
6214	3.5
6216	4.5
6218	3.5
6264	2.5
6281	3.0
6286	4.0
6296	4.0
6297	3.5
6299	3.5
6323	3.5
6331	4.0
6333	3.0
6365	2.5
6367	3.0
6370	4.0
6377	4.0
6378	3.0
6380	3.5
6385	4.0
6484	2.5
6502	3.5
6503	2.5
6534	2.5
6537	3.0
6538	4.5
6539	3.0
6550	3.5
6552	4.0
6564	3.0
6565	3.5
6591	4.0
6593	3.5
6595	3.5
6617	3.5
6620	4.0
6708	3.5
6709	3.0
6711	4.0
6755	3.0
6764	3.0
6765	3.5
6773	4.5
6867	4.0
6870	4.0
6873	3.5
6874	3.5
6879	3.5
6881	3.5
6890	4.0
6932	4.0
6934	2.5
6936	3.0
6942	3.5
6947	3.5
6950	3.5
6952	3.0
6953	4.5
6954	4.0
6957	3.0
7090	4.0
7137	4.0
7139	4.0
7143	4.0
7147	3.5
7149	3.0
7151	4.5
7153	4.0
7154	3.5
7156	4.0
7158	4.0
7160	3.5
7162	3.5
7163	3.0
7164	3.0
7254	3.0
7256	4.0
7265	4.0
7285	4.0
7293	3.0
7318	3.0
7323	4.0
7324	3.0
7346	3.0
7347	3.0
7348	4.0
7360	3.5
7361	4.0
7362	3.5
7366	3.5
7367	3.5
7371	4.0
7373	3.0
7438	4.0
7444	3.0
7445	3.5
7451	3.5
7454	2.5
7458	3.5
7460	3.5
7841	3.5
7842	3.5
8014	4.0
8360	3.5
8361	3.0
8366	3.5
8368	3.5
8371	2.5
8373	3.0
8376	3.0
8464	3.5
8529	3.0
8530	4.0
8533	3.5
8622	4.0
8636	3.5
8638	4.5
8640	3.0
8645	3.5
8665	3.5
8781	3.5
8783	3.0
8784	4.0
8798	3.5
8860	3.0
8861	2.5
8865	3.0
8866	3.5
8870	3.0
8873	4.0
8908	3.0
8910	3.5
8914	4.0
8937	3.5
8948	3.0
8949	4.5
8950	4.0
8951	3.5
8957	2.5
8958	4.0
8961	4.0
8966	3.5
8970	4.0
8972	3.0
8973	4.0
8981	4.0
8983	3.5
9018	3.5
27266	4.0
27721	4.0
27728	3.0
27773	3.5
27788	3.5
27790	3.5
27803	4.0
27808	3.0
27821	3.5
27831	3.5
27839	3.0
27878	3.5
30707	4.0
30749	4.0
30803	4.0
30810	3.5
30812	4.0
30816	3.5
30820	4.0
30822	4.0
30850	4.0
30898	3.5
31410	4.0
31658	4.5
31804	3.5
32029	3.0
32587	3.5
32596	3.0
32598	3.0
33004	3.0
33162	3.5
33166	4.0
33660	4.0
33794	3.5
33880	4.0
33903	3.5
34153	4.0
34271	4.0
34405	4.0
34437	4.0
34528	4.0
34542	4.0
36276	3.5
36517	4.0
36527	3.5
36529	3.5
36535	3.5
37240	3.5
37386	3.0
37729	3.5
37733	4.0
37741	4.0
38038	3.5
38061	4.0
38886	4.0
39183	4.0
39292	4.0
39414	4.0
39444	3.0
40278	3.5
40583	4.0
40629	3.5
40732	3.5
40815	3.5
40819	3.5
40826	3.5
41285	4.0
41566	2.5
41569	3.0
41571	3.5
41573	3.0
41716	3.5
41863	4.0
41997	4.0
42004	3.5
42007	3.0
42418	4.0
43376	4.0
43396	4.0
43871	3.0
43936	3.5
44004	3.0
44191	4.0
44195	4.0
44199	3.5
44204	4.0
44555	4.0
44665	3.5
44694	4.0
44709	3.5
44788	3.5
44828	3.5
44974	4.0
45081	2.5
45210	3.5
45880	3.0
45950	3.5
46530	3.5
46578	3.5
46723	4.0
46850	4.0
46976	3.5
47423	4.5
47629	4.0
47999	3.5
48043	3.5
48082	3.5
48394	4.0
48516	4.0
48696	4.0
48738	4.0
48780	4.0
48783	3.5
49272	3.5
49278	3.5
49530	3.5
49772	4.0
50068	4.0
50685	4.0
50872	4.0
50912	4.0
51255	3.0
51540	4.0
52042	4.0
52241	3.5
52328	3.5
52952	3.5
53123	4.0
53550	3.5
53894	3.5
54281	3.5
54286	4.0
54997	3.5
55069	4.0
55094	4.0
55118	4.0
55247	4.0
55269	3.5
55276	4.0
55280	4.0
55290	4.0
55363	4.0
55442	3.5
55765	3.5
55805	4.0
55814	4.5
55820	4.0
55830	3.0
55872	3.5
55995	3.5
56333	4.0
56339	3.5
56367	4.0
56607	4.0
56782	3.0
56788	4.0
57669	3.5
58025	3.0
58047	3.5
58103	3.0
58105	4.0
58154	3.5
58295	3.5
58303	3.5
58803	3.5
