1	5.0
2	5.0
24	5.0
32	5.0
34	1.5
44	5.0
47	5.0
50	5.0
60	2.5
70	5.0
76	5.0
110	4.0
160	5.0
170	5.0
172	4.0
173	3.5
180	4.0
196	4.0
204	3.0
208	4.5
253	5.0
256	4.0
260	4.0
292	5.0
293	5.0
296	4.0
316	5.0
317	3.5
318	5.0
327	4.5
328	5.0
332	4.0
338	5.0
353	5.0
356	3.5
367	5.0
377	4.5
379	4.0
393	4.0
410	4.0
426	4.0
435	5.0
442	4.0
457	4.5
480	5.0
485	4.0
512	4.0
519	3.5
533	3.5
541	4.0
546	4.5
551	5.0
587	3.5
589	5.0
592	3.0
593	5.0
608	4.0
610	4.5
653	4.0
661	4.0
673	4.0
719	3.0
724	4.0
737	1.5
741	5.0
742	5.0
748	3.5
778	4.0
780	5.0
788	1.5
799	5.0
810	0.5
829	4.5
842	4.0
849	2.5
858	0.5
879	5.0
968	5.0
1027	3.5
1036	4.5
1037	4.0
1073	4.5
1097	5.0
1127	5.0
1128	4.0
1136	4.5
1188	3.5
1196	4.0
1198	4.0
1200	4.5
1206	5.0
1208	4.0
1210	4.0
1214	5.0
1215	5.0
1221	0.5
1222	4.5
1240	5.0
1241	5.0
1258	5.0
1261	5.0
1265	4.0
1270	5.0
1275	2.5
1291	4.0
1320	4.5
1339	5.0
1347	4.0
1377	3.5
1389	4.0
1391	4.5
1479	4.5
1527	5.0
1544	4.0
1562	3.0
1580	4.5
1584	4.0
1590	4.0
1591	4.0
1603	5.0
1623	3.5
1645	4.0
1646	4.0
1653	4.5
1676	5.0
1681	4.0
1682	4.5
1690	4.5
1702	4.0
1704	4.5
1748	5.0
1762	5.0
1779	5.0
1831	4.5
1835	3.5
1862	3.0
1876	5.0
1882	3.5
1917	5.0
1921	4.5
1974	5.0
1975	4.5
1976	4.5
1978	4.0
1980	4.0
1981	3.5
2003	5.0
2004	5.0
2005	5.0
2009	4.5
2011	4.0
2012	4.0
2021	5.0
2026	4.0
2028	5.0
2046	4.5
2052	4.5
2053	2.5
2054	5.0
2094	5.0
2105	5.0
2115	4.5
2122	4.0
2124	4.0
2134	4.5
2163	4.0
2167	4.0
2174	5.0
2232	5.0
2253	4.5
2279	4.0
2288	4.5
2291	5.0
2294	4.0
2297	5.0
2315	4.0
2321	4.0
2322	4.0
2328	4.0
2329	5.0
2338	3.5
2375	4.0
2378	3.5
2422	3.0
2428	4.0
2429	3.5
2448	4.0
2455	5.0
2456	4.0
2478	4.0
2502	4.0
2517	4.5
2529	3.5
2560	5.0
2571	4.0
2600	3.0
2606	5.0
2617	5.0
2657	5.0
2692	5.0
2699	5.0
2710	0.5
2713	5.0
2716	5.0
2717	4.5
2719	4.0
2722	4.5
2746	5.0
2761	4.0
2762	4.0
2797	4.0
2808	4.0
2826	5.0
2827	3.5
2841	5.0
2858	4.0
2867	4.0
2916	5.0
2953	3.0
2959	5.0
2985	3.5
2986	4.0
2987	5.0
2995	4.5
2997	3.5
3033	5.0
3052	5.0
3081	4.0
3087	4.5
3113	4.5
3114	4.0
3174	3.0
3175	4.0
3252	4.5
3258	4.5
3264	5.0
3275	5.0
3300	5.0
3354	4.0
3438	5.0
3439	4.0
3466	4.5
3471	4.0
3489	4.0
3499	3.0
3527	5.0
3535	4.5
3556	5.0
3578	3.5
3593	3.5
3693	3.0
3697	4.5
3698	4.5
3702	2.5
3704	2.0
3745	3.0
3793	4.0
3826	4.0
3827	5.0
3863	4.0
3868	2.0
3908	2.5
3917	4.5
3949	5.0
3981	4.5
3986	4.0
3988	4.5
3994	4.5
3996	4.0
4011	4.0
4015	5.0
4085	4.0
4105	5.0
4128	5.0
4148	4.5
4158	4.0
4226	5.0
4262	0.5
4306	4.0
4321	3.5
4343	5.0
4370	3.5
4446	4.0
4492	5.0
4544	4.5
4545	5.0
4571	4.0
4638	4.0
4643	2.5
4735	4.0
4744	5.0
4812	4.0
4874	4.5
4876	5.0
4878	5.0
4886	4.5
4887	4.0
4890	4.0
4899	3.5
4975	5.0
4980	4.0
4993	4.5
4995	4.5
5065	4.0
5094	3.5
5102	4.0
5128	3.0
5171	4.0
5219	5.0
5254	3.0
5294	5.0
5313	4.0
5323	4.0
5349	3.0
5445	3.0
5459	3.5
5463	5.0
5478	5.0
5502	0.5
5530	3.5
5669	4.0
5679	3.5
5782	5.0
5784	4.0
5816	0.5
5833	4.5
5903	4.5
5952	4.5
6058	3.0
6250	4.5
6264	4.5
6290	5.0
6294	4.5
6323	5.0
6333	3.0
6365	2.5
6373	4.0
6380	3.0
6502	4.5
6534	2.0
6537	4.0
6539	4.0
6541	3.5
6615	4.0
6659	5.0
6695	4.0
6754	4.5
6934	2.0
6936	4.0
6952	3.5
6979	3.5
7022	5.0
7036	4.0
7045	4.0
7147	4.0
7153	4.5
7163	4.5
7235	5.0
7254	4.5
7360	4.0
7361	5.0
7373	5.0
7387	4.0
7454	4.5
7458	3.0
7481	4.0
7502	5.0
7827	5.0
7842	4.0
8132	3.0
8169	5.0
8361	5.0
8371	4.5
8636	2.0
8644	5.0
8810	4.5
8861	4.0
8865	3.0
8874	5.0
8914	5.0
8950	5.0
8957	5.0
8961	4.0
8985	3.0
26614	3.0
27317	3.5
27660	5.0
27706	4.5
27773	4.5
27788	5.0
30894	1.0
31696	4.0
31804	4.0
33004	4.5
33164	0.5
33166	4.5
33794	4.5
33834	3.5
34150	4.0
34319	4.0
34334	5.0
34405	5.0
36401	4.0
37380	3.5
37386	3.5
37729	4.0
37830	3.0
37857	5.0
38061	4.0
39446	4.0
40732	5.0
40815	0.5
41569	4.0
42718	4.5
42723	4.0
42738	4.0
43679	3.0
43928	4.0
44191	5.0
44397	4.5
44828	5.0
45081	5.0
45499	2.5
45668	4.0
45672	5.0
45722	3.0
46530	0.5
46578	4.5
46948	4.0
46965	3.0
46972	4.0
48043	5.0
48394	5.0
48774	4.0
48877	3.5
49278	4.5
49649	4.0
50804	4.5
51255	5.0
51412	4.5
51662	5.0
51709	4.0
52281	4.0
53000	4.0
53121	3.0
53125	3.0
53464	4.0
53519	3.0
53996	5.0
54001	0.5
54259	3.0
54286	3.5
54503	5.0
54881	5.0
54995	4.0
55232	3.5
55282	4.5
55577	3.5
55820	5.0
55908	5.0
55995	3.5
56145	4.0
56174	4.5
56251	4.5
56757	5.0
56801	4.0
57274	4.5
57368	4.5
57640	5.0
58025	3.5
58559	4.5
59315	5.0
59615	3.0
59784	4.0
60037	4.0
60040	3.5
60069	5.0
60074	5.0
60161	5.0
60684	5.0
60937	4.0
61240	5.0
61248	4.0
61350	4.0
62376	5.0
62956	4.5
63992	0.5
64497	4.0
64614	4.0
65682	5.0
66171	3.5
66297	4.5
67197	2.5
67408	4.5
68157	0.5
68237	5.0
68319	4.0
68358	4.5
68791	4.5
68954	5.0
69526	4.0
69951	3.5
70286	5.0
70336	4.5
70599	5.0
71057	4.5
71135	5.0
71254	4.5
71264	5.0
71530	5.0
71535	5.0
71745	3.5
72378	5.0
72407	0.5
72998	5.0
73268	3.5
74789	4.0
76077	5.0
76093	4.5
76175	4.5
76251	5.0
77561	4.5
77866	2.0
78105	4.5
78772	0.5
79057	5.0
79091	5.0
79132	0.5
79702	5.0
80549	4.5
81229	5.0
81564	4.0
81591	4.5
81847	5.0
82461	4.5
83134	5.0
83613	4.0
84152	5.0
84601	3.5
84772	5.0
84954	4.0
85131	5.0
85414	4.5
85510	5.0
86332	4.5
86880	3.0
87232	3.5
87306	4.0
87430	1.5
87520	3.5
88140	4.0
88744	4.0
89470	4.0
89745	4.5
89774	4.0
90405	5.0
90866	2.0
91500	4.0
91529	4.5
92259	5.0
92420	4.5
93510	4.0
93840	4.0
94864	4.0
95441	5.0
95510	1.5
95875	4.5
96610	4.5
96737	4.5
97752	4.5
97913	5.0
98809	4.5
101864	4.0
102125	5.0
102445	5.0
103042	4.5
103141	3.0
103228	5.0
103249	3.0
103253	4.0
103335	4.5
103341	4.0
103772	3.5
104841	4.5
104913	4.5
106002	4.0
106072	5.0
106487	3.5
106489	4.0
106696	4.0
108932	3.5
110102	5.0
111362	4.0
111759	4.5
112623	4.0
