1	4.0
2	3.5
6	3.5
10	3.5
15	3.0
18	4.5
25	3.5
32	4.5
34	4.0
39	4.0
47	4.0
50	4.5
58	3.0
64	4.0
65	2.5
70	4.0
74	3.5
79	3.5
95	3.5
104	4.0
107	3.5
110	3.5
111	4.0
145	3.5
153	3.5
163	4.5
165	4.0
168	4.0
170	4.0
177	3.0
179	3.5
180	4.5
185	4.0
188	3.5
195	2.5
198	4.0
207	4.0
208	2.5
216	3.5
218	4.0
223	4.5
231	3.0
235	4.0
236	4.0
253	4.0
260	4.5
261	4.0
266	3.5
276	3.5
280	4.0
289	3.0
292	3.5
296	4.5
305	2.5
316	4.0
317	3.5
318	4.5
332	3.0
333	3.5
339	4.0
342	3.5
344	3.0
350	3.5
353	4.5
356	4.0
357	4.0
361	3.5
364	4.0
366	3.5
367	3.5
371	3.5
372	4.0
377	4.0
380	3.5
382	3.0
405	3.0
410	3.0
413	3.0
423	3.0
434	2.5
441	4.0
450	3.0
454	3.5
457	4.0
466	3.5
480	4.0
485	2.5
500	3.5
507	4.0
508	3.5
509	4.0
514	4.0
517	3.5
520	4.0
533	2.5
539	4.0
542	3.0
543	3.0
544	3.0
546	3.0
548	3.0
551	4.0
555	4.5
586	4.0
587	3.5
588	3.5
589	4.5
590	4.0
592	4.5
593	4.0
594	4.0
595	4.0
597	3.5
608	4.5
627	4.5
628	4.0
648	3.5
663	3.5
697	3.0
708	4.0
709	4.5
724	3.5
733	2.5
736	3.5
762	3.5
780	3.5
802	4.0
804	3.5
805	4.5
832	3.0
836	3.0
849	2.5
858	4.0
880	2.0
901	3.5
912	4.5
919	4.5
924	4.0
996	2.5
1003	3.0
1007	4.0
1012	4.0
1019	4.0
1020	3.5
1025	4.0
1027	4.0
1028	4.0
1030	4.0
1031	4.0
1032	4.0
1035	4.0
1036	4.5
1037	3.0
1043	3.0
1059	4.0
1061	4.5
1073	3.5
1079	4.0
1080	4.0
1088	3.5
1089	4.5
1090	3.0
1091	2.5
1093	3.5
1094	3.5
1097	4.5
1101	3.0
1104	4.0
1127	4.0
1129	4.5
1136	4.5
1179	3.5
1183	3.0
1193	4.5
1196	4.5
1197	4.5
1198	4.5
1199	4.0
1206	4.0
1207	4.5
1210	5.0
1214	4.0
1215	5.0
1220	4.0
1222	3.5
1240	4.0
1241	4.5
1257	4.5
1258	4.5
1259	4.5
1261	4.0
1265	4.5
1268	4.0
1270	4.0
1271	4.0
1275	3.5
1278	4.5
1285	4.5
1290	3.5
1291	4.0
1297	4.0
1302	4.5
1307	4.0
1321	4.0
1327	4.0
1342	3.5
1345	3.0
1347	4.0
1358	3.5
1370	4.0
1377	3.5
1378	4.0
1379	4.0
1393	4.0
1394	4.0
1405	2.5
1407	3.5
1411	4.0
1440	3.5
1464	4.0
1479	4.0
1485	4.0
1488	3.0
1499	2.5
1500	4.5
1513	3.5
1517	4.0
1527	4.5
1541	3.5
1552	4.0
1573	3.5
1580	3.5
1584	4.0
1608	3.5
1625	4.5
1639	4.5
1644	3.0
1645	4.0
1653	4.0
1674	4.0
1680	4.5
1682	4.0
1687	3.5
1688	4.0
1704	4.5
1711	2.5
1713	3.0
1717	3.5
1721	3.5
1722	3.5
1727	3.0
1732	3.0
1748	4.0
1777	5.0
1784	4.0
1792	4.0
1797	4.0
1799	4.0
1801	3.0
1805	3.0
1876	3.0
1892	4.0
1895	4.0
1912	4.0
1917	3.0
1923	4.0
1924	3.5
1961	4.0
1967	4.5
1968	4.0
1969	3.5
1970	3.5
1971	3.5
1972	3.5
1973	3.0
1974	3.0
1982	3.5
1983	3.0
1984	3.0
1985	3.0
1986	3.0
1991	3.5
1994	4.0
1997	4.0
2003	4.0
2005	4.5
2006	3.5
2011	4.0
2012	4.0
2014	3.5
2015	4.0
2021	4.0
2040	4.0
2046	3.5
2052	3.0
2054	4.0
2072	3.5
2076	4.0
2080	4.0
2081	3.5
2082	3.5
2083	4.0
2107	3.0
2108	3.5
2109	4.5
2115	4.0
2118	4.0
2121	3.0
2122	3.5
2124	3.5
2125	4.5
2133	4.0
2134	4.0
2139	4.0
2140	4.5
2141	4.0
2144	4.0
2145	4.0
2150	4.0
2160	4.0
2161	4.5
2167	3.5
2174	4.5
2193	4.0
2195	3.0
2248	4.0
2261	4.0
2268	3.5
2269	2.5
2289	4.0
2291	4.5
2296	2.5
2301	3.5
2302	4.0
2321	3.5
2329	4.0
2335	3.0
2338	3.0
2348	3.5
2353	3.5
2355	4.5
2369	4.0
2385	3.5
2392	3.0
2396	4.0
2405	3.0
2406	4.0
2420	3.5
2423	4.0
2427	2.5
2428	3.0
2443	4.5
2445	3.0
2455	4.0
2459	3.0
2460	2.5
2496	3.0
2497	3.0
2502	5.0
2504	3.0
2506	4.0
2529	4.5
2530	4.0
2531	2.5
2532	4.0
2533	4.0
2539	3.5
2541	4.0
2558	2.5
2567	4.0
2568	2.5
2571	4.0
2572	4.0
2581	3.0
2598	3.0
2599	3.0
2617	3.5
2628	3.5
2640	4.5
2641	4.0
2642	4.0
2657	4.0
2672	4.0
2683	3.5
2692	5.0
2694	4.0
2706	3.5
2707	3.5
2709	3.5
2710	2.0
2716	4.0
2717	3.0
2720	2.5
2723	3.0
2724	3.5
2735	4.0
2746	4.5
2762	4.5
2771	4.0
2787	3.5
2793	3.0
2797	3.5
2798	2.5
2804	4.0
2827	3.0
2840	4.0
2841	4.0
2858	4.0
2867	3.0
2881	4.0
2890	3.5
2898	3.5
2906	2.5
2915	3.5
2918	4.5
2926	3.0
2941	3.5
2942	3.0
2947	4.0
2959	4.5
2961	3.5
2978	3.5
2987	3.5
2993	4.0
2995	3.5
2997	4.0
3006	4.0
3016	4.0
3018	4.0
3033	4.5
3034	4.5
3039	4.0
3052	4.0
3067	3.5
3071	3.5
3072	3.5
3081	4.0
3082	3.5
3087	4.0
3146	3.0
3159	4.0
3174	3.5
3186	4.0
3203	4.0
3243	3.0
3247	3.5
3249	3.0
3253	4.0
3255	4.0
3258	4.0
3261	4.5
3262	4.0
3264	4.0
3269	4.0
3270	3.0
3299	3.0
3300	4.0
3301	4.0
3316	2.5
3325	3.0
3355	3.5
3361	3.5
3394	3.5
3396	4.5
3397	4.0
3398	4.0
3408	3.5
3409	3.5
3421	3.5
3436	3.0
3439	3.0
3450	4.0
3466	4.0
3471	4.0
3477	4.0
3479	3.5
3481	4.0
3510	4.0
3512	4.5
3527	3.0
3534	3.5
3535	4.0
3543	3.5
3552	4.0
3565	4.5
3578	3.5
3598	4.0
3608	3.5
3623	3.0
3624	3.5
3686	3.5
3693	3.0
3702	4.0
3703	4.0
3708	4.0
3709	2.5
3717	3.0
3723	4.0
3740	4.5
3751	4.5
3752	3.5
3753	3.0
3755	3.0
3784	3.5
3785	3.5
3793	4.5
3798	3.5
3825	3.5
3841	3.0
3869	3.5
3893	3.5
3897	3.5
3901	4.0
3911	4.0
3917	4.0
3918	3.5
3919	3.5
3948	3.5
3949	4.0
3977	3.5
3984	4.0
3988	3.5
3994	4.0
3998	3.0
4007	3.0
4011	3.5
4014	4.5
4022	3.5
4025	4.0
4040	3.5
4067	4.0
4069	3.5
4091	3.5
4105	4.5
4121	3.5
4128	4.0
4205	3.5
4226	4.0
4228	4.0
4231	4.0
4299	3.5
4306	4.0
4310	3.0
4317	3.5
4321	3.5
4322	4.0
4344	3.0
4351	3.0
4367	3.5
4369	3.0
4370	3.5
4447	3.5
4452	3.0
4480	3.5
4506	3.0
4526	3.0
4533	5.0
4553	3.5
4558	3.0
4571	3.5
4623	4.0
4639	3.0
4643	4.5
4654	3.0
4678	4.5
4700	3.5
4701	3.0
4734	3.5
4745	3.0
4757	3.5
4814	3.5
4821	4.0
4844	4.0
4848	3.0
4867	3.5
4878	4.0
4881	3.0
4886	4.0
4890	3.0
4912	3.5
4963	4.0
4973	4.5
4974	3.5
4975	3.5
4979	4.0
4992	3.5
4993	4.0
5014	4.0
5015	3.5
5103	4.0
5108	3.5
5110	3.5
5111	3.0
5127	4.0
5219	3.0
5247	4.0
5293	4.0
5294	3.5
5299	4.5
5312	4.0
5349	4.0
5378	3.5
5418	4.0
5419	3.5
5438	3.5
5444	4.0
5445	4.0
5449	3.5
5459	3.0
5463	3.5
5481	3.0
5502	4.5
5505	4.0
5507	3.0
5528	3.0
5541	3.5
5553	3.0
5617	4.0
5620	4.0
5673	3.5
5679	4.0
5791	4.5
5872	3.5
5902	4.0
5943	3.0
5945	4.0
5952	4.0
5954	4.0
5989	3.5
6006	3.0
6155	3.5
6157	3.0
6188	4.5
6212	3.5
6238	3.0
6281	3.5
6287	3.0
6290	4.0
6303	4.0
6323	4.0
6333	4.0
6365	3.5
6373	4.0
6377	4.0
6378	3.5
6534	2.5
6535	2.5
6537	4.0
6539	4.0
6564	3.0
6615	3.5
6636	3.5
6659	4.0
6708	4.0
6709	3.5
6731	4.0
6765	4.0
6807	4.0
6810	4.0
6863	4.0
6874	4.0
6880	4.0
6893	3.5
6934	3.5
6944	3.5
6952	4.0
7004	3.5
7007	3.5
7036	3.0
7044	4.0
7046	4.0
7073	4.0
7101	3.5
7137	3.5
7139	3.5
7147	4.0
7153	4.0
7155	4.0
7163	3.5
7173	3.5
7228	3.0
7254	4.0
7293	4.0
7325	3.5
7347	4.0
7360	4.5
7361	4.0
7366	2.5
7373	4.0
7376	2.5
7387	4.5
7439	4.0
7451	4.0
7454	3.5
7569	4.5
8132	3.5
8360	4.0
8361	4.0
8368	4.0
8371	3.5
8373	3.0
8376	4.0
8528	4.0
8533	4.0
8610	4.0
8623	4.0
8636	4.0
8641	4.5
8783	4.5
8784	4.5
8874	5.0
8910	4.5
8916	3.5
8957	4.0
8961	4.0
26152	4.0
26680	4.5
27822	1.5
27839	3.0
30793	4.5
30810	4.0
30816	4.0
32587	4.5
33004	3.0
33493	4.0
33794	4.5
34162	4.5
35836	4.5
37729	4.0
38798	4.0
40815	4.0
