1	4.0
10	2.0
14	5.0
21	3.0
23	2.0
25	3.0
26	3.0
29	3.0
32	5.0
34	4.0
39	4.0
42	2.0
44	2.0
47	5.0
50	4.0
57	3.0
70	4.0
76	2.0
94	4.0
95	3.0
104	3.0
110	4.0
111	5.0
112	2.0
122	3.0
125	4.0
147	2.0
149	3.0
150	3.0
151	3.0
153	3.0
161	4.0
162	5.0
163	4.0
165	2.0
166	3.0
172	2.0
173	1.0
176	4.0
193	2.0
196	2.0
198	2.0
208	2.0
216	3.0
233	4.0
235	4.0
242	3.0
247	4.0
253	4.0
260	4.0
266	3.0
273	2.0
288	3.0
292	2.0
293	4.0
296	5.0
303	3.0
307	4.0
308	3.0
316	2.0
318	4.0
319	4.0
322	4.0
329	1.0
348	4.0
349	2.0
352	3.0
353	4.0
356	3.0
372	3.0
379	2.0
380	3.0
382	2.0
407	3.0
417	3.0
431	3.0
441	4.0
442	3.0
448	2.0
449	4.0
454	3.0
464	2.0
480	3.0
481	2.0
482	2.0
485	4.0
500	3.0
507	4.0
508	3.0
509	3.0
514	3.0
517	3.0
527	5.0
533	2.0
535	3.0
537	3.0
541	5.0
544	1.0
556	4.0
574	2.0
589	4.0
590	4.0
592	3.0
593	4.0
608	4.0
610	2.0
616	2.0
648	3.0
653	2.0
663	4.0
720	5.0
724	2.0
725	3.0
733	4.0
737	3.0
741	4.0
745	4.0
750	5.0
778	5.0
780	4.0
784	4.0
799	4.0
800	4.0
805	3.0
858	5.0
866	4.0
880	2.0
882	3.0
912	4.0
923	5.0
924	5.0
933	3.0
996	2.0
1027	2.0
1036	4.0
1047	1.0
1049	2.0
1059	4.0
1060	4.0
1073	4.0
1079	4.0
1080	4.0
1088	4.0
1089	5.0
1090	4.0
1091	1.0
1092	4.0
1093	3.0
1094	4.0
1095	3.0
1097	4.0
1100	2.0
1101	4.0
1120	3.0
1127	3.0
1129	4.0
1136	5.0
1148	4.0
1171	4.0
1172	3.0
1175	4.0
1179	4.0
1186	4.0
1193	4.0
1196	5.0
1197	4.0
1198	5.0
1199	4.0
1200	5.0
1202	4.0
1204	5.0
1206	4.0
1208	4.5
1210	3.0
1213	4.0
1214	5.0
1215	3.0
1218	4.0
1220	5.0
1221	5.0
1222	4.0
1224	3.0
1225	4.0
1230	4.0
1240	4.0
1243	4.0
1245	5.0
1246	4.0
1249	4.0
1251	4.0
1257	3.0
1258	4.0
1259	4.0
1265	3.0
1266	4.0
1268	4.0
1270	4.5
1274	4.0
1275	2.0
1278	4.0
1285	5.0
1288	5.0
1290	2.0
1291	4.0
1293	3.0
1297	4.0
1299	4.0
1303	4.0
1306	2.0
1307	4.0
1320	3.0
1321	4.0
1339	3.0
1343	4.0
1347	3.0
1350	3.0
1355	3.0
1356	4.0
1365	4.0
1370	4.0
1371	2.0
1372	3.0
1374	5.0
1375	3.0
1376	2.0
1377	3.0
1378	3.0
1379	3.0
1387	5.0
1388	3.0
1389	2.0
1391	2.0
1393	4.0
1394	5.0
1405	3.0
1407	4.0
1408	4.0
1441	2.0
1449	4.0
1479	2.0
1483	2.0
1488	2.0
1500	4.0
1517	4.0
1527	3.0
1552	2.0
1554	2.0
1562	1.0
1573	3.0
1580	3.0
1584	3.0
1586	3.0
1590	1.0
1591	1.0
1594	3.0
1597	2.0
1608	4.0
1610	4.0
1611	3.0
1616	2.0
1617	4.0
1619	4.0
1625	3.0
1635	4.0
1639	4.0
1645	2.0
1653	3.0
1655	2.0
1663	4.0
1673	4.0
1676	4.0
1682	3.0
1687	2.0
1690	2.0
1704	3.0
1711	3.0
1719	4.0
1721	3.0
1722	2.0
1729	2.0
1732	3.0
1747	3.0
1748	4.0
1754	3.0
1777	3.0
1784	3.0
1785	3.0
1805	3.0
1810	4.0
1831	2.0
1836	3.0
1845	4.0
1882	2.0
1883	4.0
1884	4.0
1889	3.0
1895	3.0
1909	3.0
1912	4.0
1917	4.0
1921	4.0
1955	4.0
1956	4.0
1960	4.0
1961	4.0
1965	4.0
1966	4.0
1967	3.0
1968	4.0
1969	2.0
1970	2.0
1982	2.0
1991	1.0
1994	4.0
1997	4.0
2000	3.0
2001	3.0
2003	4.0
2004	3.0
2005	4.0
2006	3.0
2011	3.0
2019	4.0
2020	4.0
2021	4.0
2022	5.0
2023	3.0
2028	3.0
2033	3.0
2054	2.0
2058	2.0
2064	3.0
2072	2.0
2076	4.0
2078	4.0
2100	4.0
2105	3.0
2108	4.0
2111	3.0
2115	3.0
2116	4.0
2118	4.0
2133	2.0
2134	4.0
2137	4.0
2138	4.0
2139	4.0
2140	3.0
2143	2.0
2144	3.0
2145	3.0
2146	4.0
2161	2.0
2165	3.0
2167	3.0
2174	3.0
2193	2.0
2194	4.0
2232	4.0
2243	4.0
2245	3.0
2247	4.0
2248	4.0
2253	2.0
2261	3.0
2262	2.0
2278	4.0
2288	4.0
2289	5.0
2291	4.0
2297	3.0
2311	4.0
2313	3.0
2318	3.0
2322	1.0
2328	1.0
2329	4.0
2336	3.0
2340	3.0
2348	3.0
2353	4.0
2367	3.0
2371	3.0
2376	2.0
2378	2.0
2384	4.0
2393	1.0
2394	3.0
2395	5.0
2402	2.0
2403	3.0
2404	2.0
2405	2.0
2406	4.0
2407	2.0
2409	2.0
2410	2.0
2411	2.0
2416	3.0
2420	4.0
2421	2.0
2427	5.0
2428	3.0
2450	1.0
2455	4.0
2456	2.0
2457	3.0
2468	2.0
2470	3.0
2471	1.0
2473	3.0
2478	2.0
2502	4.0
2528	4.0
2529	3.0
2541	4.0
2542	4.0
2549	1.0
2551	4.0
2560	4.0
2571	5.0
2580	3.0
2594	4.0
2599	4.0
2600	3.0
2616	3.0
2617	3.0
2628	1.0
2640	3.0
2641	3.0
2642	2.0
2643	1.0
2657	4.0
2662	3.0
2683	2.0
2692	4.0
2700	4.0
2710	3.0
2712	4.0
2716	5.0
2717	2.0
2723	2.0
2730	3.0
2734	2.0
2735	2.0
2736	3.0
2746	2.0
2762	4.0
2770	3.0
2779	3.0
2788	4.0
2791	4.0
2794	2.0
2795	4.0
2796	3.0
2797	4.0
2802	2.0
2804	4.0
2815	2.0
2816	1.0
2819	3.0
2858	4.0
2867	3.0
2872	3.0
2890	5.0
2912	5.0
2915	4.0
2916	3.0
2918	5.0
2942	3.0
2947	3.0
2949	3.0
2952	3.0
2959	5.0
2966	4.0
2968	4.0
2971	4.0
2973	4.0
2985	4.0
2987	3.0
2989	4.0
2990	2.0
2997	4.5
3000	3.0
3006	4.0
3007	3.0
3018	3.0
3019	4.0
3020	3.0
3033	2.0
3039	3.0
3040	4.0
3044	3.0
3052	3.0
3070	5.0
3071	3.0
3081	3.0
3104	4.0
3107	3.0
3108	4.0
3130	1.0
3142	4.0
3148	3.0
3160	5.0
3174	3.0
3175	3.0
3176	3.0
3178	3.0
3203	3.0
3210	4.0
3213	3.0
3246	5.0
3256	2.0
3261	2.0
3262	3.0
3265	4.0
3266	4.0
3267	2.0
3300	4.0
3317	4.0
3328	3.0
3362	3.0
3386	4.0
3396	4.0
3408	4.0
3418	3.0
3421	4.0
3424	4.0
3441	3.0
3448	3.5
3471	4.0
3476	3.0
3478	4.0
3481	4.0
3489	2.0
3504	5.0
3524	4.0
3525	4.0
3526	3.0
3527	2.0
3535	3.0
3550	4.0
3551	3.0
3552	4.0
3576	3.0
3578	4.0
3591	4.0
3598	4.0
3608	5.0
3638	1.0
3676	3.0
3697	2.0
3698	1.0
3699	3.0
3702	3.0
3703	4.0
3704	2.0
3706	4.0
3723	4.0
3727	3.0
3730	4.0
3733	3.0
3740	5.0
3745	2.0
3770	3.0
3783	3.0
3791	3.0
3793	3.0
3868	3.0
3869	2.0
3877	1.0
3897	3.0
3910	3.0
3917	3.0
3949	5.0
3950	4.0
3952	4.0
3977	4.0
3994	3.0
3996	4.5
4002	3.0
4003	3.0
4005	3.0
4006	3.0
4007	4.0
4008	4.0
4009	3.0
4010	2.0
4021	2.0
4022	3.0
4027	3.0
4029	3.0
4033	4.0
4034	3.0
4036	3.0
4037	3.0
4066	3.0
4079	4.0
4085	4.0
4091	3.0
4102	3.0
4103	4.0
4121	4.0
4124	1.0
4128	3.0
4132	1.0
4210	4.0
4215	1.0
4218	4.0
4226	4.0
4232	4.0
4251	3.0
4275	1.0
4280	4.0
4291	4.0
4304	3.0
4306	3.0
4308	4.0
4321	3.0
4343	3.0
4349	4.0
4351	2.0
4370	3.0
4378	3.0
4407	4.0
4410	4.0
4443	2.0
4446	3.0
4467	4.0
4478	4.0
4483	1.0
4488	2.0
4489	4.0
4499	3.0
4541	3.0
4545	1.0
4553	3.0
4557	3.0
4558	2.0
4571	4.0
4572	2.0
4577	3.0
4616	3.0
4621	2.0
4623	2.0
4642	4.0
4643	2.0
4654	3.0
4661	3.0
4673	1.0
4677	2.0
4679	3.0
4681	3.0
4686	1.0
4713	3.0
4720	4.0
4725	2.0
4848	3.0
4865	3.0
4878	5.0
4881	3.0
4896	3.0
4902	3.0
4915	1.0
4929	3.0
4941	3.0
4963	4.0
4971	2.0
4973	3.0
4979	4.0
4993	5.0
4995	4.0
5009	2.0
5010	4.0
5026	3.0
5027	1.0
5039	4.0
5040	1.0
5049	3.0
5055	3.0
5060	3.0
5139	3.0
5237	4.0
5254	4.0
5266	3.0
5293	3.0
5294	3.0
5298	3.5
5308	1.0
5349	3.0
5377	5.0
5378	2.0
5388	3.0
5400	3.0
5418	3.0
5445	3.0
5452	1.0
5463	2.0
5464	3.0
5500	2.0
5502	4.0
5507	2.0
5540	3.0
5630	3.0
5650	4.0
5666	4.0
5669	4.0
5673	5.0
5782	3.5
5792	3.5
5833	2.0
5853	2.0
5881	4.0
5893	3.0
5902	4.0
5903	2.5
5952	5.0
5954	4.0
5989	3.0
6003	3.0
6062	3.0
6157	3.0
6323	3.0
6365	2.5
6440	4.0
6461	5.0
6502	3.5
6534	3.5
6537	3.5
6539	3.5
6636	4.0
6709	2.5
6711	3.5
6774	3.0
6796	3.0
6807	3.0
6857	3.0
6863	4.5
7419	4.5
