1	4.5
2	3.5
5	3.0
10	3.0
17	4.0
19	3.5
21	3.5
24	4.0
31	4.0
32	3.5
34	4.0
39	3.0
43	4.0
47	4.0
62	3.5
66	2.5
95	3.0
104	4.0
105	3.0
110	4.5
112	2.5
141	4.0
145	2.5
150	5.0
151	4.0
153	3.5
158	3.0
165	4.0
168	3.5
173	2.5
185	2.5
186	3.0
193	3.0
203	2.5
208	3.0
216	3.5
218	4.0
231	2.5
249	4.0
253	3.5
256	3.5
260	3.5
261	4.5
266	4.0
267	2.0
272	4.0
276	2.0
277	3.0
282	4.0
290	4.0
292	3.5
300	2.0
306	3.5
308	3.5
316	3.0
317	3.5
318	4.0
329	3.5
337	4.0
342	4.5
344	3.5
345	4.0
355	3.5
356	5.0
357	4.5
364	3.0
367	3.5
370	2.5
372	3.0
374	3.5
377	3.5
379	2.5
380	4.0
383	2.5
410	3.0
415	1.0
423	3.5
432	3.0
434	4.0
435	1.0
440	3.0
454	3.0
457	4.0
460	2.5
477	2.5
480	4.0
485	3.0
491	3.5
500	3.5
502	2.0
508	5.0
509	3.0
527	5.0
537	3.5
539	4.0
541	2.5
542	3.5
552	3.5
575	3.0
585	4.0
586	3.0
587	4.0
588	3.5
589	4.5
590	4.0
592	3.5
593	4.5
594	4.0
595	3.5
597	3.5
605	3.0
637	2.0
648	3.5
661	4.0
691	4.0
708	3.5
719	2.5
720	2.5
724	4.0
736	5.0
743	2.5
745	2.5
761	2.5
762	3.0
778	5.0
780	4.5
784	2.5
786	3.0
788	3.5
799	4.0
802	4.0
818	4.0
837	3.0
858	3.0
899	4.0
901	3.5
902	4.0
910	3.0
912	3.0
914	4.5
915	3.0
919	4.5
920	4.5
924	1.5
926	2.5
934	3.5
940	4.0
943	4.0
952	3.5
986	3.5
1005	3.0
1007	3.0
1010	2.5
1011	2.0
1012	4.0
1013	2.5
1014	3.0
1015	3.5
1017	4.0
1020	4.0
1022	4.0
1023	3.5
1025	3.5
1027	3.5
1028	3.0
1029	3.5
1031	3.0
1032	4.0
1035	5.0
1036	4.0
1037	3.0
1042	4.5
1073	5.0
1079	2.5
1080	3.0
1088	3.5
1090	2.5
1091	3.5
1092	3.0
1093	4.0
1097	5.0
1099	3.5
1100	3.0
1101	4.0
1120	3.5
1124	3.5
1125	3.0
1126	3.0
1127	3.0
1135	4.0
1136	3.5
1148	2.5
1185	4.0
1188	3.5
1189	3.0
1191	2.5
1193	4.0
1196	4.0
1197	3.5
1198	4.0
1200	3.5
1204	3.0
1208	1.5
1210	3.5
1214	3.5
1219	2.0
1220	3.5
1221	3.0
1222	3.0
1223	2.5
1225	5.0
1228	2.0
1230	3.5
1234	2.5
1240	4.0
1246	4.5
1247	3.5
1250	3.5
1252	2.5
1258	4.0
1262	3.5
1265	4.0
1270	4.5
1271	4.0
1272	3.0
1275	3.0
1277	3.0
1278	3.5
1282	3.5
1285	4.0
1287	4.0
1288	4.0
1291	4.0
1293	3.0
1302	3.5
1304	3.5
1307	2.5
1320	3.5
1327	4.0
1339	4.0
1340	3.5
1345	3.5
1347	3.5
1348	4.0
1350	4.0
1356	4.0
1357	3.0
1359	2.5
1367	2.5
1370	3.5
1371	4.5
1372	4.0
1373	4.0
1374	4.0
1375	4.0
1376	4.0
1377	3.0
1378	2.5
1380	5.0
1381	4.0
1385	1.5
1387	4.0
1388	3.5
1391	2.5
1393	3.0
1401	4.0
1409	3.0
1419	3.0
1425	2.5
1429	3.0
1438	3.0
1441	3.0
1445	3.5
1453	3.0
1474	2.5
1479	2.5
1485	4.0
1499	2.5
1513	4.0
1515	3.0
1517	4.5
1526	3.0
1527	4.0
1542	3.5
1544	3.0
1552	2.5
1556	3.0
1562	3.0
1569	3.0
1573	2.5
1580	3.5
1584	4.0
1586	4.0
1587	3.0
1588	3.0
1589	2.5
1608	3.0
1610	2.5
1611	3.5
1614	3.0
1617	2.5
1619	4.0
1641	4.5
1643	4.0
1644	3.5
1647	3.5
1663	4.0
1665	4.0
1672	3.5
1673	4.0
1674	3.0
1676	2.0
1680	3.5
1682	4.5
1690	3.0
1702	3.0
1703	3.5
1704	5.0
1707	3.0
1713	3.5
1721	4.5
1722	3.5
1731	2.5
1735	3.0
1760	1.5
1777	4.0
1784	4.0
1801	3.5
1806	3.0
1831	4.0
1876	4.0
1882	2.5
1883	2.5
1888	3.5
1894	3.5
1909	3.5
1911	3.5
1913	4.0
1917	4.0
1918	3.0
1919	3.0
1920	2.5
1923	4.0
1931	2.5
1947	3.0
1951	3.0
1954	4.0
1955	4.0
1957	3.0
1958	3.5
1961	3.5
1962	4.0
1965	2.5
1967	4.0
1968	5.0
1975	4.0
1994	4.0
1997	4.5
2000	4.0
2001	3.5
2002	3.5
2003	3.5
2004	2.5
2005	4.0
2006	3.0
2011	4.0
2012	4.0
2013	3.5
2017	3.5
2018	4.0
2021	2.5
2025	3.0
2028	4.5
2038	3.5
2050	2.0
2052	4.0
2053	3.0
2054	3.0
2072	4.0
2078	3.5
2080	3.0
2082	3.0
2083	2.5
2085	4.0
2087	4.0
2090	4.0
2095	3.0
2096	4.5
2099	3.5
2100	3.0
2105	4.0
2108	3.5
2114	3.0
2115	4.5
2124	3.5
2125	4.0
2136	4.0
2137	4.0
2140	3.0
2144	4.0
2145	4.5
2150	2.0
2174	3.5
2193	3.0
2243	3.0
2245	3.0
2247	3.0
2263	3.5
2268	4.0
2269	4.0
2273	2.5
2291	4.0
2294	3.0
2306	3.5
2312	3.0
2321	2.5
2324	3.5
2333	4.0
2336	4.0
2352	2.5
2355	3.5
2366	2.5
2367	2.5
2371	3.0
2372	2.5
2376	3.5
2378	3.5
2379	3.5
2380	3.0
2381	3.0
2382	2.5
2383	2.0
2384	3.0
2385	3.0
2392	3.0
2393	4.0
2401	4.0
2403	3.5
2406	2.0
2407	4.0
2409	3.5
2411	2.5
2412	2.5
2420	3.5
2421	3.0
2422	2.5
2423	4.0
2424	3.0
2431	4.0
2454	3.0
2455	4.0
2467	4.0
2468	4.0
2470	3.5
2471	3.0
2473	2.5
2474	3.5
2496	3.0
2498	3.0
2513	3.5
2518	3.0
2521	3.0
2529	4.0
2555	3.0
2565	4.0
2571	3.5
2572	4.0
2574	2.5
2616	2.0
2617	4.0
2618	4.5
2633	4.0
2640	4.0
2641	3.5
2643	3.0
2657	3.5
2671	4.0
2683	4.0
2687	3.5
2694	4.0
2699	2.5
2700	3.0
2701	2.5
2706	3.0
2709	2.5
2710	4.0
2716	3.5
2719	4.0
2720	3.0
2728	4.0
2734	3.0
2735	3.5
2739	5.0
2762	4.5
2763	2.5
2772	4.0
2796	3.0
2797	4.0
2827	4.0
2828	3.0
2841	4.5
2857	3.0
2858	3.0
2863	3.5
2899	3.0
2915	3.0
2916	4.0
2918	4.0
2941	3.0
2944	2.5
2947	4.0
2949	3.5
2950	3.0
2953	4.0
2959	2.0
2985	2.5
2987	3.5
2989	3.0
2991	3.5
2993	3.5
2995	3.5
3005	4.0
3006	3.5
3033	3.0
3034	3.0
3035	4.0
3039	4.0
3054	3.0
3060	3.0
3063	2.5
3072	2.5
3081	4.0
3087	4.0
3101	2.5
3105	3.5
3107	4.0
3111	4.5
3113	4.0
3114	4.0
3146	4.0
3147	5.0
3148	4.5
3155	3.5
3156	3.5
3173	2.0
3175	4.5
3186	3.5
3194	3.5
3198	4.0
3203	4.0
3204	4.0
3206	3.0
3243	4.0
3247	3.5
3248	3.0
3249	3.0
3252	3.5
3253	4.0
3255	5.0
3257	3.5
3258	4.0
3263	3.5
3268	2.5
3274	2.5
3286	3.5
3296	4.5
3361	2.5
3363	2.5
3388	1.0
3392	2.5
3396	3.5
3398	2.5
3408	4.0
3418	5.0
3421	3.5
3448	4.0
3451	3.5
3471	4.5
3481	3.0
3489	4.0
3494	2.5
3499	4.0
3507	3.0
3512	4.0
3513	3.0
3524	3.0
3526	4.0
3527	4.0
3534	4.0
3536	2.5
3552	3.5
3564	3.5
3578	4.0
3608	4.0
3623	3.0
3635	3.5
3638	4.0
3646	2.5
3675	4.0
3684	3.0
3686	4.0
3689	2.5
3697	3.0
3698	3.0
3699	4.0
3702	4.0
3703	3.5
3708	3.0
3712	3.0
3733	3.0
3751	3.0
3752	2.5
3753	3.0
3754	3.0
3755	4.5
3791	4.5
3793	4.0
3798	3.5
3821	3.5
3826	4.0
3841	2.5
3844	5.0
3893	3.0
3897	5.0
3927	3.0
3932	3.0
3948	4.5
3959	4.0
3967	4.5
3977	3.5
3979	3.5
3981	3.5
3984	4.0
3986	4.0
3988	4.0
3990	3.0
3991	3.5
3993	4.0
3994	3.0
3996	4.0
4002	3.0
4003	2.5
4007	2.5
4010	3.0
4014	4.5
4015	3.5
4016	5.0
4020	4.0
4022	4.0
4025	3.5
4041	3.0
4062	3.0
4069	3.5
4085	3.0
4102	3.0
4121	3.0
4124	3.0
4128	4.0
4148	4.0
4161	3.5
4205	4.0
4215	2.5
4226	3.5
4232	4.0
4238	3.0
4246	4.0
4247	4.0
4251	4.0
4254	2.5
4270	4.0
4291	4.0
4292	4.0
4296	4.0
4299	3.0
4306	4.0
4308	3.5
4310	2.5
4321	4.0
4326	4.0
4340	4.5
4343	4.0
4351	4.0
4361	4.0
4370	3.5
4386	3.5
4396	3.0
4447	4.0
4465	5.0
4477	3.5
4478	2.5
4487	4.0
4489	4.5
4499	2.5
4508	2.5
4526	2.5
4535	4.5
4558	3.5
4571	4.0
4621	2.5
4623	3.5
4638	3.0
4654	3.5
4673	3.0
4677	4.5
4679	4.0
4686	2.5
4703	4.5
4718	2.5
4720	4.0
4728	3.5
4735	3.0
4787	3.5
4809	4.5
4816	4.5
4855	3.0
4857	3.5
4867	3.0
4874	4.5
4886	4.5
4890	4.5
4896	4.0
4912	3.5
4941	3.5
4971	3.5
4973	4.0
4979	3.5
4980	3.0
4993	5.0
4995	4.0
5010	2.5
5027	2.0
5040	2.5
5049	2.5
5055	4.0
5060	3.5
5064	3.0
5092	3.5
5139	3.0
5152	3.0
5171	3.5
5214	3.0
5218	4.0
5237	3.0
5266	3.5
5299	4.0
5308	3.5
5309	3.0
5349	4.0
5419	4.0
5438	2.0
5446	3.0
5452	2.5
5464	3.0
5480	3.0
5481	4.0
5502	4.5
5504	4.0
5522	3.0
5528	3.5
5553	2.5
5610	3.0
5630	4.0
5669	2.5
5693	4.5
5784	3.0
5810	3.0
5816	4.0
5843	3.0
5899	2.5
5943	3.0
5944	4.0
5952	4.5
5970	3.5
5989	4.0
6013	3.0
6016	3.5
6166	3.0
6170	3.5
6218	4.5
6238	3.5
6239	3.5
6365	3.5
6373	4.0
6377	4.5
6482	1.0
6503	3.5
6534	3.0
6535	3.5
6537	4.0
6539	5.0
6541	4.5
6548	2.5
6565	4.5
6586	2.0
6624	3.0
6662	2.5
6663	2.0
6743	3.0
6785	3.5
6786	2.5
6794	3.0
6807	3.0
6832	2.5
6863	4.5
6934	3.0
6936	3.5
6942	3.5
6944	4.0
6947	4.0
6951	3.5
6986	4.0
7000	2.5
7004	3.5
7007	3.0
7044	3.0
7046	5.0
7075	4.0
7153	5.0
7161	3.0
7247	4.0
7254	4.0
7293	4.5
7386	4.0
7454	4.0
7569	3.5
7570	3.5
7698	2.5
7701	2.5
7842	3.0
8132	4.0
8183	4.5
8340	4.0
8360	4.0
8361	4.5
8368	4.5
8372	3.5
8387	2.5
8492	3.5
8493	2.5
8542	3.0
8614	4.0
8623	3.0
8783	4.0
8880	5.0
8957	5.0
8961	4.5
26084	3.0
27873	4.5
32031	4.5
33004	4.0
39446	5.0
