1	3.5
2	3.0
3	3.0
16	2.5
24	3.0
34	3.5
44	3.5
47	4.5
50	4.0
65	2.5
104	3.5
110	4.0
141	4.5
150	3.0
153	1.0
160	2.0
163	2.0
165	2.5
170	2.5
180	3.5
193	1.5
203	2.5
216	3.0
223	4.5
231	3.0
239	3.0
247	2.0
253	3.0
256	1.0
260	4.0
266	3.0
292	2.5
293	3.0
296	4.5
303	3.5
318	5.0
333	3.5
344	2.0
351	2.5
353	3.0
355	2.5
356	4.0
364	5.0
367	1.5
368	3.0
377	1.5
393	1.0
413	3.0
428	3.5
432	1.0
455	3.0
464	1.5
480	5.0
485	1.0
500	2.0
520	2.0
527	4.0
546	0.5
551	5.0
553	5.0
585	1.5
586	3.5
588	4.5
589	3.0
590	2.5
592	3.0
593	5.0
595	3.0
608	4.5
653	2.0
673	2.0
724	1.5
733	3.5
736	3.0
780	3.0
784	2.0
785	2.0
788	2.5
805	3.0
832	2.5
858	4.0
919	5.0
923	4.0
924	3.0
1020	2.0
1025	3.5
1028	3.5
1031	3.0
1032	3.0
1033	3.0
1036	3.5
1042	3.0
1060	4.0
1073	2.5
1080	3.0
1089	4.0
1097	3.0
1124	3.0
1127	3.5
1129	3.0
1136	5.0
1193	4.0
1196	4.0
1197	3.0
1198	3.5
1200	1.5
1206	3.0
1208	3.5
1210	4.0
1213	4.0
1214	3.5
1215	4.0
1219	4.0
1221	4.0
1242	3.5
1246	3.5
1247	3.5
1252	3.5
1258	3.5
1259	4.0
1261	3.5
1265	3.0
1266	3.0
1270	3.5
1274	5.0
1278	2.5
1285	2.5
1291	3.5
1302	3.0
1345	3.0
1358	4.0
1377	2.0
1378	2.5
1380	4.5
1387	4.5
1391	3.5
1394	3.0
1405	3.5
1407	3.0
1409	2.5
1431	2.0
1454	3.0
1476	3.5
1485	0.5
1517	3.5
1518	2.5
1527	2.5
1544	1.5
1552	3.0
1562	1.5
1566	2.5
1569	3.0
1573	2.0
1580	3.5
1584	3.5
1591	2.0
1620	3.0
1625	3.0
1639	4.5
1645	2.0
1653	0.5
1658	2.5
1676	2.5
1681	1.0
1682	4.5
1690	1.5
1704	4.0
1717	2.5
1721	2.0
1732	4.5
1748	3.0
1754	3.5
1799	1.5
1831	2.5
1876	2.5
1882	1.0
1884	3.0
1894	2.5
1895	2.5
1912	3.0
1917	2.0
1920	2.5
1921	3.5
1968	3.0
1997	3.0
2005	3.0
2011	2.5
2021	2.0
2022	2.0
2023	2.0
2028	4.0
2036	2.0
2046	3.0
2054	3.0
2078	3.0
2082	2.0
2083	2.0
2088	2.5
2115	3.5
2118	2.5
2137	3.0
2139	3.5
2140	3.5
2141	3.5
2161	4.5
2167	3.0
2174	3.0
2193	3.5
2194	3.0
2253	2.0
2273	2.0
2278	3.5
2288	4.0
2291	3.0
2294	3.0
2297	3.5
2320	3.5
2329	3.5
2335	3.0
2353	2.5
2355	3.0
2366	2.0
2389	3.0
2391	3.5
2394	3.5
2396	3.0
2447	2.0
2455	3.0
2490	1.5
2502	5.0
2506	2.5
2529	3.0
2541	2.0
2542	3.5
2560	4.5
2571	4.0
2617	3.0
2628	3.5
2640	3.5
2683	3.0
2687	3.5
2700	3.5
2701	1.0
2706	3.0
2710	3.5
2716	3.5
2722	2.5
2723	1.5
2761	4.0
2762	4.0
2788	3.5
2797	3.5
2804	5.0
2808	0.5
2810	3.5
2846	2.5
2858	3.5
2871	2.5
2890	3.5
2953	2.0
2959	5.0
2987	3.5
3000	3.5
3034	4.5
3052	3.0
3071	2.0
3100	2.5
3114	3.5
3147	3.5
3156	2.5
3157	2.5
3174	3.5
3176	3.5
3243	2.0
3247	1.5
3250	3.5
3253	2.5
3254	2.0
3255	3.0
3259	4.5
3264	2.5
3267	2.0
3275	4.0
3285	2.5
3300	4.5
3301	4.0
3317	4.5
3354	2.5
3438	4.0
3439	2.0
3440	1.5
3471	3.0
3477	3.0
3483	3.5
3489	2.0
3499	4.5
3507	3.0
3527	4.0
3535	4.0
3578	3.5
3608	3.5
3615	3.0
3623	1.5
3624	3.0
3717	3.0
3740	3.5
3745	3.5
3751	2.5
3753	1.5
3755	3.0
3793	4.0
3809	3.0
3826	2.0
3827	1.5
3852	4.0
3864	1.0
3871	1.5
3897	4.5
3911	5.0
3948	4.0
3949	3.5
3977	2.0
3981	1.5
3988	2.0
3994	4.0
3996	3.0
3997	1.5
4002	3.0
4006	5.0
4011	2.5
4022	3.0
4027	4.5
4034	3.5
4090	2.0
4103	4.0
4133	1.5
4149	2.5
4161	1.5
4226	4.5
4270	2.5
4299	3.0
4306	3.5
4308	3.5
4310	1.5
4343	3.0
4344	1.5
4366	3.0
4367	1.0
4369	2.5
4370	3.5
4386	2.0
4446	3.0
4448	2.5
4519	3.5
4545	2.5
4558	2.5
4571	2.0
4587	2.0
4621	2.0
4624	1.5
4638	3.0
4643	1.5
4649	4.5
4677	2.0
4701	2.0
4720	3.5
4732	2.5
4734	3.0
4776	3.0
4873	3.5
4874	1.5
4878	4.5
4880	4.5
4886	4.0
4896	3.0
4963	3.5
4975	3.0
4979	4.0
4993	5.0
4994	3.0
4995	3.0
5015	2.5
5025	2.5
5047	3.5
5055	3.5
5072	3.5
5103	4.0
5110	4.5
5151	2.0
5218	3.5
5219	1.5
5254	1.5
5293	3.0
5349	4.0
5377	3.5
5378	3.5
5388	3.0
5418	3.0
5419	1.0
5444	3.0
5445	3.0
5459	1.5
5463	3.5
5464	3.5
5481	2.5
5502	4.0
5574	3.0
5577	3.5
5618	4.0
5630	3.5
5666	2.5
5669	4.0
5673	4.0
5679	4.0
5785	3.0
5810	3.0
5816	3.5
5843	2.5
5881	2.0
5882	1.5
5903	3.5
5952	5.0
5956	4.0
5970	3.0
6003	3.0
6156	2.5
6157	3.0
6250	2.0
6281	3.0
6287	3.0
6296	3.0
6333	4.5
6365	2.5
6373	2.5
6377	3.5
6378	2.0
6502	4.5
6534	4.0
6537	1.5
6539	4.5
6541	0.5
6548	2.0
6550	2.0
6617	2.5
6618	3.0
6620	4.0
6659	3.5
6707	3.5
6709	0.5
6711	3.5
6743	4.0
6753	2.5
6754	1.5
6755	2.5
6764	3.5
6773	3.5
6863	4.5
6870	3.5
6874	3.5
6880	2.5
6887	2.5
6889	2.5
6934	3.5
6944	3.0
6957	3.5
6959	2.0
6966	2.5
6987	3.0
7004	2.0
7017	1.5
7022	3.5
7036	3.5
7090	2.0
7143	3.5
7147	4.0
7153	5.0
7154	2.5
7162	3.5
7163	2.0
7164	3.5
7265	2.5
7285	3.0
7318	3.5
7325	2.0
7347	3.5
7360	3.5
7361	4.0
7366	4.0
7373	4.5
7376	3.5
7387	2.5
7438	1.5
7439	3.0
7444	3.0
7451	4.0
7454	2.5
7458	1.5
7981	4.0
8132	3.0
8360	3.0
8361	3.0
8366	3.0
8368	4.0
8371	2.0
8376	4.5
8464	4.0
8528	3.5
8529	3.0
8581	2.5
8607	3.0
8636	4.5
8640	3.0
8641	3.0
8644	3.0
8665	3.5
8783	4.5
8784	4.5
8798	4.0
8807	3.0
8810	1.0
8861	1.0
8873	3.0
8874	4.0
8907	2.5
8908	2.0
8910	4.0
8914	4.0
8917	4.0
8947	1.5
8949	4.5
8950	4.0
8957	4.0
8958	3.5
8961	5.0
8970	4.5
8972	3.5
8977	1.5
8981	4.0
8983	3.5
8985	2.5
26662	3.5
27706	3.5
27731	2.5
27773	4.0
27808	3.0
27822	3.0
27831	3.5
27904	4.0
30749	4.0
30793	3.5
30810	4.5
30822	4.0
30825	2.5
31420	2.0
31658	3.0
31685	3.0
31696	2.0
31878	3.5
32017	1.0
32031	3.5
32587	4.0
32596	2.5
33004	3.5
33162	1.0
33166	4.0
33493	5.0
33615	3.5
33794	4.5
33834	2.5
34048	4.0
34150	3.5
34153	4.0
34271	4.0
34332	3.5
34338	5.0
34405	4.0
35836	4.0
35957	3.5
36401	3.0
37729	3.5
37733	3.0
37741	3.5
37830	3.5
37857	5.0
38038	4.0
39231	3.5
39292	4.0
39381	4.0
39414	3.0
39446	2.0
40278	3.5
40339	3.0
40815	3.0
41566	4.0
41569	4.5
41863	4.0
42723	1.0
43396	4.0
44191	4.0
44195	4.0
44397	1.5
44665	4.0
44761	3.5
44828	2.5
45431	4.0
45499	2.0
45722	3.5
45728	4.5
45730	4.0
46530	4.5
46578	4.0
46965	1.5
46970	3.0
46972	2.5
46976	4.5
47044	3.5
47099	4.0
47610	4.0
47640	2.5
47997	3.0
47999	4.0
48043	3.5
48304	3.5
48385	2.0
48394	3.0
48516	4.0
48696	4.0
48774	4.0
48780	4.5
48982	3.5
48997	3.0
49272	4.0
49396	3.5
49530	3.5
49649	2.5
50442	3.0
50601	2.5
50794	3.0
50872	4.0
51077	3.5
51080	3.5
51086	3.5
51091	3.5
51255	4.0
51540	4.0
51662	4.0
51935	3.0
52281	4.5
52458	3.5
52722	3.0
52973	4.0
53000	3.5
53322	3.0
53464	3.0
53550	4.0
53953	2.5
53996	4.0
54001	3.5
54190	2.5
54259	3.5
54272	4.5
54503	4.0
54881	3.0
54997	4.0
54999	4.0
55282	4.0
55765	4.0
55995	3.0
56145	4.5
56174	4.5
56367	4.5
57368	4.5
57640	4.0
58559	5.0
59315	5.0
59501	4.0
59615	3.0
59784	4.0
60040	4.0
60069	5.0
60072	3.5
60074	3.5
60684	4.0
61160	2.5
61323	2.5
62434	4.5
63113	3.5
63131	4.0
63859	3.5
66097	3.5
66171	3.5
66934	5.0
67087	4.0
68237	4.5
68358	4.0
68954	5.0
69122	4.0
72998	4.0
73017	4.5
