1	5.0
2	4.0
7	3.0
12	0.5
17	4.0
19	2.0
22	0.5
28	4.0
34	5.0
39	4.0
48	3.0
60	2.0
70	1.0
107	5.0
126	1.0
152	1.0
158	4.0
169	1.0
177	1.0
188	1.0
196	1.0
253	1.0
258	4.0
260	4.0
261	3.5
262	5.0
273	0.5
313	5.0
317	4.0
328	1.0
329	5.0
330	0.5
332	0.5
343	1.0
344	2.5
356	3.0
362	4.0
364	5.0
366	1.0
367	2.0
374	2.0
382	1.0
407	0.5
426	1.0
455	4.0
484	2.0
500	4.0
512	1.0
520	5.0
531	4.0
532	1.0
539	3.0
551	3.0
558	5.0
565	1.0
586	2.0
588	5.0
593	0.5
594	3.0
595	5.0
596	4.0
606	0.5
609	2.0
610	1.0
611	0.5
616	4.0
661	4.0
673	2.0
711	4.0
724	1.0
735	1.0
742	0.5
780	2.5
783	3.0
788	2.0
799	1.0
801	2.0
837	5.0
838	4.0
842	0.5
879	1.0
888	2.0
891	0.5
892	4.0
899	5.0
900	3.0
901	4.0
902	5.0
903	0.5
911	4.0
912	3.0
914	5.0
915	3.0
917	4.0
918	4.0
919	5.0
920	5.0
938	5.0
945	5.0
968	1.0
986	4.0
1012	2.0
1014	4.0
1015	2.0
1018	4.0
1020	4.0
1021	4.0
1022	3.0
1023	5.0
1025	4.0
1028	5.0
1029	5.0
1030	5.0
1032	5.0
1035	3.0
1059	3.0
1064	3.0
1073	4.0
1080	3.5
1097	3.0
1105	0.5
1128	1.0
1130	1.0
1136	3.0
1196	4.0
1197	4.0
1210	4.0
1214	1.0
1215	0.5
1219	1.0
1225	4.0
1241	1.0
1246	3.5
1255	1.0
1258	1.0
1260	4.5
1261	1.0
1269	3.0
1278	1.0
1282	5.0
1287	3.0
1288	3.0
1293	4.0
1296	4.0
1320	1.0
1321	1.0
1327	1.0
1330	1.0
1332	0.5
1333	1.0
1334	1.0
1337	0.5
1339	1.0
1340	1.0
1342	0.5
1345	1.0
1346	1.0
1347	1.0
1348	1.0
1350	1.0
1355	1.0
1356	5.0
1367	4.0
1371	5.0
1372	5.0
1373	5.0
1374	5.0
1375	5.0
1376	4.5
1380	4.0
1387	1.0
1388	0.5
1389	0.5
1391	3.5
1405	0.5
1407	1.0
1411	5.0
1416	3.0
1460	4.0
1517	4.0
1566	4.0
1580	4.5
1588	3.0
1595	1.0
1623	0.5
1625	0.5
1644	1.0
1645	0.5
1655	0.5
1688	4.0
1690	1.0
1702	4.0
1707	1.0
1713	3.0
1717	1.0
1721	2.0
1722	4.0
1760	1.0
1762	1.0
1777	3.0
1783	1.0
1801	3.5
1848	4.0
1862	0.5
1907	5.0
1911	3.5
1919	5.0
1924	1.0
1941	5.0
1947	4.0
1951	4.0
1967	4.0
1970	1.0
1971	0.5
1972	0.5
1973	0.5
1974	0.5
1975	0.5
1976	0.5
1977	0.5
1978	0.5
1979	0.5
1980	0.5
1981	0.5
1982	1.0
1983	0.5
1984	0.5
1985	0.5
1986	0.5
1991	0.5
1992	0.5
1993	0.5
1994	1.0
1995	0.5
1996	0.5
1997	0.5
1998	0.5
1999	0.5
2003	0.5
2004	1.0
2006	3.0
2014	5.0
2018	5.0
2026	0.5
2052	4.0
2053	2.0
2054	3.0
2059	5.0
2078	4.0
2080	5.0
2081	5.0
2083	4.0
2084	4.0
2085	4.0
2087	3.0
2092	4.0
2096	5.0
2097	1.0
2100	3.0
2107	0.5
2116	5.0
2118	1.0
2119	0.5
2120	0.5
2121	0.5
2122	0.5
2123	2.0
2124	2.5
2125	5.0
2126	1.0
2137	4.0
2139	2.0
2148	1.0
2149	0.5
2150	3.0
2159	1.0
2160	1.0
2161	2.0
2162	2.0
2163	0.5
2167	1.0
2174	2.0
2186	0.5
2193	5.0
2279	1.0
2288	1.0
2294	4.0
2297	4.0
2300	4.0
2315	0.5
2321	4.0
2327	0.5
2328	0.5
2336	4.0
2338	1.0
2355	4.0
2366	1.0
2367	0.5
2377	1.0
2384	5.0
2389	1.0
2393	5.0
2394	4.0
2396	4.0
2424	4.0
2428	1.0
2430	3.0
2448	0.5
2451	0.5
2454	1.0
2455	1.0
2456	0.5
2459	0.5
2460	0.5
2475	1.0
2488	1.0
2513	0.5
2514	0.5
2517	1.0
2519	1.0
2525	0.5
2548	0.5
2550	1.0
2553	1.0
2554	0.5
2560	1.0
2565	4.0
2571	3.5
2572	4.0
2581	3.0
2606	0.5
2613	1.0
2617	1.0
2628	3.0
2633	1.0
2634	1.0
2644	1.0
2648	1.0
2654	1.0
2657	2.5
2664	1.0
2668	0.5
2683	4.0
2692	3.5
2693	4.5
2709	4.0
2710	1.0
2713	1.0
2716	1.0
2719	0.5
2728	3.0
2746	3.0
2747	3.0
2761	2.0
2762	1.0
2782	1.0
2787	1.0
2789	0.5
2793	0.5
2826	0.5
2828	3.0
2846	1.0
2867	1.0
2898	1.0
2900	0.5
2901	1.0
2902	0.5
2903	0.5
2926	4.0
2941	4.0
2947	4.0
2949	4.0
2953	1.0
2976	1.0
2995	0.5
3000	3.5
3016	1.0
3017	0.5
3018	1.0
3024	1.0
3033	4.5
3054	1.0
3079	3.0
3081	0.5
3082	4.0
3114	4.0
3155	3.0
3157	5.0
3163	4.0
3175	4.0
3264	1.0
3271	3.5
3273	1.0
3350	4.0
3396	4.0
3397	4.0
3438	2.0
3439	1.0
3440	1.0
3461	2.5
3476	1.0
3489	3.0
3499	1.0
3527	0.5
3535	1.0
3545	2.0
3549	4.0
3550	1.0
3576	1.0
3598	4.0
3606	5.0
3660	0.5
3668	4.0
3675	2.0
3676	1.0
3693	1.0
3708	0.5
3709	0.5
3723	5.0
3727	1.0
3751	5.0
3754	2.0
3785	2.0
3793	4.0
3799	1.0
3826	0.5
3908	0.5
3911	3.5
3917	1.0
3918	0.5
3919	0.5
3928	1.0
3930	1.0
3932	1.0
3967	4.0
3973	0.5
3977	3.0
3988	1.0
3991	4.0
3996	4.0
4014	4.0
4016	5.0
4025	4.0
4030	0.5
4036	1.0
4039	4.0
4054	3.0
4105	1.0
4124	0.5
4128	1.0
4143	0.5
4148	0.5
4178	3.0
4270	1.0
4306	5.0
4308	3.0
4310	1.0
4388	0.5
4437	1.0
4447	3.5
4467	5.0
4480	1.0
4519	2.0
4533	0.5
4541	0.5
4546	1.0
4682	0.5
4686	1.0
4720	1.0
4725	1.0
4735	0.5
4744	0.5
4754	0.5
4792	1.0
4857	4.0
4865	1.0
4876	0.5
4886	4.0
4896	3.0
4902	1.0
4936	4.0
4969	4.0
4973	5.0
4974	1.0
4978	1.0
4993	5.0
4995	5.0
5008	4.0
5013	4.0
5021	5.0
5064	4.0
5065	1.0
5093	1.0
5105	1.0
5128	1.0
5146	1.0
5152	1.0
5159	3.0
5219	1.0
5254	1.0
5323	1.0
5349	3.5
5378	3.0
5380	4.5
5415	3.0
5478	1.0
5480	3.5
5481	4.0
5489	1.0
5502	1.0
5618	4.0
5649	0.5
5667	5.0
5669	4.5
5679	0.5
5784	0.5
5816	4.0
5833	1.0
5853	0.5
5944	5.0
5952	3.0
5989	4.0
5991	4.0
5992	3.5
6058	0.5
6242	0.5
6250	0.5
6290	0.5
6297	5.0
6323	0.5
6331	3.5
6333	4.0
6377	4.5
6379	0.5
6502	0.5
6534	2.0
6539	4.0
6565	4.0
6615	0.5
6639	0.5
6659	0.5
6695	0.5
6707	0.5
6731	0.5
6754	0.5
6755	0.5
6774	0.5
6785	3.0
6807	2.5
6820	0.5
6880	0.5
6888	1.0
6934	3.5
6947	2.5
6951	0.5
6952	0.5
6966	0.5
6975	0.5
6986	3.5
6987	0.5
7001	0.5
7022	0.5
7036	0.5
7045	3.5
7046	0.5
7060	3.0
7064	4.5
7116	0.5
7153	4.0
7154	3.5
7235	0.5
7247	4.0
7303	3.5
7323	4.5
7347	0.5
7360	0.5
7369	3.5
7373	0.5
7380	4.5
7387	0.5
7454	3.5
8360	4.0
8368	4.0
8501	0.5
8507	0.5
8622	4.5
8636	3.5
8783	0.5
8810	0.5
8861	0.5
8874	0.5
8879	5.0
8947	0.5
8957	0.5
8961	5.0
8970	4.5
8985	0.5
27317	0.5
27772	0.5
27839	0.5
30850	5.0
31427	0.5
33085	0.5
33164	0.5
50872	3.0
52975	4.0
53894	4.0
56757	3.0
