1	3.5
2	3.0
15	5.0
19	3.0
32	3.0
34	4.0
35	5.0
39	4.0
47	3.0
48	4.5
60	4.0
87	3.0
107	4.5
110	3.5
151	4.0
208	4.5
253	3.5
260	4.5
261	3.0
262	4.0
282	4.0
296	2.0
317	2.5
318	4.5
319	3.0
344	3.0
353	4.0
356	4.0
357	4.5
364	4.0
374	3.5
442	4.0
480	4.0
500	3.5
520	4.0
531	3.5
541	3.0
551	4.5
586	4.0
587	4.0
588	3.5
593	4.5
595	4.0
648	3.5
736	3.5
745	4.5
780	4.0
783	4.5
801	4.0
837	3.5
838	4.0
910	2.5
924	1.0
1014	4.0
1025	4.5
1027	4.0
1028	4.0
1031	4.0
1035	4.0
1036	5.0
1059	4.5
1073	4.5
1079	3.5
1088	5.0
1097	3.5
1129	3.5
1148	4.5
1175	4.5
1193	4.0
1196	4.5
1197	5.0
1198	5.0
1210	4.0
1223	3.5
1246	3.5
1259	3.0
1262	4.5
1265	4.5
1270	5.0
1275	2.5
1278	4.0
1291	5.0
1307	4.0
1339	4.5
1347	3.5
1370	5.0
1380	4.0
1387	4.0
1391	2.5
1407	4.5
1416	5.0
1438	3.5
1485	3.5
1517	1.5
1527	5.0
1566	3.5
1580	3.5
1588	3.5
1597	3.5
1644	3.5
1658	3.5
1680	4.0
1682	4.0
1688	4.0
1702	3.0
1717	4.0
1721	4.0
1801	4.0
1848	4.0
1882	3.5
1907	4.5
1920	3.5
1967	3.5
1974	3.0
1975	3.5
1976	3.0
1977	3.5
1978	4.0
1979	4.0
1980	3.5
1981	3.0
2005	4.0
2011	5.0
2012	5.0
2018	2.0
2046	4.5
2052	3.5
2059	3.0
2067	2.5
2072	3.0
2078	4.0
2080	3.5
2085	3.5
2087	3.5
2115	5.0
2125	5.0
2147	4.0
2161	1.5
2167	4.5
2174	4.0
2291	5.0
2321	4.0
2336	5.0
2359	4.0
2371	4.0
2394	4.5
2396	5.0
2407	3.0
2423	3.5
2470	4.5
2471	4.0
2485	4.5
2502	3.5
2541	5.0
2571	5.0
2572	4.5
2581	3.5
2599	4.0
2617	5.0
2628	4.0
2657	4.5
2671	4.0
2683	1.0
2687	3.5
2701	4.0
2710	3.5
2716	4.0
2717	3.5
2720	3.5
2739	5.0
2794	4.5
2795	5.0
2805	3.0
2826	4.5
2857	4.0
2858	3.5
2870	3.0
2875	3.5
2918	3.5
2950	5.0
2959	4.5
2968	2.5
2997	3.5
3034	3.5
3039	3.0
3081	5.0
3114	3.5
3148	4.0
3156	3.5
3157	3.0
3186	4.5
3253	4.5
3254	4.0
3264	3.5
3273	4.0
3285	4.0
3300	4.0
3355	4.0
3418	4.0
3489	4.0
3535	4.0
3686	4.0
3702	4.5
3703	4.0
3704	3.5
3745	5.0
3751	4.5
3793	4.5
3826	3.5
3948	3.0
3969	4.0
3973	3.0
3977	4.0
3996	5.0
3999	3.5
4014	4.0
4022	3.5
4054	4.5
4128	4.5
4161	4.0
4224	3.0
4232	4.0
4246	4.5
4270	5.0
4299	5.0
4306	5.0
4308	5.0
4310	4.0
4366	4.5
4367	5.0
4370	4.0
4446	3.5
4499	5.0
4571	4.5
4643	2.5
4679	3.0
4700	4.5
4720	4.5
4865	4.5
4867	3.5
4878	5.0
4886	3.5
4896	4.5
4963	4.5
4973	5.0
4975	3.0
4980	4.5
4993	4.5
4994	4.0
5218	3.5
5219	4.5
5254	4.5
5264	3.5
5266	4.0
5299	4.5
5312	4.0
5313	4.0
5349	3.5
5377	4.0
5378	4.5
5418	4.0
5419	3.0
5445	3.5
5446	4.0
5459	4.5
5463	4.5
5505	3.5
5611	3.5
5618	3.5
5679	4.0
5816	4.5
5872	4.0
5881	3.5
5882	4.5
5902	3.0
5903	4.0
5952	4.5
5957	3.5
5989	4.0
5991	3.5
5992	4.0
6218	4.0
6281	4.5
6297	4.0
6323	4.0
6333	4.0
6365	5.0
6367	4.5
6373	4.0
6377	4.0
6378	1.5
6484	3.5
6503	4.0
6539	5.0
6541	5.0
6550	3.5
6564	5.0
6593	3.5
6595	4.0
6624	3.0
6707	5.0
6709	3.5
6711	1.5
6754	4.5
6773	4.5
6863	4.0
6873	4.0
6874	4.0
6893	4.5
6932	4.0
6934	4.5
6936	3.0
6942	4.0
6947	4.5
6952	4.5
7004	3.5
7018	4.0
7046	2.5
7139	3.5
7147	4.0
7151	4.0
7153	4.5
7154	4.0
7155	4.0
7161	3.5
7164	4.0
7318	3.5
7325	3.5
7361	4.5
7373	4.5
7380	4.5
7439	3.5
7445	4.5
7451	4.0
7454	5.0
7458	3.5
7669	3.5
8014	4.5
8169	3.5
8183	4.0
8360	4.5
8361	4.0
8366	4.0
8368	4.5
8371	4.5
8373	4.0
8533	5.0
8636	3.0
8640	4.0
8643	3.5
8644	4.0
8665	4.5
8666	1.5
8783	4.5
8814	3.5
8861	5.0
8865	4.0
8874	4.5
8948	4.0
8950	4.5
8961	3.5
8969	4.5
8970	4.5
8972	3.5
8977	3.5
8983	5.0
8984	4.0
8985	4.5
27611	4.5
27706	4.5
27838	3.5
27839	3.5
27904	2.5
30793	3.5
30825	3.0
31694	4.0
31696	4.5
32031	4.0
33004	5.0
33162	4.0
33493	4.0
33679	4.5
33794	4.5
34048	3.5
34150	3.5
34319	4.5
34405	4.5
36401	4.0
37380	4.0
37382	4.0
37386	3.5
37727	3.5
37729	4.5
38038	4.0
39183	4.0
40629	5.0
40815	4.5
41566	5.0
42723	4.5
42734	4.0
42738	4.0
43396	4.5
43560	4.5
43836	3.5
44191	4.5
45499	4.0
45501	3.5
45666	3.0
45720	3.5
45722	5.0
45730	3.5
46322	4.0
46723	3.0
46948	3.5
46967	4.0
46972	3.5
47610	4.5
48082	4.0
48394	4.5
48738	3.5
48774	3.5
49272	4.0
49274	3.5
49286	4.0
49530	3.5
49649	2.5
50601	3.5
51077	3.5
51255	4.5
51662	4.0
52319	2.5
52722	2.5
53121	3.5
53125	5.0
53322	4.0
53464	3.5
53894	5.0
53996	4.5
54001	4.5
54190	5.0
54259	5.0
54272	4.0
55052	4.5
55232	5.0
55814	3.5
55995	3.5
56171	4.5
56174	3.5
56757	5.0
56775	3.5
57368	3.0
57640	5.0
58025	3.5
58105	3.5
58154	4.0
58162	3.5
58559	4.5
59315	4.0
59369	4.0
59501	5.0
59615	4.5
59784	3.5
60037	4.0
60040	4.0
60069	3.5
60072	4.0
60126	3.5
60684	2.5
61132	3.5
61248	3.0
62081	4.0
62376	5.0
62394	3.5
63062	4.0
63072	3.5
63082	4.5
63131	3.5
63853	4.0
63992	3.0
64969	4.0
65682	3.5
66097	4.0
68319	5.0
68358	5.0
68793	4.0
68954	4.0
69122	3.5
69526	4.0
69640	3.5
69844	4.5
69951	5.0
70286	3.5
70336	2.5
71264	4.0
71535	5.0
72378	2.0
72737	4.0
72998	4.5
73017	5.0
73268	3.0
73321	4.5
74458	5.0
74789	5.0
76093	4.5
77561	3.5
77866	5.0
78469	4.0
78637	3.5
81834	4.5
82461	4.0
85510	4.5
86190	5.0
86880	5.0
87232	5.0
