1	3.0
10	3.0
19	3.5
21	3.0
29	4.0
32	4.0
44	1.5
47	4.0
48	2.5
50	3.5
58	4.0
70	3.0
110	4.5
111	4.0
145	3.5
150	3.5
175	4.0
208	3.5
215	4.0
231	3.0
260	4.0
288	3.5
290	3.5
293	4.5
296	4.5
316	3.5
318	4.0
337	3.5
344	3.5
356	4.0
364	3.5
431	4.5
442	3.0
468	3.5
480	4.0
520	3.0
522	4.0
555	4.0
588	3.5
589	3.5
593	3.5
608	3.5
648	3.5
673	2.5
733	3.5
778	3.5
780	3.0
784	2.0
785	3.0
786	2.0
858	4.0
908	3.5
924	4.0
1036	3.5
1059	4.0
1061	4.0
1080	2.5
1090	4.0
1097	3.0
1120	4.0
1127	2.5
1184	4.0
1193	5.0
1196	4.5
1199	4.0
1200	3.5
1204	3.0
1206	4.5
1208	4.5
1210	4.5
1213	4.0
1214	3.0
1221	4.0
1222	4.0
1233	3.5
1234	3.5
1240	4.0
1246	4.0
1252	3.5
1258	4.0
1259	3.5
1265	4.0
1270	4.0
1333	3.5
1370	3.5
1380	4.0
1391	2.5
1394	3.0
1405	3.5
1407	2.5
1408	4.0
1466	4.0
1485	2.5
1552	3.5
1580	4.0
1590	4.0
1597	3.0
1608	2.5
1617	3.5
1625	3.5
1645	4.0
1653	3.5
1676	3.5
1682	4.0
1704	4.5
1721	4.0
1722	2.5
1726	4.0
1732	4.0
1747	4.0
1754	3.0
1784	5.0
1845	3.5
1876	3.0
1884	4.5
1917	4.0
1923	4.0
1954	4.0
1961	4.0
1968	3.5
1997	3.0
2006	2.5
2011	3.5
2012	3.5
2023	3.0
2028	4.5
2058	3.5
2194	3.5
2231	3.0
2232	4.0
2268	4.0
2291	4.0
2294	2.5
2318	4.0
2321	4.0
2324	5.0
2329	4.0
2396	4.0
2424	3.0
2490	2.5
2502	4.5
2529	3.5
2541	3.5
2542	3.5
2571	4.0
2594	4.0
2600	3.5
2692	2.5
2699	2.0
2700	3.5
2701	3.0
2706	3.5
2712	3.0
2716	3.5
2722	2.5
2762	4.0
2843	4.5
2858	5.0
2890	2.5
2944	3.0
2959	4.5
2997	3.5
3006	3.0
3052	3.5
3081	4.0
3114	2.5
3147	3.5
3168	3.5
3174	4.5
3176	3.5
3186	3.5
3275	3.5
3300	3.5
3317	4.0
3355	3.0
3386	4.0
3471	3.0
3481	4.0
3498	4.5
3527	2.5
3535	4.0
3556	4.0
3578	5.0
3581	4.0
3623	3.0
3702	4.5
3703	3.0
3704	3.5
3717	3.0
3753	3.5
3755	2.0
3785	2.5
3793	3.0
3868	3.0
3897	3.5
3910	4.5
3916	4.0
3948	3.5
3949	4.5
3950	3.0
3977	3.0
3992	3.5
3994	3.0
3996	2.5
4011	4.0
4016	3.5
4018	3.5
4022	3.0
4025	2.5
4027	4.0
4034	3.5
4223	3.5
4226	3.5
4235	4.0
4262	4.0
4299	4.0
4306	4.5
4308	4.5
4343	3.5
4370	4.0
4446	3.5
4447	3.5
4643	3.5
4701	3.5
4735	3.0
4744	3.0
4776	4.0
4821	3.0
4865	4.0
4874	4.5
4876	3.0
4878	4.0
4886	2.5
4887	2.5
4896	3.0
4958	4.0
4963	3.5
4967	4.0
4973	4.5
4975	4.5
4979	3.5
4993	3.5
4995	3.0
5010	4.0
5049	3.5
5064	4.5
5128	4.0
5152	4.0
5225	3.0
5254	3.0
5283	3.0
5299	3.5
5349	3.5
5377	3.5
5418	3.5
5445	3.5
5459	3.5
5464	2.5
5478	2.0
5502	2.0
5530	3.5
5608	4.0
5618	4.0
5669	3.5
5679	4.0
5816	3.0
5833	3.5
5902	3.5
5903	3.5
5952	3.0
5954	3.5
5989	3.5
5995	4.0
6016	3.5
6187	4.5
6188	4.0
6214	4.0
6264	3.5
6281	3.5
6286	3.5
6290	4.0
6291	4.0
6323	4.0
6333	3.0
6377	4.0
6461	3.5
6502	3.5
6539	3.5
6567	4.0
6618	4.0
6707	3.5
6708	3.5
6711	4.0
6753	4.0
6754	3.0
6755	3.5
6867	3.5
6874	3.5
6879	3.5
6880	3.0
6942	4.5
6947	4.0
6952	3.0
6953	4.0
6959	2.0
6985	3.5
7022	3.5
7090	3.5
7143	4.0
7147	4.0
7149	3.5
7153	3.5
7163	3.0
7254	3.5
7317	3.5
7323	3.0
7324	3.0
7360	4.0
7361	4.5
7373	3.5
7438	3.5
7445	4.0
7458	3.5
7502	4.5
7827	3.5
7981	3.5
8360	3.5
8361	4.0
8368	3.5
8371	4.0
8464	3.5
8493	4.0
8528	4.0
8636	3.5
8641	3.5
8644	3.5
8665	4.0
8783	2.5
8798	3.5
8807	3.0
8860	3.5
8874	3.0
8910	4.5
8917	3.0
8947	4.0
8949	3.0
8950	3.5
8957	4.0
8958	3.5
8961	3.5
8968	4.0
8970	3.5
8972	3.5
8984	4.0
8985	3.0
27611	4.0
27706	3.0
27721	3.5
27727	4.0
27773	3.5
27788	4.0
27803	4.5
27831	4.0
30707	4.0
30749	4.0
30793	4.0
30803	4.0
30810	3.0
30812	3.0
30820	3.0
30850	3.5
31410	4.0
31420	1.0
31427	2.0
31696	3.0
31804	3.0
31878	3.5
32587	3.5
33004	3.5
33162	4.0
33166	3.5
33493	4.0
33660	3.5
33679	2.5
33794	4.0
33834	4.0
34048	3.5
34150	3.5
34162	4.5
34319	3.0
34405	3.5
34437	3.5
34520	2.5
34532	3.0
34534	3.5
35836	4.0
36517	3.0
36529	3.5
36535	3.0
37386	3.5
37727	3.0
37729	3.5
37733	4.0
38061	3.5
39381	2.5
39446	3.0
40278	3.5
40629	4.0
40732	3.5
40815	3.5
40819	4.0
41285	3.5
41566	2.5
41569	4.0
41716	4.0
41863	3.0
41997	4.0
42718	4.0
42723	4.0
42738	2.5
43836	4.0
44022	3.0
44191	5.0
44195	4.0
44199	3.5
44397	4.0
44665	3.5
44974	3.5
45081	4.0
45186	3.0
45210	4.5
45672	3.0
45722	3.0
46530	3.0
46578	3.5
46723	4.5
46965	2.0
46972	3.5
46976	4.0
47044	3.5
47200	4.0
47610	4.5
47997	3.0
48304	3.5
48385	4.5
48394	4.0
48516	4.0
48738	4.0
48774	4.0
48780	4.5
48877	3.0
49272	4.5
49278	3.5
49530	3.5
50685	3.5
50794	3.5
50872	3.5
51255	4.0
51412	1.0
51662	4.5
51935	3.5
52245	4.0
52281	3.5
52328	3.5
52604	3.5
52722	3.5
52973	3.5
53000	4.5
53125	3.0
53519	3.5
53550	2.5
53972	4.0
53996	3.5
54001	3.5
54259	4.0
54272	3.5
54286	4.0
54503	4.0
54736	3.5
54995	3.0
54997	3.0
54999	4.0
55052	4.0
55118	4.0
55247	5.0
55269	3.5
55577	3.5
55721	3.5
55765	3.0
55820	3.5
55830	3.5
55908	4.5
55995	3.5
56145	3.5
56171	4.0
56174	4.0
56339	3.5
56367	4.0
56587	3.5
56775	3.0
56782	2.5
56921	4.0
57368	3.5
57669	3.5
58025	2.5
58299	3.5
58559	4.5
58998	3.5
59103	3.5
59315	3.5
59369	4.0
59784	3.0
60037	2.5
60040	3.0
60069	4.5
60072	3.5
60074	3.5
60684	4.0
60950	3.5
61248	3.5
61350	4.0
62376	3.5
63072	4.5
63082	4.5
63113	2.5
63859	3.5
64614	4.5
64620	3.5
64839	3.0
64957	4.5
65514	4.5
66171	2.5
66203	3.5
67087	3.5
67997	3.5
68157	4.0
68237	4.0
68358	4.5
68554	3.0
68954	4.0
69122	2.5
69481	3.5
69526	3.5
69757	3.5
69784	3.5
69844	3.5
69951	3.5
70286	4.5
70336	3.5
71057	4.0
71135	3.5
71254	3.0
71530	3.0
71535	3.5
71838	3.5
71899	4.5
72011	3.0
72641	3.5
72733	2.5
72998	4.0
73017	3.0
73266	3.5
73321	3.0
74458	4.0
74510	3.5
74789	3.5
76093	4.0
77561	3.5
77658	4.5
77866	3.0
78105	3.0
78209	3.0
78469	3.5
79057	4.0
79091	3.5
79132	4.0
79293	3.5
79357	4.0
79695	4.0
79702	3.5
80219	4.0
80463	3.5
80489	3.5
80969	3.5
81562	3.5
81591	4.5
81845	3.0
81932	3.5
82459	4.0
83134	4.0
83613	3.0
84152	4.0
84374	0.5
84392	3.5
84601	3.5
84954	3.5
85131	2.5
85414	3.5
86320	3.5
86377	4.0
86880	2.5
86882	4.5
87232	3.5
87869	3.0
88125	3.5
88140	2.5
88163	4.0
88744	3.0
89470	3.5
89492	3.0
89864	3.5
90746	3.5
90866	4.0
91529	4.0
91542	3.0
92259	4.5
92420	3.5
93510	4.0
93840	3.5
94864	4.5
96079	4.0
96610	3.5
97306	4.0
97752	4.5
97938	4.5
99114	4.5
102445	3.5
104841	3.5
104879	4.0
105844	4.0
106100	4.0
106782	4.0
106918	3.5
109374	4.5
109487	4.0
111759	4.0
112852	3.5
