1	4.0
2	3.5
5	2.5
7	2.0
10	3.5
11	3.5
13	3.0
16	3.5
17	3.5
19	2.0
22	4.0
24	3.0
32	4.5
34	4.5
39	3.5
44	3.0
47	3.5
48	3.0
50	5.0
65	2.5
88	3.0
101	3.0
110	4.0
111	3.5
141	3.0
145	3.0
150	4.0
153	3.0
158	3.0
160	2.5
168	3.5
180	4.0
185	3.0
196	2.5
208	2.0
216	2.5
217	3.0
223	3.0
224	3.0
231	2.5
236	3.0
247	4.5
249	4.5
252	3.0
253	4.5
256	3.0
261	3.0
262	3.5
265	4.0
266	3.5
282	3.5
292	3.0
293	3.5
296	4.5
300	3.5
316	4.0
317	2.5
318	4.0
333	3.0
339	3.0
344	2.5
345	3.5
353	4.0
355	3.0
356	3.5
357	3.0
364	3.5
367	2.5
368	3.5
370	2.5
372	3.0
380	3.0
410	3.0
413	3.0
417	3.5
418	3.0
419	3.0
421	3.0
432	3.0
435	3.0
440	3.5
441	4.0
455	2.0
466	2.5
471	3.5
480	3.5
500	3.5
509	3.5
515	2.5
520	3.5
524	4.0
527	4.5
529	3.5
539	3.0
541	4.0
543	4.5
551	4.0
585	3.0
586	3.0
587	3.0
588	3.5
590	3.0
592	4.0
593	4.0
594	3.5
595	3.0
596	3.0
597	2.5
616	3.5
648	3.0
661	3.5
673	2.0
708	3.0
719	2.5
724	4.0
733	3.5
736	3.0
745	4.5
750	4.0
762	3.0
778	4.0
780	3.5
783	3.0
784	2.0
788	1.0
830	3.0
832	3.5
838	3.0
851	4.0
902	4.0
903	3.5
910	3.5
912	3.5
914	4.0
919	4.0
920	3.0
922	5.0
923	3.5
924	3.5
926	4.0
965	4.0
1021	2.5
1022	3.0
1027	3.5
1028	3.5
1029	3.0
1031	4.0
1032	3.5
1035	3.5
1037	3.5
1042	3.0
1059	4.5
1060	3.5
1073	3.5
1084	3.5
1088	3.5
1089	4.5
1093	3.5
1094	4.0
1097	3.5
1129	3.0
1136	5.0
1148	4.0
1183	2.0
1186	4.0
1188	3.5
1197	4.0
1198	3.0
1199	4.0
1203	3.0
1206	4.5
1215	3.5
1223	4.5
1225	4.0
1235	5.0
1246	3.5
1247	4.5
1251	4.0
1258	4.5
1259	3.0
1261	3.5
1265	3.0
1270	3.5
1271	3.5
1285	3.5
1287	3.5
1291	3.5
1292	4.0
1293	4.0
1297	3.0
1307	3.5
1339	3.5
1345	4.0
1358	3.5
1377	3.5
1380	4.0
1391	3.0
1393	3.0
1394	3.5
1405	3.0
1407	3.5
1408	3.0
1409	2.5
1411	3.5
1441	3.5
1453	2.5
1476	3.0
1479	3.5
1485	3.0
1499	2.0
1500	3.5
1513	3.5
1527	3.5
1541	3.0
1544	3.0
1562	2.0
1569	3.0
1573	3.0
1580	3.0
1584	3.0
1590	3.0
1592	0.5
1597	3.5
1617	4.0
1644	3.5
1645	3.0
1653	4.0
1665	3.5
1674	3.5
1676	3.0
1680	3.5
1682	3.5
1688	3.0
1693	3.5
1721	3.5
1747	3.5
1748	4.0
1777	4.0
1784	3.5
1805	3.0
1810	3.5
1911	1.5
1917	3.0
1921	4.0
1923	3.0
1947	3.5
1952	4.0
1953	3.0
1961	4.0
1962	3.5
1967	5.0
1968	4.0
1982	3.5
1994	3.5
2003	3.5
2005	3.5
2006	3.0
2011	3.5
2012	3.5
2018	3.0
2020	3.0
2036	3.0
2054	3.0
2067	4.0
2076	4.5
2078	3.5
2080	3.5
2081	3.5
2085	3.5
2087	3.5
2094	3.5
2096	3.5
2100	3.5
2105	3.0
2108	4.5
2115	3.0
2117	3.5
2123	4.0
2124	3.0
2125	3.5
2134	3.5
2139	4.0
2140	4.5
2141	3.5
2142	3.0
2144	3.5
2145	4.0
2150	3.0
2152	0.5
2161	4.0
2167	2.0
2174	3.5
2193	3.5
2248	3.5
2273	3.0
2291	4.0
2294	2.5
2302	3.0
2311	3.0
2313	4.0
2321	3.5
2324	4.5
2329	4.0
2335	3.0
2336	3.5
2355	3.5
2359	3.0
2369	3.0
2378	3.5
2394	3.5
2395	3.5
2396	3.0
2407	3.0
2416	3.0
2420	3.5
2423	4.0
2428	3.0
2445	3.0
2453	3.5
2455	3.0
2470	3.0
2471	3.5
2478	3.5
2485	3.0
2490	3.5
2496	3.0
2502	4.0
2504	3.5
2505	2.5
2529	3.5
2539	2.5
2541	4.0
2542	4.5
2555	2.0
2571	4.0
2572	4.5
2580	3.5
2581	4.0
2599	3.0
2605	3.5
2616	3.5
2617	3.0
2657	5.0
2683	3.5
2686	5.0
2692	4.0
2694	3.0
2699	3.0
2701	2.5
2706	4.0
2710	2.0
2712	3.0
2716	3.5
2717	3.5
2723	3.5
2724	2.5
2739	4.0
2746	4.0
2762	3.5
2763	3.0
2793	3.0
2797	4.5
2804	3.0
2826	3.0
2846	3.5
2858	4.0
2881	3.5
2890	3.0
2915	4.0
2918	3.5
2959	4.0
2968	4.5
2985	3.5
2987	3.5
2997	2.0
3004	3.0
3005	3.5
3033	3.5
3039	3.5
3051	3.0
3052	3.5
3077	4.0
3081	3.5
3083	5.0
3114	3.0
3147	3.5
3148	3.5
3156	4.0
3168	3.5
3173	3.0
3175	2.0
3210	4.0
3247	3.0
3253	3.5
3254	3.5
3255	3.5
3257	2.0
3271	3.0
3273	2.5
3275	5.0
3285	3.5
3298	3.0
3301	3.0
3341	4.0
3361	3.5
3396	3.5
3397	3.5
3408	3.5
3418	3.5
3421	4.0
3438	4.0
3448	3.5
3450	3.0
3481	3.5
3489	4.0
3504	4.0
3510	3.5
3524	3.0
3525	3.0
3526	3.0
3534	3.0
3535	5.0
3548	4.5
3556	4.5
3578	3.5
3608	3.5
3646	2.0
3672	3.0
3717	3.0
3753	3.0
3785	3.0
3788	3.5
3793	3.5
3798	3.0
3809	2.5
3826	3.5
3827	3.5
3863	3.5
3882	3.5
3893	2.5
3897	3.5
3911	3.5
3916	4.0
3948	3.5
3949	4.0
3969	3.5
3973	2.5
3977	3.5
3986	3.0
3993	3.0
3994	3.5
4011	3.5
4014	3.0
4015	3.5
4017	3.5
4018	3.0
4022	3.5
4025	3.0
4034	4.0
4039	4.0
4061	3.5
4080	3.0
4090	4.0
4105	4.0
4128	4.0
4159	3.5
4161	3.0
4226	3.5
4235	4.0
4239	3.5
4246	3.5
4270	4.0
4299	3.5
4306	3.5
4308	2.0
4310	3.5
4321	3.0
4359	4.0
4361	3.5
4367	3.0
4369	4.0
4370	3.5
4447	3.5
4467	3.5
4474	4.0
4477	3.0
4489	3.5
4499	3.5
4508	4.0
4564	3.0
4571	3.5
4639	2.5
4642	5.0
4643	3.0
4701	3.0
4718	3.0
4720	3.5
4734	3.0
4787	3.5
4816	4.5
4865	3.5
4874	3.5
4878	4.0
4890	3.0
4896	3.5
4899	3.0
4963	3.5
4973	4.5
4975	3.0
4979	4.0
4980	3.0
4993	3.5
4995	4.0
5010	3.0
5103	3.5
5151	3.0
5171	3.0
5218	3.5
5219	3.5
5254	1.0
5349	3.5
5378	2.5
5418	3.5
5444	3.0
5445	3.5
5459	3.0
5502	3.0
5528	3.5
5610	2.5
5617	4.5
5618	3.5
5620	3.0
5630	3.5
5669	4.0
5679	3.5
5782	3.5
5810	3.5
5816	3.5
5952	4.0
5956	3.5
5989	3.5
5991	3.5
5995	4.0
6016	4.0
6155	3.0
6170	3.0
6188	3.5
6303	3.5
6323	4.0
6333	3.5
6365	3.0
6377	3.5
6383	2.5
6539	3.5
6586	2.5
6591	4.0
6659	3.5
6708	3.5
6709	3.0
6711	3.5
6793	2.0
6794	1.0
6807	3.5
6863	3.0
6874	3.5
6879	3.5
6936	4.0
6942	3.5
6944	3.0
7089	4.5
7090	4.5
7143	3.0
7147	3.5
7149	3.5
7153	4.0
7162	3.5
7173	3.0
7254	2.5
7293	4.0
7323	4.5
7361	4.0
7438	3.5
7451	4.0
7454	3.0
7566	4.0
7619	3.5
8169	3.5
8360	3.5
8361	3.0
8366	4.0
8368	4.0
8623	3.5
8636	3.0
8641	4.0
8783	4.0
8784	4.0
8807	4.0
8873	3.5
8874	4.0
8880	3.5
8917	4.0
8950	4.0
8958	4.0
8961	3.5
8970	3.0
8973	5.0
8983	4.0
25771	5.0
26133	4.0
27706	3.5
27878	4.0
30793	4.0
30810	4.5
31878	4.0
32587	3.5
33004	4.5
33166	3.5
33679	3.5
33794	3.0
33836	2.5
34150	3.0
34338	3.0
35836	4.0
36517	4.0
37729	4.0
39183	4.5
40815	4.0
40819	3.5
41566	4.0
41569	3.5
44191	4.0
44195	4.5
44555	4.5
44694	3.5
44788	4.0
44974	4.5
45447	3.0
45499	4.0
45720	3.5
45722	3.5
45728	3.5
46578	4.5
46970	3.5
46976	4.5
48043	3.5
48304	3.5
48385	2.5
48394	4.0
48774	3.5
49961	4.0
51091	4.0
51255	4.5
51662	3.5
52042	4.5
52245	3.0
52435	4.5
52722	3.5
52973	3.5
52975	2.5
53996	3.0
54001	4.0
54190	3.5
54259	4.0
54503	4.5
54997	4.0
55269	4.0
56367	4.0
56715	4.5
56949	3.5
57669	3.5
58293	2.5
58303	4.5
60487	4.0
63082	4.5
