1	4.0
5	2.5
6	3.5
16	3.0
21	2.5
25	4.0
32	3.0
36	4.0
47	5.0
50	4.0
62	3.5
95	2.0
104	3.0
110	5.0
111	4.0
150	3.5
153	3.0
161	4.0
163	2.5
165	4.0
173	3.0
194	3.0
198	3.0
223	3.5
227	2.5
235	4.0
237	3.5
246	3.5
253	3.0
260	5.0
265	3.5
266	3.0
281	3.0
293	4.0
296	5.0
300	4.0
316	3.0
318	5.0
337	3.0
346	3.0
350	3.0
352	3.0
353	3.0
355	1.0
356	5.0
357	3.0
364	4.0
371	3.0
377	2.5
380	4.0
424	4.0
428	3.0
431	5.0
441	4.0
445	2.0
454	3.0
455	4.0
457	3.5
466	3.0
468	3.5
471	4.0
474	3.5
477	4.0
480	3.5
500	4.0
508	4.0
509	2.5
511	4.5
521	3.0
524	3.0
527	4.5
528	3.0
538	3.5
539	3.0
541	4.0
551	2.0
552	2.5
553	5.0
555	2.5
562	4.0
586	3.5
587	4.0
589	5.0
590	5.0
592	3.0
593	5.0
594	3.0
596	4.0
597	4.5
608	4.0
610	2.0
653	3.0
724	3.0
733	3.0
750	3.0
778	4.5
784	1.0
786	3.0
800	4.0
802	2.5
848	3.5
858	5.0
912	3.5
919	4.5
920	2.5
922	3.0
923	5.0
924	3.0
952	1.0
953	4.0
968	2.5
999	3.0
1009	3.0
1020	3.5
1022	4.0
1036	5.0
1049	3.5
1060	4.0
1073	3.5
1077	3.5
1078	3.0
1079	3.5
1080	4.0
1084	3.5
1088	4.0
1089	5.0
1090	4.0
1092	2.0
1093	4.5
1094	4.0
1095	4.0
1096	3.0
1097	3.5
1099	4.5
1100	4.5
1101	5.0
1103	4.0
1124	5.0
1127	3.0
1130	3.0
1136	4.0
1147	4.0
1171	4.5
1172	3.5
1179	3.0
1183	4.0
1185	3.5
1186	5.0
1192	3.0
1193	5.0
1196	5.0
1197	3.5
1198	4.5
1199	4.0
1200	3.0
1201	4.0
1206	3.0
1208	5.0
1210	5.0
1213	5.0
1214	5.0
1215	3.5
1219	4.0
1220	4.0
1221	4.5
1222	4.0
1224	2.0
1225	5.0
1228	4.0
1230	3.5
1231	4.5
1234	4.0
1235	3.5
1238	4.5
1240	5.0
1242	5.0
1245	3.0
1246	3.0
1247	5.0
1249	5.0
1250	4.5
1252	3.0
1253	3.5
1257	3.5
1258	5.0
1259	4.0
1262	3.0
1263	4.5
1265	4.0
1266	3.0
1270	4.0
1271	3.0
1272	3.0
1275	2.5
1276	4.5
1277	3.0
1278	4.5
1282	3.0
1285	4.0
1287	4.0
1288	4.0
1291	4.5
1292	3.5
1298	3.0
1302	5.0
1304	5.0
1305	3.0
1307	4.0
1321	3.5
1333	3.0
1339	3.0
1343	3.0
1345	4.0
1347	2.5
1350	4.0
1352	3.0
1356	4.0
1357	4.0
1358	4.0
1370	3.5
1372	3.0
1374	3.0
1376	3.0
1379	1.0
1380	5.0
1387	5.0
1391	2.5
1393	2.5
1394	4.0
1396	3.5
1407	2.0
1408	3.0
1438	3.0
1441	3.0
1449	3.0
1466	3.5
1479	2.5
1483	1.0
1517	2.0
1527	3.0
1552	3.5
1562	3.0
1573	1.0
1580	3.0
1584	3.0
1586	3.5
1587	4.0
1590	3.0
1592	2.5
1610	4.0
1617	4.0
1619	3.5
1625	3.0
1633	3.5
1639	4.0
1641	4.5
1663	4.5
1673	3.0
1674	4.0
1676	3.0
1678	2.5
1682	3.0
1690	3.5
1693	3.5
1704	5.0
1719	4.0
1721	4.0
1727	4.0
1729	2.0
1732	2.5
1784	4.0
1799	3.0
1805	3.0
1840	3.5
1882	3.0
1883	3.0
1884	3.0
1892	3.5
1909	4.0
1923	1.0
1952	3.5
1953	4.0
1954	4.5
1956	4.5
1957	4.0
1958	5.0
1960	4.0
1961	4.0
1962	4.0
1965	4.0
1968	5.0
1982	4.5
1994	4.0
1997	1.0
2000	5.0
2001	3.5
2005	2.0
2009	4.0
2010	3.5
2011	3.0
2019	3.5
2020	3.0
2023	4.0
2028	4.0
2070	3.5
2072	3.0
2076	5.0
2078	4.0
2080	4.0
2085	3.0
2094	3.0
2100	4.0
2108	3.0
2109	4.5
2112	3.0
2114	4.0
2115	3.5
2116	3.5
2122	2.0
2124	3.0
2133	3.0
2134	4.0
2137	3.5
2138	3.5
2144	5.0
2145	4.5
2146	4.0
2150	4.0
2174	2.0
2193	3.0
2194	5.0
2231	3.5
2240	5.0
2243	4.0
2248	3.0
2262	3.0
2268	4.0
2269	3.0
2273	3.0
2288	3.0
2289	5.0
2291	3.0
2294	3.0
2324	5.0
2329	3.5
2348	4.0
2352	5.0
2355	3.5
2359	2.0
2363	3.0
2366	3.0
2369	2.0
2371	4.0
2374	3.5
2391	3.5
2396	4.0
2401	3.5
2403	3.5
2406	3.0
2407	3.0
2409	3.5
2414	3.0
2416	3.0
2420	4.5
2421	3.5
2424	3.5
2427	2.0
2447	1.5
2454	3.0
2455	3.0
2459	2.5
2463	3.0
2470	4.0
2474	3.0
2476	3.0
2501	5.0
2502	3.5
2513	1.5
2517	4.0
2529	5.0
2530	4.0
2531	1.5
2532	2.0
2533	3.0
2541	2.5
2571	4.0
2579	3.5
2580	3.5
2628	3.0
2640	4.0
2644	4.0
2648	4.0
2657	4.0
2662	4.0
2687	2.0
2688	3.5
2692	3.0
2716	4.0
2735	2.0
2736	3.0
2739	5.0
2746	2.5
2747	2.0
2761	4.5
2762	4.5
2772	1.0
2779	4.5
2791	4.0
2793	3.0
2795	4.0
2797	4.0
2804	4.0
2846	2.0
2858	5.0
2859	3.0
2867	3.0
2871	4.0
2875	3.0
2890	2.0
2908	3.5
2912	4.0
2915	5.0
2916	4.0
2917	3.0
2918	4.0
2921	4.0
2922	3.5
2942	4.0
2944	4.0
2947	3.0
2959	4.0
2968	4.0
2973	4.5
2985	4.0
2987	3.0
2989	3.5
2991	3.0
2993	3.0
2997	4.0
3005	2.0
3006	4.0
3015	2.5
3016	3.5
3019	4.0
3020	3.0
3037	4.0
3039	4.5
3052	3.5
3060	5.0
3061	3.0
3071	4.0
3072	3.0
3074	4.0
3087	2.0
3095	3.0
3098	5.0
3100	3.0
3101	5.0
3102	3.0
3104	4.0
3107	3.0
3108	3.0
3114	3.0
3130	3.0
3135	3.0
3142	3.0
3147	3.5
3148	4.0
3152	3.5
3153	3.0
3157	3.0
3159	3.0
3160	3.5
3167	4.0
3168	5.0
3169	3.5
3173	2.0
3186	3.5
3197	4.0
3198	3.5
3200	3.0
3203	3.0
3210	5.0
3246	3.0
3252	3.0
3253	3.5
3255	3.0
3256	3.5
3257	4.5
3259	4.0
3263	2.0
3267	3.0
3270	4.0
3271	4.0
3275	4.5
3287	2.5
3317	3.0
3328	3.0
3359	5.0
3360	5.0
3361	5.0
3362	4.0
3363	5.0
3386	2.0
3396	2.0
3397	2.0
3398	2.0
3418	3.5
3420	3.0
3421	5.0
3422	4.0
3424	4.0
3430	4.0
3448	2.5
3451	4.0
3471	4.0
3481	3.5
3498	4.5
3499	3.5
3504	4.0
3505	4.0
3508	5.0
3510	3.5
3526	2.5
3527	3.5
3534	4.0
3543	5.0
3551	3.5
3552	2.5
3555	3.0
3578	4.0
3608	1.0
3633	3.0
3671	3.0
3675	3.0
3681	4.0
3682	3.5
3683	3.0
3684	3.0
3697	3.5
3702	4.0
3703	3.5
3706	3.0
3717	2.5
3724	4.5
3733	3.5
3735	3.5
3751	2.0
3753	2.5
3754	1.0
3755	3.0
3763	2.5
3791	3.5
3793	4.0
3811	3.0
3835	2.0
3836	3.5
3852	3.0
3864	3.0
3897	3.0
3901	4.5
3916	4.0
3917	3.0
3927	3.5
3928	1.0
3932	3.0
3967	4.0
3972	3.0
3983	3.5
3984	2.5
3996	4.0
4002	2.0
4007	4.5
4008	3.5
4011	3.5
4014	3.5
4015	1.0
4016	3.5
4022	4.0
4024	2.0
4027	4.0
4029	3.0
4034	4.0
4041	5.0
4055	3.0
4056	4.0
4062	3.0
4082	4.0
4085	4.0
4102	3.0
4103	4.0
4117	4.0
4128	5.0
4174	4.0
4218	4.0
4220	4.0
4226	5.0
4239	4.0
4246	4.5
4262	3.0
4265	1.0
4267	3.5
4280	4.0
4306	4.0
4321	3.0
4322	2.5
4326	3.0
4327	4.0
4351	5.0
4361	4.0
4410	5.0
4448	3.0
4464	4.0
4465	4.0
4474	3.5
4487	2.0
4488	4.0
4489	3.5
4499	3.0
4506	3.0
4508	3.0
4519	2.5
4557	2.0
4571	3.0
4587	3.0
4616	4.0
4623	3.5
4638	2.5
4639	2.0
4643	2.5
4713	3.5
4719	2.5
4720	4.0
4776	3.0
4803	3.5
4848	3.0
4855	4.0
4878	5.0
4880	4.0
4886	3.0
4896	3.5
4929	3.0
4956	2.0
4963	4.0
4975	1.5
4979	2.0
4993	5.0
4995	4.0
5010	3.0
5049	4.5
5060	4.0
5074	3.0
5110	3.5
5292	4.0
5299	3.5
5329	3.5
5349	4.0
5377	5.0
5378	3.5
5418	2.5
5444	2.5
5445	3.0
5464	3.0
5508	3.5
5524	2.5
5617	3.5
5620	2.0
5630	4.0
5782	4.0
5792	3.0
5810	4.5
5902	3.5
5903	4.5
5945	3.0
5952	4.5
5954	4.0
5955	4.0
5959	3.5
5989	3.5
5995	4.0
6001	3.5
6016	3.5
6157	3.0
6212	2.5
6214	4.0
6218	3.5
6333	4.0
6385	4.0
6534	2.5
6537	4.0
6539	3.5
6541	3.5
6565	4.0
6620	4.0
6636	4.5
6708	3.5
6711	3.0
6743	3.5
6787	3.5
6796	5.0
6807	4.0
6832	4.0
6852	3.5
6863	3.0
6870	4.0
6874	3.0
6887	3.0
6936	3.5
6942	3.5
6947	3.5
6979	3.0
7027	5.0
7044	4.5
7137	3.5
7139	2.5
7143	3.5
7147	4.0
7151	4.0
7153	5.0
7161	2.5
7162	4.0
7254	2.5
7263	3.5
7324	3.5
7325	4.0
7361	2.0
7373	2.5
7438	4.5
7445	3.5
7458	2.5
7618	3.5
7669	3.5
7698	3.5
7802	4.5
8340	3.5
8360	2.5
8376	5.0
8492	4.5
8493	3.0
8529	2.5
8530	4.0
8533	3.0
8610	3.5
8623	4.0
8636	4.5
8638	3.0
8644	3.5
8690	5.0
8784	3.0
8798	3.0
8873	4.0
8874	3.5
8907	2.0
8910	4.5
8914	3.0
8937	4.0
8949	4.5
8957	2.5
8961	3.5
8965	3.5
8969	3.0
8974	1.0
8981	3.5
26133	3.5
26729	4.0
27611	4.0
27706	3.0
27790	3.0
27831	3.5
30707	1.0
30812	3.0
31658	3.0
31878	2.5
32031	3.0
32587	3.0
33004	3.0
33166	1.5
33437	3.5
33493	4.5
33615	3.0
33660	3.0
33794	3.5
34048	2.5
34072	3.0
34150	3.0
34153	3.5
34162	2.5
34271	4.0
34332	2.5
34405	2.5
35836	4.0
36517	3.5
36527	3.0
37731	3.0
37741	4.5
38038	2.5
38061	3.5
38886	4.0
39183	5.0
39292	3.5
40629	3.5
40819	4.0
41285	3.0
41566	3.5
41569	3.5
41863	3.5
41997	3.0
42004	4.0
42734	1.5
43396	3.5
44022	2.0
44191	3.0
44195	3.5
44199	3.5
44665	3.0
44974	2.5
45028	2.0
45210	3.5
45431	3.0
45499	3.5
45501	2.0
45517	4.0
45722	3.0
45728	2.0
46530	3.0
46578	2.5
47423	4.0
47629	3.5
47644	3.5
48385	3.5
48516	4.0
48696	3.5
48774	3.5
48780	4.0
49272	4.0
49274	3.5
49530	3.5
49651	3.0
49772	4.0
49961	3.5
50068	3.5
51084	3.0
51091	3.5
51255	4.0
51709	2.5
52241	3.5
52281	3.5
52319	5.0
52604	2.5
52722	3.5
52952	3.0
52973	3.5
53464	3.5
53550	3.5
53996	3.5
54259	2.5
54272	3.5
54281	3.0
54286	3.5
54503	4.0
54997	3.0
55247	3.5
55276	3.5
55444	3.0
55820	3.0
55830	2.5
56367	4.0
56782	3.5
56921	4.5
58105	2.5
58559	4.0
59018	4.0
59315	3.5
59369	2.5
59501	3.5
59784	4.0
60069	4.0
60126	1.0
60487	3.5
60684	4.5
60760	3.5
62434	2.0
63072	3.5
63082	3.5
63876	3.5
64497	3.0
64614	3.0
64839	3.5
67255	4.0
67408	3.0
68157	4.0
68237	3.5
68319	4.0
68358	4.0
68791	3.5
69122	3.5
69481	4.0
71264	3.5
71518	3.0
71579	3.0
71745	3.0
72011	4.0
72226	3.5
72733	3.5
72998	3.5
73017	4.0
73023	3.5
73266	4.0
73321	3.0
73323	4.0
74510	3.5
74789	3.5
76077	4.0
76093	3.5
76251	4.0
77561	4.0
78499	4.5
78574	3.5
79091	3.5
79185	3.5
79242	3.5
79702	2.0
80463	4.0
80489	3.5
80549	3.5
81564	3.0
81591	4.0
81845	3.5
81932	2.5
82459	3.5
83134	3.0
85414	4.0
85510	3.5
86320	2.5
86332	3.5
86833	3.0
86882	3.5
87222	3.5
87232	3.5
87306	3.5
87520	3.0
88125	3.5
88129	3.5
88140	3.5
88163	2.5
88744	4.0
89492	3.5
89745	3.5
89774	4.0
89904	3.0
90866	3.5
91500	3.5
91529	4.5
91630	4.0
92259	4.0
92420	3.5
94777	2.5
94864	3.5
95088	3.5
95510	3.5
96079	3.5
96821	3.0
97304	4.0
97752	3.5
97921	2.5
98809	4.5
98961	4.0
99114	4.0
102125	3.5
102445	3.5
103042	3.5
103141	3.0
103249	3.5
103253	2.5
103772	3.5
104841	3.0
104879	3.5
105504	3.5
105844	4.5
106072	4.0
106100	4.0
106487	4.0
106489	3.5
106696	3.5
106782	4.0
106916	3.5
106920	3.5
108932	3.5
109374	3.5
110102	3.5
111362	4.0
111759	3.5
112290	3.5
112556	4.0
112623	3.0
112852	3.5
