1	4.5
29	4.5
34	4.5
39	4.0
46	3.5
47	4.0
50	4.5
58	5.0
150	4.5
215	4.0
232	4.0
260	4.5
277	4.5
293	4.0
296	5.0
316	2.5
318	4.5
326	4.0
345	4.0
348	3.0
356	4.5
357	4.0
364	4.5
380	3.0
446	3.0
500	3.5
529	4.5
541	4.5
556	4.0
593	4.5
595	4.0
608	4.5
708	3.5
741	4.0
745	4.5
780	3.5
781	3.5
837	4.0
903	4.5
904	5.0
908	4.5
909	4.5
910	4.0
911	4.0
912	4.5
916	4.0
919	5.0
922	4.5
923	4.5
924	4.5
930	5.0
942	3.5
945	4.0
950	3.5
952	2.5
953	5.0
954	4.5
1028	4.5
1035	5.0
1060	4.0
1073	4.5
1079	4.0
1080	4.5
1086	5.0
1089	4.5
1136	4.5
1148	4.5
1172	5.0
1179	4.5
1183	4.0
1188	4.5
1196	4.5
1198	4.5
1199	4.5
1203	5.0
1206	4.5
1210	4.0
1211	3.0
1212	4.5
1223	4.5
1233	5.0
1245	4.5
1249	4.5
1252	4.5
1260	4.5
1262	4.0
1265	4.5
1266	4.0
1270	4.5
1280	5.0
1288	4.0
1301	4.5
1302	3.5
1343	4.0
1394	4.0
1396	1.5
1407	3.5
1416	3.5
1480	3.5
1527	4.0
1537	4.0
1569	3.5
1573	3.5
1580	3.5
1617	3.5
1625	4.0
1635	4.5
1639	3.5
1641	4.5
1649	3.5
1653	4.0
1682	4.5
1704	3.0
1721	1.5
1729	4.0
1735	3.5
1748	4.5
1754	4.0
1784	4.0
1794	4.5
1834	4.5
1919	3.5
1923	4.0
1953	3.5
1958	3.0
1963	2.5
2010	4.5
2019	4.5
2028	4.5
2100	4.0
2108	4.0
2112	3.5
2176	4.0
2186	4.5
2203	5.0
2236	2.5
2278	4.0
2291	4.5
2302	3.5
2324	4.0
2329	4.0
2333	4.5
2337	4.0
2355	3.5
2359	4.5
2390	4.0
2395	4.5
2396	4.0
2501	4.0
2502	4.5
2529	4.0
2571	5.0
2596	3.5
2599	4.5
2611	4.0
2617	2.0
2671	3.5
2683	3.5
2692	3.5
2700	3.5
2712	2.5
2718	1.0
2720	0.5
2761	4.0
2762	5.0
2769	2.0
2770	4.0
2788	4.0
2858	3.0
2908	4.0
2912	4.0
2924	4.0
2952	3.0
2959	4.0
2966	4.0
2987	4.0
2997	5.0
3006	4.5
3030	4.5
3062	4.5
3082	2.5
3089	4.5
3097	4.0
3101	4.0
3114	4.5
3134	4.0
3147	3.5
3148	4.0
3155	4.0
3157	3.5
3160	4.0
3163	4.0
3176	3.5
3185	4.0
3273	3.0
3316	1.0
3317	5.0
3325	2.5
3328	3.5
3354	2.5
3408	4.0
3435	4.0
3452	3.5
3481	4.0
3526	4.5
3528	3.0
3535	3.5
3551	4.5
3578	4.0
3617	2.0
3618	3.0
3681	3.5
3745	2.5
3751	4.5
3755	3.5
3783	4.0
3786	3.5
3793	3.0
3798	3.0
3824	2.5
3826	2.0
3852	3.5
3863	3.0
3865	1.5
3882	3.0
3896	2.5
3911	3.0
3949	3.5
3967	4.5
3968	3.5
3972	4.5
3977	2.5
3983	4.5
3988	3.5
3991	3.0
3993	3.0
3994	3.5
3996	5.0
4011	3.0
4014	4.0
4020	2.5
4021	4.0
4022	4.0
4025	2.5
4027	3.5
4029	3.5
4033	4.0
4034	3.5
4036	4.0
4041	3.5
4069	3.0
4144	4.0
4148	3.0
4158	3.0
4191	3.0
4205	4.5
4223	4.0
4226	4.5
4232	2.5
4234	3.0
4235	4.0
4239	3.5
4246	4.0
4267	3.5
4280	4.5
4298	4.0
4299	3.5
4304	3.5
4306	4.0
4308	2.5
4327	3.5
4340	2.5
4366	2.5
4367	2.5
4370	3.5
4372	3.5
4378	4.5
4380	3.5
4386	2.0
4446	3.5
4447	2.5
4448	3.0
4546	4.0
4639	2.5
4641	4.5
4643	3.5
4700	3.0
4701	2.0
4720	3.5
4723	3.0
4734	1.5
4735	2.0
4745	3.5
4776	4.5
4809	4.0
4816	3.5
4823	3.5
4846	3.5
4848	4.5
4857	2.5
4865	3.0
4866	3.0
4878	4.0
4880	4.0
4881	3.5
4886	4.5
4889	3.5
4890	3.5
4896	2.5
4901	3.5
4958	2.5
4963	3.5
4967	4.5
4969	3.5
4973	4.5
4978	4.0
4979	4.0
4992	2.0
4993	5.0
4995	3.5
5008	4.0
5010	3.5
5013	3.5
5015	2.5
5025	3.0
5026	3.5
5051	4.0
5064	3.5
5065	2.0
5066	3.0
5072	4.0
5107	3.0
5120	4.0
5127	2.0
5135	4.0
5152	4.0
5171	3.0
5220	2.5
5225	4.0
5254	3.5
5266	2.5
5291	4.0
5299	2.5
5316	3.5
5319	4.0
5349	3.0
5364	2.5
5377	4.0
5378	3.0
5400	2.5
5417	4.0
5418	3.5
5419	2.0
5420	3.5
5421	3.5
5445	4.0
5446	4.5
5459	3.5
5463	3.5
5464	4.0
5479	3.0
5481	2.5
5502	4.0
5504	2.5
5505	2.5
5507	2.0
5508	4.0
5530	3.0
5577	4.0
5608	3.5
5617	3.5
5618	5.0
5620	2.5
5621	2.5
5673	4.0
5679	3.5
5690	4.0
5791	4.0
5792	4.0
5809	3.5
5816	4.0
5872	2.5
5876	4.0
5878	4.0
5881	3.5
5890	4.0
5900	2.0
5902	4.5
5903	4.0
5943	2.0
5944	2.5
5945	4.5
5952	4.5
5956	3.5
5971	3.5
5989	4.0
5991	3.5
5995	4.0
6003	3.5
6059	3.5
6062	4.0
6156	3.5
6157	2.5
6187	3.0
6212	3.5
6218	4.0
6263	1.5
6281	3.5
6283	4.0
6286	3.5
6294	3.0
6296	4.0
6297	4.0
6299	3.5
6322	3.5
6323	4.0
6331	4.5
6333	3.5
6365	4.5
6367	4.0
6370	3.5
6377	5.0
6378	3.5
6385	4.5
6502	4.0
6534	3.0
6538	4.0
6539	4.5
6552	4.5
6564	3.5
6565	3.5
6593	3.0
6618	3.5
6620	4.5
6624	3.0
6669	4.5
6708	4.0
6711	4.5
6721	4.0
6753	3.0
6754	3.0
6773	4.5
6776	4.0
6783	4.0
6807	4.5
6863	4.0
6867	4.0
6870	3.5
6873	4.0
6874	4.0
6879	4.0
6881	4.0
6932	4.0
6934	4.0
6936	2.5
6942	2.5
6947	4.0
6953	4.0
7034	4.0
7090	3.5
7139	3.5
7143	3.0
7147	4.0
7153	4.5
7156	4.5
7158	3.5
7161	2.5
7163	2.5
7164	4.0
7256	4.5
7265	4.0
7293	3.5
7323	4.0
7346	3.5
7348	4.0
7361	4.0
7362	3.5
7366	2.5
7373	4.0
7380	4.0
7438	4.0
7482	3.5
7587	4.5
7700	4.5
7925	4.0
7980	4.0
7981	4.0
8014	4.0
8154	4.0
8207	4.5
8337	4.0
8360	4.0
8361	2.0
8366	4.0
8368	4.5
8370	4.5
8526	3.5
8528	3.5
8529	2.5
8530	4.0
8542	4.0
8581	3.5
8607	4.0
8622	4.0
8636	4.0
8638	4.0
8640	3.0
8643	3.0
8665	4.0
8781	3.5
8783	4.0
8784	3.5
8798	4.0
8808	3.0
8865	4.0
8870	3.5
8874	4.0
8879	3.5
8910	4.0
8914	4.0
8916	3.5
8948	3.0
8961	4.5
8966	4.0
8969	2.5
8970	3.5
8981	4.0
8983	3.5
8984	3.5
9010	4.0
9018	4.0
26131	4.5
26776	4.0
27266	3.5
27706	4.0
27721	3.5
27728	3.5
27741	4.5
27790	3.0
27801	3.5
27808	3.5
27821	3.5
30707	4.0
30793	3.5
30810	4.0
31410	5.0
31427	3.0
31658	4.0
31685	4.0
31696	2.5
32587	4.0
33004	4.0
33154	4.0
33166	3.5
33493	4.0
33679	3.5
33794	4.0
33836	2.0
33903	4.5
34048	4.0
34072	4.5
34162	4.0
34319	2.0
34338	3.5
34405	4.0
34437	3.5
35957	4.0
36517	3.5
36525	3.0
37727	3.5
37729	4.0
37733	4.0
37741	4.5
38038	4.0
38061	3.0
39183	4.5
39292	4.5
39414	3.5
40583	4.0
40629	5.0
40815	4.0
41285	4.0
41566	4.0
41569	4.0
41571	3.5
41997	3.5
42718	4.0
42738	2.5
43871	3.0
44191	4.5
44195	3.5
44199	4.5
45028	3.5
45186	3.0
45210	4.0
45517	4.0
