1	4.0
2	4.0
3	3.0
5	3.5
6	4.5
10	4.0
11	3.5
15	3.0
21	5.0
22	4.0
31	3.0
32	3.5
34	4.0
36	5.0
47	5.0
50	5.0
62	4.0
70	4.0
89	3.5
95	3.5
104	4.0
110	5.0
111	4.0
150	4.0
151	3.0
160	3.5
161	4.0
165	3.5
170	4.0
172	3.5
173	3.5
180	4.0
185	2.0
186	3.5
188	4.0
196	4.0
198	4.5
204	3.0
208	2.5
216	3.5
225	4.5
231	3.0
239	3.5
247	4.5
249	4.5
252	3.0
253	4.5
256	3.0
257	4.0
260	5.0
266	3.5
273	3.5
292	3.0
293	5.0
296	5.0
300	4.0
302	4.5
316	3.0
317	3.5
318	5.0
319	4.5
340	4.0
344	3.0
349	3.5
350	3.5
353	4.0
355	2.5
356	4.0
357	4.0
361	3.5
362	4.0
364	3.0
367	3.0
368	4.0
376	3.5
377	3.5
379	4.0
380	4.0
382	3.5
407	3.0
431	4.5
432	1.0
434	4.0
440	3.0
442	4.0
454	3.5
457	4.0
464	3.0
466	3.5
474	4.0
475	4.5
480	4.0
484	3.5
491	3.0
494	4.0
500	3.0
508	4.0
527	5.0
536	2.5
539	4.0
541	5.0
552	4.0
555	4.5
585	2.5
586	4.0
587	4.0
588	3.0
589	4.0
590	5.0
592	3.5
593	5.0
594	5.0
595	3.0
596	5.0
597	3.5
605	3.0
608	3.0
647	4.0
648	3.5
653	3.5
661	4.0
674	4.0
709	3.5
720	5.0
733	4.0
736	3.5
741	5.0
745	5.0
778	5.0
780	2.0
782	3.5
784	3.0
786	3.5
788	3.0
798	3.5
799	4.5
802	3.5
805	4.5
832	3.0
837	4.5
849	3.0
858	5.0
902	4.5
903	5.0
904	4.5
908	5.0
912	5.0
913	5.0
919	5.0
923	5.0
924	5.0
940	5.0
968	5.0
1012	4.5
1019	4.0
1020	3.5
1022	4.5
1025	4.0
1027	3.0
1028	5.0
1029	4.5
1031	3.5
1032	4.0
1033	4.0
1035	5.0
1036	4.5
1037	3.0
1042	4.0
1047	3.5
1049	3.5
1059	4.5
1073	5.0
1079	4.5
1080	5.0
1086	4.5
1088	4.0
1089	5.0
1090	4.5
1092	4.5
1093	3.5
1094	4.0
1097	5.0
1101	4.0
1127	4.5
1129	4.5
1130	4.5
1135	4.0
1136	5.0
1148	5.0
1183	4.5
1188	4.5
1193	5.0
1196	5.0
1197	5.0
1198	5.0
1200	5.0
1201	5.0
1204	5.0
1206	5.0
1207	4.5
1208	5.0
1210	2.5
1213	4.5
1214	5.0
1215	4.5
1219	5.0
1220	5.0
1221	5.0
1222	4.5
1223	5.0
1225	4.5
1231	5.0
1233	5.0
1238	4.5
1240	4.5
1241	5.0
1242	4.0
1245	4.0
1246	4.0
1247	4.0
1249	5.0
1252	5.0
1255	5.0
1258	5.0
1259	4.5
1261	5.0
1262	5.0
1263	5.0
1265	4.5
1266	5.0
1270	4.5
1275	4.0
1276	4.5
1278	4.5
1282	5.0
1285	4.0
1287	5.0
1288	5.0
1291	4.0
1293	5.0
1297	4.0
1307	4.0
1320	4.0
1321	5.0
1333	5.0
1339	4.0
1343	4.5
1344	4.0
1345	4.0
1347	4.5
1348	4.5
1350	4.0
1355	4.0
1367	3.5
1370	4.5
1371	3.5
1374	4.5
1375	3.5
1377	3.5
1380	4.0
1387	5.0
1388	3.0
1391	4.0
1393	4.0
1394	3.5
1396	4.0
1407	4.0
1408	4.5
1438	3.0
1485	4.0
1488	3.0
1499	2.0
1500	4.5
1517	4.0
1527	4.5
1544	3.5
1552	3.0
1566	4.0
1573	2.5
1580	3.0
1587	5.0
1589	4.0
1590	3.0
1591	2.5
1597	3.5
1598	4.0
1608	4.0
1610	4.0
1615	4.0
1616	4.0
1617	5.0
1625	5.0
1641	4.0
1653	4.5
1655	3.5
1674	4.5
1676	4.5
1682	4.0
1690	3.5
1704	4.0
1713	4.0
1717	4.0
1721	4.0
1722	3.5
1729	4.5
1732	5.0
1747	4.0
1748	4.0
1777	3.0
1779	3.0
1784	4.0
1801	3.0
1835	3.0
1876	4.0
1882	3.5
1883	3.5
1892	4.0
1917	3.0
1919	4.0
1920	4.0
1923	5.0
1951	5.0
1953	4.5
1954	5.0
1957	5.0
1959	4.0
1961	4.5
1974	4.5
1982	4.0
1994	4.0
1997	5.0
2000	4.5
2001	4.5
2002	3.0
2003	4.0
2005	5.0
2009	3.5
2011	3.5
2012	3.5
2013	4.0
2014	3.5
2015	4.5
2018	4.5
2021	4.0
2028	5.0
2042	3.0
2054	3.0
2058	4.0
2059	4.0
2078	4.0
2080	4.0
2081	4.0
2083	4.0
2085	4.0
2087	4.0
2089	3.5
2090	4.0
2094	4.0
2096	4.5
2099	4.0
2100	4.0
2105	4.0
2108	4.0
2109	4.5
2110	4.0
2111	4.0
2115	4.0
2116	4.0
2118	4.0
2121	4.0
2124	4.0
2125	3.5
2136	4.0
2137	4.0
2138	4.0
2140	4.0
2144	3.5
2150	4.0
2160	4.5
2161	4.0
2167	4.0
2183	4.0
2193	4.0
2194	5.0
2231	4.0
2232	4.0
2245	4.0
2268	4.5
2273	3.5
2278	4.5
2288	5.0
2291	4.0
2294	4.0
2297	2.0
2313	4.5
2321	4.5
2329	5.0
2336	4.5
2353	3.5
2355	4.0
2359	4.0
2366	5.0
2367	2.5
2371	4.0
2372	3.0
2377	3.0
2389	4.0
2391	4.0
2403	5.0
2405	3.5
2406	4.5
2411	3.0
2414	4.0
2420	3.5
2421	3.5
2423	4.0
2428	4.0
2453	3.5
2454	4.0
2455	4.0
2459	4.0
2467	4.5
2470	4.0
2471	3.5
2478	4.5
2490	4.5
2496	3.5
2502	5.0
2513	4.0
2524	3.0
2527	5.0
2528	4.0
2529	4.5
2530	3.0
2539	3.5
2542	5.0
2560	4.0
2571	5.0
2605	4.0
2617	4.0
2618	4.5
2628	3.0
2640	4.0
2641	4.0
2642	2.5
2644	3.0
2648	4.0
2654	4.0
2671	4.5
2672	4.0
2683	4.0
2688	3.0
2692	5.0
2694	3.0
2699	4.0
2700	5.0
2701	2.0
2709	3.5
2710	3.5
2712	4.5
2713	3.5
2716	4.0
2722	4.0
2728	5.0
2734	3.5
2746	4.0
2761	5.0
2762	5.0
2763	4.0
2770	4.5
2788	4.0
2789	3.5
2791	4.0
2793	3.0
2795	5.0
2797	3.0
2803	4.0
2826	4.0
2840	3.0
2841	4.0
2862	3.5
2866	2.5
2867	4.0
2871	5.0
2872	5.0
2881	4.0
2890	4.5
2898	4.0
2900	4.0
2915	4.0
2916	4.0
2918	5.0
2921	4.0
2922	4.5
2944	4.0
2947	4.5
2948	4.5
2949	5.0
2951	4.5
2953	4.0
2959	5.0
2985	5.0
2987	4.0
2991	4.0
2997	4.5
3000	4.5
3005	3.5
3016	4.0
3018	4.5
3020	4.0
3032	4.0
3033	5.0
3034	4.0
3039	5.0
3052	4.5
3081	4.0
3082	4.0
3087	3.5
3091	4.0
3098	4.0
3100	4.5
3101	3.0
3104	4.0
3107	4.0
3114	4.5
3142	3.0
3147	4.5
3157	4.0
3160	5.0
3175	4.0
3176	4.5
3198	4.5
3203	4.0
3204	4.0
3210	5.0
3250	4.5
3253	4.0
3256	4.0
3257	3.5
3259	3.5
3269	3.5
3273	3.0
3300	4.5
3354	3.5
3355	4.5
3362	4.5
3363	5.0
3384	4.0
3386	4.0
3396	4.5
3405	4.0
3418	4.0
3421	4.5
3448	4.5
3461	5.0
3471	5.0
3479	4.0
3489	3.0
3494	3.5
3498	5.0
3499	4.5
3508	4.5
3510	4.5
3513	4.0
3527	4.5
3535	4.0
3551	4.5
3555	3.5
3578	4.5
3615	3.5
3623	3.0
3624	3.5
3639	4.0
3668	5.0
3676	4.0
3681	5.0
3682	4.0
3693	4.5
3697	3.0
3698	3.0
3702	4.0
3703	4.5
3708	3.5
3717	3.0
3727	4.0
3740	4.0
3751	4.0
3752	4.5
3753	4.5
3755	3.5
3784	3.5
3793	4.0
3809	4.0
3821	2.5
3826	3.5
3863	3.5
3868	5.0
3917	3.5
3927	4.0
3947	4.0
3948	4.5
3959	4.5
3967	4.0
3977	3.5
3979	2.5
3981	3.5
3985	4.5
3986	4.0
3988	3.5
3994	4.0
3996	5.0
3997	3.0
3998	3.5
3999	3.5
4002	4.5
4008	4.0
4010	3.5
4011	5.0
4014	4.0
4016	4.0
4018	3.0
4022	4.0
4025	4.0
4034	4.5
4036	4.0
4039	4.5
4041	4.0
4084	3.5
4085	4.5
4102	4.5
4105	4.5
4121	4.0
4128	4.0
4148	4.0
4159	3.5
4161	3.5
4210	4.0
4223	4.0
4225	4.0
4226	5.0
4246	4.5
4251	4.0
4262	5.0
4270	3.5
4275	4.0
4299	3.5
4306	4.0
4308	4.0
4310	3.0
4321	3.5
4344	3.5
4351	4.0
4367	3.5
4370	3.5
4407	4.5
4437	3.5
4448	4.0
4480	3.0
4489	4.5
4499	4.0
4506	4.0
4508	3.5
4535	4.5
4541	4.0
4545	3.0
4577	4.0
4621	3.0
4624	5.0
4638	3.5
4643	3.0
4673	3.0
4701	3.0
4703	4.0
4720	4.5
4734	4.0
4744	3.0
4754	5.0
4756	4.0
4814	4.0
4816	4.5
4821	4.0
4855	5.0
4865	4.5
4866	4.0
4878	5.0
4886	4.0
4889	4.0
4890	3.5
4896	4.5
4901	4.0
4941	3.5
4958	3.5
4963	4.5
4969	4.5
4973	4.5
4975	3.5
4979	4.0
4990	3.5
4993	5.0
4994	4.0
5010	4.5
5013	4.0
5015	4.0
5026	4.5
5034	4.0
5039	4.5
5040	3.5
5049	4.5
5055	4.0
5064	4.0
5103	4.0
5139	3.5
5171	2.5
5218	4.0
5219	3.0
5220	3.0
5225	4.5
5254	3.5
5264	3.5
5266	4.0
5294	4.0
5299	3.5
5308	3.5
5309	2.5
5349	4.0
5377	5.0
5378	3.5
5388	4.0
5400	4.0
5418	4.5
5420	3.0
5444	4.5
5445	4.5
5459	3.0
5463	3.0
5464	4.5
5478	4.0
5479	4.0
5480	3.5
5481	3.5
5489	4.0
5500	4.5
5502	4.5
5506	3.5
5507	3.0
5528	4.0
5540	4.5
5544	4.5
5574	4.5
5618	4.0
5630	4.0
5666	4.0
5669	0.5
5679	4.5
5693	4.0
5747	5.0
5782	5.0
5785	4.0
5804	2.5
5816	4.5
5833	4.5
5843	3.5
5853	4.5
5872	3.5
5881	3.5
5902	5.0
5903	4.5
5945	4.5
5952	5.0
5954	4.5
5956	4.0
5957	3.0
5989	4.5
6003	4.0
6016	4.5
6058	3.5
6059	3.5
6156	3.0
6187	4.0
6213	3.5
6214	5.0
6218	4.0
6235	4.0
6239	4.5
6264	3.5
6281	4.0
6287	3.5
6290	4.0
6297	4.0
6305	4.0
6323	3.5
6333	4.5
6338	3.5
6365	4.0
6373	4.0
6377	4.0
6378	4.0
6502	4.5
6534	3.5
6537	3.5
6539	4.5
6541	3.5
6617	4.0
6659	4.0
6707	4.0
6708	4.5
6731	4.0
6743	4.0
6754	4.0
6764	4.0
6774	3.5
6787	5.0
6807	4.5
6808	5.0
6832	3.5
6863	3.0
6870	5.0
6874	5.0
6879	4.5
6934	3.5
6936	4.5
6947	5.0
6950	3.5
6951	2.5
6959	3.5
6966	3.5
6979	4.5
7000	2.5
7001	4.0
7004	3.5
7018	4.5
7036	3.5
7076	4.0
7101	3.5
7143	4.0
7147	4.5
7149	4.0
7153	5.0
7161	3.5
7162	4.5
7163	4.0
7164	4.5
7173	3.5
7247	4.5
7254	4.0
7285	3.5
7318	4.0
7325	4.0
7347	4.0
7348	4.0
7360	5.0
7361	4.5
7366	3.5
7373	4.0
7386	4.5
7387	5.0
7438	5.0
7439	3.5
7445	4.0
7454	4.5
7458	4.0
7482	5.0
7573	4.0
7618	4.5
7669	4.0
7698	4.5
7841	4.0
7842	4.0
8207	5.0
8228	5.0
8337	4.0
8340	4.5
8360	4.0
8361	4.0
8368	5.0
8370	4.0
8493	4.0
8528	3.5
8581	4.0
8622	0.5
8623	4.0
8633	4.0
8636	4.5
8641	3.5
8644	4.0
8665	4.5
8783	4.5
8784	3.5
8798	4.5
8860	3.5
8865	3.5
8874	5.0
8879	4.5
8880	4.0
8907	4.0
8917	5.0
8949	4.0
8957	5.0
8958	4.0
8961	4.5
8972	4.5
8984	3.5
26152	3.0
26242	4.0
26614	4.0
27611	4.5
27706	4.5
27773	4.5
27790	4.5
27822	3.5
27831	5.0
27904	4.5
30707	4.5
30793	4.5
30812	4.5
30825	3.5
30850	4.0
31410	5.0
31696	4.0
31804	4.5
32029	3.5
32587	5.0
32596	4.0
33004	4.5
33085	4.0
33162	3.5
33166	4.5
33493	4.5
33679	4.0
33794	4.5
33834	4.0
33836	3.5
34048	3.5
34319	4.5
34323	4.0
34405	4.0
35836	4.5
35957	3.5
36401	3.0
36708	4.0
37727	3.0
37733	4.5
38038	4.5
38061	4.5
40278	4.0
40614	4.0
40629	4.0
40732	4.0
40815	4.5
40819	4.0
41566	4.0
41569	4.0
41997	4.0
42723	4.5
42734	3.5
43396	4.5
43560	4.0
44191	4.0
44199	4.5
44397	4.5
44665	5.0
45081	3.0
45210	4.5
45431	4.0
45447	4.0
45499	4.0
45722	4.0
45732	3.5
46530	4.0
46578	4.0
46948	3.5
46972	4.0
46974	3.5
46976	4.5
47044	4.0
47099	4.0
47200	3.5
47629	4.5
48304	4.5
48385	4.5
48394	4.5
48516	5.0
48774	4.5
48780	5.0
48783	4.0
48982	4.5
49272	5.0
49274	3.5
49278	4.0
49530	4.5
50794	4.5
50804	4.0
50872	4.5
51255	5.0
51412	4.0
51540	4.5
51662	5.0
51935	4.0
52042	4.5
52281	4.0
52287	4.0
52328	5.0
52458	4.0
52604	4.0
52722	4.0
52975	3.5
53000	4.5
53121	3.5
53125	3.5
53318	4.0
53519	4.0
53894	2.0
53956	4.5
53972	4.0
53993	2.5
53996	4.0
54001	4.5
54272	4.5
54286	4.0
54995	4.5
54997	5.0
54999	5.0
55052	5.0
55118	5.0
55247	4.0
55282	4.0
55290	4.5
55768	3.5
55805	4.5
55820	5.0
55830	4.0
55995	4.0
56152	4.5
56171	3.5
56174	4.0
56339	5.0
56367	4.0
56757	4.5
56775	3.5
56782	5.0
56788	4.0
56941	3.5
57274	4.5
57368	3.5
57528	5.0
57640	4.0
57669	4.5
58025	4.0
58103	4.0
58162	5.0
58295	4.5
58559	5.0
59315	5.0
59369	4.5
59501	4.5
59615	4.0
59784	4.0
60037	3.0
60069	5.0
60072	4.0
60074	4.0
60126	3.5
60684	4.5
60766	4.5
61024	3.5
61132	4.0
61160	3.0
61240	5.0
61729	4.5
62374	3.5
62376	4.0
63062	4.5
63072	4.0
63082	4.0
63113	4.0
63853	1.0
64614	4.5
64620	4.0
64716	3.5
64839	4.0
64957	4.0
64983	4.0
65088	3.5
65216	4.0
65682	3.5
66097	4.0
67197	4.0
67255	4.5
68157	5.0
68159	4.5
68237	4.5
68319	2.5
68358	4.0
68554	3.5
68791	4.0
68954	4.5
69122	4.5
69481	4.5
69784	4.0
69844	4.5
70286	4.5
70599	3.5
71379	4.0
71520	4.0
71535	4.5
71838	4.0
72226	4.0
72378	3.5
72641	3.5
72731	4.0
72998	4.0
73017	5.0
73268	4.0
73321	4.0
73323	3.5
74458	4.0
74510	4.0
74545	4.5
74789	3.5
74795	4.0
76093	4.5
76175	2.5
76251	4.5
77561	4.0
78105	3.5
78499	4.5
79008	4.5
79057	3.0
79132	5.0
79293	4.0
79702	3.5
80463	4.5
81562	4.5
81564	4.5
81788	4.0
81834	5.0
81845	5.0
82459	4.5
82461	4.0
83613	4.0
84152	5.0
84392	4.5
84601	4.5
84772	4.0
84944	4.0
84954	4.0
85414	5.0
85510	4.0
86190	4.0
86332	3.5
86880	4.0
87232	4.5
87306	4.5
88125	4.5
88140	4.5
88163	4.0
88744	4.5
89470	4.5
89492	4.0
89745	4.5
89753	5.0
90746	5.0
90866	5.0
91500	3.5
91529	5.0
91535	4.0
91542	5.0
91630	4.5
91658	4.5
92259	4.5
92420	3.5
93840	4.0
94864	4.5
95167	4.0
95510	4.0
96079	5.0
96610	4.5
97304	4.5
97752	4.0
97913	4.0
97923	4.0
98809	4.5
98961	4.5
99114	4.5
101864	4.0
102125	4.0
102445	3.5
103042	4.0
103141	4.5
103228	4.0
103249	4.0
103253	3.5
103341	3.5
103772	4.0
104374	4.0
104841	4.5
104879	4.5
105504	3.5
105844	4.5
106489	4.0
106782	4.0
106918	4.0
