1	3.0
2	3.0
10	3.0
16	4.0
19	2.5
25	5.0
31	3.0
32	4.5
36	5.0
47	4.5
50	4.0
58	4.0
70	4.5
94	4.0
95	1.5
101	2.5
104	3.5
110	5.0
111	4.0
141	4.0
145	3.5
147	4.0
150	3.5
153	2.5
165	4.0
168	2.0
173	2.0
180	4.0
193	1.5
208	2.5
215	3.0
223	4.5
231	2.5
252	3.0
260	4.0
266	3.0
280	4.0
288	4.0
296	4.0
316	3.5
318	4.5
329	3.0
337	3.5
344	3.0
356	5.0
357	3.5
367	3.0
368	4.5
370	3.0
377	2.5
380	2.5
434	1.0
435	3.0
457	4.0
480	3.0
485	2.5
489	3.0
500	2.5
508	4.0
509	4.0
515	4.0
520	3.0
524	4.0
527	4.5
555	4.5
586	3.0
587	3.0
589	3.0
590	5.0
592	3.0
593	4.0
597	2.5
608	4.0
628	3.5
648	2.5
673	3.0
733	3.0
736	2.0
778	4.5
780	2.5
784	2.5
788	2.5
818	2.0
852	3.0
866	4.0
991	4.0
996	3.5
1020	3.0
1027	3.0
1036	5.0
1059	2.5
1079	4.5
1080	4.5
1088	2.0
1090	4.5
1097	3.0
1100	3.0
1101	3.0
1136	4.0
1193	4.0
1196	4.0
1199	3.0
1200	3.5
1206	4.0
1208	3.5
1209	3.0
1210	3.5
1214	4.0
1220	4.0
1222	4.5
1233	4.5
1240	3.5
1242	4.0
1247	3.5
1259	4.0
1265	4.5
1270	3.5
1271	3.5
1291	4.0
1302	3.5
1320	3.0
1370	4.0
1377	2.5
1387	3.0
1391	3.5
1393	2.5
1407	4.0
1425	4.0
1466	4.0
1485	3.0
1517	4.0
1527	4.0
1562	2.5
1580	3.5
1584	3.0
1610	4.0
1619	4.0
1620	3.0
1625	4.5
1641	4.0
1644	3.0
1645	3.0
1653	3.0
1676	4.0
1682	3.5
1687	3.0
1704	4.0
1717	3.5
1721	3.5
1726	3.5
1732	5.0
1747	3.5
1748	3.0
1777	4.0
1784	4.5
1831	2.5
1863	2.0
1876	2.5
1884	4.5
1911	3.0
1917	2.0
1918	4.0
1920	3.0
1923	4.0
1953	3.5
1954	4.0
1961	4.0
1968	4.0
2000	4.5
2001	4.0
2002	4.0
2003	3.5
2005	4.0
2011	3.5
2012	3.5
2028	4.0
2054	2.5
2117	4.0
2125	3.5
2138	4.0
2194	4.5
2231	4.5
2236	4.0
2268	3.5
2273	4.0
2291	3.5
2321	3.5
2324	4.5
2329	5.0
2335	3.5
2336	4.0
2338	2.5
2340	2.5
2353	3.0
2378	3.5
2396	4.5
2401	3.0
2403	3.5
2404	2.0
2424	3.0
2467	4.5
2470	2.5
2490	4.5
2497	3.0
2501	4.5
2502	4.0
2505	3.5
2529	3.5
2539	4.0
2542	4.0
2571	4.0
2572	3.0
2581	3.5
2599	3.5
2617	4.5
2628	3.5
2671	2.5
2672	4.0
2683	4.0
2688	3.0
2692	3.0
2694	3.5
2700	3.0
2701	3.5
2706	3.0
2707	4.0
2710	3.0
2712	2.5
2716	4.0
2717	3.5
2722	2.0
2762	5.0
2772	3.0
2797	3.5
2826	3.0
2858	5.0
2861	3.0
2890	3.0
2918	4.0
2953	3.0
2959	5.0
2987	3.5
2997	4.5
3006	3.5
3044	2.0
3052	4.5
3081	3.0
3082	2.5
3114	3.5
3147	4.5
3148	4.5
3155	3.5
3173	3.5
3175	4.0
3176	3.0
3178	4.0
3252	4.0
3253	4.0
3254	3.5
3257	2.0
3273	4.0
3275	5.0
3316	2.0
3354	2.5
3355	3.0
3386	4.0
3408	3.5
3452	2.5
3481	3.5
3555	2.0
3556	4.0
3578	4.0
3617	3.5
3623	2.0
3698	3.5
3703	3.5
3717	2.0
3740	4.0
3744	3.0
3751	3.0
3752	3.5
3753	3.0
3755	2.5
3785	3.0
3791	3.5
3793	3.0
3825	3.5
3827	3.5
3861	4.0
3868	4.0
3869	3.0
3897	4.0
3948	4.0
3968	3.0
3977	3.0
3979	3.0
3994	3.0
4011	4.0
4014	4.0
4015	1.5
4018	2.5
4019	4.0
4022	4.5
4033	4.0
4034	3.0
4159	3.5
4161	3.0
4223	2.5
4226	4.5
4239	4.5
4251	3.0
4262	3.5
4270	3.0
4306	4.0
4308	2.5
4310	2.5
4343	3.0
4361	3.5
4369	3.0
4370	3.5
4388	3.0
4447	3.0
4506	3.5
4571	3.5
4623	4.0
4638	2.5
4643	3.0
4701	3.5
4720	3.5
4727	3.0
4728	3.5
4734	4.0
4776	3.5
4815	3.5
4816	3.0
4823	3.0
4867	4.0
4878	5.0
4881	4.0
4886	3.5
4963	4.5
4974	3.0
4979	3.0
4980	3.5
4993	3.5
4995	4.5
5009	3.0
5010	3.5
5016	4.0
5064	3.5
5108	3.0
5127	3.0
5171	2.5
5218	4.0
5266	2.5
5299	2.0
5349	4.0
5377	4.0
5378	2.5
5421	4.5
5445	4.0
5446	4.5
5459	3.0
5463	3.0
5464	4.5
5502	1.0
5507	2.0
5528	3.0
5574	3.0
5608	3.5
5617	4.0
5620	3.0
5630	3.5
5669	4.0
5785	4.0
5810	3.5
5816	3.0
5881	2.5
5902	3.5
5945	4.0
5952	4.0
5955	3.5
5956	3.5
5957	3.0
5959	3.5
5989	4.5
5992	3.0
5995	4.5
6003	4.0
6016	4.5
6059	3.0
6157	3.5
6187	4.5
6323	3.0
6365	1.5
6373	2.5
6377	4.5
6383	2.5
6385	2.0
6502	4.0
6537	2.5
6539	5.0
6541	2.5
6548	3.0
6708	4.0
6711	5.0
6863	3.0
6870	4.0
6874	3.0
6879	4.0
6888	3.0
6934	1.0
6942	3.5
6947	3.5
6952	3.0
6953	5.0
6957	4.5
6959	3.0
7000	3.5
7007	4.0
7139	4.5
7143	4.0
7147	4.5
7153	4.0
7154	4.0
7158	5.0
7160	4.0
7162	4.0
7254	4.0
7256	4.0
7263	4.0
7293	3.5
7323	3.0
7347	3.0
7369	3.0
8360	4.0
8372	2.0
8464	4.5
8528	3.5
8529	4.0
8622	3.5
8636	3.5
8638	3.5
8640	3.0
8644	3.5
8781	3.5
8784	5.0
8798	4.0
8873	3.5
8874	4.5
8914	4.5
8917	3.5
8937	4.0
8949	3.5
8950	4.0
8958	4.5
8961	3.5
8981	4.5
8984	4.0
27727	4.0
30707	4.0
30749	4.0
30812	4.0
31410	3.0
31420	3.5
31427	3.0
32587	5.0
33166	4.5
33493	3.0
33660	4.0
33903	3.5
34072	3.0
34405	4.0
34437	4.0
36401	3.5
36529	3.5
36708	4.0
37240	4.0
37384	4.0
37731	4.5
37741	3.5
38061	4.5
39183	5.0
40278	4.5
40581	3.5
40583	5.0
40819	4.0
41285	4.5
43376	4.5
43396	4.0
44191	4.0
44195	4.0
44199	4.0
44555	4.5
44665	4.0
44972	3.0
45210	4.0
45442	1.5
45447	3.5
45499	3.5
45666	2.0
45668	3.5
45672	4.0
45720	3.0
45722	4.0
45728	4.0
46578	4.0
46723	4.5
46967	4.0
46974	2.0
46976	4.5
47099	4.5
47518	3.5
47610	3.5
47629	3.0
47997	3.0
48142	3.0
48304	3.0
48322	3.5
48394	4.5
48516	5.0
48738	4.5
48774	4.0
48780	4.5
48783	4.0
48997	4.5
49272	4.0
49278	3.5
49530	5.0
49649	3.0
49651	4.0
49961	3.5
50068	4.0
50872	3.0
51255	4.0
51540	5.0
51575	2.5
51662	5.0
51931	5.0
52042	3.5
52604	4.0
52722	3.0
52952	4.5
53121	3.5
53123	4.5
53318	4.0
53322	4.0
53519	3.5
53972	4.5
53996	3.5
54004	3.0
54272	3.5
54281	3.5
54286	4.0
54503	4.0
54736	4.0
54995	3.0
54997	4.0
55069	4.0
55247	4.5
55276	4.0
55280	4.5
55363	4.5
55444	4.5
55765	4.5
55805	4.5
55820	4.0
56171	3.0
56174	4.0
56339	3.0
56367	4.5
56607	3.0
56782	4.0
58047	4.0
58293	2.0
58559	4.0
59315	4.0
59369	3.5
59387	4.5
60040	2.5
61323	4.0
63062	4.0
63082	5.0
63113	3.0
63131	4.0
64957	4.5
64969	3.5
65230	3.5
68237	4.5
69122	4.0
69757	5.0
71579	4.0
72641	4.0
74789	4.0
77455	4.5
78039	5.0
78469	2.5
78574	4.5
79132	4.5
80463	4.5
81932	4.0
83134	4.0
86190	4.5
87232	4.0
87869	4.5
88129	4.5
88744	2.5
88810	4.0
89753	2.5
90866	4.5
96079	3.5
98809	4.0
