1	3.0
2	2.5
6	4.0
10	4.0
29	3.0
32	5.0
47	4.5
50	5.0
66	0.5
70	4.5
76	3.5
95	3.0
111	4.0
150	3.5
153	3.0
172	3.0
188	4.0
196	3.5
198	4.5
208	3.0
232	3.5
253	4.5
265	4.5
273	3.5
282	4.0
292	4.5
293	4.0
296	5.0
300	4.0
305	3.5
316	4.0
318	4.5
329	3.5
338	3.5
347	4.0
356	4.5
357	4.0
367	4.0
370	4.0
377	3.5
380	3.5
407	3.0
422	4.0
423	3.5
426	2.0
442	4.0
454	4.0
457	4.0
474	4.0
480	3.0
481	4.5
500	4.0
506	4.0
508	4.0
512	3.0
527	4.5
539	4.5
541	5.0
551	4.0
565	4.0
587	2.0
588	4.0
589	5.0
590	4.5
592	4.0
593	5.0
608	5.0
610	4.0
628	4.5
648	4.0
714	4.0
733	4.0
741	4.5
750	4.0
778	4.5
780	4.5
799	4.0
858	4.0
903	4.0
910	4.0
911	4.5
912	4.0
914	4.0
923	4.5
924	5.0
1032	4.5
1036	4.5
1037	3.5
1047	4.5
1061	3.5
1073	3.0
1077	4.5
1079	4.5
1080	4.5
1094	2.5
1097	4.0
1127	5.0
1128	3.5
1129	4.5
1136	4.5
1175	4.5
1183	4.5
1193	4.5
1197	5.0
1198	4.5
1199	5.0
1200	4.5
1201	4.0
1203	4.5
1204	4.5
1206	4.0
1208	5.0
1209	5.0
1213	4.0
1214	5.0
1216	4.0
1219	4.0
1220	4.5
1222	3.5
1225	4.0
1233	4.5
1240	3.5
1246	4.5
1249	4.5
1252	4.0
1256	4.0
1258	4.5
1260	4.5
1262	4.5
1263	4.0
1265	4.5
1269	5.0
1270	4.5
1273	4.0
1275	4.5
1279	4.5
1282	5.0
1287	4.0
1291	4.5
1293	4.0
1306	4.0
1307	4.0
1320	4.0
1333	4.0
1339	4.5
1343	4.5
1345	4.0
1356	4.5
1370	4.0
1371	3.5
1374	3.0
1377	4.0
1391	3.0
1393	4.0
1396	4.0
1411	4.0
1464	4.5
1466	3.5
1479	3.0
1527	3.5
1544	3.0
1562	3.0
1573	3.5
1580	4.0
1584	5.0
1590	3.0
1591	4.0
1608	3.5
1617	4.0
1645	4.0
1653	4.5
1674	4.0
1676	4.0
1682	4.0
1687	3.5
1690	4.0
1704	4.5
1721	4.0
1722	4.0
1729	4.5
1732	4.0
1748	4.0
1754	3.5
1779	2.5
1801	3.5
1831	4.0
1884	3.5
1909	3.0
1917	4.5
1921	3.0
1947	4.0
1950	4.5
1961	4.5
1994	4.0
2003	3.0
2009	4.5
2010	4.0
2021	4.5
2034	3.5
2076	4.5
2078	4.5
2105	4.5
2108	4.0
2115	3.0
2116	4.0
2117	4.5
2118	5.0
2120	2.5
2124	4.0
2140	4.0
2153	2.0
2160	3.5
2167	3.5
2194	4.5
2232	4.5
2245	3.0
2268	3.0
2278	4.0
2288	4.0
2297	2.5
2311	2.5
2313	4.0
2336	4.0
2377	3.5
2420	2.0
2448	2.5
2455	4.5
2456	3.0
2474	4.5
2528	4.0
2542	4.5
2571	5.0
2600	3.0
2617	3.0
2628	3.5
2640	3.0
2657	4.0
2672	3.0
2683	2.5
2686	4.0
2692	5.0
2707	4.0
2716	4.5
2717	3.5
2728	4.0
2735	4.5
2761	4.0
2762	4.5
2787	3.5
2819	4.0
2827	2.0
2858	5.0
2901	4.0
2916	4.0
2918	4.5
2944	4.0
2947	4.0
2959	5.0
2968	3.5
2985	3.0
2986	2.5
2987	4.0
2997	4.5
3000	4.0
3020	3.5
3033	2.5
3044	3.0
3052	5.0
3060	4.5
3072	4.0
3081	3.0
3082	4.0
3087	3.5
3105	4.0
3107	4.5
3108	4.5
3147	5.0
3152	3.5
3160	4.5
3169	4.0
3174	3.5
3175	4.0
3176	4.0
3246	3.5
3252	4.0
3258	4.0
3342	3.0
3363	4.5
3386	4.0
3448	4.0
3471	4.0
3476	3.5
3489	0.5
3503	4.5
3505	3.0
3521	4.0
3527	4.5
3535	3.5
3556	4.0
3557	4.0
3578	4.0
3593	0.5
3623	3.0
3638	3.5
3677	5.0
3686	3.0
3697	4.0
3698	3.0
3699	4.0
3706	4.5
3707	3.5
3727	4.5
3793	4.5
3802	2.0
3819	5.0
3826	2.5
3863	4.0
3879	3.0
3917	4.0
3918	3.5
3959	4.5
3977	3.5
3981	2.5
3986	3.0
3994	3.0
3996	4.0
4011	4.5
4014	4.0
4022	3.5
4027	5.0
4079	4.0
4085	3.5
4086	4.0
4128	4.5
4226	5.0
4262	3.0
4306	3.5
4308	2.5
4370	4.0
4443	3.0
4446	3.5
4487	3.5
4492	1.5
4506	1.5
4553	4.5
4572	4.0
4643	1.5
4744	2.0
4776	4.0
4848	4.5
4855	4.0
4865	3.5
4878	5.0
4881	4.0
4886	4.5
4932	4.0
4941	3.5
4954	3.0
4973	4.5
4975	4.5
4979	4.0
4993	5.0
4995	4.0
5010	4.5
5021	5.0
5026	4.5
5060	4.5
5171	1.5
5218	3.5
5219	4.0
5254	2.0
5349	5.0
5377	2.5
5378	3.5
5388	4.0
5418	3.5
5445	5.0
5459	3.0
5481	2.0
5522	4.5
5618	4.5
5673	3.5
5679	4.0
5782	5.0
5810	3.5
5902	4.5
5903	3.5
5944	3.0
5952	5.0
5956	4.0
5989	4.0
6157	3.0
6184	4.5
6250	2.5
6281	3.0
6323	4.0
6333	4.5
6365	3.5
6373	3.5
6377	4.0
6440	4.0
6502	4.5
6534	2.0
6537	1.5
6539	4.5
6541	2.0
6550	1.0
6709	1.5
6711	4.5
6754	2.5
6832	3.5
6870	4.5
6874	4.5
6934	3.0
6952	2.0
6953	4.0
6966	3.0
6996	1.0
7001	4.5
7143	4.5
7147	3.5
7153	5.0
7163	3.0
7254	3.5
7323	3.5
7360	4.0
7361	5.0
7373	3.5
7438	4.5
7454	2.0
7481	4.0
7618	4.5
7827	4.0
8340	4.5
8360	2.5
8361	3.5
8371	4.5
8477	5.0
8501	4.0
8622	4.5
8636	5.0
8640	2.5
8644	4.0
8784	4.0
8798	5.0
8810	2.5
8865	4.5
8874	4.5
8910	4.0
8950	4.5
8961	4.5
27266	3.5
27660	4.0
27773	4.0
27788	4.0
27904	3.5
30810	3.5
30812	4.5
31696	2.0
31804	5.0
32587	2.0
33004	2.5
33162	4.0
33493	4.0
33794	5.0
34048	4.5
34150	3.5
34319	4.0
34405	2.0
36401	1.0
36517	4.5
37386	3.5
37727	0.5
37733	4.5
39292	4.5
41997	4.0
44191	5.0
44761	1.0
45186	3.0
45447	2.5
45499	3.0
45722	3.0
46530	2.0
46578	4.0
46723	5.0
47997	4.0
48043	0.5
48394	4.5
48516	4.0
48774	4.5
48780	5.0
48783	4.0
48997	2.5
49272	5.0
49278	4.0
50872	5.0
51086	3.5
51255	5.0
51412	0.5
51540	4.0
51662	4.0
52328	4.5
52722	3.0
52885	3.5
53125	4.0
53464	0.5
53550	3.0
53972	4.5
53996	2.0
55247	4.0
55363	4.0
55820	5.0
56782	5.0
57368	4.5
57640	2.5
57669	4.0
58559	5.0
58803	3.0
59315	5.0
59615	1.5
60069	5.0
60072	3.5
60074	2.0
60760	2.5
61024	3.5
61323	4.5
62511	4.0
62849	4.0
63113	5.0
64614	3.0
64839	4.5
66097	4.0
68157	4.0
68237	4.0
68358	4.0
68791	3.0
68954	4.5
70286	4.5
71464	4.5
72720	4.5
73023	3.5
76093	4.5
76251	4.0
78574	4.5
79132	5.0
81591	4.0
82461	3.0
86332	3.0
87232	4.5
89745	4.5
91529	4.5
96079	4.0
96610	4.0
97752	5.0
98809	4.0
102125	4.5
102445	4.5
103042	4.5
103253	3.0
103772	2.5
