1	3.0
6	2.0
11	3.5
21	4.0
25	4.0
28	3.0
34	3.0
36	4.0
39	4.0
50	4.0
52	4.0
58	4.0
62	0.5
82	2.5
101	4.0
107	3.0
110	1.0
111	4.0
125	3.0
144	3.0
150	4.0
153	1.5
165	1.0
215	4.5
218	3.0
223	4.5
232	4.0
246	4.0
252	3.0
260	1.0
265	4.0
296	2.0
300	5.0
317	2.0
318	3.5
321	3.0
334	1.5
337	3.0
339	2.0
342	3.0
344	3.0
346	4.5
348	4.5
356	1.0
357	3.0
364	1.0
367	2.0
370	3.0
372	3.0
377	1.0
381	3.0
412	5.0
417	3.0
432	1.5
440	3.0
441	3.0
455	3.0
457	3.0
461	5.0
471	4.5
480	2.0
492	4.0
497	4.5
500	4.0
508	4.0
509	3.0
515	4.0
527	5.0
529	3.0
535	4.5
538	3.0
539	2.0
556	4.0
562	4.0
581	3.0
586	1.0
587	2.0
588	2.5
589	1.0
590	3.0
592	3.0
594	2.0
595	2.0
597	0.5
608	4.0
639	3.0
648	2.5
663	4.0
708	3.0
728	3.0
778	3.0
785	2.0
800	5.0
804	3.5
838	3.0
851	3.0
852	2.0
898	4.5
899	3.0
902	3.0
908	3.0
910	3.0
912	5.0
913	2.0
919	4.0
920	1.0
921	3.0
923	5.0
926	3.0
953	3.0
968	1.0
969	2.0
994	4.0
1022	1.0
1028	3.0
1031	3.0
1033	3.0
1035	4.0
1036	2.0
1041	4.0
1042	3.0
1050	3.0
1051	3.0
1054	3.5
1057	4.5
1059	4.0
1060	4.5
1061	3.0
1073	4.0
1077	4.0
1078	4.0
1079	4.0
1080	5.0
1082	4.0
1088	2.0
1089	2.0
1090	3.5
1092	2.0
1093	2.0
1094	3.0
1095	5.0
1096	3.0
1097	4.5
1101	1.0
1103	3.0
1104	4.0
1120	4.0
1124	4.0
1131	3.0
1132	3.5
1136	5.0
1171	3.5
1172	4.0
1173	4.0
1177	2.5
1179	4.0
1185	3.0
1186	3.0
1188	4.0
1189	3.0
1190	3.5
1191	3.0
1193	5.0
1196	1.0
1197	5.0
1198	2.0
1199	2.0
1206	0.5
1207	4.0
1208	4.0
1213	3.0
1214	2.0
1220	5.0
1222	4.0
1228	4.0
1230	4.5
1231	4.0
1233	2.0
1234	4.0
1235	5.0
1240	1.0
1243	5.0
1244	4.0
1245	2.0
1246	4.5
1247	5.0
1252	4.5
1257	3.0
1258	3.0
1259	4.0
1265	2.0
1270	4.0
1271	5.0
1276	3.0
1282	1.0
1285	4.0
1288	5.0
1291	2.0
1293	4.0
1295	4.0
1296	3.0
1297	3.0
1298	1.0
1299	4.0
1300	4.5
1302	4.0
1307	4.0
1357	3.0
1358	2.0
1370	1.0
1372	1.0
1375	1.0
1376	1.0
1380	4.0
1392	2.0
1393	5.0
1394	4.0
1395	4.0
1396	3.0
1409	2.0
1414	4.0
1441	3.0
1449	5.0
1466	2.0
1500	4.0
1517	3.0
1535	3.0
1569	2.0
1580	2.0
1589	3.0
1594	2.0
1610	1.0
1614	2.0
1617	4.0
1625	3.0
1633	3.0
1635	4.0
1639	2.0
1641	3.0
1660	4.0
1663	3.5
1673	3.0
1674	4.0
1678	3.0
1680	3.0
1682	4.0
1693	3.0
1694	3.0
1704	4.0
1719	5.0
1721	3.5
1729	4.0
1732	4.5
1735	3.0
1747	4.0
1772	3.0
1777	3.0
1783	2.0
1784	3.0
1810	3.5
1827	4.0
1834	4.0
1840	4.0
1863	1.0
1883	3.0
1885	4.0
1897	3.0
1904	1.5
1907	2.0
1912	3.0
1914	4.0
1921	1.5
1923	4.0
1945	3.0
1947	4.0
1948	2.0
1949	3.5
1952	4.0
1954	4.0
1955	4.5
1956	4.0
1957	3.0
1958	4.0
1961	4.0
1962	3.0
1963	4.0
1964	3.0
1966	1.0
1968	0.5
1971	1.0
1974	1.0
1979	1.0
1982	1.0
1997	1.0
2000	2.0
2003	2.0
2011	2.0
2012	1.0
2014	3.0
2020	4.0
2025	4.0
2064	4.0
2065	4.0
2076	1.0
2078	2.0
2081	1.0
2083	3.5
2084	2.0
2095	2.0
2096	1.0
2100	3.0
2108	4.0
2109	4.0
2110	3.0
2111	3.0
2112	2.0
2114	4.0
2115	2.0
2123	2.0
2124	2.0
2132	3.0
2133	3.0
2134	2.0
2137	4.0
2139	2.0
2144	4.0
2145	3.0
2146	2.0
2150	4.0
2161	2.0
2171	3.0
2174	2.0
2194	4.0
2231	4.0
2243	5.0
2248	4.5
2262	3.5
2268	5.0
2282	4.0
2289	4.0
2291	3.0
2294	2.0
2300	3.0
2302	3.0
2312	4.0
2321	3.0
2324	4.0
2329	4.0
2333	3.0
2336	3.0
2348	4.0
2352	4.0
2355	3.0
2357	4.0
2359	3.0
2369	3.0
2371	4.0
2372	3.0
2384	3.0
2391	2.0
2395	5.0
2396	4.5
2398	3.0
2403	1.0
2407	2.0
2409	3.5
2410	2.5
2413	2.0
2420	3.0
2423	2.5
2424	2.0
2427	1.0
2431	2.0
2439	3.0
2442	3.0
2469	3.0
2470	3.0
2474	4.5
2478	2.0
2492	3.0
2502	3.0
2518	4.0
2539	3.0
2542	3.0
2570	4.0
2571	3.0
2579	4.0
2580	2.5
2583	4.0
2594	5.0
2599	4.0
2611	5.0
2618	4.0
2640	3.0
2641	2.0
2642	2.0
2657	3.0
2671	2.0
2683	2.0
2692	4.0
2696	3.0
2700	4.5
2706	1.0
2709	3.5
2712	3.5
2716	4.0
2717	2.0
2724	2.0
2734	2.0
2736	3.0
2739	4.0
2745	4.0
2746	3.0
2750	4.0
2759	3.0
2762	3.0
2763	3.0
2770	4.5
2788	3.0
2791	5.0
2792	4.0
2794	2.0
2795	4.0
2797	3.0
2802	2.0
2804	4.0
2836	2.0
2852	4.0
2858	4.5
2859	4.0
2861	3.0
2863	4.0
2890	2.0
2908	4.0
2912	2.0
2915	3.0
2917	3.0
2918	5.0
2941	2.0
2942	2.0
2946	4.0
2952	3.0
2959	3.0
2973	4.0
2985	1.0
2987	3.0
2997	4.0
3000	2.0
3006	4.0
3035	2.0
3037	3.0
3039	3.0
3044	3.0
3052	3.5
3060	4.0
3067	4.0
3068	4.0
3072	3.0
3083	4.0
3088	3.0
3089	5.0
3098	4.0
3101	2.0
3104	2.0
3105	4.0
3108	3.0
3114	3.0
3129	4.0
3142	4.5
3147	4.0
3148	4.0
3155	3.0
3160	5.0
3168	2.0
3173	2.0
3174	3.0
3176	3.0
3197	3.0
3198	4.0
3210	4.0
3213	1.0
3246	5.0
3253	4.0
3255	4.0
3260	3.0
3261	3.0
3263	4.5
3298	3.0
3317	4.5
3342	3.0
3358	4.0
3359	4.5
3360	4.0
3361	5.0
3362	3.0
3386	3.5
3396	5.0
3397	4.5
3398	4.5
3408	2.0
3418	3.0
3420	4.5
3421	3.0
3422	4.0
3424	5.0
3426	4.0
3441	1.0
3448	4.0
3450	1.0
3451	3.0
3461	4.0
3468	4.0
3471	2.0
3481	4.5
3489	3.0
3504	4.0
3505	4.0
3507	3.0
3510	2.5
3524	2.0
3526	2.0
3535	2.0
3536	4.0
3538	3.0
3543	4.5
3552	4.0
3556	3.0
3566	4.0
3591	3.0
3608	3.0
3618	3.5
3623	2.0
3671	4.0
3683	2.0
3685	3.0
3702	1.0
3704	1.0
3707	4.0
3733	4.0
3744	2.0
3751	3.0
3752	2.0
3755	2.0
3760	3.5
3783	4.0
3786	3.0
3789	3.0
3791	3.0
3793	2.0
3798	1.0
3812	3.0
3852	2.0
3858	3.0
3868	4.5
3869	4.0
3893	3.0
3897	4.5
3909	3.0
3911	4.0
3915	3.5
3916	3.0
3943	3.0
3948	3.0
3952	2.0
3953	1.5
3967	2.5
3969	1.0
3983	5.0
3988	2.0
3993	2.0
3994	3.0
3996	3.0
4002	3.0
4006	1.0
4007	4.0
4008	4.0
4009	3.0
4010	2.0
4011	2.0
4014	4.0
4017	3.0
4018	2.0
4019	4.0
4021	2.0
4022	3.0
4023	2.0
4027	4.0
4029	4.5
4033	3.0
4034	4.5
4037	4.5
4062	2.0
4063	3.0
4077	3.0
4085	2.0
4090	3.0
4104	1.0
4121	3.0
4167	1.0
4174	3.0
4225	3.5
4226	5.0
4234	3.0
4235	4.0
4239	3.0
4246	2.0
4276	4.5
4280	4.0
4285	3.0
4291	3.0
4304	4.0
4306	3.0
4308	5.0
4318	3.0
4321	3.0
4322	3.0
4344	2.0
4349	4.0
4361	5.0
4381	3.0
4386	2.0
4410	3.0
4427	4.0
4448	3.5
4452	3.0
4464	4.0
4465	3.0
4467	2.0
4478	3.0
4499	3.0
4571	3.0
4623	3.0
4639	2.5
4641	4.0
4678	4.0
4723	3.0
4728	3.0
4733	3.0
4734	3.5
4757	2.0
4776	3.0
4787	3.0
4816	3.0
4823	2.0
4844	2.5
4848	2.0
4880	2.0
4881	3.0
4889	4.0
4896	2.0
4901	4.0
4903	4.0
4911	3.0
4963	3.0
4973	4.0
4975	4.0
4978	3.0
4979	4.0
4992	3.0
4994	2.0
4995	3.0
5009	3.0
5013	3.0
5015	4.5
5034	3.0
5049	3.0
5051	3.0
5060	4.0
5135	4.0
5139	4.0
5214	3.0
5222	4.5
5225	4.5
5266	2.0
5267	3.0
5292	4.0
5299	2.5
5316	2.0
5319	4.0
5339	4.0
5349	2.0
5377	3.0
5378	1.0
5379	3.0
5388	4.0
5418	2.0
5421	3.0
5445	5.0
5446	2.0
5464	2.0
5477	2.5
5500	4.0
5502	1.5
5505	3.5
5548	3.0
5568	4.0
5577	3.0
5602	3.0
5669	4.0
5673	3.0
5685	2.0
5693	3.0
5707	4.0
5747	3.5
5791	4.5
5810	2.5
5812	4.5
5816	2.0
5876	3.5
5878	4.0
5902	4.0
5945	4.0
5954	4.0
5955	3.0
5956	3.0
5989	3.0
5991	4.0
5992	5.0
6003	3.0
6062	3.0
6218	3.0
6296	4.5
6297	3.0
6322	4.0
6331	4.0
6377	2.5
6378	2.5
6380	4.5
6385	3.0
6436	3.5
6440	4.5
6538	3.0
6539	2.0
6552	4.5
6565	2.5
6620	3.0
6636	3.0
6708	4.5
6711	4.5
6787	4.5
6796	5.0
6807	4.0
6832	2.5
6852	3.5
6863	4.5
6867	3.0
6870	4.0
6873	4.5
6879	3.0
6881	4.5
6936	2.0
6944	3.0
6953	3.0
6979	3.0
6993	4.5
7018	3.0
7036	2.0
7044	1.5
7046	2.5
7084	3.5
7102	2.0
7139	3.0
7143	2.0
7149	2.0
7234	3.0
7361	4.5
7366	2.0
7419	3.5
7983	4.0
8042	3.0
8376	3.0
8464	4.0
8528	4.0
8622	4.0
8623	4.0
8636	1.0
8638	4.5
8641	2.5
8781	2.0
8784	3.5
8873	3.0
8949	4.0
8958	3.5
8966	3.0
8970	3.5
8981	3.0
26133	3.5
26729	4.0
30707	4.5
30793	2.5
30810	2.5
30812	3.5
32598	3.0
33154	2.5
33166	4.5
34072	3.0
34162	4.0
34271	4.0
36517	3.5
36527	3.0
36535	3.5
37741	4.5
38304	3.0
38886	4.5
39183	4.0
39231	3.5
39292	4.0
40629	4.0
40815	2.5
40826	4.5
41285	4.0
41997	2.0
44694	3.0
44788	2.5
45210	3.0
45880	3.0
46578	4.0
46723	4.0
46850	4.5
46976	3.0
47423	3.0
47629	3.0
48082	4.0
48385	3.5
48516	3.5
48696	4.0
48774	4.0
48780	5.0
48783	3.0
49396	2.5
49530	2.0
49772	2.5
49822	2.0
49824	4.0
49961	3.0
50685	4.0
50872	3.0
51084	3.0
51540	1.5
51935	1.0
52241	4.0
52245	3.0
52435	3.5
52973	3.0
52975	3.5
53123	4.0
53894	5.0
53956	3.5
54190	5.0
54272	3.5
54281	4.0
54503	3.5
55052	4.0
55094	2.5
55267	3.5
55269	3.5
55276	4.0
55442	4.0
55765	2.5
55820	4.0
56152	2.5
56333	3.5
56367	4.5
56782	3.0
56788	4.0
56805	3.0
58047	3.5
58559	1.5
58998	3.5
59022	2.5
59725	3.5
59784	2.5
60487	4.5
60950	2.5
61323	4.0
62155	4.0
62511	3.5
63082	3.5
63876	4.0
64620	4.0
66665	4.0
68358	3.5
68954	4.5
69306	2.0
69757	4.5
70286	2.0
70293	3.5
71579	4.5
71745	4.0
72011	3.5
73017	3.5
