1	4.5
2	4.0
3	4.5
5	4.5
6	4.0
7	4.0
8	4.0
10	4.5
11	4.0
17	3.5
19	4.5
20	4.0
21	3.5
23	4.0
25	3.0
27	3.5
31	4.0
32	3.0
34	3.5
36	3.5
39	4.0
44	3.5
47	4.5
48	4.0
50	4.0
60	4.0
61	3.5
62	4.0
64	4.0
65	4.0
69	4.0
70	4.0
71	3.5
87	3.0
88	4.5
95	4.5
101	4.0
102	3.5
104	5.0
105	3.0
110	4.5
112	4.0
126	3.0
135	3.5
145	4.0
150	3.5
151	3.5
153	3.5
157	3.5
158	4.0
160	4.0
161	3.5
163	4.5
165	4.5
168	4.0
169	3.0
170	3.5
173	3.5
174	4.0
180	4.5
185	4.0
186	3.5
193	3.5
195	3.5
203	3.5
204	4.0
208	3.0
216	5.0
227	4.0
231	5.0
236	3.5
237	3.5
239	4.0
250	3.5
252	4.0
253	3.0
256	4.0
257	3.5
260	4.5
266	4.0
267	3.5
273	3.5
274	3.5
277	4.0
280	4.0
282	4.0
288	2.5
291	3.0
293	4.0
296	4.5
303	3.5
315	4.0
316	3.5
317	4.0
318	4.5
325	4.0
327	3.0
333	5.0
337	4.0
339	4.5
344	4.5
349	3.5
350	3.5
351	2.5
355	3.5
356	4.5
357	4.0
360	3.5
361	4.0
364	4.5
367	4.0
368	4.5
370	3.5
374	4.0
377	4.5
379	3.5
380	4.5
381	3.5
383	4.0
393	3.0
410	3.5
413	4.0
415	4.0
419	3.5
420	4.0
423	4.0
429	3.5
432	4.5
434	4.0
435	4.0
437	3.5
441	4.0
442	3.5
454	3.5
455	3.5
457	4.5
466	3.5
473	4.0
474	3.5
477	3.5
480	4.5
484	4.0
485	4.0
489	3.5
491	4.0
494	4.0
500	4.5
502	3.5
514	4.0
517	4.0
519	3.0
520	4.0
524	4.0
527	3.5
539	4.5
541	3.5
542	4.0
543	4.5
546	3.5
548	3.5
552	4.5
553	4.0
569	3.5
574	2.5
575	4.0
585	4.0
586	4.0
587	4.0
588	4.5
589	4.5
590	4.5
592	4.5
593	4.0
594	3.5
595	4.5
596	3.5
597	4.5
609	4.0
610	3.5
612	3.5
619	4.0
637	3.5
647	3.5
648	3.5
653	3.5
673	3.5
710	3.5
711	3.5
719	4.0
720	4.5
733	5.0
736	4.5
737	3.5
743	3.0
761	3.5
762	3.5
765	4.0
780	5.0
782	3.5
783	3.5
784	4.0
785	3.5
786	4.0
788	4.0
798	3.5
801	3.5
802	4.0
804	3.5
805	4.0
818	3.5
830	3.5
832	4.0
833	3.5
836	3.0
837	4.0
849	3.5
852	3.5
858	4.0
886	4.0
888	3.0
919	4.0
920	3.5
940	3.5
986	3.5
996	4.0
1004	3.5
1005	3.5
1009	3.0
1010	4.0
1011	4.0
1012	3.5
1013	3.5
1015	4.0
1019	3.0
1020	4.0
1021	4.0
1022	3.5
1025	3.0
1027	4.5
1028	3.5
1029	3.5
1032	3.5
1035	3.0
1036	4.5
1042	4.0
1047	4.0
1060	3.5
1073	4.0
1079	3.5
1080	3.5
1088	4.0
1090	4.0
1091	4.0
1092	3.5
1097	4.5
1100	4.0
1101	4.0
1104	3.0
1120	3.5
1126	2.5
1129	4.0
1136	4.0
1183	3.5
1193	4.0
1196	4.5
1197	4.0
1198	4.5
1201	3.5
1207	3.5
1210	4.5
1215	3.5
1220	4.5
1221	4.0
1225	3.5
1240	3.5
1242	4.0
1262	4.0
1265	4.5
1266	3.5
1270	4.5
1271	4.0
1276	4.0
1278	4.0
1288	4.0
1291	4.5
1302	4.5
1307	4.0
1333	3.5
1359	3.5
1367	4.0
1370	4.5
1372	4.0
1376	4.0
1377	4.0
1378	3.5
1379	3.5
1380	4.0
1385	4.5
1387	4.0
1388	4.0
1390	3.5
1391	3.5
1393	4.0
1394	2.5
1398	3.5
1405	3.5
1407	4.0
1408	4.0
1422	4.0
1429	3.5
1431	3.0
1432	4.5
1438	4.0
1445	3.0
1457	4.5
1461	4.0
1474	4.0
1476	3.5
1479	4.0
1485	5.0
1487	4.0
1488	4.5
1499	3.5
1500	4.0
1503	3.5
1513	4.0
1515	4.0
1517	5.0
1527	4.5
1541	4.0
1544	4.5
1552	4.5
1556	3.5
1562	3.5
1566	4.0
1569	4.5
1573	4.5
1580	4.5
1587	3.5
1591	3.0
1593	3.5
1595	3.0
1597	4.5
1604	4.0
1605	3.0
1608	4.5
1610	3.0
1616	3.5
1617	4.0
1619	3.0
1620	4.0
1639	4.0
1644	3.5
1645	4.0
1663	3.5
1665	4.0
1673	4.0
1676	3.5
1680	4.0
1681	3.0
1682	4.0
1687	4.0
1688	4.0
1689	3.0
1693	3.5
1703	3.5
1704	4.0
1707	3.5
1717	4.0
1721	4.5
1722	5.0
1726	2.5
1732	3.5
1752	4.0
1754	3.5
1769	3.5
1772	4.0
1777	4.5
1784	4.0
1792	4.0
1801	4.0
1805	4.0
1833	3.5
1835	4.0
1858	4.0
1863	3.5
1866	3.5
1873	4.0
1876	3.5
1882	3.5
1888	4.0
1894	4.0
1895	4.5
1907	4.5
1911	4.0
1912	5.0
1917	4.5
1918	4.5
1919	3.5
1923	4.5
1947	3.5
1954	3.5
1961	4.5
1962	3.0
1967	3.0
1968	4.5
2000	4.5
2001	4.5
2002	5.0
2003	4.5
2004	3.5
2005	4.0
2006	4.5
2011	4.5
2012	4.5
2015	4.0
2018	3.5
2023	3.5
2027	3.5
2028	4.5
2033	3.0
2036	4.0
2040	3.5
2042	3.5
2046	4.5
2048	3.5
2050	4.0
2052	4.0
2053	3.5
2054	4.0
2058	5.0
2059	3.5
2060	4.5
2072	4.0
2078	3.5
2081	4.0
2082	4.0
2084	4.0
2085	3.5
2087	3.5
2088	4.0
2089	3.5
2090	3.5
2091	3.5
2092	3.0
2094	4.0
2096	3.5
2100	4.0
2106	3.5
2109	4.5
2111	3.5
2115	4.5
2124	3.5
2126	3.0
2133	4.0
2134	4.0
2136	4.0
2137	3.5
2141	4.0
2142	4.0
2144	3.5
2145	3.5
2155	2.5
2161	3.5
2162	3.0
2167	4.0
2169	4.0
2170	3.5
2174	4.0
2193	3.5
2194	4.0
2195	4.0
2231	3.5
2232	3.0
2253	2.5
2268	3.5
2273	4.5
2279	3.5
2291	4.0
2294	4.5
2296	3.5
2297	2.5
2301	3.5
2302	4.5
2306	4.0
2313	3.5
2321	4.0
2334	3.5
2335	4.0
2338	3.5
2340	4.0
2353	4.5
2355	4.5
2371	4.0
2372	3.5
2375	4.0
2378	4.0
2379	4.0
2380	4.0
2381	4.0
2382	4.0
2383	4.0
2387	3.5
2391	4.0
2392	4.0
2395	3.0
2396	4.0
2401	4.0
2402	4.5
2403	4.5
2404	4.5
2405	4.0
2406	4.0
2407	3.5
2409	3.5
2410	3.0
2411	3.0
2412	3.5
2416	3.5
2420	4.0
2421	4.0
2422	4.0
2423	4.5
2424	4.5
2429	3.5
2431	4.0
2447	4.5
2450	4.0
2458	4.0
2463	3.5
2470	4.0
2471	4.0
2478	5.0
2485	4.0
2490	4.0
2491	3.0
2496	3.5
2498	4.0
2502	4.5
2505	3.5
2539	4.0
2541	4.5
2542	4.0
2558	4.0
2567	4.0
2571	4.5
2572	5.0
2574	4.0
2580	4.0
2581	3.5
2598	3.5
2605	4.0
2606	4.0
2616	3.5
2617	4.5
2628	4.0
2640	4.0
2641	3.5
2642	3.5
2643	3.5
2671	4.0
2676	4.0
2683	4.0
2687	4.5
2692	4.0
2694	4.5
2700	4.5
2701	3.5
2706	4.5
2707	4.0
2709	4.0
2716	5.0
2717	4.5
2718	3.0
2722	3.5
2723	3.5
2724	4.0
2735	3.5
2739	2.5
2746	4.5
2762	4.5
2763	4.0
2770	3.0
2772	4.0
2791	3.5
2792	3.5
2793	4.0
2794	4.0
2795	4.0
2797	4.5
2798	3.5
2799	3.0
2806	3.0
2808	3.5
2822	3.5
2826	2.0
2836	4.0
2840	4.0
2841	3.5
2857	3.0
2858	3.5
2860	4.0
2861	4.0
2871	3.5
2881	4.5
2883	3.0
2888	3.5
2889	4.0
2890	4.5
2915	4.0
2916	3.5
2918	4.0
2947	4.0
2948	4.0
2949	4.0
2950	3.5
2953	4.0
2959	4.0
2978	4.5
2985	4.0
2986	3.5
2987	4.0
2989	4.0
2990	4.0
2991	4.0
2993	4.0
3000	2.5
3005	4.0
3033	4.5
3034	3.5
3039	4.0
3052	4.0
3082	4.5
3087	4.5
3100	4.0
3107	4.0
3113	4.0
3114	4.5
3120	3.5
3146	4.0
3147	4.5
3156	4.0
3173	3.5
3174	3.5
3175	4.0
3176	1.0
3177	3.0
3186	3.5
3208	3.5
3210	4.5
3225	3.5
3243	4.0
3247	4.0
3248	4.0
3250	4.0
3253	4.5
3254	4.5
3255	4.5
3256	4.0
3257	4.0
3258	4.0
3259	4.0
3263	4.0
3264	3.5
3267	3.5
3268	3.5
3269	4.0
3270	3.5
3271	4.0
3273	3.5
3275	4.0
3299	3.5
3301	5.0
3316	4.0
3354	3.5
3361	3.5
3363	3.0
3387	4.0
3388	4.0
3408	4.0
3409	4.0
3421	4.5
3436	4.0
3438	3.5
3439	4.0
3440	4.0
3448	4.0
3450	4.5
3452	4.5
3477	4.0
3478	3.5
3480	3.5
3481	4.5
3484	4.0
3489	4.5
3499	3.5
3510	4.5
3524	4.0
3526	3.5
3527	3.0
3528	2.5
3534	3.5
3535	3.5
3536	4.5
3555	0.5
3578	4.5
3608	3.0
3614	3.5
3616	3.0
3617	4.5
3623	5.0
3624	4.5
3635	4.0
3639	4.0
3646	4.0
3668	3.0
3671	3.5
3672	3.5
3686	3.5
3688	4.0
3698	3.5
3703	3.0
3704	3.5
3705	3.5
3717	4.5
3740	4.0
3744	3.5
3745	4.0
3751	3.5
3752	4.0
3753	4.5
3755	4.0
3766	4.0
3784	4.0
3785	3.5
3791	3.5
3793	5.0
3798	3.5
3809	4.5
3821	3.5
3825	4.5
3826	4.0
3841	3.5
3844	3.5
3861	5.0
3863	2.5
3879	4.0
3882	4.0
3897	3.5
3901	4.0
3911	1.0
3916	4.0
3946	4.0
3948	4.0
3950	4.0
3955	3.0
3968	4.0
3969	4.0
3977	4.5
3978	3.5
3979	3.5
3980	3.5
3984	4.0
3986	4.0
3987	3.5
3994	4.0
3996	1.5
3998	3.5
3999	3.5
4002	4.5
4005	4.0
4006	3.5
4011	4.0
4015	4.0
4016	4.5
4018	5.0
4019	3.5
4020	3.5
4022	4.5
4023	4.0
4025	4.5
4027	4.0
4029	4.0
4039	3.5
4040	3.5
4047	4.5
4052	4.0
4054	3.5
4068	3.0
4069	5.0
4079	2.5
4084	4.0
4085	4.5
4091	4.0
4102	4.5
4121	4.5
4124	4.0
4132	4.0
4143	3.5
4148	4.0
4149	4.5
4159	4.0
4161	4.0
4214	4.5
4215	4.0
4223	4.5
4224	3.5
4226	4.5
4228	4.0
4231	4.0
4234	2.0
4238	4.0
4239	4.0
4247	4.0
4248	4.0
4255	3.0
4262	3.5
4265	3.5
4267	2.5
4270	4.5
4299	4.0
4305	2.5
4306	4.0
4308	3.5
4310	4.0
4317	3.5
4321	4.5
4333	3.5
4340	3.0
4343	4.5
4344	4.5
4361	3.5
4367	4.0
4368	3.5
4369	5.0
4372	3.0
4387	4.0
4388	3.5
4396	3.5
4446	2.5
4447	3.5
4448	3.0
4452	3.0
4467	3.5
4474	2.5
4477	4.0
4483	4.0
4487	3.5
4489	4.0
4492	4.0
4499	4.0
4509	4.5
4519	3.0
4526	3.0
4544	4.0
4545	4.0
4558	4.0
4571	3.5
4613	3.5
4621	4.0
4623	4.0
4638	3.5
4639	4.5
4649	4.0
4662	4.5
4673	4.0
4677	4.5
4679	4.0
4686	3.5
4701	5.0
4718	4.5
4719	4.0
4728	4.0
4732	4.0
4734	4.5
4745	2.5
4748	4.0
4756	4.5
4757	4.0
4776	4.0
4787	4.0
4816	3.0
4821	3.5
4823	4.5
4844	4.0
4845	3.5
4855	3.5
4866	3.5
4881	3.0
4886	4.5
4887	3.5
4890	4.0
4896	3.5
4901	2.0
4958	4.5
4963	5.0
4973	4.0
4974	4.0
4975	2.0
4979	3.5
4993	4.5
4995	4.0
5010	4.0
5014	4.0
5025	3.5
5027	3.5
5047	3.0
5049	4.0
5055	3.5
5064	4.5
5066	3.5
5092	4.0
5093	4.0
5094	3.0
5102	4.0
5103	4.0
5107	3.5
5108	4.0
5110	4.5
5151	4.0
5152	4.0
5171	3.0
5218	4.5
5219	3.5
5220	3.5
5247	4.0
5254	4.0
5264	4.0
5265	3.5
5266	4.5
5283	5.0
5293	3.5
5296	4.0
5299	4.0
5303	4.0
5308	4.5
5309	4.0
5312	3.0
5313	3.5
5349	5.0
5363	4.0
5377	4.0
5378	4.0
5388	4.0
5400	4.5
5414	4.0
5415	3.0
5418	5.0
5419	3.5
5420	4.0
5438	3.5
5444	3.5
5445	4.5
5449	4.0
5452	4.0
5459	5.0
5463	3.5
5464	4.0
5478	3.5
5481	4.0
5502	4.5
5505	3.0
5507	4.5
5524	3.5
5528	3.5
5553	4.0
5564	3.5
5572	4.0
5574	5.0
5582	4.5
5609	3.5
5611	2.5
5620	4.5
5621	3.5
5650	4.5
5666	3.0
5679	3.5
5693	3.5
5784	3.5
5785	4.0
5803	4.5
5809	3.5
5810	3.5
5816	3.5
5872	5.0
5902	0.5
5942	4.0
5943	4.5
5952	4.5
5954	3.0
5956	3.0
5957	4.5
5969	3.5
5970	3.0
5989	4.0
5991	1.0
6006	4.5
6058	4.0
6059	4.5
6155	4.5
6156	4.5
6157	4.0
6166	4.0
6188	4.5
6213	3.5
6238	3.5
6250	3.5
6263	2.5
6266	4.0
6281	4.5
6286	2.5
6287	4.0
6294	3.5
6297	4.0
6322	3.5
6323	4.0
6333	5.0
6338	4.0
6365	3.5
6367	4.0
6373	5.0
6377	4.5
6378	5.0
6383	4.5
6484	4.0
6503	4.0
6534	4.0
6537	4.5
6539	5.0
6541	4.0
6548	5.0
6550	3.5
6564	4.0
6565	4.0
6586	4.0
6593	3.5
6595	4.5
6624	4.0
6708	4.0
6709	4.0
6711	3.5
6753	4.0
6763	3.0
6764	4.5
6765	4.0
6862	4.0
6863	4.0
6873	4.0
6874	4.0
6881	3.5
6887	4.0
6888	3.5
6889	3.5
6934	3.5
6936	4.0
6942	5.0
6947	4.0
6957	4.0
6959	4.0
7143	4.0
7147	4.0
7150	4.0
7153	5.0
7161	4.0
7162	4.0
7163	4.0
7173	4.0
7254	4.0
7255	4.0
7263	3.5
7293	5.0
7317	4.0
7325	4.5
7346	4.5
7347	4.0
7361	3.5
7362	4.0
7366	4.0
7373	3.5
7376	4.5
7381	4.0
7439	5.0
7451	4.0
7454	4.0
7458	4.0
8360	4.5
8361	4.0
8368	4.0
8373	4.0
8376	4.0
8528	4.5
8529	4.5
8636	5.0
8640	4.5
8641	4.0
8644	4.5
8665	4.5
8783	4.0
8784	4.5
8874	4.0
