1	5.0
13	5.0
17	5.0
18	5.0
28	5.0
34	5.0
48	5.0
50	5.0
60	3.0
62	5.0
141	5.0
150	5.0
158	5.0
223	5.0
232	5.0
235	5.0
246	5.0
247	5.0
260	5.0
261	5.0
262	5.0
277	5.0
293	5.0
316	5.0
317	5.0
329	1.0
339	5.0
356	5.0
361	5.0
364	5.0
432	5.0
440	5.0
455	5.0
468	5.0
480	3.0
497	5.0
501	5.0
531	5.0
539	3.0
588	5.0
594	5.0
595	5.0
616	5.0
661	3.0
745	5.0
750	5.0
783	5.0
838	3.0
888	5.0
899	5.0
900	5.0
902	1.0
903	5.0
904	5.0
905	5.0
906	5.0
908	5.0
909	3.0
910	5.0
912	3.0
914	3.0
916	3.0
919	5.0
920	5.0
923	5.0
924	5.0
926	5.0
928	5.0
932	5.0
933	5.0
940	5.0
952	1.0
953	5.0
954	5.0
965	5.0
968	5.0
969	5.0
971	5.0
986	5.0
1014	5.0
1017	3.0
1019	3.0
1022	5.0
1023	5.0
1025	5.0
1028	5.0
1033	5.0
1035	5.0
1042	3.0
1059	5.0
1064	5.0
1073	3.0
1080	5.0
1081	5.0
1082	5.0
1083	3.0
1086	5.0
1097	3.0
1104	5.0
1125	5.0
1136	5.0
1148	5.0
1193	5.0
1196	5.0
1197	3.0
1198	3.0
1204	5.0
1210	5.0
1214	5.0
1219	5.0
1223	5.0
1230	1.0
1231	5.0
1234	5.0
1243	5.0
1246	5.0
1254	5.0
1258	5.0
1262	5.0
1265	5.0
1269	5.0
1270	5.0
1281	5.0
1287	3.0
1291	5.0
1293	5.0
1296	5.0
1304	5.0
1321	5.0
1333	5.0
1334	5.0
1350	5.0
1352	5.0
1356	5.0
1380	3.0
1387	5.0
1411	5.0
1441	5.0
1461	3.0
1566	5.0
1569	3.0
1584	5.0
1625	5.0
1648	5.0
1682	5.0
1702	3.0
1727	5.0
1754	5.0
1806	5.0
1848	5.0
1882	5.0
1907	5.0
1927	5.0
1934	5.0
1941	5.0
1947	5.0
1948	5.0
1950	5.0
1954	5.0
1955	5.0
1957	5.0
1960	5.0
1961	5.0
1962	5.0
1967	5.0
1968	5.0
1997	5.0
2006	5.0
2011	5.0
2012	5.0
2059	5.0
2072	3.0
2081	5.0
2085	5.0
2087	5.0
2088	5.0
2090	1.0
2094	3.0
2096	5.0
2100	5.0
2105	5.0
2115	3.0
2122	5.0
2125	5.0
2132	5.0
2135	5.0
2150	5.0
2159	5.0
2160	5.0
2161	3.0
2176	5.0
2181	5.0
2184	3.0
2186	5.0
2203	5.0
2206	5.0
2240	5.0
2291	5.0
2294	3.0
2302	5.0
2312	5.0
2316	5.0
2321	3.0
2337	3.0
2352	5.0
2355	5.0
2393	3.0
2394	5.0
2396	5.0
2398	5.0
2407	5.0
2408	5.0
2409	3.0
2423	5.0
2424	3.0
2431	3.0
2439	5.0
2445	5.0
2459	5.0
2469	5.0
2470	5.0
2501	5.0
2520	1.0
2551	5.0
2571	5.0
2579	5.0
2617	3.0
2628	5.0
2683	3.0
2693	5.0
2710	5.0
2716	5.0
2724	3.0
2729	5.0
2763	5.0
2764	5.0
2779	5.0
2791	3.0
2795	5.0
2797	5.0
2804	5.0
2858	5.0
2862	5.0
2863	5.0
2875	5.0
2908	5.0
2917	5.0
2918	5.0
2946	5.0
2947	5.0
2967	5.0
2987	1.0
2997	5.0
3000	5.0
3022	5.0
3028	3.0
3035	5.0
3039	5.0
3052	5.0
3061	5.0
3072	5.0
3074	5.0
3077	5.0
3079	5.0
3088	3.0
3094	5.0
3097	5.0
3100	5.0
3114	5.0
3135	5.0
3155	5.0
3175	5.0
3176	5.0
3196	5.0
3255	5.0
3296	5.0
3355	5.0
3358	5.0
3359	5.0
3360	3.0
3363	5.0
3418	5.0
3451	5.0
3452	5.0
3469	3.0
3483	5.0
3507	5.0
3516	5.0
3535	5.0
3543	5.0
3552	5.0
3615	5.0
3629	3.0
3638	5.0
3668	5.0
3675	3.0
3677	3.0
3684	5.0
3699	5.0
3723	5.0
3745	5.0
3751	5.0
3754	3.0
3793	5.0
3809	1.0
3857	5.0
3863	5.0
3868	3.0
3871	5.0
3873	5.0
3911	1.0
3928	5.0
3948	5.0
3959	5.0
3967	5.0
3968	5.0
3986	5.0
3996	5.0
4014	5.0
4022	5.0
4025	5.0
4054	5.0
4085	5.0
4090	1.0
4105	5.0
4128	5.0
4187	5.0
4226	5.0
4232	1.0
4299	5.0
4306	5.0
4321	5.0
4326	5.0
4356	3.0
4361	5.0
4366	5.0
4367	5.0
4447	5.0
4464	5.0
4467	3.0
4499	3.0
4519	5.0
4571	3.0
4682	5.0
4699	5.0
4700	5.0
4705	5.0
4720	5.0
4734	5.0
4744	3.0
4799	5.0
4857	5.0
4878	5.0
4886	1.0
4896	5.0
4963	5.0
4971	3.0
4979	5.0
4980	5.0
4992	5.0
4993	5.0
5103	5.0
5111	5.0
5139	3.0
5218	5.0
5267	5.0
5299	5.0
5303	3.0
5308	5.0
5312	5.0
5349	5.0
5377	5.0
5378	5.0
5380	1.0
5389	5.0
5418	5.0
5481	5.0
5524	1.0
5540	3.0
5603	3.0
5618	5.0
5667	5.0
5679	5.0
5772	5.0
5810	5.0
5816	5.0
5902	5.0
5942	5.0
5944	3.0
5952	5.0
5971	5.0
5989	5.0
6218	5.0
6239	5.0
6242	5.0
6266	1.0
6297	5.0
6305	5.0
6333	5.0
6350	5.0
6365	5.0
6373	5.0
6377	5.0
6385	5.0
6565	3.0
6624	5.0
6650	3.0
6662	5.0
6663	5.0
6666	5.0
6731	5.0
6753	5.0
6787	5.0
6863	5.0
6887	5.0
6934	5.0
6936	3.0
6942	5.0
6975	5.0
6987	5.0
7004	5.0
7073	5.0
7075	5.0
7099	5.0
7101	5.0
7132	5.0
7151	5.0
7153	5.0
7247	1.0
7327	5.0
7373	5.0
7380	5.0
7387	5.0
7481	5.0
7482	5.0
7566	5.0
7619	5.0
7669	5.0
7706	5.0
7827	5.0
7836	5.0
8360	5.0
8368	5.0
8464	3.0
8492	5.0
8529	5.0
8531	1.0
8542	5.0
8610	5.0
8636	5.0
8665	5.0
8808	5.0
8865	5.0
8879	5.0
8961	5.0
8965	5.0
8966	5.0
8970	5.0
8972	5.0
8984	5.0
25771	3.0
26084	1.0
26133	5.0
26662	5.0
26680	3.0
26776	5.0
27706	3.0
27772	5.0
27801	5.0
27839	5.0
30793	3.0
30816	5.0
31658	5.0
32031	3.0
32598	5.0
33493	5.0
33615	5.0
33669	5.0
34072	5.0
34150	1.0
37741	5.0
38038	5.0
39183	5.0
39292	5.0
40629	5.0
40815	5.0
41566	5.0
41573	5.0
42004	5.0
42418	5.0
44022	1.0
44193	5.0
44709	5.0
45028	1.0
45499	5.0
45517	5.0
45666	1.0
45668	5.0
45720	5.0
45730	5.0
45950	5.0
46322	1.0
46948	3.0
46972	5.0
46976	5.0
47610	5.0
47629	5.0
47999	5.0
48385	3.0
48516	5.0
48780	5.0
48982	3.0
49272	5.0
49286	5.0
49649	5.0
50872	5.0
52245	5.0
52435	5.0
52722	5.0
52975	3.0
53121	5.0
53322	5.0
53993	5.0
54001	5.0
54286	5.0
55280	5.0
55995	5.0
56152	5.0
56171	5.0
56775	5.0
57640	5.0
59315	5.0
59501	5.0
59784	5.0
60069	5.0
60126	5.0
60487	3.0
61240	5.0
63062	5.0
63859	5.0
64575	5.0
65261	5.0
65642	5.0
66097	5.0
66934	5.0
68358	5.0
68793	5.0
68954	5.0
69784	5.0
69844	5.0
70293	5.0
71379	5.0
72011	5.0
72395	5.0
72641	5.0
72998	5.0
76093	5.0
79091	5.0
79132	5.0
81564	5.0
81591	5.0
81788	5.0
81834	5.0
81845	5.0
81847	5.0
84944	5.0
86332	5.0
88125	5.0
88129	3.0
88810	5.0
89492	5.0
89774	5.0
89804	3.0
90866	5.0
93510	5.0
