1	4.0
2	4.0
16	4.5
19	1.0
25	4.0
29	4.5
32	3.5
34	4.5
36	4.0
41	4.0
47	3.5
50	4.0
60	3.0
68	5.0
97	4.0
101	3.5
104	1.0
110	4.0
111	5.0
121	5.0
141	2.0
147	5.0
150	4.0
162	5.0
165	2.0
170	2.0
175	4.5
176	4.5
194	4.0
203	1.0
208	2.0
213	5.0
223	4.5
231	1.0
235	4.0
249	5.0
260	4.0
276	2.0
288	5.0
292	2.5
293	4.5
296	4.5
299	5.0
300	4.0
305	4.0
307	4.5
314	4.0
316	2.0
318	4.0
326	4.0
327	3.5
329	3.0
334	5.0
337	5.0
342	5.0
344	2.0
345	5.0
349	4.0
356	4.0
357	4.5
364	3.0
365	5.0
367	1.0
370	3.0
372	4.0
377	3.5
380	3.5
390	4.0
410	1.0
428	5.0
432	2.0
441	4.0
446	4.0
448	4.0
454	2.0
457	4.0
468	3.0
475	4.5
480	4.0
491	5.0
493	4.0
500	4.0
508	4.0
527	5.0
529	5.0
532	4.0
535	4.0
539	2.5
541	5.0
549	5.0
551	3.0
555	4.0
562	5.0
574	3.5
581	4.5
585	3.0
587	3.5
588	3.5
589	4.0
590	4.0
592	4.0
593	4.0
594	4.0
596	4.0
597	3.0
608	4.5
648	3.0
668	4.0
678	4.5
720	5.0
724	4.0
733	1.0
736	2.0
741	5.0
745	5.0
750	5.0
765	3.0
766	3.5
778	4.5
780	4.0
784	1.0
802	4.0
828	4.0
851	4.0
858	5.0
898	5.0
899	5.0
903	4.0
904	5.0
908	5.0
910	4.0
912	5.0
916	5.0
919	5.0
922	5.0
923	5.0
924	5.0
927	4.0
942	4.0
945	5.0
953	5.0
971	5.0
994	5.0
1012	4.5
1017	4.0
1019	3.0
1022	4.0
1027	3.0
1028	4.0
1029	3.0
1030	3.0
1031	2.0
1036	3.5
1046	5.0
1059	4.0
1060	4.0
1073	5.0
1079	5.0
1080	4.5
1081	5.0
1088	3.5
1089	4.5
1090	4.5
1091	2.0
1093	4.0
1094	4.0
1097	5.0
1099	3.0
1100	2.5
1101	3.0
1103	5.0
1111	4.5
1120	4.5
1124	4.0
1127	4.0
1135	2.5
1136	5.0
1148	5.0
1150	4.0
1172	5.0
1173	5.0
1175	5.0
1179	4.5
1183	4.0
1184	3.5
1185	4.5
1189	5.0
1192	4.0
1193	4.5
1194	3.0
1196	5.0
1197	5.0
1198	4.0
1199	5.0
1200	4.0
1201	5.0
1203	4.0
1206	5.0
1208	5.0
1210	4.0
1211	4.5
1212	4.0
1213	4.5
1214	4.5
1216	4.5
1218	4.0
1219	4.5
1220	4.0
1221	5.0
1222	5.0
1223	5.0
1224	4.0
1228	4.5
1231	5.0
1233	5.0
1235	5.0
1237	5.0
1238	4.5
1240	4.0
1243	5.0
1245	5.0
1246	4.5
1247	5.0
1248	5.0
1249	5.0
1250	4.5
1251	5.0
1252	4.5
1253	4.0
1254	4.0
1257	4.0
1258	4.5
1259	5.0
1260	4.5
1264	4.0
1265	4.5
1267	5.0
1268	4.5
1270	4.0
1271	4.0
1272	5.0
1274	5.0
1279	4.0
1280	4.5
1282	4.5
1285	4.5
1288	4.0
1289	5.0
1291	4.0
1292	4.0
1293	4.5
1297	5.0
1298	4.0
1300	5.0
1302	4.0
1305	5.0
1306	4.0
1307	4.0
1343	3.5
1344	4.0
1356	4.0
1357	4.0
1358	5.0
1371	4.0
1372	3.0
1373	2.0
1374	4.0
1375	3.0
1376	4.0
1377	3.0
1387	4.0
1388	2.0
1389	1.0
1394	5.0
1396	4.0
1405	4.0
1407	4.0
1419	5.0
1441	4.0
1446	5.0
1449	3.5
1466	4.0
1513	2.5
1517	4.0
1527	4.0
1542	4.5
1544	3.0
1554	5.0
1573	2.0
1580	4.0
1584	4.5
1586	4.0
1594	4.5
1597	4.0
1608	2.5
1610	4.0
1611	5.0
1614	3.0
1617	4.5
1619	4.0
1625	4.0
1627	4.0
1635	5.0
1639	3.0
1641	4.5
1643	4.0
1649	4.5
1653	4.0
1663	4.0
1665	1.0
1673	4.5
1674	5.0
1676	4.0
1678	4.5
1682	4.0
1699	4.5
1704	4.0
1707	1.0
1711	4.0
1713	2.0
1722	3.0
1726	1.0
1732	4.0
1734	5.0
1747	4.5
1772	1.0
1779	1.5
1784	4.0
1810	4.0
1831	3.0
1834	4.5
1876	3.0
1883	4.0
1884	4.0
1909	3.0
1917	3.0
1918	2.0
1921	4.5
1923	4.0
1944	4.0
1947	5.0
1952	4.5
1957	4.5
1961	4.0
1962	4.0
1966	4.0
1967	4.0
1968	5.0
1994	4.0
1997	4.5
2000	4.0
2001	3.0
2003	3.0
2005	4.5
2009	4.0
2010	4.5
2011	3.0
2012	2.0
2013	3.0
2015	3.0
2021	4.0
2028	4.5
2034	3.0
2046	4.0
2054	3.0
2064	5.0
2068	5.0
2076	5.0
2077	4.0
2078	4.0
2080	4.0
2081	4.0
2083	3.0
2085	4.0
2089	4.0
2090	4.0
2100	4.0
2105	5.0
2115	4.0
2116	3.0
2119	3.0
2124	3.0
2134	5.0
2137	4.0
2139	5.0
2140	4.0
2141	2.0
2143	4.0
2150	4.0
2151	1.0
2161	5.0
2163	2.0
2169	4.0
2174	4.0
2188	4.0
2193	3.0
2194	3.5
2202	5.0
2236	4.0
2247	4.0
2248	5.0
2278	4.0
2282	4.5
2289	4.0
2291	5.0
2297	3.0
2301	3.0
2311	2.5
2318	5.0
2324	3.5
2329	4.0
2344	4.0
2352	4.0
2353	4.5
2355	4.0
2357	5.0
2359	5.0
2361	5.0
2369	4.0
2371	3.0
2374	4.0
2375	4.0
2376	3.0
2378	3.0
2379	1.0
2380	1.0
2381	1.0
2382	1.0
2383	1.0
2391	3.0
2393	3.0
2395	5.0
2398	5.0
2405	4.0
2406	4.0
2407	3.0
2408	2.0
2413	3.0
2414	3.0
2416	3.0
2420	3.0
2421	2.0
2422	1.0
2423	2.0
2427	4.5
2431	3.0
2436	4.0
2437	4.0
2450	1.0
2453	4.0
2455	4.0
2467	4.0
2469	4.0
2470	3.0
2471	2.0
2473	2.0
2478	2.5
2501	4.5
2502	4.5
2505	4.0
2513	3.0
2517	2.5
2520	2.0
2521	1.0
2524	3.0
2528	4.0
2541	1.0
2542	4.0
2565	4.0
2571	4.0
2580	5.0
2599	5.0
2611	4.5
2613	4.0
2616	3.5
2618	4.0
2628	3.0
2640	3.0
2641	3.0
2648	5.0
2657	3.0
2662	4.0
2664	4.0
2677	4.0
2683	4.0
2686	4.0
2692	5.0
2693	4.5
2699	2.0
2700	5.0
2701	1.0
2706	5.0
2707	3.0
2710	4.0
2712	4.0
2716	4.0
2717	2.0
2721	4.0
2728	5.0
2730	3.0
2731	5.0
2732	5.0
2734	5.0
2735	2.0
2736	5.0
2739	4.0
2745	4.0
2746	4.0
2761	4.0
2762	4.0
2770	4.0
2791	3.0
2792	2.0
2794	2.0
2795	4.0
2797	4.0
2804	3.0
2815	1.0
2816	1.0
2817	1.0
2836	5.0
2841	4.0
2846	3.0
2858	5.0
2859	5.0
2862	2.0
2871	5.0
2890	4.0
2908	5.0
2912	5.0
2915	5.0
2916	3.5
2918	5.0
2919	4.0
2924	5.0
2926	5.0
2943	4.0
2944	4.0
2947	4.0
2948	4.0
2949	4.0
2950	4.0
2951	5.0
2953	1.0
2959	4.0
2966	5.0
2968	4.5
2985	3.5
2987	3.5
2989	3.0
2990	4.0
2991	3.0
2997	5.0
3000	5.0
3006	4.5
3007	4.5
3019	5.0
3020	4.0
3033	3.0
3034	3.0
3039	4.0
3044	4.0
3052	4.0
3060	3.5
3061	4.0
3067	5.0
3070	1.0
3071	4.0
3082	4.0
3083	5.0
3089	5.0
3094	5.0
3098	4.0
3101	4.0
3104	4.0
3105	4.0
3107	3.0
3114	4.0
3142	4.0
3147	3.0
3148	4.0
3163	5.0
3168	5.0
3175	4.0
3176	4.0
3179	4.0
3181	4.0
3182	5.0
3185	2.0
3186	4.0
3189	4.0
3198	5.0
3203	4.0
3250	4.0
3256	3.5
3257	2.0
3266	4.0
3267	4.0
3298	2.5
3328	5.0
3334	4.0
3342	5.0
3347	5.0
3354	2.0
3359	4.5
3360	4.0
3361	4.0
3385	2.0
3396	5.0
3397	5.0
3398	3.0
3408	3.0
3409	2.0
3412	3.0
3421	5.0
3424	5.0
3429	5.0
3441	4.0
3448	4.0
3461	5.0
3471	4.5
3478	3.0
3480	5.0
3481	4.5
3489	3.0
3498	4.0
3499	4.5
3503	5.0
3505	4.0
3519	4.5
3526	4.0
3527	3.5
3535	2.5
3548	5.0
3555	2.5
3556	4.0
3578	4.0
3591	3.5
3608	4.0
3629	4.5
3639	3.0
3668	4.0
3675	4.0
3677	5.0
3681	5.0
3688	3.0
3702	5.0
3703	5.0
3704	4.0
3708	3.5
3710	1.0
3730	5.0
3740	3.0
3751	4.0
3763	4.0
3770	4.0
3786	4.0
3791	3.0
3793	4.0
3794	4.0
3819	5.0
3831	5.0
3868	3.0
3869	3.0
3871	4.0
3910	4.0
3911	4.0
3967	5.0
3972	5.0
3973	1.5
3977	5.0
3981	2.5
3996	5.0
4002	3.0
4007	3.5
4010	3.0
4021	4.0
4027	3.0
4034	5.0
4039	3.0
4040	2.0
4062	3.0
4079	4.0
4090	4.0
4103	5.0
4104	1.0
4117	5.0
4121	4.0
4128	3.0
4132	1.0
4214	3.0
4226	5.0
4280	4.0
4306	2.0
4334	4.0
4464	3.5
4571	3.0
4642	5.0
4681	3.0
4705	4.0
4848	5.0
4878	4.5
4886	4.0
4896	4.5
4902	4.5
4951	5.0
4973	5.0
4976	4.0
4979	5.0
4980	2.0
4993	4.0
5013	5.0
5060	4.0
5110	4.0
5218	4.0
5225	5.0
5444	5.0
5618	5.0
5816	4.5
5971	5.0
6235	5.0
6299	4.5
6350	4.5
6377	4.0
6535	3.5
6552	4.0
6711	4.5
6773	4.5
6791	5.0
6867	3.5
6874	4.5
7147	4.0
7155	4.0
7361	5.0
7438	5.0
7700	5.0
8368	5.0
