1	4.0
6	5.0
10	4.0
16	4.0
19	3.5
20	3.5
23	4.5
31	3.0
32	3.5
47	4.5
50	4.5
71	3.0
104	4.0
110	3.0
111	4.0
135	4.0
145	4.0
150	4.0
153	3.5
161	3.5
165	4.0
170	2.5
180	3.5
204	3.0
216	3.5
225	3.5
227	3.5
231	4.5
256	2.5
257	3.5
260	4.5
267	3.0
288	3.0
292	4.0
293	5.0
296	5.0
315	3.5
316	4.0
318	5.0
329	4.0
344	3.0
349	4.0
353	4.0
356	4.5
368	3.5
376	4.0
377	3.0
380	4.0
413	4.0
420	4.0
423	4.0
431	4.0
441	3.5
442	3.5
454	4.5
457	4.5
466	4.0
479	4.0
480	4.0
485	3.5
494	3.0
500	4.0
514	4.5
541	3.0
544	3.5
548	4.0
586	4.0
589	4.5
590	2.5
592	3.5
593	4.0
608	3.5
628	3.5
648	3.5
653	4.0
662	4.0
688	3.5
733	3.5
736	4.5
750	4.0
762	3.5
778	4.5
780	4.0
782	4.0
784	4.0
785	3.5
786	3.5
788	3.0
805	3.5
832	3.5
858	4.0
886	4.0
924	2.0
986	3.5
1020	3.5
1036	4.5
1037	3.5
1047	4.0
1060	1.0
1061	3.5
1089	5.0
1090	4.0
1101	4.0
1127	4.5
1196	4.5
1198	4.0
1200	5.0
1201	4.5
1206	2.0
1208	3.5
1210	4.5
1213	4.0
1214	4.0
1221	3.5
1222	3.5
1231	4.5
1233	3.0
1240	4.0
1249	4.0
1258	4.5
1259	4.0
1262	4.0
1263	4.0
1265	4.0
1270	4.5
1291	4.5
1302	3.5
1304	4.0
1320	3.0
1333	4.5
1355	3.0
1356	4.0
1358	4.0
1370	4.5
1371	4.0
1372	3.5
1373	4.0
1374	3.5
1376	3.5
1378	3.0
1385	4.0
1387	4.0
1388	3.5
1391	3.5
1396	4.5
1432	4.0
1438	4.0
1459	4.0
1466	3.5
1479	3.5
1485	4.0
1488	4.0
1500	4.5
1517	4.0
1527	4.5
1542	3.5
1544	4.0
1552	4.0
1562	3.0
1580	4.0
1584	4.0
1590	4.0
1597	4.0
1604	4.0
1608	4.0
1610	4.5
1615	3.5
1616	3.0
1644	3.5
1645	4.0
1653	3.5
1663	4.0
1672	3.5
1673	3.0
1676	4.0
1682	3.5
1687	4.0
1690	4.5
1704	4.5
1721	2.0
1722	4.0
1729	4.0
1732	4.0
1777	4.0
1779	4.0
1792	4.5
1799	3.5
1805	4.5
1831	5.0
1866	3.0
1882	4.0
1884	3.5
1894	4.0
1909	4.0
1911	3.0
1912	5.0
1917	3.5
1918	4.5
1920	3.5
1921	4.0
1923	4.0
1961	4.0
1968	4.0
2000	4.5
2001	4.5
2002	4.5
2011	4.0
2012	4.0
2021	4.0
2023	3.5
2028	4.0
2058	4.5
2115	4.0
2125	4.0
2134	4.0
2150	4.5
2153	3.5
2167	4.0
2174	4.0
2194	4.5
2231	4.5
2268	4.0
2273	4.0
2278	4.5
2288	4.0
2291	3.5
2306	3.0
2329	4.5
2334	2.5
2340	3.5
2352	2.0
2353	4.0
2355	4.0
2370	3.5
2393	4.0
2402	3.5
2403	4.0
2404	3.0
2409	3.5
2411	3.5
2420	3.5
2423	3.0
2427	2.5
2429	3.0
2490	4.0
2502	4.5
2539	3.5
2540	3.0
2542	5.0
2571	4.0
2580	3.5
2598	4.0
2605	3.5
2617	4.0
2618	4.0
2628	4.0
2683	4.0
2694	3.5
2699	4.0
2701	3.5
2706	3.5
2707	4.0
2716	4.0
2717	3.5
2722	3.5
2723	3.5
2735	3.5
2761	4.0
2762	4.0
2763	4.0
2770	2.5
2791	4.5
2797	4.0
2816	3.0
2858	4.0
2871	4.0
2881	4.0
2890	4.0
2915	3.5
2916	4.0
2918	4.5
2919	3.0
2944	4.0
2947	3.5
2948	3.5
2949	3.5
2959	5.0
2978	3.5
2993	3.5
3005	3.0
3020	4.5
3033	4.5
3039	3.5
3052	4.0
3082	4.0
3104	4.0
3107	4.0
3113	3.5
3175	3.0
3176	3.0
3208	4.5
3210	4.0
3253	3.5
3255	3.5
3256	4.0
3258	4.0
3269	4.0
3300	4.0
3301	3.5
3316	3.0
3394	3.0
3441	3.5
3481	4.0
3519	4.0
3527	5.0
3535	3.5
3536	4.0
3552	3.5
3555	4.0
3578	4.0
3623	3.5
3624	3.5
3635	4.0
3638	3.5
3639	3.0
3671	3.5
3682	3.5
3686	3.5
3697	4.5
3698	4.0
3702	3.5
3705	4.0
3717	3.5
3740	3.5
3744	4.0
3745	3.5
3752	3.5
3755	4.0
3793	4.0
3827	4.0
3841	4.0
3868	4.5
3879	3.5
3948	3.5
3950	3.5
3977	4.0
3980	4.0
3981	4.0
3984	3.5
3986	3.5
3994	4.0
3996	3.5
3998	3.5
4002	4.0
4005	3.5
4011	5.0
4015	2.5
4022	4.0
4027	4.0
4033	3.5
4084	4.5
4085	4.0
4102	4.0
4103	3.5
4121	4.0
4124	2.5
4148	4.0
4207	5.0
4223	4.0
4225	4.0
4226	4.0
4239	4.0
4251	4.5
4262	4.0
4299	3.5
4306	3.5
4310	4.0
4321	3.5
4344	3.5
4351	5.0
4367	3.5
4369	4.5
4370	4.0
4387	3.0
4448	4.0
4489	3.5
4498	3.5
4499	4.0
4545	3.5
4558	4.0
4564	3.5
4623	4.0
4643	4.0
4673	4.0
4677	4.0
4679	3.5
4734	3.5
4816	4.0
4844	4.0
4855	4.0
4866	4.5
4874	4.0
4878	4.0
4886	4.0
4887	4.0
4901	5.0
4954	3.5
4958	4.0
4963	5.0
4993	4.0
5010	4.0
5027	4.0
5049	4.0
5093	3.5
5110	5.0
5152	3.0
5218	3.5
5219	3.5
5247	4.0
5254	3.5
5283	4.0
5293	4.0
5349	4.0
5378	4.0
5388	3.0
5400	4.5
5418	4.5
5438	5.0
5445	4.0
5459	4.0
5463	4.0
5478	3.5
5481	4.0
5502	4.0
5507	3.5
5541	4.5
5548	3.5
5574	4.0
5609	3.0
5630	3.5
5673	2.5
5803	3.5
5843	3.5
5872	4.0
5900	3.5
5944	4.5
5952	4.0
5954	3.0
5989	4.0
6059	4.0
6157	3.5
6213	3.5
6281	3.5
6287	3.5
6303	4.0
6322	3.5
6333	4.0
6365	4.0
6373	4.0
6377	3.5
6378	4.5
6383	3.5
6502	4.0
6503	4.0
6537	4.0
6539	4.5
6541	3.5
6564	3.5
6595	4.0
6664	4.0
6709	4.0
6754	4.0
6763	3.5
6796	3.5
6863	3.0
6874	5.0
6879	3.5
6888	3.5
6934	4.0
6957	3.0
6979	4.0
7000	4.5
7004	4.0
7007	4.5
7017	3.5
7036	3.5
7076	4.5
7090	3.5
7153	4.0
7254	4.0
7293	3.5
7325	3.5
7373	4.0
7438	4.5
7454	3.5
7458	4.0
7569	3.5
7573	3.5
8132	4.0
8360	3.5
8361	4.5
8371	3.0
8493	3.5
8526	3.0
8528	4.0
8640	3.5
8641	4.0
8644	4.0
8665	4.5
8783	2.5
8798	4.0
8807	4.5
8810	4.0
8814	3.5
8860	3.0
8861	3.5
8865	3.5
8917	3.0
8961	4.5
8977	3.0
8983	3.5
8984	4.5
8985	3.5
26555	4.0
26614	4.5
27801	4.0
27808	3.0
27831	4.0
30793	3.0
30812	4.5
30825	3.0
31221	3.0
31696	3.5
31804	3.5
32019	2.5
32031	3.0
32587	4.0
32596	4.5
33158	3.0
33437	2.5
33493	4.5
33615	3.0
33646	3.0
33679	4.0
33794	4.5
34048	3.0
34150	4.0
34162	3.0
34319	4.5
34405	4.5
35836	3.5
36401	3.0
36519	4.0
36529	4.0
36708	4.0
37380	4.0
37382	3.5
37386	4.0
37733	3.5
38061	2.5
40278	4.0
40583	2.5
41566	4.0
41569	4.5
42011	3.5
42725	3.5
42738	4.0
43928	3.5
43936	2.5
44022	3.5
44191	3.0
44199	4.0
44974	5.0
45186	4.0
45499	4.0
45672	3.5
45722	4.0
46530	4.0
46965	2.5
46972	3.5
47044	3.5
47099	4.0
47200	4.5
47644	3.5
48385	3.0
48516	4.5
48780	4.0
49272	4.0
49278	3.5
49822	3.0
50794	4.5
50798	3.5
51086	4.0
51540	4.0
51575	3.0
51662	4.5
51935	4.5
52281	3.5
53000	4.0
53125	4.5
53129	3.5
53322	4.5
53464	4.0
53519	3.5
53972	4.5
53996	4.0
54004	3.5
54272	4.0
54286	4.5
54995	3.0
55232	3.5
55765	4.0
55820	4.0
55830	3.0
55995	3.0
56156	4.0
56174	4.0
56367	4.0
56587	3.5
57368	3.5
57528	3.5
57640	4.0
58025	4.5
58293	3.5
58295	4.0
58559	5.0
59022	4.5
59315	5.0
59615	4.0
59784	3.5
60040	4.0
60069	4.0
60072	3.5
60074	4.0
60126	3.5
60684	5.0
61132	4.5
61248	3.0
61323	3.5
62081	4.5
62374	4.0
62394	3.5
62849	4.0
63113	4.0
64030	3.5
64497	3.0
64614	4.0
64957	4.0
64969	3.5
65088	3.5
65682	3.5
66171	3.5
67923	4.0
68157	4.5
68205	4.0
68319	4.5
68358	4.5
68554	3.0
68791	4.0
68954	4.0
69122	4.5
69481	4.0
69644	3.5
70286	4.5
71156	3.5
71518	4.5
71838	4.0
72998	5.0
73017	5.0
76251	4.0
76293	4.0
77561	5.0
78469	4.5
79057	5.0
79132	5.0
79293	4.0
79592	4.0
79695	4.5
80219	4.0
81229	5.0
81537	4.0
81564	4.0
