1	5.0
2	5.0
3	3.0
6	4.0
7	4.0
11	5.0
17	5.0
21	5.0
25	3.0
28	2.0
32	5.0
34	5.0
39	5.0
45	5.0
47	4.0
50	4.0
52	4.0
58	5.0
101	5.0
104	1.0
105	4.0
110	5.0
125	4.0
141	5.0
144	5.0
150	5.0
151	5.0
160	2.0
161	4.0
162	3.0
172	3.0
196	2.0
207	5.0
216	2.0
223	3.0
231	3.0
232	5.0
235	4.0
236	4.0
246	5.0
252	4.0
260	5.0
265	3.0
278	5.0
289	5.0
293	5.0
296	5.0
300	5.0
314	5.0
316	3.0
317	5.0
318	5.0
329	3.0
337	3.0
339	5.0
342	4.0
348	4.0
356	4.0
357	5.0
364	5.0
367	4.0
373	5.0
377	5.0
380	5.0
410	4.0
440	4.0
454	4.0
456	5.0
457	5.0
468	4.0
471	5.0
474	5.0
480	5.0
492	5.0
497	5.0
500	5.0
514	5.0
515	4.0
516	4.0
527	5.0
529	5.0
537	4.0
539	3.0
541	5.0
551	5.0
556	5.0
587	5.0
588	5.0
589	5.0
590	5.0
592	3.0
593	5.0
595	5.0
597	4.0
599	5.0
605	3.0
608	4.0
648	4.0
695	5.0
708	5.0
736	5.0
750	5.0
778	3.0
780	2.0
784	2.0
788	3.0
800	5.0
801	4.0
802	3.0
804	5.0
805	4.0
809	3.0
810	1.0
832	4.0
838	5.0
852	4.0
858	5.0
866	4.0
898	5.0
903	5.0
904	5.0
905	5.0
906	5.0
908	5.0
909	5.0
910	5.0
911	3.0
912	5.0
913	5.0
914	3.0
916	5.0
919	5.0
920	3.0
921	5.0
923	3.0
924	4.0
930	5.0
931	5.0
933	5.0
938	5.0
950	5.0
951	5.0
952	5.0
953	5.0
954	5.0
955	5.0
969	5.0
1018	3.0
1021	3.0
1028	5.0
1035	4.0
1036	5.0
1041	3.0
1057	3.0
1060	3.0
1064	5.0
1073	5.0
1077	5.0
1078	5.0
1079	5.0
1080	5.0
1081	5.0
1083	4.0
1084	5.0
1089	5.0
1090	5.0
1092	3.0
1094	5.0
1097	5.0
1101	3.0
1125	3.0
1127	4.0
1131	5.0
1132	5.0
1135	4.0
1136	5.0
1148	5.0
1161	4.0
1171	5.0
1172	5.0
1179	5.0
1183	3.0
1185	5.0
1186	4.0
1188	3.0
1189	5.0
1190	4.0
1193	5.0
1196	5.0
1197	5.0
1198	4.0
1199	5.0
1200	5.0
1201	4.0
1203	4.0
1204	4.0
1206	4.0
1207	4.0
1208	5.0
1209	5.0
1210	5.0
1211	5.0
1213	5.0
1214	5.0
1217	5.0
1219	4.0
1220	3.0
1221	5.0
1222	5.0
1224	5.0
1225	5.0
1226	5.0
1227	5.0
1228	4.0
1230	5.0
1231	5.0
1233	4.0
1234	5.0
1235	4.0
1236	5.0
1238	5.0
1240	5.0
1243	5.0
1244	5.0
1245	5.0
1247	3.0
1249	4.0
1250	5.0
1251	3.0
1252	4.0
1253	5.0
1254	4.0
1256	5.0
1257	2.0
1258	3.0
1259	5.0
1262	5.0
1264	4.0
1265	4.0
1266	4.0
1267	5.0
1269	5.0
1270	4.0
1272	3.0
1276	4.0
1277	5.0
1278	5.0
1279	5.0
1282	5.0
1283	5.0
1284	5.0
1287	4.0
1288	5.0
1291	5.0
1292	5.0
1293	4.0
1295	4.0
1296	5.0
1297	2.0
1299	5.0
1300	5.0
1303	5.0
1304	5.0
1305	4.0
1307	5.0
1320	3.0
1333	4.0
1339	3.0
1343	4.0
1356	5.0
1357	5.0
1358	5.0
1371	3.0
1372	5.0
1373	2.0
1374	4.0
1376	4.0
1377	3.0
1380	2.0
1387	4.0
1391	4.0
1393	5.0
1394	5.0
1396	3.0
1401	5.0
1409	2.0
1411	5.0
1419	5.0
1425	4.0
1459	5.0
1460	2.0
1461	2.0
1466	5.0
1480	5.0
1485	4.0
1498	4.0
1500	5.0
1513	4.0
1517	2.0
1518	4.0
1527	5.0
1541	4.0
1542	4.0
1544	5.0
1569	5.0
1573	3.0
1580	5.0
1584	5.0
1588	4.0
1589	5.0
1590	1.0
1593	5.0
1597	4.0
1610	5.0
1614	5.0
1617	5.0
1633	4.0
1635	4.0
1639	4.0
1641	5.0
1645	2.0
1653	4.0
1660	5.0
1663	3.0
1670	4.0
1674	5.0
1676	4.0
1682	5.0
1688	3.0
1693	5.0
1694	5.0
1701	5.0
1704	5.0
1707	4.0
1713	4.0
1721	5.0
1722	3.0
1730	4.0
1732	4.0
1747	4.0
1748	3.0
1777	4.0
1784	5.0
1805	4.0
1821	4.0
1883	5.0
1894	3.0
1907	5.0
1909	3.0
1912	5.0
1913	5.0
1917	2.0
1918	3.0
1921	5.0
1923	5.0
1931	5.0
1945	5.0
1946	5.0
1949	5.0
1950	5.0
1952	5.0
1953	4.0
1954	4.0
1955	5.0
1956	4.0
1957	4.0
1958	3.0
1961	5.0
1962	4.0
1964	4.0
1965	5.0
1968	5.0
1994	5.0
1997	5.0
2000	4.0
2001	3.0
2002	3.0
2003	4.0
2004	3.0
2006	4.0
2009	3.0
2011	4.0
2012	4.0
2019	5.0
2020	4.0
2021	2.0
2022	5.0
2024	4.0
2028	5.0
2034	2.0
2054	3.0
2064	5.0
2065	4.0
2067	5.0
2070	5.0
2072	1.0
2076	5.0
2081	5.0
2088	3.0
2094	4.0
2100	4.0
2105	4.0
2108	5.0
2110	3.0
2118	4.0
2124	4.0
2125	5.0
2130	5.0
2134	2.0
2144	4.0
2145	4.0
2150	5.0
2161	4.0
2174	4.0
2206	5.0
2243	5.0
2245	4.0
2247	4.0
2248	4.0
2262	4.0
2266	4.0
2288	5.0
2289	5.0
2291	5.0
2294	5.0
2300	5.0
2302	4.0
2311	4.0
2324	5.0
2336	4.0
2346	2.0
2349	5.0
2352	5.0
2355	5.0
2367	1.0
2369	4.0
2374	4.0
2384	5.0
2391	5.0
2393	4.0
2395	4.0
2396	5.0
2399	5.0
2401	4.0
2405	5.0
2406	5.0
2407	4.0
2416	1.0
2424	5.0
2431	4.0
2450	2.0
2463	4.0
2467	5.0
2469	4.0
2470	4.0
2478	2.0
2488	3.0
2496	5.0
2498	2.0
2518	4.0
2527	2.0
2528	3.0
2529	3.0
2542	5.0
2550	5.0
2571	5.0
2580	4.0
2581	4.0
2599	4.0
2600	3.0
2628	3.0
2657	5.0
2662	3.0
2671	5.0
2687	5.0
2690	4.0
2699	3.0
2700	5.0
2701	1.0
2706	4.0
2712	4.0
2716	3.0
2718	5.0
2723	3.0
2724	3.0
2728	5.0
2730	2.0
2732	5.0
2734	4.0
2739	5.0
2746	4.0
2761	5.0
2762	4.0
2764	4.0
2770	5.0
2779	5.0
2788	4.0
2791	3.0
2797	4.0
2804	4.0
2805	4.0
2819	5.0
2828	2.0
2841	3.0
2857	5.0
2858	5.0
2859	5.0
2863	5.0
2872	5.0
2888	1.0
2890	5.0
2915	5.0
2916	3.0
2917	5.0
2918	3.0
2919	5.0
2921	4.0
2922	4.0
2929	4.0
2946	5.0
2947	5.0
2948	4.0
2949	4.0
2951	4.0
2968	5.0
2973	4.0
2985	5.0
2986	3.0
2987	5.0
2991	4.0
2997	5.0
3006	5.0
3011	3.0
3018	2.0
3019	5.0
3028	3.0
3030	5.0
3033	2.0
3035	5.0
3037	5.0
3039	5.0
3040	4.0
3044	4.0
3052	5.0
3054	1.0
3062	4.0
3067	4.0
3068	4.0
3070	5.0
3072	3.0
3081	5.0
3087	1.0
3088	5.0
3089	3.0
3090	5.0
3091	5.0
3097	5.0
3098	5.0
3099	5.0
3102	4.0
3104	3.0
3105	4.0
3108	5.0
3113	3.0
3114	5.0
3146	1.0
3147	5.0
3156	4.0
3157	3.0
3160	4.0
3163	2.0
3175	5.0
3189	4.0
3194	3.0
3196	5.0
3198	5.0
3206	4.0
3210	3.0
3243	3.0
3253	3.0
3254	2.0
3255	4.0
3256	5.0
3258	4.0
3259	3.0
3261	4.0
3262	5.0
3263	5.0
3264	3.0
3273	3.0
3296	5.0
3342	5.0
3347	5.0
3354	3.0
3358	4.0
3359	5.0
3360	5.0
3361	4.0
3362	5.0
3363	4.0
3386	5.0
3396	4.0
3397	4.0
3408	4.0
3418	4.0
3420	4.0
3422	5.0
3424	5.0
3435	5.0
3439	1.0
3440	1.0
3448	4.0
3450	2.0
3451	5.0
3452	3.0
3469	5.0
3471	4.0
3476	4.0
3479	4.0
3481	4.0
3494	3.0
3498	5.0
3499	5.0
3504	4.0
3505	5.0
3507	5.0
3508	3.0
3516	5.0
3521	4.0
3524	5.0
3525	2.0
3526	4.0
3527	4.0
3534	4.0
3536	5.0
3543	5.0
3551	4.0
3552	3.0
3555	4.0
3578	3.0
3608	3.0
3614	5.0
3615	4.0
3617	2.0
3623	3.0
3624	4.0
3634	5.0
3649	3.0
3668	5.0
3671	4.0
3676	2.0
3682	2.0
3683	5.0
3685	5.0
3686	4.0
3688	2.0
3698	4.0
3699	5.0
3700	5.0
3701	4.0
3702	3.0
3703	3.0
3704	3.0
3705	3.0
3708	4.0
3712	4.0
3723	5.0
3724	3.0
3733	5.0
3735	5.0
3740	4.0
3745	4.0
3751	5.0
3755	3.0
3760	4.0
3763	4.0
3791	3.0
3793	3.0
3811	5.0
3827	4.0
3868	3.0
5060	5.0
