1	4.0
6	5.0
16	5.0
20	3.0
21	4.0
24	3.0
25	4.0
29	5.0
32	3.5
34	5.0
36	4.0
42	4.5
47	5.0
69	5.0
70	4.0
93	3.0
104	3.0
110	4.0
111	5.0
112	3.0
122	4.0
147	4.0
150	3.0
153	3.0
158	3.0
163	4.0
164	4.0
170	4.0
175	4.5
180	4.0
216	3.0
223	5.0
234	3.0
238	2.5
253	3.0
258	1.0
259	3.0
260	2.0
271	3.0
273	3.0
274	1.0
276	2.5
288	3.5
293	4.0
296	5.0
300	4.5
315	2.0
317	1.0
318	4.0
328	3.0
333	3.0
352	2.0
353	4.5
356	4.0
364	1.5
366	3.0
367	4.0
370	3.5
377	3.5
384	2.5
387	3.0
414	1.0
432	2.0
445	2.5
457	4.0
474	4.0
480	3.0
482	3.5
493	4.0
514	3.0
527	4.0
529	3.0
551	3.0
553	5.0
587	3.0
588	2.5
589	4.0
590	3.0
592	3.0
608	2.0
609	3.0
616	2.0
647	3.5
653	2.0
694	2.0
708	3.5
733	3.0
736	2.0
762	3.0
785	4.0
786	3.0
788	4.0
810	1.0
829	2.0
833	2.0
835	4.0
837	2.0
848	3.0
858	4.0
866	3.0
913	4.0
919	4.0
953	4.0
998	3.0
999	3.0
1011	1.0
1017	3.0
1019	2.0
1021	1.0
1034	5.0
1036	3.0
1042	2.0
1043	2.0
1059	3.5
1061	4.0
1073	5.0
1088	2.0
1089	4.0
1090	3.0
1092	3.5
1097	2.0
1101	2.5
1120	4.0
1126	3.0
1127	4.0
1136	1.0
1193	4.0
1194	3.0
1196	2.0
1198	2.0
1200	4.0
1201	3.0
1206	5.0
1207	4.0
1208	3.0
1210	2.0
1213	4.5
1214	4.0
1217	4.0
1218	5.0
1219	4.0
1220	2.0
1221	4.0
1222	4.0
1228	4.5
1240	4.0
1242	4.0
1246	3.5
1250	4.0
1258	4.5
1263	3.5
1265	4.0
1266	3.0
1267	3.0
1270	2.0
1272	4.0
1276	4.0
1287	3.0
1291	3.0
1302	2.0
1304	4.0
1307	3.0
1333	3.0
1334	3.0
1339	4.0
1343	4.0
1345	4.0
1347	4.0
1358	3.0
1370	2.0
1377	3.0
1379	3.0
1387	4.0
1393	3.0
1407	4.0
1432	2.0
1445	1.0
1465	3.0
1466	3.5
1485	3.5
1500	4.0
1513	4.5
1517	3.5
1527	3.0
1552	4.0
1573	4.5
1580	3.0
1584	3.5
1586	4.0
1589	4.0
1610	3.0
1617	4.0
1619	3.0
1620	3.0
1625	4.0
1627	4.0
1635	5.0
1639	5.0
1643	3.0
1644	4.0
1645	4.0
1647	4.0
1653	3.0
1673	3.0
1682	4.0
1686	3.0
1693	3.5
1694	4.0
1711	4.0
1729	4.0
1732	3.0
1748	4.5
1754	3.0
1799	3.0
1801	3.0
1805	3.0
1840	3.0
1895	3.0
1911	3.0
1912	3.0
1916	2.0
1918	2.0
1920	3.0
1923	3.5
1959	4.0
1967	2.0
1974	4.0
1981	3.0
1982	4.0
1993	2.5
1994	4.0
1995	3.0
1996	2.5
1997	4.0
2000	3.0
2001	2.0
2002	2.0
2005	2.0
2023	3.0
2028	4.0
2036	1.0
2054	1.0
2115	3.0
2126	3.0
2134	2.5
2161	4.0
2163	2.5
2167	3.0
2174	3.0
2193	3.0
2194	4.0
2231	3.5
2268	3.0
2269	3.0
2273	4.0
2278	4.0
2279	3.0
2302	4.0
2315	3.0
2321	4.0
2328	3.0
2329	4.5
2336	4.0
2355	4.0
2384	4.0
2387	4.0
2391	4.0
2395	4.0
2396	4.0
2404	1.0
2427	4.5
2428	3.0
2455	2.0
2485	3.0
2490	3.0
2502	4.0
2529	2.0
2541	3.0
2542	3.0
2555	1.0
2561	3.0
2571	4.0
2572	3.0
2580	4.0
2581	3.0
2594	4.5
2598	3.0
2599	4.0
2605	3.0
2606	2.0
2616	3.0
2628	4.0
2672	2.5
2683	4.0
2688	4.0
2692	4.5
2694	3.0
2699	3.0
2700	3.5
2701	2.0
2702	4.0
2706	4.0
2710	2.0
2712	4.0
2728	4.0
2762	3.0
2772	3.0
2797	2.0
2799	1.0
2806	2.5
2826	1.0
2840	4.0
2841	3.0
2846	3.0
2858	4.0
2861	2.0
2871	4.0
2881	3.0
2890	4.0
2916	3.0
2918	3.0
2951	4.0
2959	4.5
2987	2.0
3005	3.5
3020	5.0
3052	5.0
3062	3.0
3071	3.5
3081	3.0
3098	2.0
3113	2.0
3114	4.0
3115	3.0
3147	3.5
3157	2.0
3160	3.0
3174	4.0
3176	4.0
3177	4.0
3178	4.0
3181	5.0
3186	3.5
3189	3.0
3246	4.0
3247	2.0
3253	3.0
3256	3.0
3262	3.5
3265	4.5
3271	4.0
3273	3.0
3275	4.0
3285	4.0
3300	3.0
3301	4.0
3316	3.0
3327	3.0
3404	3.0
3409	2.0
3418	4.0
3421	2.0
3438	3.0
3448	2.0
3477	4.0
3480	3.0
3489	2.0
3500	2.0
3527	3.0
3535	3.5
3552	2.0
3556	4.5
3578	4.0
3617	3.0
3623	4.0
3624	2.0
3646	3.0
3668	4.0
3702	4.5
3703	3.5
3717	3.0
3729	4.0
3741	5.0
3744	3.0
3751	4.5
3752	4.0
3753	2.0
3755	3.0
3763	3.0
3785	4.0
3786	3.5
3793	4.0
3798	3.0
3825	3.5
3826	2.0
3836	3.5
3861	2.0
3863	4.0
3864	3.0
3865	3.5
3868	4.0
3882	3.5
3896	4.0
3897	4.5
3909	3.0
3910	3.5
3911	3.5
3915	4.0
3916	2.5
3946	3.5
3948	4.5
3949	5.0
3950	3.5
3955	3.0
3968	3.5
3973	3.5
3977	4.0
3978	1.5
3979	2.0
3986	1.5
3992	3.0
3993	4.0
3994	2.5
3996	5.0
3997	2.0
3998	3.5
4010	4.0
4011	3.0
4015	1.5
4020	3.5
4022	3.0
4023	3.0
4025	2.5
4027	3.0
4030	3.0
4031	2.5
4034	4.0
4041	3.0
4054	2.5
4066	3.0
4069	1.5
4084	3.0
4085	3.0
4086	4.0
4091	3.0
4128	3.0
4149	2.5
4159	3.5
4161	2.5
4178	3.0
4223	4.0
4224	3.0
4226	2.0
4228	4.5
4234	1.5
4235	4.0
4239	4.0
4247	3.5
4255	3.0
4262	3.0
4299	2.5
4305	3.0
4306	4.0
4310	3.0
4321	2.5
4326	4.0
4339	3.0
4343	2.0
4351	3.5
4367	4.0
4368	3.0
4369	2.5
4370	4.5
4378	4.0
4387	3.0
4388	4.0
4446	4.0
4447	3.5
4448	3.0
4488	4.5
4489	3.0
4571	3.0
4577	2.0
4621	2.0
4623	2.0
4638	2.0
4641	5.0
4677	2.0
4678	2.0
4686	2.0
4699	3.0
4701	4.0
4718	4.0
4720	4.0
4734	5.0
4735	3.0
4744	1.0
4748	1.0
4776	4.5
4814	3.0
4816	3.0
4848	4.0
4855	3.0
4865	3.0
4866	3.0
4874	3.0
4876	2.5
4878	5.0
4887	3.0
4890	4.0
4896	1.5
4901	4.0
4902	3.5
4915	3.0
4958	2.0
4963	4.0
4973	5.0
4974	4.0
4975	5.0
4980	2.0
4993	4.0
4994	3.5
5010	4.0
5015	4.0
5026	2.0
5040	3.0
5049	2.0
5064	2.5
5103	2.0
5106	3.0
5108	3.5
5110	4.0
5139	2.0
5151	2.0
5152	3.5
5219	2.5
5220	2.5
5225	4.0
5254	4.0
5266	3.0
5267	2.5
5282	3.0
5283	2.5
5292	2.5
5293	3.0
5296	4.0
5312	4.0
5313	3.0
5349	3.5
5363	3.0
5364	4.0
5377	4.0
5388	3.5
5400	3.0
5401	3.0
5418	4.0
5420	2.0
5421	5.0
5445	4.5
5449	2.5
5450	4.0
5459	3.0
5477	4.0
5481	3.5
5505	4.0
5507	2.0
5508	4.5
5524	3.0
5528	3.5
5530	3.0
5564	3.0
5572	3.0
5574	3.5
5577	4.0
5609	1.5
5613	4.5
5617	4.0
5620	3.0
5630	3.0
5666	2.5
5668	4.0
5669	4.5
5673	3.0
5679	4.5
5785	3.5
5791	4.0
5792	4.0
5810	4.0
5816	1.0
5872	3.5
5878	4.0
5902	4.0
5941	1.5
5945	4.0
5952	4.0
5954	4.0
5955	4.0
5956	4.0
5959	4.0
5989	4.5
5991	4.5
5992	3.5
6003	4.0
6059	3.5
6155	3.0
6157	4.0
6187	4.0
6188	4.0
6212	1.5
6216	4.0
6218	3.5
6223	3.0
6250	0.5
6264	2.0
6281	3.5
6287	4.0
6290	3.5
6294	1.0
6296	3.5
6322	3.5
6323	3.5
6365	4.0
6367	3.0
6378	4.0
6379	3.0
6383	3.0
6484	2.5
6502	4.0
6503	4.0
6711	4.0
6796	4.0
6807	1.0
6874	4.5
6893	4.0
7285	5.0
