3	3.0
6	3.0
10	3.0
11	3.0
16	4.0
17	3.0
18	3.0
22	3.0
25	4.0
39	3.0
46	4.0
47	5.0
50	5.0
64	3.0
70	3.0
74	3.0
76	3.0
79	3.0
81	3.0
89	2.0
95	3.0
100	2.0
103	4.0
105	4.0
110	5.0
118	3.0
123	3.0
132	3.0
140	3.0
151	3.0
157	1.0
160	3.0
161	4.0
165	4.0
168	3.0
172	3.0
177	3.0
179	3.0
185	3.0
196	2.0
207	3.0
215	3.0
217	3.0
222	3.0
225	3.0
229	3.0
230	3.0
236	4.0
237	3.0
240	3.0
249	3.0
252	4.0
253	4.0
258	3.0
259	3.0
265	2.0
266	5.0
276	3.0
288	3.0
291	2.0
292	3.0
293	4.0
330	3.0
338	3.0
339	4.0
349	4.0
350	4.0
351	3.0
353	4.0
356	5.0
357	4.0
366	2.0
376	3.0
377	5.0
380	4.0
423	4.0
427	3.0
436	3.0
440	3.0
444	2.0
446	3.0
454	4.0
457	5.0
458	3.0
465	3.0
466	3.0
473	2.0
474	3.0
481	3.0
494	3.0
519	2.0
527	4.0
532	3.0
539	5.0
540	3.0
550	2.0
555	4.0
587	3.0
589	5.0
593	4.0
597	5.0
605	3.0
608	3.0
610	3.0
628	3.0
647	3.0
648	3.0
662	3.0
695	4.0
697	3.0
708	4.0
733	3.0
736	3.0
748	3.0
780	3.0
782	3.0
786	3.0
788	3.0
798	3.0
802	2.0
832	3.0
836	3.0
839	2.0
866	2.0
891	2.0
898	5.0
902	4.0
903	3.0
904	3.0
908	5.0
911	5.0
912	5.0
913	4.0
920	3.0
930	4.0
932	5.0
933	5.0
968	4.0
969	4.0
990	3.0
1003	3.0
1004	3.0
1036	5.0
1037	3.0
1043	3.0
1059	2.0
1088	3.0
1092	4.0
1100	4.0
1101	5.0
1105	3.0
1129	4.0
1183	3.0
1196	4.0
1197	5.0
1200	4.0
1208	3.0
1210	4.0
1214	4.0
1219	3.0
1222	5.0
1227	4.0
1240	4.0
1247	4.0
1252	4.0
1258	4.0
1262	4.0
1265	3.0
1269	4.0
1272	4.0
1286	5.0
1296	4.0
1298	2.0
1307	5.0
1320	3.0
1321	4.0
1330	3.0
1332	3.0
1333	4.0
1343	4.0
1345	3.0
1346	3.0
1347	4.0
1350	3.0
1355	3.0
1357	2.0
1358	4.0
1370	4.0
1380	5.0
1381	3.0
1388	3.0
1389	3.0
1391	1.0
1393	4.0
1398	3.0
1407	3.0
1408	5.0
1422	3.0
1445	2.0
1457	4.0
1459	3.0
1475	2.0
1479	3.0
1483	2.0
1488	4.0
1518	3.0
1541	4.0
1544	3.0
1550	3.0
1556	2.0
1569	3.0
1573	4.0
1586	3.0
1590	3.0
1591	2.0
1597	3.0
1598	3.0
1603	3.0
1605	3.0
1615	4.0
1616	3.0
1617	3.0
1619	3.0
1620	4.0
1623	3.0
1625	3.0
1626	3.0
1627	2.0
1629	3.0
1639	4.0
1644	3.0
1645	3.0
1653	3.0
1658	2.0
1674	4.0
1676	2.0
1680	3.0
1683	3.0
1687	3.0
1689	3.0
1690	3.0
1717	3.0
1722	3.0
1732	2.0
1735	3.0
1752	3.0
1754	3.0
1777	3.0
1779	3.0
1792	3.0
1801	3.0
1805	3.0
1831	3.0
1833	2.0
1834	3.0
1835	5.0
1862	2.0
1876	3.0
1888	4.0
1892	3.0
1894	3.0
1895	3.0
1897	2.0
1909	3.0
1912	4.0
1920	2.0
1921	1.0
1944	5.0
1959	3.0
1969	3.0
1970	3.0
1971	3.0
1972	3.0
1973	3.0
1974	3.0
1975	3.0
1977	2.0
1978	2.0
1979	2.0
1980	2.0
1981	2.0
1982	3.0
1983	3.0
1985	3.0
1991	3.0
1992	3.0
1993	3.0
1994	3.0
1996	3.0
1997	3.0
1998	2.0
2003	4.0
2004	3.0
2006	3.0
2020	3.0
2025	3.0
2026	3.0
2028	4.0
2058	3.0
2081	3.0
2100	4.0
2106	4.0
2110	3.0
2119	3.0
2121	3.0
2122	3.0
2125	4.0
2126	3.0
2143	4.0
2146	4.0
2148	4.0
2149	3.0
2160	3.0
2163	1.0
2167	3.0
2206	3.0
2232	3.0
2243	3.0
2259	3.0
2273	3.0
2278	3.0
2279	3.0
2288	5.0
2291	3.0
2297	3.0
2315	3.0
2320	3.0
2322	3.0
2327	3.0
2338	3.0
2340	3.0
2344	3.0
2353	3.0
2367	3.0
2369	3.0
2389	3.0
2391	3.0
2402	3.0
2404	3.0
2405	4.0
2406	4.0
2413	2.0
2414	3.0
2424	4.0
2428	3.0
2448	3.0
2455	4.0
2456	3.0
2459	4.0
2460	2.0
2468	3.0
2485	3.0
2490	4.0
2491	3.0
2497	3.0
2505	3.0
2506	3.0
2517	3.0
2527	3.0
2542	2.0
2558	3.0
2561	3.0
2570	4.0
2581	3.0
2605	3.0
2606	3.0
2617	4.0
2628	4.0
2629	3.0
2657	1.0
2668	2.0
2676	3.0
2686	4.0
2688	3.0
2692	4.0
2707	3.0
2710	2.0
2713	3.0
2716	3.0
2717	3.0
2722	3.0
2762	2.0
2763	3.0
2787	3.0
2793	3.0
2802	5.0
2803	4.0
2805	3.0
2806	3.0
2815	3.0
2816	3.0
2822	3.0
2826	4.0
2827	2.0
2840	3.0
2871	2.0
2872	3.0
2881	4.0
2888	3.0
2890	3.0
2902	3.0
2903	3.0
2916	3.0
2917	3.0
2942	3.0
2944	4.0
2947	4.0
2950	3.0
2987	3.0
2995	3.0
3005	3.0
3017	3.0
3035	5.0
3063	3.0
3066	3.0
3081	3.0
3101	4.0
3108	4.0
3113	3.0
3147	4.0
3159	3.0
3176	2.0
3185	3.0
3219	3.0
3225	3.0
3249	3.0
3256	3.0
3257	3.0
3259	3.0
3261	3.0
3264	3.0
3269	3.0
3273	3.0
3316	3.0
3355	1.0
3386	3.0
3394	3.0
3409	4.0
3448	4.0
3452	2.0
3476	3.0
3484	3.0
3499	3.0
3505	3.0
3510	4.0
3524	3.0
3535	3.0
3536	2.0
3555	5.0
3616	3.0
3623	4.0
3638	4.0
3654	4.0
3684	3.0
3693	2.0
3697	3.0
3699	2.0
3705	4.0
3706	2.0
3708	3.0
3709	3.0
3753	5.0
3755	2.0
3763	3.0
3766	3.0
3770	3.0
3785	4.0
3798	4.0
3824	3.0
3835	3.0
3863	3.0
3896	3.0
3908	3.0
3917	3.0
3918	3.0
3928	4.0
3953	2.0
3978	4.0
3986	3.0
3987	3.0
4008	4.0
4011	3.0
4018	3.0
4030	3.0
4036	3.0
4041	5.0
4054	4.0
4061	4.0
4062	3.0
4082	3.0
4103	4.0
4124	3.0
4128	4.0
4132	3.0
4148	3.0
4207	3.0
4223	3.0
4224	3.0
4234	2.0
4238	3.0
4270	4.0
4280	2.0
4305	3.0
4310	5.0
4361	4.0
