1	4.0
2	2.0
3	2.0
7	4.0
9	2.0
10	3.0
11	3.0
15	4.0
16	3.0
17	5.0
19	2.0
20	3.0
22	3.0
25	4.0
28	4.0
29	5.0
31	3.0
32	4.0
34	4.0
39	4.0
41	3.0
44	3.0
45	3.0
47	3.0
50	5.0
55	3.0
57	3.0
60	3.0
64	2.0
68	3.0
70	4.0
71	1.0
74	3.0
89	3.0
95	3.0
102	3.0
104	1.0
110	4.0
112	3.0
118	3.0
125	2.0
141	4.0
145	3.0
150	3.0
151	5.0
153	3.0
160	2.0
161	2.0
163	5.0
165	3.0
168	1.0
170	2.0
171	4.0
172	4.0
173	3.0
180	4.0
185	2.5
186	3.0
194	3.0
195	2.0
196	2.0
198	3.0
203	4.0
208	4.0
213	4.0
215	4.0
218	4.0
222	5.0
223	4.0
224	3.0
230	3.0
231	2.0
234	2.0
235	3.0
236	2.0
237	3.0
252	3.0
253	3.0
256	3.0
260	4.0
266	2.0
270	4.0
275	3.0
276	2.0
278	2.0
280	4.0
288	3.0
289	3.0
292	3.0
293	5.0
296	4.0
300	3.0
303	3.0
305	5.0
307	3.0
312	2.0
315	2.0
316	3.0
317	4.0
318	3.0
322	4.0
327	5.0
329	3.0
330	2.0
332	3.0
334	3.0
339	5.0
342	5.0
344	3.0
345	5.0
349	3.0
350	3.0
351	2.0
353	5.0
356	3.0
357	3.0
361	3.0
364	3.0
366	3.0
367	4.0
368	3.0
369	3.0
370	3.0
372	4.0
377	4.0
378	3.0
379	3.0
380	3.0
382	3.0
387	3.0
405	2.0
410	3.0
413	3.0
420	3.0
423	3.0
429	1.0
434	2.0
435	3.0
438	3.0
440	3.0
441	3.0
442	3.0
444	4.0
445	3.0
450	3.0
454	2.0
457	3.0
461	5.0
464	2.0
466	3.0
468	3.0
469	3.0
471	5.0
474	3.0
475	3.0
479	3.0
480	4.0
485	4.0
494	2.0
497	4.0
500	3.0
508	5.0
514	4.0
515	4.0
516	3.0
517	3.0
518	3.0
520	4.0
527	4.0
529	2.0
532	4.0
533	4.0
539	2.0
541	4.0
543	4.0
549	5.0
550	2.0
551	4.0
552	4.0
555	4.0
585	2.0
586	3.0
587	3.0
588	3.0
589	4.0
590	3.0
592	4.0
593	3.0
594	3.0
595	3.0
597	4.0
605	2.0
608	4.0
610	3.0
627	3.0
648	3.0
653	4.0
663	5.0
680	3.0
688	3.0
691	4.0
708	4.0
719	2.0
720	3.0
724	3.0
733	2.0
735	3.0
736	4.0
741	3.0
745	3.0
750	4.0
761	4.0
762	2.0
778	4.0
780	4.0
786	3.0
805	3.0
830	3.0
832	3.0
836	2.0
838	3.0
839	3.0
842	4.0
849	4.0
861	3.0
866	4.0
892	2.0
898	4.0
899	3.0
900	3.0
902	4.0
908	4.0
912	4.0
913	2.0
914	4.0
915	3.0
919	3.0
920	3.0
922	3.0
923	4.0
924	3.0
932	3.0
955	3.0
969	3.0
1021	3.0
1022	3.0
1028	4.0
1031	3.0
1035	3.0
1037	2.0
1042	4.0
1043	2.0
1047	3.0
1057	2.0
1059	3.0
1073	4.0
1079	5.0
1080	4.0
1081	4.0
1088	4.0
1089	3.0
1092	2.0
1093	3.0
1094	4.0
1097	3.0
1100	2.0
1101	3.0
1104	3.0
1120	4.0
1125	3.0
1126	3.0
1127	4.0
1129	4.0
1136	4.0
1148	4.0
1171	4.0
1172	3.0
1175	4.0
1179	4.0
1183	5.0
1188	4.0
1192	3.0
1193	3.0
1196	4.0
1197	4.0
1198	4.0
1199	5.0
1200	3.0
1204	3.0
1206	3.0
1207	3.0
1210	3.0
1211	5.0
1214	3.0
1215	5.0
1216	4.0
1218	4.0
1220	3.0
1223	3.0
1225	4.0
1234	4.0
1235	3.0
1240	4.0
1242	3.0
1243	5.0
1244	3.0
1249	4.0
1252	4.0
1257	4.0
1259	3.0
1261	4.0
1264	5.0
1265	3.0
1268	4.0
1270	3.0
1271	4.0
1275	4.0
1278	4.0
1280	4.0
1282	2.0
1284	3.0
1285	4.0
1287	3.0
1288	4.0
1290	4.0
1291	4.0
1293	3.0
1296	4.0
1297	3.0
1298	3.0
1307	3.0
1320	3.0
1333	3.0
1339	1.0
1346	3.0
1347	2.0
1350	3.0
1356	3.0
1361	4.0
1370	3.0
1371	2.0
1372	2.0
1373	3.0
1374	3.0
1375	3.0
1376	4.0
1377	3.0
1378	3.0
1380	4.0
1381	3.0
1387	2.0
1390	3.0
1391	3.0
1393	3.0
1394	4.0
1396	3.0
1407	3.0
1408	4.0
1416	4.0
1429	3.0
1438	3.0
1441	3.0
1457	2.0
1459	2.0
1479	3.0
1480	4.0
1485	3.0
1488	3.0
1497	1.0
1500	4.0
1513	3.0
1517	3.0
1527	4.0
1535	2.0
1537	3.0
1541	2.0
1544	3.0
1552	4.0
1554	5.0
1556	2.0
1562	1.0
1573	4.0
1580	5.0
1584	4.0
1586	2.0
1587	3.0
1590	2.0
1593	2.0
1597	3.0
1606	3.0
1608	2.0
1610	4.0
1611	4.0
1614	4.0
1616	2.0
1617	5.0
1619	2.0
1620	3.0
1625	3.0
1629	4.0
1639	4.0
1641	5.0
1647	2.0
1653	4.0
1655	3.0
1658	3.0
1673	4.0
1674	3.0
1676	4.0
1678	4.0
1680	3.0
1682	4.0
1683	4.0
1686	3.0
1689	3.0
1690	4.0
1703	2.0
1704	5.0
1721	4.0
1722	3.0
1729	4.0
1735	4.0
1747	3.0
1753	3.0
1760	2.0
1769	5.0
1772	2.0
1777	4.0
1779	2.0
1784	3.0
1792	3.0
1835	3.0
1836	4.0
1863	2.0
1875	4.0
1876	3.0
1883	4.0
1885	5.0
1888	2.0
1895	3.0
1907	3.0
1912	4.0
1914	5.0
1917	2.0
1918	2.0
1947	4.0
1951	3.0
1959	4.0
1965	3.0
1967	5.0
1968	4.0
1969	2.0
1970	3.0
1994	2.0
1997	2.0
2000	3.0
2001	3.0
2002	3.0
2005	3.0
2006	4.0
2011	3.0
2012	2.0
2020	3.0
2021	4.0
2033	3.0
2046	3.0
2052	3.0
2054	2.0
2058	5.0
2065	2.0
2067	4.0
2071	4.0
2080	3.0
2081	3.0
2083	3.0
2087	2.0
2088	2.0
2096	3.0
2100	3.0
2105	3.0
2108	4.0
2110	4.0
2111	4.0
2112	3.0
2115	3.0
2124	4.0
2125	4.0
2133	3.0
2134	3.0
2140	4.0
2143	3.0
2144	3.0
2145	4.0
2150	4.0
2151	3.0
2153	1.0
2161	4.0
2162	3.0
2167	3.0
2174	3.0
2193	4.0
2194	3.0
2243	3.0
2245	3.0
2247	4.0
2248	4.0
2252	5.0
2253	2.0
2261	2.0
2266	2.0
2268	3.0
2269	3.0
2273	3.0
2275	5.0
2278	3.0
2291	3.0
2297	4.0
2301	5.0
2302	3.0
2316	5.0
2321	3.0
2322	3.0
2327	3.0
2328	1.0
2329	4.0
2334	2.0
2336	5.0
2340	2.0
2352	4.0
2353	3.0
2369	4.0
2370	3.0
2371	3.0
2372	3.0
2374	3.0
2375	3.0
2378	3.0
2385	3.0
2393	3.0
2395	3.0
2396	4.0
2405	3.0
2406	3.0
2407	3.0
2413	4.0
2450	3.0
2463	3.0
2468	3.0
2469	3.0
2470	3.0
2471	3.0
2478	3.0
2490	3.0
2491	1.0
2496	3.0
2502	3.0
2504	3.0
2517	2.0
2529	3.0
2553	3.0
2558	3.0
2565	4.0
2571	4.0
2572	4.0
2580	2.0
2598	3.0
2616	3.0
2617	4.0
2625	2.0
2628	2.0
2629	2.0
2640	3.0
2641	3.0
2642	3.0
2643	3.0
2657	4.0
2671	3.0
2683	2.0
2690	3.0
2692	5.0
2700	5.0
2716	3.0
2717	3.0
2728	3.0
2732	3.0
2735	3.0
2746	4.0
2747	2.0
2748	3.0
2752	3.0
2762	4.0
2763	2.0
2774	4.0
2791	3.0
2792	3.0
2794	2.0
2795	2.0
2797	3.0
2802	3.0
2804	2.0
2805	2.0
2808	3.0
2822	3.0
2826	4.0
2840	2.0
2857	2.0
2858	4.0
2863	2.0
2870	2.0
2872	3.0
2875	3.0
2881	3.0
2890	4.0
2898	3.0
2915	3.0
2916	3.0
2918	3.0
2926	4.0
2942	4.0
2946	3.0
2953	2.0
2956	2.0
2968	5.0
2973	2.0
2985	3.0
2986	3.0
2987	4.0
2997	3.0
3000	4.0
3005	4.0
3020	4.0
3033	3.0
3039	2.0
3044	3.0
3052	3.0
3060	3.0
3067	4.0
3070	4.0
3072	3.0
3082	3.0
3087	3.0
3104	3.0
3107	2.0
3108	3.0
3155	2.0
3175	3.0
3190	3.0
3247	3.0
3251	4.0
3255	3.0
3256	4.0
3257	3.0
3261	3.0
3263	3.0
3264	4.0
3265	4.0
3274	3.0
3328	4.0
3342	4.0
3358	3.0
3359	3.0
3394	2.0
3409	2.0
3418	5.0
3452	3.0
3466	3.0
3479	4.0
3481	4.0
3489	3.0
3510	4.0
3512	2.0
3513	3.0
3527	3.0
3545	4.0
3578	3.0
3624	4.0
3684	3.0
3685	2.0
3699	4.0
3702	3.0
3727	4.0
3751	4.0
3793	4.0
3882	4.0
3968	3.0
3972	4.0
3978	1.0
3996	5.0
4014	4.0
4027	5.0
4029	4.0
4054	2.5
4062	3.0
4086	3.0
4091	2.0
4132	3.0
4226	5.0
4231	3.0
4285	2.0
4306	4.0
4308	4.0
4317	3.0
4344	2.0
4356	4.0
4361	3.0
4380	4.0
4701	3.0
4970	3.0
4973	3.5
5034	5.0
5380	4.0
5617	4.5
6218	4.0
7293	4.0
7361	4.5
8360	3.5
8866	4.5
8874	5.0
8983	4.0
26680	4.5
31658	3.5
31685	3.0
33679	3.5
37729	3.5
