1	5.0
2	2.5
3	3.0
5	3.5
6	5.0
7	3.0
10	4.0
12	2.5
13	3.0
14	4.5
15	2.5
17	5.0
18	3.0
19	2.0
21	4.0
22	4.0
23	2.0
24	3.0
25	4.0
31	3.5
32	4.5
34	5.0
36	5.0
39	5.0
43	3.5
44	2.0
45	4.5
47	5.0
48	4.0
55	5.0
57	5.0
60	3.0
64	2.5
65	0.5
69	2.0
72	4.5
85	5.0
87	2.0
88	1.5
94	4.5
102	3.0
104	2.0
105	4.5
111	5.0
123	5.0
125	4.5
126	1.5
135	2.0
141	4.0
144	3.0
150	4.5
151	4.0
153	3.0
154	5.0
158	2.0
160	3.0
165	4.0
169	2.0
170	3.0
171	3.5
174	1.0
175	3.5
181	1.0
185	4.0
186	2.5
190	5.0
196	2.5
198	5.0
199	5.0
203	3.5
206	4.0
208	3.0
218	4.0
223	4.0
231	3.0
234	2.0
235	5.0
236	3.5
237	4.0
238	3.0
239	2.5
247	5.0
248	2.0
249	4.0
252	4.0
253	4.0
256	2.5
260	5.0
261	4.5
266	2.5
267	0.5
271	3.5
272	4.0
274	0.5
275	3.0
276	2.0
278	4.0
281	4.5
282	4.0
288	4.5
292	2.5
293	4.0
296	5.0
299	5.0
300	5.0
302	4.5
306	5.0
307	5.0
308	4.5
312	3.0
316	3.0
317	1.0
318	4.0
319	4.0
327	2.0
329	3.0
332	2.0
333	3.0
334	5.0
337	5.0
338	2.5
339	4.0
342	4.5
343	2.5
344	3.0
345	4.0
348	5.0
350	3.5
355	2.0
356	2.5
357	4.5
361	4.0
364	4.0
366	4.0
367	3.0
368	3.5
370	3.0
372	4.0
374	2.0
376	3.5
377	4.5
379	2.5
380	4.0
381	3.0
382	4.0
390	4.0
393	2.0
408	0.5
410	4.5
412	5.0
413	1.5
419	1.0
423	2.0
425	3.5
429	3.5
432	2.5
435	2.0
436	0.5
440	4.0
441	5.0
442	2.0
446	5.0
448	4.0
455	3.5
457	4.0
460	1.5
466	3.5
467	3.0
471	4.0
473	1.0
475	4.5
477	4.0
479	2.5
480	4.0
492	4.0
493	4.5
494	2.5
497	4.5
500	2.5
501	5.0
505	2.0
506	5.0
507	4.5
508	4.0
509	5.0
514	4.0
515	5.0
516	2.0
520	3.5
524	3.0
527	5.0
529	4.5
531	4.5
532	4.0
533	4.0
534	3.5
535	4.5
538	4.5
540	3.0
541	5.0
542	2.0
543	3.5
546	1.0
550	4.0
551	5.0
552	3.0
558	3.0
562	5.0
575	3.0
585	4.0
586	3.0
587	4.5
588	4.0
589	5.0
592	4.5
593	5.0
594	5.0
595	5.0
596	5.0
597	3.5
599	4.0
608	5.0
611	1.5
612	2.5
616	4.0
627	4.0
628	3.0
637	1.5
647	3.0
648	4.0
653	3.5
656	2.0
661	3.5
663	3.5
668	5.0
671	3.5
673	3.0
688	2.5
708	4.0
711	3.0
719	2.0
724	4.0
736	2.5
743	2.5
748	3.5
750	5.0
761	3.5
765	2.0
766	4.0
778	4.5
780	2.0
783	4.5
788	4.0
798	3.0
799	3.5
800	5.0
801	3.5
802	3.0
818	4.0
829	3.0
830	4.0
833	3.0
836	2.5
838	4.5
851	4.0
852	3.5
858	5.0
866	5.0
879	2.5
898	5.0
899	5.0
900	4.5
901	4.5
902	5.0
903	5.0
904	5.0
905	5.0
906	4.5
908	5.0
909	5.0
910	5.0
911	4.0
912	5.0
913	5.0
914	3.5
915	4.5
916	5.0
918	5.0
919	5.0
920	5.0
921	3.0
922	5.0
923	5.0
924	5.0
926	5.0
927	4.5
928	5.0
929	4.5
930	5.0
931	4.0
932	4.0
933	4.5
936	5.0
938	3.5
940	5.0
942	5.0
943	3.5
945	5.0
946	5.0
947	5.0
948	5.0
949	5.0
950	5.0
951	5.0
952	2.5
953	5.0
954	5.0
955	5.0
965	5.0
968	5.0
969	4.5
971	5.0
973	4.5
1010	2.0
1013	4.5
1015	4.0
1016	2.5
1017	4.0
1020	3.5
1021	3.0
1022	4.5
1023	5.0
1024	4.0
1025	4.0
1028	5.0
1029	4.5
1030	3.0
1031	4.0
1032	4.5
1033	4.0
1035	5.0
1036	5.0
1041	5.0
1042	3.0
1046	4.0
1057	5.0
1059	4.0
1061	3.0
1064	2.0
1066	4.0
1073	4.0
1077	5.0
1079	4.5
1081	4.0
1084	5.0
1086	4.0
1089	4.0
1090	4.0
1091	1.5
1094	5.0
1095	4.0
1096	2.5
1097	5.0
1103	5.0
1104	5.0
1111	4.5
1126	1.0
1127	4.5
1135	4.0
1136	4.0
1148	5.0
1167	3.0
1171	4.5
1177	3.5
1178	4.0
1179	5.0
1183	4.5
1185	4.5
1186	5.0
1188	4.0
1189	5.0
1192	5.0
1193	3.5
1196	5.0
1198	5.0
1199	4.0
1200	5.0
1203	4.0
1204	5.0
1206	5.0
1208	5.0
1210	4.0
1211	5.0
1212	5.0
1213	5.0
1214	5.0
1217	5.0
1219	5.0
1221	5.0
1223	4.5
1226	4.5
1228	5.0
1230	5.0
1234	4.0
1235	4.0
1237	5.0
1240	5.0
1244	5.0
1245	4.0
1246	2.5
1247	4.0
1248	5.0
1250	5.0
1251	5.0
1252	5.0
1253	4.0
1254	4.0
1256	5.0
1258	4.5
1259	3.5
1260	5.0
1263	4.0
1265	4.0
1266	4.5
1267	5.0
1269	4.0
1270	4.5
1274	4.0
1276	5.0
1278	5.0
1280	5.0
1281	4.0
1282	5.0
1283	5.0
1284	4.5
1285	5.0
1287	3.5
1288	5.0
1291	4.0
1296	5.0
1300	5.0
1301	4.5
1304	4.5
1305	5.0
1307	4.0
1320	4.0
1321	4.5
1333	5.0
1334	3.5
1339	5.0
1340	5.0
1343	5.0
1344	4.5
1345	5.0
1347	4.0
1348	5.0
1354	5.0
1356	4.0
1361	5.0
1366	4.0
1367	2.5
1372	2.0
1373	2.0
1376	4.0
1377	4.0
1380	3.0
1387	5.0
1391	4.0
1392	4.0
1393	4.5
1394	5.0
1396	4.0
1399	4.0
1405	4.0
1407	4.0
1408	5.0
1416	4.5
1417	5.0
1419	4.0
1425	3.0
1431	2.5
1438	3.0
1441	4.0
1449	5.0
1453	2.5
1454	4.0
1457	3.0
1461	2.5
1464	4.0
1466	5.0
1480	4.0
1484	4.0
1485	3.0
1499	1.5
1513	4.0
1515	2.5
1517	4.0
1527	4.0
1544	3.0
1556	2.5
1562	1.0
1566	3.5
1569	4.5
1580	3.0
1584	4.5
1588	3.5
1590	2.0
1591	2.0
1594	4.5
1603	4.0
1608	3.0
1611	5.0
1614	4.0
1617	5.0
1629	4.0
1635	5.0
1639	4.0
1641	4.0
1643	4.0
1645	3.0
1649	4.0
1653	5.0
1655	2.0
1658	3.0
1660	5.0
1663	3.5
1665	3.0
1673	5.0
1674	4.5
1676	4.0
1678	5.0
1681	1.0
1682	5.0
1683	5.0
1690	3.0
1693	3.5
1699	4.5
1711	3.0
1713	3.0
1717	4.0
1719	5.0
1721	4.5
1722	4.0
1729	5.0
1730	4.0
1731	1.0
1734	4.0
1747	5.0
1748	4.0
1753	2.5
1762	2.0
1779	2.5
1784	3.5
1794	5.0
1805	3.5
1810	5.0
1821	3.0
1831	2.0
1834	4.0
1848	3.0
1855	2.5
1862	1.5
1866	2.0
1875	4.0
1876	4.0
1882	2.0
1883	4.0
1885	5.0
1892	3.5
1895	2.5
1897	4.5
1907	4.0
1909	4.0
1911	3.0
1912	4.5
1913	5.0
1916	4.0
1917	1.5
1918	0.5
1919	3.5
1920	2.5
1921	4.5
1923	2.5
1927	5.0
1931	5.0
1935	4.0
1936	4.0
1938	3.5
1939	5.0
1940	3.5
1942	4.5
1944	5.0
1945	5.0
1946	4.0
1947	5.0
1948	4.0
1952	4.5
1953	5.0
1954	3.5
1955	4.5
1956	4.5
1957	3.5
1958	4.5
1959	4.5
1960	4.5
1964	5.0
1966	4.5
1967	4.0
1968	4.5
1982	5.0
1983	2.5
1984	2.0
1991	4.0
1992	2.5
1994	4.5
1995	3.0
1997	5.0
2000	3.0
2003	4.0
2004	4.0
2005	3.0
2006	2.5
2010	5.0
2011	2.5
2012	3.0
2013	4.0
2015	3.0
2017	3.0
2018	5.0
2019	5.0
2020	4.5
2021	3.5
2022	4.0
2028	4.0
2033	3.5
2036	1.0
2042	2.0
2043	3.5
2046	4.0
2048	4.0
2050	1.5
2052	2.5
2053	2.0
2054	3.0
2065	5.0
2066	5.0
2067	5.0
2068	5.0
2070	4.5
2071	4.5
2076	5.0
2078	4.0
2080	4.0
2081	5.0
2082	2.0
2083	4.0
2085	4.0
2087	4.0
2088	3.0
2089	4.0
2090	4.0
2092	2.0
2093	4.0
2094	4.0
2096	5.0
2100	4.0
2102	4.5
2107	3.5
2112	4.0
2115	4.0
2121	4.0
2122	2.0
2123	3.0
2124	4.0
2125	4.0
2130	5.0
2132	5.0
2133	4.0
2137	4.0
2139	4.5
2140	4.0
2141	4.0
2142	4.0
2143	3.0
2148	2.0
2153	3.0
2160	5.0
2161	4.0
2162	2.5
2165	4.0
2169	1.0
2170	2.0
2174	4.0
2176	4.5
2178	4.0
2181	5.0
2183	4.5
2184	4.5
2186	5.0
2193	3.5
2202	4.0
2203	5.0
2205	4.0
2206	3.5
2208	5.0
2239	4.5
2243	5.0
2247	4.5
2253	2.0
2272	4.0
2278	4.0
2279	1.0
2287	3.5
2288	4.5
2289	5.0
2291	5.0
2294	4.0
2297	2.5
2300	3.5
2302	3.5
2303	5.0
2313	5.0
2314	5.0
2318	5.0
2320	3.5
2321	4.0
2325	3.0
2331	4.0
2333	5.0
2334	3.5
2336	4.0
2337	5.0
2349	5.0
2351	5.0
2355	4.5
2357	4.5
2359	3.0
2360	5.0
2363	4.0
2366	5.0
2369	4.0
2378	1.5
2379	1.0
2385	2.0
2387	1.0
2389	4.5
2390	4.0
2391	4.0
2393	2.5
2394	4.0
2395	3.5
2396	5.0
2398	4.0
2406	4.5
2407	3.0
2408	3.0
2409	2.5
2410	1.0
2411	1.0
2412	1.0
2413	4.0
2420	4.0
2423	4.0
2424	4.0
2427	5.0
2428	3.5
2432	3.5
2439	4.0
2442	4.0
2450	1.0
2453	3.0
2455	5.0
2459	4.0
2469	4.5
2474	5.0
2478	2.0
2495	4.0
2496	3.5
2502	3.5
2504	3.5
2511	5.0
2519	3.5
2524	3.5
2528	4.0
2529	4.0
2535	2.0
2539	2.5
2541	3.0
2550	5.0
2551	5.0
2553	3.0
2558	3.5
2560	4.0
2565	4.0
2570	4.0
2571	3.5
2572	2.0
2574	2.5
2580	4.0
2581	3.5
2583	4.0
2598	3.5
2599	4.5
2600	4.0
2605	2.5
2611	4.5
2612	5.0
2616	4.0
2617	3.0
2622	4.0
2628	3.0
2640	4.5
2641	4.5
2642	2.0
2643	2.0
2657	3.5
2660	4.0
2662	4.0
2664	4.5
2671	4.0
2683	3.0
2690	4.0
2692	5.0
2693	4.0
2694	2.5
2699	4.0
2700	4.5
2701	1.0
2706	3.0
2707	3.0
2710	4.5
2712	5.0
2713	1.0
2716	4.0
2717	4.0
2719	2.0
2721	3.0
2722	3.0
2725	4.0
2726	5.0
2729	3.5
2730	4.5
2731	5.0
2732	4.5
2739	4.5
2746	4.5
2750	4.5
2757	4.0
2759	4.0
2761	5.0
2762	4.0
2763	4.0
2769	4.0
2771	3.0
2787	3.0
2791	5.0
2792	3.0
2793	3.0
2794	3.5
2795	3.0
2796	3.0
2797	4.5
2798	1.0
2799	0.5
2801	5.0
2804	3.5
2819	3.5
2829	4.0
2840	1.5
2857	4.0
2858	4.5
2860	3.0
2867	4.0
2870	4.0
2871	4.0
2877	3.5
2890	4.5
2891	3.5
2898	3.0
2899	3.0
2908	5.0
2915	4.0
2916	4.0
2917	5.0
2918	3.5
2919	5.0
2920	5.0
2922	4.5
2926	4.5
2927	5.0
2929	5.0
2932	5.0
2935	5.0
2936	4.5
2937	5.0
2940	5.0
2953	2.0
2959	4.0
2966	4.5
2967	4.0
2968	3.5
2969	4.5
2971	5.0
2973	5.0
2976	4.0
2985	2.0
2987	4.5
2995	2.0
2997	5.0
3000	5.0
3006	5.0
3008	4.0
3011	5.0
3022	5.0
3024	3.5
3033	3.0
3034	4.0
3051	3.5
3052	3.5
3060	4.0
3061	4.0
3062	4.0
3068	5.0
3070	3.5
3072	5.0
3075	5.0
3078	4.0
3081	4.0
3082	2.5
3083	5.0
3087	3.5
3089	5.0
3091	5.0
3093	5.0
3094	5.0
3095	5.0
3097	5.0
3099	5.0
3101	4.0
3108	4.0
3114	4.5
3115	2.5
3129	4.0
3134	5.0
3146	2.0
3147	3.0
3152	5.0
3156	0.5
3159	3.5
3160	5.0
3163	5.0
3167	4.0
3168	3.0
3173	4.0
3174	4.5
3175	4.0
3176	5.0
3181	4.0
3186	4.0
3190	2.0
3194	5.0
3196	4.0
3198	3.0
3200	4.0
3201	4.0
3204	3.5
3208	3.0
3210	4.0
3224	5.0
3246	5.0
3247	4.0
3248	3.0
3249	4.0
3250	3.5
3251	3.5
3253	4.0
3254	3.0
3255	4.0
3258	4.0
3260	5.0
3263	4.0
3268	1.0
3271	2.5
3274	4.0
3298	2.5
3300	2.0
3301	2.0
3307	5.0
3310	5.0
3317	5.0
3328	5.0
3330	5.0
3334	3.5
3341	4.5
3355	2.5
3359	4.5
3361	5.0
3362	5.0
3363	4.5
3364	5.0
3365	5.0
3386	4.5
3387	3.0
3388	3.0
3396	4.5
3397	4.0
3398	4.0
3408	5.0
3409	3.0
3418	5.0
3424	5.0
3429	4.5
3435	5.0
3438	2.0
3439	1.5
3440	1.0
3441	1.0
3450	3.5
3451	3.5
3462	5.0
3466	4.0
3467	5.0
3468	4.5
3469	3.5
3471	5.0
3475	5.0
3480	4.0
3484	0.5
3489	2.0
3499	4.0
3503	5.0
3504	5.0
3512	3.5
3525	2.5
3527	4.0
3534	3.0
3535	5.0
3545	5.0
3546	5.0
3548	4.0
3549	3.5
3556	5.0
3566	2.5
3569	5.0
3578	3.0
3606	4.5
3608	4.5
3617	2.0
3618	4.0
3623	3.0
3629	5.0
3634	4.0
3668	4.0
3671	4.0
3675	4.0
3676	4.0
3683	5.0
3684	5.0
3685	4.0
3688	3.0
3693	1.0
3697	2.0
3702	3.5
3703	4.0
3705	3.5
3712	3.5
3724	4.5
3727	4.5
3730	5.0
3741	5.0
3742	5.0
3744	3.5
3745	3.5
3747	4.0
3751	4.0
3752	2.5
3754	1.0
3755	3.5
3769	3.0
3785	2.0
3786	2.5
3788	5.0
3793	4.0
3794	4.5
3798	3.5
3801	4.0
3809	4.0
3814	4.5
3825	2.0
3827	2.5
3831	3.5
3835	2.5
3841	3.0
3852	3.0
3857	1.5
3863	4.0
3865	2.5
3868	4.0
3869	4.0
3871	4.5
3873	3.5
3882	4.0
3893	4.5
3897	4.0
3908	2.0
3909	3.0
3910	5.0
3911	4.5
3915	4.0
3927	4.0
3929	4.0
3930	2.5
3948	3.5
3949	4.0
3950	4.0
3952	4.0
3953	4.0
3959	4.0
3967	4.0
3968	2.5
3977	4.0
3981	2.5
3983	5.0
3994	3.5
3996	5.0
3999	3.0
4014	2.5
4015	3.0
4018	1.5
4020	3.5
4021	4.0
4022	3.0
4024	5.0
4025	2.5
4027	4.0
4029	4.0
4030	0.5
4034	5.0
4036	4.0
4037	5.0
4040	3.0
4054	2.0
4055	3.5
4061	4.0
4066	3.0
4068	2.5
4077	4.5
4080	3.0
4085	3.0
4090	4.0
4103	5.0
4121	4.0
4132	1.0
4133	2.0
4143	1.5
4144	5.0
4158	2.5
4205	4.0
4210	4.5
4211	4.5
4214	3.0
4215	1.0
4218	4.0
4228	2.0
4232	3.5
4238	2.0
4246	4.0
4251	4.0
4267	0.5
4270	1.5
4285	4.5
4291	4.5
4292	4.5
4298	4.0
4299	4.0
4304	3.0
4306	3.0
4308	5.0
4317	3.0
4318	5.0
4326	3.0
4327	4.0
4329	5.0
4333	3.0
4340	1.5
4343	1.5
4356	5.0
4357	4.0
4359	4.0
4361	5.0
4370	4.0
4386	2.0
4388	1.0
4410	4.5
4422	5.0
4427	5.0
4432	5.0
4437	4.0
4446	3.5
4447	4.0
4450	3.5
4464	5.0
4467	4.0
4477	4.0
4502	2.0
4508	4.5
4519	4.0
4533	3.0
4544	3.0
4545	3.0
4558	2.0
4571	3.0
4587	3.5
4621	3.0
4638	3.0
4639	2.0
4641	4.0
4642	4.5
4643	2.0
4649	4.0
4676	3.5
4678	1.5
4679	3.0
4681	4.5
4700	2.0
4718	2.0
4720	4.5
4723	4.0
4728	2.5
4733	2.0
4734	4.0
4744	4.0
4754	4.0
4756	1.5
4776	4.0
4784	4.0
4803	2.5
4809	5.0
4812	3.0
4816	3.0
4821	4.0
4823	3.5
4835	4.5
4844	3.5
4848	5.0
4867	3.0
4873	4.5
4874	2.0
4876	1.5
4878	4.0
4880	3.0
4881	4.5
4886	4.0
4890	2.5
4896	3.0
4903	5.0
4912	4.0
4914	5.0
4928	4.5
4932	3.5
4963	4.0
4967	4.5
4973	4.0
4974	3.0
4975	2.5
4976	4.0
4979	4.5
4980	4.0
4993	5.0
4995	2.5
5008	4.0
5010	4.0
5013	5.0
5015	3.5
5017	4.5
5021	4.0
5025	3.5
5060	5.0
5065	3.0
5066	2.0
5072	3.5
5081	4.0
5102	3.5
5103	3.5
5110	3.0
5120	3.5
5135	4.5
5147	4.5
5151	0.5
5159	3.0
5171	1.5
5177	5.0
5218	3.5
5219	3.5
5222	4.0
5225	5.0
5264	2.0
5266	4.0
5291	5.0
5293	3.5
5294	3.5
5296	3.5
5298	3.0
5299	3.5
5308	2.5
5312	2.0
5339	5.0
5349	4.0
5364	3.5
5367	5.0
5377	4.5
5378	3.5
5380	3.0
5387	2.0
5391	3.5
5415	2.5
5418	4.5
5419	1.0
5444	4.0
5445	4.0
5449	2.0
5450	5.0
5452	1.5
5459	1.5
5463	3.0
5464	3.5
5478	3.0
5481	2.5
5502	3.0
5504	2.0
5505	4.0
5507	2.5
5528	3.5
5540	3.0
5541	4.0
5574	3.5
5577	4.0
5582	3.0
5602	4.5
5603	4.0
5609	2.0
5610	3.0
5613	4.5
5618	5.0
5620	3.0
5621	1.0
5666	4.0
5669	5.0
5673	5.0
5679	3.5
5690	5.0
5707	3.5
5772	5.0
5785	4.0
5791	4.0
5796	3.5
5809	3.5
5810	3.0
5812	5.0
5816	2.5
5872	3.0
5878	5.0
5881	4.5
5902	4.5
5903	2.5
5941	3.0
5942	1.5
5944	3.0
5945	4.5
5952	5.0
5954	4.5
5956	4.0
5957	3.0
5971	5.0
5989	4.0
5991	4.5
5992	5.0
5995	4.0
6003	4.0
6058	2.5
6062	4.0
6156	1.5
6157	2.0
6166	1.5
6170	4.0
6183	4.0
6188	2.0
6197	4.0
6212	2.0
6239	2.5
6250	1.0
6264	2.0
6281	2.0
6287	3.0
6294	1.0
6296	4.0
6299	4.0
6323	3.0
6333	4.5
6338	2.0
6350	4.0
6365	2.5
6367	4.5
6373	3.0
6377	4.0
6380	4.5
6385	4.0
6440	4.5
6502	4.0
6503	3.5
6534	4.0
6535	3.5
6537	3.5
6538	4.5
6539	3.5
6541	1.5
6591	4.5
6593	4.0
6595	4.0
6615	2.0
6620	4.0
6639	4.0
6650	5.0
6659	4.0
6666	5.0
6695	2.5
6707	4.0
6711	5.0
6731	2.0
6754	2.0
6765	4.0
6773	5.0
6777	5.0
6783	5.0
6786	4.5
6787	5.0
6791	4.0
6793	2.0
6794	1.0
6796	5.0
6807	3.5
6852	4.5
6867	4.5
6870	3.5
6873	4.0
6874	5.0
6880	3.5
6881	3.0
6888	2.5
6889	3.5
6890	5.0
6932	4.0
6934	3.0
6936	3.5
6942	4.0
6944	3.5
6947	5.0
6950	4.0
6951	2.0
6953	3.5
6957	4.0
6966	3.5
6985	5.0
6987	4.5
6993	5.0
7001	4.5
7004	3.0
7008	4.5
7013	5.0
7036	2.0
7044	5.0
7045	4.0
7064	5.0
7072	5.0
7076	4.5
7089	4.5
7090	4.5
7099	4.5
7116	5.0
7121	5.0
7123	4.5
7132	4.5
7137	4.0
7139	5.0
7147	4.0
7149	4.0
7151	4.5
7153	5.0
7155	4.0
7156	4.5
7158	3.5
7160	4.5
7163	2.0
7164	4.0
7215	5.0
7234	5.0
7255	4.0
7263	3.0
7285	4.0
7293	3.5
7317	3.0
7318	3.0
7324	3.0
7327	5.0
7360	4.5
7361	5.0
7362	3.5
7367	2.5
7369	0.5
7371	5.0
7373	3.5
7380	3.0
7386	3.0
7387	5.0
7419	4.5
7438	5.0
7444	4.0
7451	4.5
7454	2.0
7458	2.5
7619	5.0
7698	5.0
7701	2.0
7757	4.0
7802	4.0
7934	4.5
7983	3.5
8014	4.5
8042	5.0
8154	5.0
8169	3.0
8253	4.0
8360	4.0
8361	3.0
8366	4.0
8368	4.5
8464	4.0
8477	4.5
8491	5.0
8492	4.0
8507	4.5
8526	3.0
8542	3.5
8622	4.0
8636	4.5
8638	5.0
8640	3.0
8641	4.0
8645	5.0
8665	4.5
8781	3.5
8783	3.0
8784	3.5
8798	4.5
8807	3.0
8810	0.5
8861	2.5
8865	4.0
8870	3.0
8873	4.0
8874	4.0
8879	4.0
8880	4.5
8910	5.0
8914	4.0
8917	3.5
8949	4.5
8951	5.0
8957	1.5
8961	5.0
8966	4.0
8972	2.5
8973	5.0
8974	4.0
8981	5.0
8983	4.5
8984	4.0
25771	4.5
25788	4.0
26131	5.0
26133	5.0
26152	3.0
26662	5.0
26680	4.0
26776	4.5
27266	5.0
27611	5.0
27660	4.0
27706	3.0
30707	4.5
30793	3.0
30803	4.5
30810	4.0
30812	4.0
30825	3.0
30898	4.0
31658	4.5
31696	4.0
31878	3.0
32017	1.5
32587	3.5
33154	4.5
33166	3.5
33171	4.0
33493	4.0
33615	3.0
33679	3.5
33794	4.5
33834	3.5
33880	5.0
34048	3.0
34150	2.0
34338	3.0
34405	4.5
34528	5.0
34542	5.0
35836	4.0
35957	4.0
36401	3.0
36517	4.0
36525	3.0
36527	3.5
36708	4.0
37240	4.5
37727	2.0
37729	4.0
37733	5.0
37741	5.0
37857	3.0
38038	4.5
38061	4.0
38304	5.0
38798	4.5
38886	4.5
39183	5.0
39292	4.0
39414	3.0
40581	2.0
40629	5.0
40815	3.5
40819	4.0
40826	3.5
41285	4.5
41566	3.5
41569	4.0
41573	4.0
41863	4.5
41997	4.0
42418	5.0
44191	2.0
44195	4.0
44199	5.0
44694	5.0
44788	4.0
44828	4.0
45028	5.0
45186	4.0
45210	4.5
45431	4.0
45447	2.0
45499	2.0
45501	3.5
45517	3.5
45720	4.0
45722	4.0
45728	4.0
45880	5.0
46530	4.0
46578	4.5
46723	3.5
46948	4.5
46965	3.0
46972	2.0
47200	3.5
47423	5.0
47629	4.5
47999	4.5
48043	5.0
48142	4.0
48385	4.0
48394	4.0
48516	5.0
48696	4.5
48738	4.5
48774	5.0
48780	4.5
48783	3.0
48982	4.0
49272	4.0
49274	3.0
49772	5.0
49824	4.0
49932	5.0
49961	3.5
50912	4.0
51255	4.0
51540	5.0
51662	3.5
51709	4.0
52042	4.5
52328	4.5
52435	5.0
52722	3.0
52885	4.5
52975	4.5
53000	3.5
53123	5.0
53125	3.0
53322	4.0
53519	4.5
53550	4.0
53953	2.5
53972	4.0
53996	3.0
54001	4.0
54190	2.5
54259	3.0
54272	4.5
54286	4.5
54995	4.5
54997	3.0
55052	4.0
55069	5.0
55118	4.0
55269	4.0
55276	4.5
55282	2.5
55363	5.0
55442	4.5
55444	4.0
55805	4.0
55814	4.0
55820	5.0
55995	4.0
56145	4.0
56152	4.0
56171	3.5
56174	3.5
56333	4.5
56367	4.5
56757	4.0
56775	2.0
56782	5.0
56801	0.5
56921	4.5
57368	3.5
57640	4.0
57669	4.5
58299	4.0
58559	4.0
58998	4.0
59018	4.5
59315	3.5
59387	4.0
59501	2.0
59615	2.0
59725	3.5
59784	4.0
60040	4.0
60069	4.5
60072	2.0
60074	3.0
60487	4.0
60684	2.5
60937	2.0
60950	4.5
61024	3.0
61132	2.5
61240	5.0
61323	5.0
61729	4.0
62155	4.0
62511	5.0
62849	3.5
62999	2.5
63072	4.0
63113	4.0
63131	4.0
63853	4.0
63859	4.0
63876	5.0
64497	2.0
64575	4.5
64622	4.5
64839	5.0
65261	4.0
66097	4.5
66934	4.5
67087	4.0
67197	1.5
67267	4.0
67408	3.0
67997	5.0
68157	5.0
68237	4.0
68319	1.0
68358	4.5
68791	4.0
68952	4.0
68954	4.0
69122	2.0
69134	4.0
69306	3.5
69406	2.5
69481	5.0
69526	1.0
69784	3.5
69844	4.0
69951	3.0
70183	0.5
70286	4.0
70293	3.5
70336	1.0
71057	4.0
71211	4.0
71264	3.5
71379	4.0
71464	4.0
71518	4.5
71520	3.0
71535	4.0
71579	4.0
71745	4.5
71899	4.5
72011	4.5
72226	4.5
72378	2.0
72395	4.5
72720	3.0
72737	4.0
72998	4.0
73023	3.0
73344	5.0
74458	2.5
74545	4.5
74789	2.0
74795	4.0
76093	5.0
76175	2.0
77561	3.0
78039	5.0
78105	1.5
78469	2.0
78499	4.5
78574	4.5
78637	3.0
79008	4.0
79132	3.0
79185	4.0
79242	5.0
79293	4.0
79702	4.0
80463	5.0
80489	3.0
80549	4.0
80969	3.5
81537	2.5
81562	4.0
81591	5.0
81834	3.0
81845	3.0
81847	4.0
81932	4.5
82459	4.0
82461	3.0
84772	3.0
84944	4.5
84954	2.5
85774	4.0
86190	4.5
86320	5.0
86332	3.5
86833	4.5
86880	2.5
86882	3.5
86898	4.5
87232	4.0
87306	3.0
87430	2.0
87520	2.0
87869	2.0
88129	5.0
88140	4.0
88163	4.0
88744	4.0
88810	4.0
89470	4.0
89492	4.5
89745	4.0
89753	5.0
89774	4.0
89804	4.0
89904	5.0
90866	3.5
91077	3.0
91529	2.5
91535	4.0
91630	4.5
91658	4.5
92420	4.0
93510	4.5
93840	4.0
94864	4.0
94959	4.0
95088	3.5
95167	4.0
95441	4.0
95510	3.0
96079	4.0
96610	4.0
96737	1.0
96821	4.5
97304	3.5
97752	3.0
97913	3.0
97923	3.5
97938	4.0
98154	5.0
98809	3.0
98961	5.0
99114	4.0
99149	4.0
101864	3.0
102123	3.0
102125	4.0
102445	4.0
103042	3.5
103228	3.0
103249	4.0
103335	3.0
103341	3.5
103772	2.5
104841	5.0
105504	4.5
105844	5.0
106072	3.5
106100	4.0
106489	3.0
106696	4.0
106782	2.5
106916	5.0
106920	4.0
108932	4.0
109374	4.5
110102	4.0
111362	4.0
