1	2.5
10	3.0
19	2.0
32	4.0
34	2.5
47	4.5
48	2.0
110	3.0
153	1.5
163	2.5
165	3.5
173	2.5
180	4.0
193	3.5
223	3.5
231	3.5
256	1.5
260	5.0
293	3.0
296	5.0
318	5.0
344	1.5
355	1.5
356	4.5
357	4.0
364	3.0
367	2.5
370	3.0
377	1.5
379	3.0
380	3.0
410	1.5
420	2.0
434	2.0
442	4.0
480	2.5
485	0.5
500	2.0
508	4.0
520	2.5
527	5.0
541	3.0
552	2.5
555	4.0
586	1.5
588	2.0
589	4.0
590	3.0
593	4.0
595	2.5
597	3.5
608	4.5
648	3.5
733	4.5
743	1.0
745	3.5
750	4.5
778	4.5
780	2.0
784	3.0
788	1.0
805	4.0
832	2.5
858	4.5
903	4.0
923	5.0
924	4.0
1035	3.5
1036	3.0
1047	3.5
1059	4.5
1080	4.5
1088	4.5
1089	4.5
1092	3.0
1093	2.5
1097	2.5
1101	3.5
1120	2.5
1148	4.0
1193	4.5
1196	4.0
1198	4.0
1206	4.5
1210	5.0
1212	4.0
1213	5.0
1220	4.5
1221	4.5
1222	4.5
1240	3.0
1246	2.5
1247	4.0
1265	4.0
1270	2.5
1271	3.5
1281	5.0
1288	4.0
1333	5.0
1370	3.0
1391	1.0
1396	4.0
1408	2.5
1446	4.5
1466	3.5
1483	1.0
1485	3.5
1517	3.0
1527	4.0
1544	3.5
1552	3.5
1573	3.0
1580	2.5
1608	3.0
1610	3.5
1617	3.5
1625	4.0
1639	3.0
1641	3.0
1673	4.0
1676	3.5
1680	3.0
1682	3.5
1704	4.0
1721	3.5
1722	3.5
1729	3.0
1732	3.5
1747	3.5
1805	3.5
1831	1.5
1835	3.0
1882	1.5
1884	3.0
1907	3.0
1909	3.5
1917	1.5
1923	2.5
1953	4.0
1954	3.5
1961	4.0
2000	3.0
2001	2.5
2002	2.5
2006	1.0
2011	2.5
2012	3.5
2023	3.5
2028	3.5
2054	2.5
2081	2.5
2115	3.5
2262	1.5
2278	3.5
2291	5.0
2294	4.0
2324	4.5
2329	4.0
2378	3.0
2395	3.5
2409	4.0
2411	3.5
2420	2.5
2424	1.5
2502	4.0
2541	3.5
2542	3.5
2571	4.5
2628	3.5
2671	4.0
2677	4.0
2683	4.0
2700	1.0
2701	2.5
2706	3.0
2712	4.0
2716	3.0
2762	4.0
2763	3.0
2791	3.0
2797	4.0
2858	4.0
2918	4.0
2947	4.0
2948	4.0
2949	4.0
2959	5.0
2985	3.5
2991	4.0
2993	4.0
2997	3.5
3033	3.5
3039	5.0
3052	4.5
3082	3.5
3083	4.0
3087	3.5
3148	4.0
3160	4.5
3174	3.0
3176	2.5
3247	1.5
3263	4.0
3267	2.5
3408	3.0
3448	3.5
3462	5.0
3489	4.0
3525	4.0
3535	4.5
3552	3.5
3556	3.0
3578	3.0
3617	2.5
3633	3.5
3635	3.0
3638	2.5
3639	3.0
3821	2.0
3868	1.5
3910	3.5
3948	2.0
3967	3.0
3977	2.0
3984	4.0
3994	3.5
3996	4.5
4002	4.5
4007	4.0
4011	4.0
4014	4.0
4015	2.0
4022	3.5
4027	4.0
4034	3.5
4069	2.0
4085	3.5
4226	4.0
4234	3.5
4235	3.0
4239	3.5
4246	3.0
4262	5.0
4270	2.0
4306	3.5
4308	3.5
4372	2.0
4489	4.5
4734	4.0
4816	3.0
4823	3.0
4848	3.5
4878	3.5
4881	4.5
4886	3.5
4896	3.0
4963	4.0
4967	4.5
4973	5.0
4975	3.0
4979	4.0
4993	4.0
4995	3.5
5066	2.5
5135	4.0
5218	3.5
5225	3.0
5349	3.0
5377	4.0
5378	4.0
5388	3.5
5418	4.0
5445	3.5
5459	1.5
5481	3.0
5507	3.0
5530	2.0
5669	3.0
5693	3.5
5816	3.0
5878	5.0
5902	3.5
5903	3.5
5943	2.0
5952	4.0
5956	2.5
5989	4.5
6188	4.0
6286	4.5
6291	3.5
6365	3.5
6373	3.0
6377	3.5
6378	4.0
6537	2.0
6539	3.5
6552	3.0
6711	2.5
6807	4.5
6863	3.0
6874	4.0
6934	3.5
6942	4.0
6957	2.5
7034	3.0
7153	4.0
7173	3.5
7323	4.0
7361	3.0
7371	3.0
7438	4.0
7460	4.0
7569	4.0
8360	3.0
8361	3.5
8368	4.0
8529	3.0
8581	3.5
8636	3.0
8641	4.0
8644	3.5
8665	4.0
8798	2.0
8807	3.5
8873	4.0
8949	4.0
8961	3.5
8969	2.5
8973	4.0
8984	3.5
26614	1.5
27873	4.0
27904	3.0
30749	4.0
30793	2.5
30810	4.5
31685	3.5
32587	4.0
32596	3.5
33004	3.5
33158	3.0
33166	3.0
33493	4.0
33615	4.0
33679	3.5
33794	3.0
34072	4.0
34162	3.5
34319	4.0
34437	4.5
35836	4.0
37386	3.0
37733	2.0
38061	2.0
39231	2.5
40583	4.5
40815	4.0
41285	4.0
41997	3.5
44191	4.0
44195	3.0
44555	4.0
44665	3.0
45447	3.5
45720	4.0
45722	3.0
45728	4.0
46578	3.5
46967	3.5
46970	2.5
46972	3.5
46976	4.5
47200	4.0
47997	2.0
48385	2.5
48516	3.0
48738	4.0
48780	4.0
49272	4.0
49274	3.5
49286	3.0
50794	4.0
50912	4.0
51255	2.5
51662	4.5
51935	3.5
52245	3.5
52281	4.0
52973	4.0
53125	3.5
53318	4.0
53322	3.0
53519	3.5
53972	3.0
54001	4.0
54286	3.5
54503	1.5
55247	4.0
55269	4.5
55276	4.5
55280	3.0
55363	2.0
55444	3.0
55765	3.0
55820	4.0
55830	3.0
56156	3.5
56171	3.5
56174	4.5
56367	3.5
56775	3.5
56788	3.5
56941	2.5
57669	3.0
58047	4.0
58103	3.5
58559	3.5
58998	4.0
59022	3.5
59315	4.0
59369	3.0
59421	2.0
59615	2.5
59725	3.0
59784	4.0
59900	2.0
60069	3.5
60072	3.5
60074	2.5
60126	2.5
60756	2.5
60760	3.5
60950	4.0
61024	3.5
61132	2.5
61323	3.5
61729	3.0
62081	2.5
62155	3.5
62394	2.0
62434	4.0
62511	1.5
62999	3.5
63113	4.0
63131	3.0
64030	3.0
64614	4.0
64620	3.5
64839	4.0
64957	4.5
64969	3.5
66203	3.5
66509	3.5
66665	3.0
66934	4.0
67087	3.5
67197	3.0
67734	3.5
68135	2.5
68157	4.5
68205	4.0
68358	3.0
69122	4.0
69406	3.5
69481	4.0
69757	4.0
69844	4.5
70183	2.0
71156	3.5
71282	4.5
71535	4.0
72011	4.0
72378	3.0
72998	4.0
73017	4.0
76077	3.0
76293	3.5
77561	4.5
78209	3.5
79091	2.5
79132	4.5
79185	3.0
79293	3.5
79357	4.5
79592	3.5
80219	3.5
80463	4.0
80489	4.5
80906	5.0
81537	3.0
81562	5.0
81591	4.5
81834	4.5
83349	4.0
84152	4.5
84374	4.0
85414	3.0
86190	3.5
86833	4.0
86911	3.0
87306	2.5
87485	3.5
87869	3.5
88125	4.5
88129	5.0
88163	4.0
88405	4.0
89492	5.0
89745	4.0
89753	4.5
89804	4.0
89864	4.0
90746	4.0
91500	4.0
91529	5.0
91535	3.0
91630	4.0
91658	5.0
93510	3.0
95088	3.0
95441	4.5
95510	1.5
96079	5.0
96610	4.5
97304	4.5
97921	4.5
97923	4.0
97938	3.5
98809	5.0
99114	5.0
102123	4.0
102125	2.0
102445	3.5
102903	4.5
103253	3.5
104841	5.0
104879	4.5
106489	4.0
106696	3.0
106782	5.0
106916	3.5
106920	5.0
108932	3.5
109374	5.0
112556	5.0
