1	4.5
3	3.0
4	3.0
10	4.0
11	3.0
18	4.0
19	3.0
21	4.0
24	4.0
31	4.0
32	4.5
44	4.0
45	3.5
46	3.0
47	4.5
50	4.5
58	5.0
62	4.5
63	3.5
69	4.0
70	4.0
74	4.5
81	4.5
88	3.5
100	3.5
104	4.0
107	4.0
110	5.0
111	4.5
122	3.0
141	4.0
145	3.5
147	4.5
150	4.0
153	1.5
155	4.0
157	4.0
160	3.0
163	5.0
165	3.0
166	2.5
170	3.0
172	3.5
173	2.5
175	4.0
179	2.5
180	4.0
182	3.5
188	4.0
193	2.0
194	4.0
198	4.0
203	3.5
208	2.0
215	4.0
216	3.5
222	4.0
223	4.5
224	4.0
225	3.0
229	4.0
230	3.5
231	4.0
234	2.5
235	4.5
236	2.5
237	3.0
240	4.0
247	4.0
248	3.0
249	4.0
253	3.0
259	3.5
260	4.5
261	3.5
265	4.5
273	3.5
280	4.5
282	2.0
288	4.5
289	4.0
292	3.5
293	5.0
296	4.5
303	2.5
314	4.5
316	3.0
317	2.5
318	4.5
319	4.0
322	3.5
327	4.5
328	3.5
329	2.5
332	3.5
333	4.0
337	4.0
344	3.0
345	4.0
346	3.5
349	3.5
352	3.5
353	4.0
356	4.0
357	4.0
358	4.0
361	3.5
364	4.0
366	4.0
367	3.0
368	3.0
370	3.0
371	4.0
372	3.5
377	3.0
380	4.0
407	3.5
410	3.5
413	3.0
416	2.5
420	3.5
423	3.0
427	4.5
431	4.5
432	2.5
435	3.5
440	3.5
441	3.0
442	3.5
446	4.5
448	3.5
450	3.5
454	3.5
457	3.5
466	1.5
469	4.5
471	4.0
474	3.5
477	4.5
479	4.0
480	4.0
481	4.0
482	4.5
485	3.0
489	2.5
493	4.0
497	4.0
500	3.5
505	3.5
507	3.5
508	4.5
509	4.0
510	4.0
512	3.5
514	3.5
517	3.0
518	3.5
520	3.5
521	4.5
522	4.0
527	5.0
529	4.0
532	2.5
534	4.5
538	4.5
539	3.0
540	3.0
541	5.0
542	2.0
543	4.0
546	2.5
550	3.0
551	5.0
552	3.0
553	4.5
555	5.0
565	4.0
586	2.5
587	3.0
588	3.0
589	5.0
590	3.5
592	4.0
593	4.0
594	3.5
595	3.5
596	4.0
597	3.5
608	4.5
610	4.0
611	4.0
616	3.5
653	4.0
663	4.5
671	4.0
674	4.0
707	3.5
708	3.5
709	2.5
714	4.5
720	4.0
724	3.5
733	4.0
735	4.5
736	3.5
741	5.0
743	2.5
750	5.0
761	3.0
762	2.0
778	5.0
780	3.5
799	3.5
832	3.5
839	2.0
842	3.5
858	4.5
888	2.5
891	4.0
899	4.0
902	4.0
903	4.0
910	4.0
912	4.0
913	4.0
917	4.0
919	4.0
920	4.0
921	4.5
923	4.5
928	4.5
929	4.5
940	4.0
953	5.0
968	4.5
969	4.0
991	4.0
994	4.0
1017	4.0
1021	2.5
1022	3.5
1025	4.0
1027	2.5
1028	3.5
1029	4.0
1032	4.5
1033	4.0
1035	4.0
1036	4.5
1037	4.0
1041	4.5
1047	4.5
1051	3.5
1059	4.5
1060	4.0
1073	4.5
1079	4.5
1080	4.5
1081	4.5
1088	2.5
1089	4.5
1091	2.5
1092	3.5
1093	4.0
1094	3.5
1097	4.0
1100	3.5
1101	1.5
1103	5.0
1104	4.5
1124	3.5
1126	3.0
1127	4.5
1129	4.0
1136	4.5
1162	4.5
1173	4.5
1175	4.5
1177	4.0
1183	4.0
1188	4.5
1191	3.0
1194	3.5
1196	5.0
1197	3.5
1198	4.5
1199	5.0
1200	5.0
1204	5.0
1206	4.5
1207	4.5
1208	5.0
1210	4.0
1213	4.5
1214	5.0
1215	4.5
1219	4.5
1220	5.0
1221	4.5
1222	4.5
1224	4.5
1225	5.0
1226	4.5
1230	3.5
1231	4.0
1235	5.0
1240	4.0
1242	4.5
1243	5.0
1246	4.5
1247	4.0
1252	4.5
1254	4.0
1257	5.0
1258	5.0
1259	4.5
1260	4.5
1261	4.5
1265	3.5
1266	4.5
1268	4.5
1269	4.5
1270	3.0
1271	4.5
1272	4.0
1274	4.5
1275	4.0
1276	5.0
1278	4.0
1282	4.0
1284	4.5
1285	4.5
1286	3.5
1288	3.5
1290	4.0
1291	4.0
1296	4.0
1297	3.0
1298	4.5
1299	4.5
1302	4.0
1306	5.0
1307	3.5
1320	3.5
1321	3.5
1327	4.0
1333	4.0
1334	3.5
1339	3.5
1342	4.5
1343	4.0
1345	4.0
1347	4.0
1348	4.0
1350	5.0
1356	2.5
1358	4.5
1363	3.0
1370	3.5
1371	4.0
1372	2.5
1373	3.0
1374	3.5
1375	3.0
1376	3.0
1377	4.0
1378	3.5
1379	3.0
1380	3.5
1387	4.0
1389	2.0
1391	4.0
1392	2.5
1394	4.5
1396	4.0
1401	4.0
1405	2.0
1407	3.5
1408	4.0
1411	4.5
1422	3.0
1429	3.5
1441	3.0
1449	5.0
1459	3.5
1464	4.0
1466	3.5
1485	4.0
1499	2.0
1500	4.5
1513	4.0
1517	2.5
1527	4.0
1542	4.0
1544	3.5
1552	4.5
1562	1.5
1573	3.5
1580	4.0
1584	3.5
1586	3.0
1587	4.5
1590	4.0
1597	3.5
1603	3.5
1608	3.5
1610	3.5
1611	5.0
1614	4.0
1617	4.5
1620	3.5
1621	3.0
1625	4.0
1627	2.5
1639	4.5
1641	4.0
1644	3.5
1645	3.0
1648	4.5
1653	4.5
1658	4.0
1673	4.0
1676	3.5
1678	4.5
1682	4.0
1683	4.0
1687	3.0
1688	3.0
1690	3.0
1704	4.0
1711	4.0
1717	3.5
1721	3.5
1722	4.0
1732	4.5
1735	4.5
1748	4.0
1753	2.5
1754	3.0
1760	2.0
1769	4.5
1772	3.5
1777	4.0
1779	3.0
1784	4.0
1799	4.5
1801	3.0
1805	2.0
1831	3.0
1866	4.0
1873	4.0
1876	3.5
1882	3.0
1884	4.5
1888	3.5
1895	4.0
1907	3.5
1909	3.0
1916	2.5
1917	3.0
1918	3.0
1921	4.5
1923	3.5
1927	4.0
1945	4.5
1947	4.0
1957	4.5
1958	3.5
1959	4.5
1960	5.0
1961	4.0
1962	4.0
1965	4.5
1967	4.5
1968	4.0
1969	3.0
1970	4.0
1971	4.0
1972	3.5
1973	3.5
1974	4.5
1975	2.5
1976	2.5
1977	2.5
1978	2.5
1979	2.5
1980	2.5
1981	0.5
1982	4.0
1983	3.5
1984	3.0
1985	2.5
1994	4.0
1995	3.5
1996	3.0
1997	4.5
1999	5.0
2000	3.5
2001	3.5
2002	2.5
2003	3.5
2005	4.5
2006	4.0
2010	4.5
2011	3.5
2012	0.5
2017	4.0
2018	4.0
2020	4.0
2021	4.0
2022	4.5
2023	3.5
2027	1.0
2028	4.0
2036	2.0
2046	3.5
2048	3.5
2052	3.5
2054	3.0
2058	3.5
2059	2.5
2072	3.5
2076	4.5
2080	3.5
2081	4.0
2082	2.5
2083	4.5
2084	3.0
2085	3.5
2087	4.0
2089	3.0
2090	4.0
2093	4.5
2094	2.5
2096	3.5
2099	4.0
2100	3.5
2105	4.5
2106	3.5
2107	4.0
2108	4.0
2109	4.5
2110	4.0
2114	4.5
2115	3.0
2116	2.5
2120	3.0
2122	4.0
2123	3.5
2124	4.0
2126	3.0
2133	3.5
2134	3.5
2139	4.5
2140	4.5
2141	3.5
2142	3.0
2143	4.0
2144	3.5
2145	4.0
2146	3.5
2148	3.0
2150	3.5
2155	2.5
2161	4.0
2163	3.0
2167	4.5
2173	4.0
2174	2.0
2188	3.5
2193	4.0
2231	3.5
2236	3.0
2245	4.0
2247	3.5
2248	4.5
2249	4.0
2253	4.0
2268	3.5
2269	3.5
2272	3.5
2273	3.5
2275	4.5
2278	4.5
2279	2.0
2288	4.5
2289	3.5
2291	4.0
2294	4.0
2296	2.0
2297	4.0
2300	4.5
2302	3.5
2306	4.0
2313	4.5
2314	4.0
2316	3.5
2318	4.0
2321	4.5
2322	2.5
2325	3.5
2327	3.0
2328	2.0
2329	4.5
2333	4.5
2335	4.0
2336	4.5
2337	4.5
2340	3.0
2352	4.0
2353	4.0
2355	4.0
2372	3.5
2375	3.0
2378	3.0
2391	3.5
2392	2.0
2393	3.0
2395	4.5
2396	4.5
2398	4.5
2405	3.0
2406	3.0
2407	3.5
2413	4.0
2420	3.5
2421	3.0
2423	3.5
2428	2.5
2431	3.0
2450	2.5
2455	4.5
2456	3.5
2459	4.5
2463	4.0
2467	4.0
2468	4.0
2469	4.0
2470	3.5
2471	3.0
2474	3.5
2478	4.5
2488	3.5
2490	4.0
2502	5.0
2505	4.0
2513	3.5
2519	3.5
2528	4.0
2529	4.0
2539	4.0
2541	4.0
2542	4.5
2550	4.0
2565	3.5
2571	3.5
2580	4.0
2581	3.5
2598	4.0
2600	2.5
2605	2.5
2616	2.5
2617	3.0
2625	4.0
2628	1.5
2639	4.0
2640	4.0
2641	3.5
2642	3.5
2657	3.0
2662	3.5
2676	3.5
2683	4.0
2688	3.0
2692	5.0
2694	3.5
2699	3.5
2700	3.5
2706	4.0
2710	4.0
2712	3.5
2713	3.0
2716	3.5
2717	2.5
2719	2.5
2735	3.5
2739	5.0
2746	3.5
2747	2.5
2752	3.5
2762	4.0
2763	4.0
2764	3.5
2770	4.0
2788	4.0
2789	3.5
2793	3.0
2795	3.5
2797	2.5
2803	3.5
2804	4.5
2822	3.5
2827	4.0
2840	4.0
2858	4.0
2863	4.5
2867	3.5
2877	3.0
2908	5.0
2916	4.0
2918	4.0
2926	4.0
2946	4.0
2947	4.0
2959	5.0
2968	4.5
2976	4.5
2985	3.5
2986	2.5
2987	4.0
2997	4.0
3000	5.0
3006	4.5
3007	4.0
3020	4.0
3033	4.0
3034	4.0
3039	2.5
3044	4.0
3052	4.5
3053	4.0
3060	4.5
3063	2.5
3070	5.0
3071	4.5
3072	4.0
3081	3.5
3082	4.0
3087	3.5
3098	4.0
3105	4.0
3107	4.0
3108	5.0
3113	2.5
3114	3.5
3130	3.5
3147	3.5
3148	3.5
3155	3.5
3160	5.0
3168	3.0
3174	4.0
3175	4.0
3176	3.5
3178	3.5
3181	4.0
3186	4.0
3213	4.0
3219	3.0
3243	2.0
3246	4.5
3247	2.5
3249	3.5
3252	3.0
3253	4.5
3254	3.0
3255	4.0
3256	3.5
3257	3.0
3258	3.5
3261	2.5
3262	4.0
3263	3.0
3264	2.5
3267	4.0
3275	5.0
3300	4.5
3301	3.0
3317	4.0
3328	5.0
3330	4.0
3355	4.0
3361	3.5
3404	2.5
3408	3.0
3418	3.5
3421	3.5
3424	4.0
3429	4.5
3448	4.0
3450	3.5
3452	2.5
3466	3.5
3471	4.5
3476	5.0
3477	4.0
3478	3.5
3479	3.0
3480	2.5
3481	5.0
3489	4.0
3499	4.5
3524	3.5
3525	2.5
3526	3.5
3534	2.5
3548	3.5
3550	4.0
3552	3.5
3556	4.0
3564	2.0
3565	3.5
3578	4.0
3598	3.0
3608	3.5
3614	3.5
3615	3.5
3617	2.5
3623	3.0
3671	4.0
3672	2.5
3676	3.5
3685	3.5
3686	3.5
3698	4.0
3699	3.0
3701	3.0
3702	4.5
3703	5.0
3705	3.0
3706	4.0
3707	5.0
3708	4.0
3717	4.0
3723	4.0
3730	4.5
3735	4.0
3740	4.0
3741	4.5
3744	3.5
3753	3.0
3755	4.0
3786	5.0
3791	3.0
3793	3.5
3802	3.5
3809	3.0
3811	5.0
3812	4.0
3835	2.0
3844	3.0
3858	3.5
3861	3.5
3863	3.5
3868	3.0
3877	3.0
3882	4.0
3897	4.5
3901	4.0
3917	3.5
3918	5.0
3919	2.5
3943	4.0
3949	4.0
3955	4.5
3969	4.5
3977	3.5
3994	4.0
3996	3.5
3997	2.0
4002	3.0
4006	3.0
4007	3.5
4011	5.0
4014	5.0
4016	5.0
4017	4.0
4018	3.0
4022	3.5
4023	3.0
4025	3.5
4027	5.0
4034	3.5
4036	4.0
4039	4.5
4040	2.5
4041	3.0
4054	2.5
4066	3.5
4067	4.0
4084	3.0
4085	3.5
4103	5.0
4105	3.5
4121	3.5
4124	2.5
4128	4.0
4132	2.5
4148	3.5
4158	2.0
4159	2.5
4161	3.0
4205	3.5
4214	3.5
4215	3.0
4226	4.5
4228	2.5
4238	2.0
4246	4.0
4248	3.0
4267	2.5
4270	2.5
4275	2.5
4285	4.0
4291	3.5
4306	4.0
4308	5.0
4317	3.0
4318	3.5
4321	3.5
4326	4.5
4333	3.0
4343	3.5
4349	4.0
4351	3.0
4356	3.5
4357	3.5
4367	3.0
4369	2.0
4370	4.0
4378	4.0
4410	3.5
4446	2.0
4448	2.0
4467	4.5
4474	4.5
4478	4.0
4487	3.5
4489	3.0
4492	3.0
4499	4.0
4502	2.0
4508	3.5
4519	3.0
4529	3.5
4541	4.5
4544	3.5
4558	3.0
4563	3.5
4564	3.5
4571	4.0
4587	3.5
4621	3.0
4623	3.0
4624	3.5
4641	3.5
4642	5.0
4643	2.5
4661	3.5
4677	2.5
4678	4.0
4679	2.5
4681	4.0
4686	1.5
4718	4.0
4720	4.0
4725	2.5
4727	2.5
4728	3.0
4734	4.0
4735	3.0
4757	2.5
4776	4.0
4787	4.0
4844	4.0
4865	3.5
4873	3.0
4874	3.0
4876	3.0
4878	5.0
4886	4.5
4887	3.5
4890	4.5
4896	4.5
4901	4.0
4902	4.0
4903	4.0
4963	4.5
4973	5.0
4975	3.5
4979	5.0
4980	3.5
4993	5.0
4995	4.0
5010	3.0
5013	4.0
5015	4.0
5025	4.0
5026	4.5
5027	3.0
5034	3.5
5039	3.5
5040	3.0
5049	3.5
5060	4.5
5092	3.0
5110	4.5
5120	4.0
5128	1.5
5146	4.0
5214	3.0
5218	4.0
5219	2.0
5225	4.5
5247	3.0
5254	3.0
5265	4.0
5266	4.5
5291	5.0
5294	4.0
5303	2.5
5308	2.5
5323	3.5
5349	4.5
5377	4.0
5378	1.0
5388	3.5
5415	3.5
5418	4.0
5438	3.0
5444	4.5
5446	5.0
5449	4.0
5452	2.0
5459	3.0
5464	5.0
5478	4.0
5481	2.5
5489	4.0
5502	3.0
5505	4.0
5507	1.5
5528	3.5
5541	3.0
5548	3.0
5568	3.5
5572	4.5
5574	4.0
5617	5.0
5618	5.0
5630	3.5
5650	4.5
5673	4.0
5679	5.0
5690	5.0
5816	4.5
5843	3.5
5872	3.0
5900	3.0
5902	4.0
5903	4.5
5941	4.0
5952	5.0
5954	4.5
5955	3.5
5956	4.5
5970	3.0
5971	5.0
5989	4.0
5991	4.0
5995	5.0
6003	4.0
6058	4.0
6093	5.0
6157	0.5
6170	4.0
6187	3.0
6212	3.5
6238	2.5
6242	4.5
6281	3.0
6296	4.5
6303	4.0
6323	4.0
6333	5.0
6365	2.0
6373	3.5
6377	4.5
6378	3.5
6379	4.0
6385	4.5
6428	4.0
6502	5.0
6537	4.0
6539	4.0
6541	3.0
6548	3.0
6659	3.0
6662	4.0
6695	3.5
6708	3.5
6709	5.0
6711	4.5
6731	4.0
6754	2.5
6765	3.5
6773	3.5
6793	2.0
6796	5.0
6807	4.5
6810	3.5
6857	3.5
6863	3.5
6870	4.5
6874	4.0
6879	3.0
6934	2.0
6942	4.5
6947	3.5
6952	2.0
6953	4.5
6954	4.5
6957	3.5
6974	3.5
6979	4.0
6987	4.5
6996	3.5
7004	2.0
7007	4.0
7008	4.5
7036	3.5
7044	4.5
7046	3.0
7075	4.0
7099	4.0
7102	3.0
7123	4.5
7137	4.0
7147	4.0
7153	5.0
7158	4.0
7160	4.0
7162	4.5
7163	3.5
7228	3.5
7254	4.5
7285	4.0
7324	4.0
7347	2.5
7360	4.0
7361	5.0
7366	3.5
7367	3.5
7373	2.5
7387	4.5
7438	4.0
7445	4.0
7451	3.5
7458	4.0
7618	4.0
7649	3.5
7701	2.0
7842	2.0
8132	4.0
8169	4.0
8228	4.0
8360	3.5
8361	3.5
8366	4.0
8368	5.0
8371	3.5
8376	4.0
8477	4.5
8529	3.5
8581	4.0
8610	3.5
8622	4.0
8623	4.0
8633	3.5
8636	4.5
8638	4.0
8644	3.5
8665	3.5
8783	3.0
8784	5.0
8798	4.0
8807	4.5
8865	3.0
8873	4.5
8874	4.5
8910	4.0
8947	2.5
8949	3.0
8957	3.5
8958	4.0
8984	3.5
27772	3.5
30812	3.5
32587	5.0
33004	3.5
33493	4.0
33679	3.5
