1	4.0
2	5.0
3	1.0
5	3.0
6	3.0
7	5.0
8	3.0
9	2.0
10	5.0
11	3.0
12	3.0
13	3.0
14	3.0
15	3.0
16	3.0
17	4.0
18	4.0
19	3.0
20	4.0
21	4.0
22	5.0
23	1.0
24	5.0
25	5.0
26	4.0
27	5.0
28	1.0
29	5.0
30	5.0
31	3.0
32	5.0
34	4.0
35	4.0
39	5.0
40	5.0
41	5.0
42	3.0
43	3.0
44	3.0
45	5.0
46	4.0
47	3.0
50	5.0
52	5.0
54	1.0
55	4.0
57	3.0
58	4.0
60	1.0
62	5.0
63	3.0
64	3.0
65	3.0
66	3.0
69	2.0
70	4.0
71	2.0
72	3.0
73	2.0
74	3.0
76	3.0
78	3.0
79	2.0
81	5.0
82	3.0
85	1.0
86	3.0
87	1.0
88	3.0
89	3.0
93	3.0
94	5.0
95	4.0
97	5.0
99	3.0
100	3.0
101	2.0
102	2.0
104	3.0
105	3.0
107	3.0
110	3.0
111	1.0
112	4.0
113	3.0
116	5.0
117	5.0
118	5.0
121	4.0
122	3.0
123	4.0
125	4.0
132	4.0
135	3.0
140	1.0
141	3.0
144	1.0
145	5.0
147	5.0
149	5.0
150	4.0
151	3.0
153	4.0
154	2.0
155	2.0
156	5.0
157	3.0
158	5.0
159	1.0
160	4.0
161	3.0
162	5.0
163	4.0
164	2.0
166	5.0
169	1.0
171	3.0
172	3.0
174	3.0
175	5.0
176	5.0
177	4.0
179	4.0
180	5.0
181	1.0
182	3.0
185	4.0
186	2.0
187	5.0
188	1.0
190	5.0
191	5.0
193	2.0
194	2.0
195	5.0
198	3.0
199	1.0
203	5.0
204	1.0
205	1.0
206	1.0
207	5.0
208	4.0
209	4.0
213	1.0
214	5.0
215	4.0
216	5.0
217	1.0
218	3.0
222	4.0
223	5.0
224	1.0
225	1.0
227	1.0
229	1.0
230	4.0
231	2.0
232	3.0
234	3.0
235	4.0
236	3.0
237	3.0
238	2.0
240	3.0
247	5.0
248	2.0
249	5.0
250	3.0
252	2.0
253	4.0
255	1.0
256	3.0
257	3.0
259	1.0
260	5.0
261	4.0
262	4.0
265	1.0
266	4.0
268	5.0
271	2.0
272	2.0
273	3.0
274	3.0
275	2.0
276	4.0
277	4.0
278	1.0
279	3.0
280	3.0
282	3.0
288	5.0
289	4.0
290	2.0
292	4.0
293	4.0
294	3.0
296	5.0
299	2.0
300	4.0
303	4.0
304	2.0
305	4.0
306	3.0
307	3.0
308	1.0
312	3.0
313	2.0
314	5.0
315	2.0
316	5.0
317	2.0
318	4.0
319	4.0
321	2.0
322	2.0
326	5.0
327	3.0
328	2.0
329	2.0
330	2.0
332	4.0
334	3.0
337	5.0
338	1.0
339	4.0
340	4.0
342	4.0
343	1.0
344	3.0
345	5.0
346	4.0
347	5.0
348	4.0
349	1.0
351	3.0
352	2.0
353	4.0
354	1.0
356	3.0
357	3.0
358	3.0
360	3.0
361	4.0
362	4.0
363	3.0
364	4.0
365	5.0
366	1.0
367	3.0
368	4.0
369	1.0
371	2.0
372	5.0
373	4.0
374	2.0
377	3.0
378	4.0
379	3.0
381	3.0
382	2.0
383	3.0
384	2.0
387	3.0
393	2.0
405	3.0
407	3.0
408	3.0
410	5.0
413	4.0
414	3.0
416	2.0
417	5.0
418	3.0
419	5.0
421	3.0
422	5.0
423	3.0
424	1.0
426	1.0
427	5.0
429	3.0
431	1.0
432	4.0
433	3.0
435	4.0
438	3.0
440	3.0
441	4.0
442	2.0
444	3.0
445	3.0
446	2.0
448	3.0
450	1.0
451	1.0
452	3.0
453	1.0
454	2.0
455	3.0
456	3.0
457	4.0
458	3.0
459	3.0
460	1.0
461	1.0
464	1.0
465	3.0
466	4.0
467	3.0
468	1.0
469	4.0
471	3.0
472	2.0
473	5.0
474	4.0
475	1.0
477	3.0
479	5.0
480	4.0
481	5.0
482	5.0
484	2.0
485	3.0
489	4.0
490	3.0
491	3.0
492	3.0
493	4.0
494	2.0
495	2.0
497	3.0
500	3.0
501	1.0
502	3.0
504	3.0
505	3.0
506	3.0
507	3.0
508	1.0
509	3.0
510	1.0
511	3.0
512	3.0
514	4.0
515	5.0
516	3.0
517	1.0
518	2.0
519	4.0
520	5.0
521	4.0
522	3.0
523	3.0
524	2.0
527	4.0
528	2.0
529	5.0
531	4.0
532	5.0
533	2.0
535	1.0
536	4.0
537	4.0
538	3.0
539	4.0
541	4.0
542	5.0
543	4.0
544	4.0
546	5.0
547	2.0
550	5.0
551	5.0
552	4.0
553	4.0
555	5.0
556	2.0
562	5.0
565	5.0
574	1.0
575	5.0
581	3.0
585	1.0
586	4.0
587	3.0
589	5.0
590	3.0
592	4.0
593	3.0
594	3.0
595	3.0
596	4.0
597	1.0
599	3.0
605	3.0
606	4.0
608	5.0
610	1.0
612	2.0
613	4.0
615	5.0
616	4.0
627	4.0
628	1.0
635	3.0
637	1.0
639	1.0
640	5.0
647	2.0
648	5.0
650	4.0
656	3.0
661	2.0
662	3.0
663	4.0
665	5.0
667	2.0
668	3.0
670	4.0
671	5.0
673	2.0
674	1.0
678	3.0
680	3.0
688	3.0
691	4.0
692	3.0
694	1.0
695	1.0
697	2.0
700	4.0
704	1.0
707	3.0
708	5.0
709	2.0
711	3.0
714	4.0
718	1.0
719	2.0
720	2.0
724	5.0
728	5.0
731	1.0
733	3.0
735	3.0
736	3.0
741	3.0
742	1.0
743	3.0
745	5.0
750	4.0
760	4.0
761	3.0
766	4.0
778	5.0
780	4.0
781	5.0
782	3.0
783	1.0
784	5.0
788	1.0
798	2.0
799	4.0
800	1.0
802	4.0
804	4.0
805	4.0
808	3.0
809	3.0
810	2.0
818	1.0
829	4.0
832	3.0
833	2.0
835	5.0
836	1.0
837	4.0
838	5.0
839	1.0
848	4.0
849	2.0
851	2.0
861	1.0
866	4.0
879	4.0
880	3.0
882	3.0
886	3.0
888	2.0
891	1.0
892	2.0
897	3.0
898	5.0
899	2.0
900	4.0
901	3.0
902	4.0
903	2.0
905	4.0
906	3.0
907	1.0
908	3.0
909	5.0
910	2.0
911	4.0
912	2.0
913	3.0
914	1.0
915	5.0
916	4.0
917	5.0
918	3.0
919	5.0
920	1.0
922	3.0
923	5.0
924	4.0
926	2.0
927	3.0
928	4.0
929	3.0
930	1.0
933	4.0
934	5.0
936	3.0
938	1.0
940	3.0
941	2.0
942	4.0
943	3.0
944	3.0
945	4.0
946	3.0
947	1.0
948	3.0
950	3.0
951	3.0
952	3.0
953	5.0
954	3.0
965	4.0
968	5.0
969	2.0
971	4.0
973	2.0
986	2.0
991	1.0
994	5.0
998	2.0
1003	4.0
1004	3.0
1006	3.0
1007	2.0
1010	5.0
1011	4.0
1012	3.0
1013	4.0
1014	4.0
1015	3.0
1016	4.0
1017	3.0
1018	3.0
1020	2.0
1021	4.0
1022	5.0
1023	4.0
1024	2.0
1025	5.0
1027	4.0
1028	4.0
1029	5.0
1031	4.0
1032	5.0
1033	4.0
1034	3.0
1035	4.0
1036	3.0
1037	3.0
1041	1.0
1042	4.0
1043	3.0
1046	3.0
1047	4.0
1049	2.0
1050	4.0
1051	5.0
1054	3.0
1056	3.0
1057	1.0
1059	5.0
1060	1.0
1061	4.0
1064	1.0
1066	1.0
1069	3.0
1073	5.0
1077	5.0
1078	1.0
1079	5.0
1080	4.0
1081	2.0
1082	2.0
1083	4.0
1084	3.0
1085	3.0
1086	3.0
1088	3.0
1089	5.0
1090	3.0
1091	5.0
1092	3.0
1093	4.0
1094	4.0
1095	1.0
1096	4.0
1097	4.0
1099	4.0
1100	2.0
1101	3.0
1103	3.0
1104	5.0
1113	3.0
1120	5.0
1124	3.0
1125	4.0
1126	5.0
1127	2.0
1128	1.0
1129	3.0
1130	2.0
1131	4.0
1132	4.0
1135	1.0
1136	4.0
1147	3.0
1148	5.0
1150	3.0
1161	3.0
1162	4.0
1167	3.0
1171	5.0
1173	5.0
1175	5.0
1176	3.0
1177	1.0
1178	4.0
1183	5.0
1184	1.0
1185	3.0
1186	2.0
1188	3.0
1189	3.0
1190	1.0
1191	1.0
1192	3.0
1193	5.0
1194	1.0
1196	5.0
1197	4.0
1198	4.0
1199	4.0
1200	5.0
1201	2.0
1202	3.0
1203	4.0
1204	2.0
1206	4.0
1207	5.0
1208	5.0
1209	1.0
1210	4.0
1211	4.0
1212	3.0
1213	4.0
1214	5.0
1215	2.0
1216	5.0
1217	3.0
1219	5.0
1220	4.0
1221	3.0
1222	5.0
1223	5.0
1224	4.0
1225	4.0
1226	5.0
1227	4.0
1230	3.0
1231	3.0
1233	3.0
1234	3.0
1235	5.0
1236	3.0
1237	1.0
1238	2.0
1240	1.0
1241	4.0
1242	3.0
1243	5.0
1244	4.0
1245	4.0
1246	5.0
1247	5.0
1248	4.0
1249	3.0
1250	3.0
1251	3.0
1252	3.0
1253	5.0
1255	4.0
1257	5.0
1258	5.0
1259	4.0
1260	1.0
1261	4.0
1262	2.0
1263	3.0
1265	4.0
1267	4.0
1268	4.0
1270	5.0
1271	5.0
1272	4.0
1273	1.0
1274	4.0
1275	3.0
1276	5.0
1277	3.0
1278	3.0
1279	2.0
1280	4.0
1281	4.0
1282	5.0
1283	3.0
1284	1.0
1285	5.0
1286	4.0
1287	4.0
1288	2.0
1289	2.0
1291	4.0
1292	4.0
1293	3.0
1295	3.0
1296	4.0
1297	4.0
1298	4.0
1299	4.0
1300	4.0
1302	2.0
1303	1.0
1304	3.0
1305	4.0
1306	1.0
1307	5.0
1320	5.0
1327	1.0
1330	1.0
1332	2.0
1333	5.0
1334	1.0
1337	3.0
1339	5.0
1340	3.0
1342	3.0
1343	1.0
1344	5.0
1345	3.0
1346	3.0
1347	5.0
1348	3.0
1350	3.0
1352	3.0
1353	3.0
1354	3.0
1355	3.0
1356	4.0
1357	4.0
1358	1.0
1359	1.0
1361	5.0
1363	3.0
1367	2.0
1371	3.0
1372	1.0
1374	3.0
1376	3.0
1377	4.0
1378	3.0
1379	2.0
1380	4.0
1387	3.0
1388	2.0
1390	2.0
1391	4.0
1392	1.0
1393	4.0
1394	5.0
1395	3.0
1396	4.0
1398	3.0
1399	1.0
1401	1.0
1404	3.0
1408	2.0
1409	5.0
1410	3.0
1411	3.0
1414	3.0
1416	2.0
1417	5.0
1419	3.0
1422	2.0
1425	3.0
1429	2.0
1438	5.0
1440	2.0
1441	5.0
1442	2.0
1445	3.0
1446	2.0
1635	2.0
2019	2.0
3265	3.0
3266	1.0
4424	4.0
4970	3.0
5060	3.0
