3	2.5
6	2.5
10	2.5
16	3.5
18	2.5
21	2.5
25	2.5
29	3.0
32	3.0
36	4.5
47	4.0
50	3.0
52	4.0
58	2.5
95	2.5
97	4.0
111	5.0
123	3.0
152	2.0
153	2.0
154	4.0
156	3.0
163	2.0
172	1.5
176	4.0
188	2.0
193	2.0
194	3.0
196	2.5
198	2.5
215	3.0
223	2.5
224	3.5
231	2.0
232	2.5
233	3.0
235	4.0
247	3.5
252	2.5
273	2.5
282	2.0
288	1.5
293	2.5
296	3.0
300	2.5
306	2.0
315	1.5
316	2.0
319	2.5
337	3.5
342	2.5
347	1.0
348	4.0
353	2.0
357	3.0
367	2.5
368	2.5
370	2.5
377	2.5
380	2.0
412	3.5
428	3.5
434	2.0
445	0.5
466	2.5
469	2.5
471	4.0
474	2.5
480	2.5
482	1.5
492	4.0
495	3.0
500	1.5
501	4.0
509	4.0
522	2.5
527	1.5
532	3.0
535	4.0
539	2.5
541	2.5
551	3.5
555	2.0
586	2.5
587	2.0
589	3.0
590	2.0
592	2.5
593	4.0
597	2.0
599	2.5
608	2.5
648	3.0
665	3.5
680	3.5
714	4.5
720	3.0
733	2.5
736	2.5
741	2.5
745	3.0
750	4.0
762	2.0
778	2.5
780	2.0
781	2.5
782	2.0
785	2.5
839	1.5
858	4.0
902	3.0
903	4.0
904	4.0
908	4.0
909	4.5
910	4.5
912	4.0
913	4.0
916	4.5
919	2.5
920	3.5
922	4.0
923	4.0
924	5.0
926	2.5
930	3.0
933	3.0
936	4.0
942	2.5
946	5.0
948	3.5
949	4.5
951	4.5
953	4.5
954	2.5
955	5.0
968	4.5
969	2.5
971	4.0
1028	2.5
1036	3.0
1041	4.0
1047	2.0
1051	3.5
1056	3.5
1057	3.5
1059	3.0
1061	2.5
1077	4.0
1078	4.0
1080	4.0
1084	4.0
1088	2.5
1089	3.0
1090	2.0
1092	2.5
1093	2.5
1094	2.5
1097	3.0
1103	4.5
1104	4.0
1120	2.5
1127	2.5
1136	3.0
1148	3.0
1161	4.0
1173	4.0
1175	4.0
1178	3.0
1183	2.0
1186	3.0
1193	4.0
1199	3.0
1200	3.5
1206	3.5
1208	4.5
1211	3.5
1212	3.5
1213	4.0
1214	4.5
1215	2.5
1217	3.0
1219	4.5
1221	3.5
1222	2.0
1223	3.0
1227	4.0
1228	4.5
1230	4.5
1232	4.5
1233	2.5
1237	2.5
1240	3.0
1241	2.5
1244	4.5
1245	2.0
1247	3.0
1248	4.5
1251	3.0
1252	1.5
1253	3.0
1255	2.5
1258	3.0
1260	4.0
1263	4.5
1264	2.0
1265	3.0
1269	4.5
1270	3.0
1271	2.5
1273	4.0
1279	4.0
1281	3.0
1283	3.0
1284	4.0
1288	3.0
1293	2.5
1296	2.5
1305	3.0
1320	3.5
1333	3.0
1339	4.0
1340	2.5
1343	4.0
1344	2.5
1345	2.5
1348	4.0
1354	4.5
1357	3.0
1358	3.0
1370	3.0
1377	2.0
1387	2.5
1391	3.0
1394	3.0
1399	2.5
1407	2.5
1441	2.5
1464	4.0
1466	2.5
1483	4.5
1517	3.0
1527	2.0
1542	3.5
1544	2.5
1552	2.0
1556	1.0
1562	2.0
1569	2.5
1573	2.5
1580	2.5
1584	2.5
1587	2.0
1589	3.0
1608	2.0
1614	2.5
1617	2.5
1623	1.0
1625	4.0
1627	2.5
1635	3.0
1641	3.0
1653	2.5
1670	3.0
1672	2.0
1673	3.0
1676	2.5
1680	2.5
1682	2.5
1690	2.5
1701	4.0
1704	2.0
1713	2.5
1717	2.0
1719	4.5
1721	3.0
1722	2.5
1729	4.0
1730	2.5
1732	3.0
1735	2.5
1747	2.5
1760	2.0
1777	3.5
1783	2.0
1784	3.0
1785	2.0
1805	2.0
1809	2.0
1831	2.5
1835	1.5
1844	3.0
1862	1.5
1876	2.5
1882	2.5
1889	2.5
1909	2.5
1912	4.0
1913	2.5
1916	4.5
1917	2.5
1921	4.0
1923	2.5
1945	3.5
1946	3.0
1953	2.5
1954	2.5
1960	2.5
1961	2.5
1962	2.5
1963	4.0
1982	2.5
1997	3.5
2010	4.5
2011	3.0
2012	2.0
2019	2.0
2020	3.5
2021	3.0
2022	4.0
2023	2.5
2025	2.0
2028	2.0
2058	2.5
2065	4.5
2066	3.0
2068	2.5
2076	5.0
2081	2.0
2118	2.5
2126	2.0
2132	4.0
2143	2.5
2160	3.0
2176	2.5
2183	2.5
2184	4.0
2186	3.5
2188	2.0
2194	2.5
2202	2.5
2203	2.5
2205	3.0
2232	4.0
2278	2.5
2282	3.5
2289	4.0
2290	4.5
2291	3.5
2300	1.5
2313	4.0
2318	5.0
2321	3.0
2324	2.5
2329	3.0
2333	3.5
2334	2.5
2353	2.0
2356	4.0
2359	3.0
2360	4.0
2366	4.5
2389	2.0
2395	2.5
2396	2.5
2403	3.0
2406	1.5
2427	1.5
2428	2.0
2435	2.5
2439	3.0
2455	4.0
2456	1.5
2467	2.5
2470	2.0
2474	4.0
2488	4.5
2496	3.0
2505	1.0
2529	2.5
2539	3.0
2541	2.5
2542	2.5
2551	4.0
2571	3.5
2572	2.0
2579	3.0
2598	2.0
2600	3.5
2605	2.0
2617	2.5
2624	3.5
2628	2.0
2633	2.5
2644	3.5
2648	4.0
2657	3.5
2671	2.5
2683	3.0
2692	3.5
2701	2.0
2706	2.5
2710	2.5
2712	3.0
2722	2.5
2726	4.0
2728	2.5
2729	3.5
2730	2.0
2731	4.0
2732	4.0
2745	3.0
2750	4.0
2762	2.5
2788	4.0
2791	3.0
2806	2.0
2819	2.5
2843	3.0
2858	2.5
2881	2.5
2890	2.5
2912	4.0
2916	2.5
2925	3.0
2927	3.0
2940	2.0
2959	5.0
2966	4.0
2970	4.0
2973	4.0
2976	2.5
2987	3.5
2997	4.5
3000	2.5
3004	2.0
3006	3.0
3019	3.5
3033	3.0
3051	2.5
3052	3.5
3060	3.0
3067	2.5
3075	3.0
3078	2.5
3081	4.0
3089	3.0
3091	3.0
3104	2.5
3105	2.5
3107	2.0
3115	2.5
3129	4.5
3148	2.5
3152	4.0
3160	2.5
3168	4.0
3175	1.5
3176	2.5
3186	3.0
3196	2.5
3225	1.5
3238	3.0
3262	3.5
3273	2.5
3300	2.5
3307	2.5
3310	2.5
3317	2.5
3328	4.0
3334	3.5
3342	2.5
3362	2.5
3363	2.5
3386	2.5
3408	3.0
3409	2.5
3418	3.0
3424	2.5
3435	3.0
3448	2.5
3462	2.5
3468	4.5
3470	3.5
3481	2.5
3499	3.0
3503	2.5
3510	2.5
3521	4.0
3527	2.5
3535	2.5
3546	3.5
3555	2.0
3556	3.5
3569	4.0
3578	2.5
3617	2.0
3618	3.5
3623	2.0
3629	2.5
3676	5.0
3683	3.5
3706	3.0
3717	1.5
3727	3.0
3741	2.5
3742	5.0
3747	4.0
3751	3.0
3752	2.0
3755	2.5
3785	2.0
3793	2.5
3798	2.0
3812	4.0
3814	4.0
3824	2.0
3826	3.0
3827	2.0
3863	2.5
3868	3.0
3869	2.5
3882	2.0
3893	3.5
3897	2.0
3910	4.0
3917	1.5
3918	0.5
3925	4.5
3948	2.5
3949	3.5
3968	2.5
3977	2.5
3992	2.5
3994	2.0
3996	2.5
4011	2.5
4014	3.0
4021	2.5
4023	2.5
4027	2.5
4034	1.5
4069	2.5
4082	3.5
4105	2.5
4144	3.5
4148	1.0
4161	3.0
4191	2.5
4205	2.5
4226	3.0
4235	3.0
4239	3.0
4246	2.5
4262	2.5
4306	2.5
4308	2.5
4310	2.0
4326	3.0
4327	3.0
4334	2.5
4356	2.5
4359	2.5
4367	2.0
4369	2.0
4370	2.5
4378	3.0
4380	3.5
4388	2.0
4432	3.0
4446	2.5
4447	2.0
4448	3.0
4478	1.5
4546	3.0
4553	2.5
4571	1.5
4641	2.5
4643	2.5
4718	2.0
4720	2.5
4728	2.0
4733	4.0
4754	2.5
4816	2.0
4848	4.0
4855	2.0
4865	2.5
4873	1.5
4878	2.5
4881	3.5
4886	3.0
4890	2.5
4902	2.5
4914	5.0
4928	4.5
4941	1.0
4963	2.5
4970	4.0
4973	3.0
4979	2.5
4993	3.0
5013	2.5
5015	4.0
5026	2.0
5060	1.5
5074	3.5
5147	3.5
5177	2.5
5218	3.0
5219	3.0
5225	2.0
5266	3.5
5269	4.5
5291	3.5
5298	4.0
5299	2.5
5339	3.5
5349	3.0
5367	2.5
5377	2.5
5388	2.5
5418	2.5
5445	2.5
5449	3.5
5459	2.5
5464	2.0
5477	3.5
5478	2.5
5481	3.5
5489	2.0
5507	2.0
5508	3.0
5528	2.5
5530	2.0
5541	2.5
5574	2.5
5602	2.5
5613	4.0
5617	2.5
5669	3.5
5673	4.5
5679	3.0
5693	3.5
5791	2.5
5809	1.5
5810	2.5
5812	2.5
5853	3.5
5872	2.0
5878	2.5
5881	2.0
5900	2.5
5902	4.0
5903	2.5
5945	2.5
5952	3.0
5954	2.5
5956	3.5
5957	2.0
5989	2.5
5991	2.0
5992	2.5
6001	4.0
6003	3.5
6155	2.5
6157	2.0
6184	2.0
6188	2.0
6197	4.0
6214	3.0
6218	2.5
6242	2.5
6281	2.5
6286	2.5
6287	2.5
6291	3.5
6299	2.0
6301	2.5
6305	2.5
6323	2.5
6333	2.5
6365	2.0
6367	3.0
6373	2.5
6378	2.5
6383	1.5
6385	2.5
6436	2.5
6440	4.0
6502	2.5
6503	2.5
6534	2.5
6537	2.5
6538	4.0
6539	3.0
6541	2.0
6552	2.5
6564	2.5
6595	2.5
6620	4.0
6650	2.5
6662	3.0
6666	4.5
6708	2.5
6711	4.0
6754	2.5
6774	4.5
6783	2.0
6807	3.0
6852	3.5
6863	1.0
6867	4.0
6870	2.0
6873	2.0
6874	2.5
6880	2.5
6888	2.0
6890	4.0
6934	2.0
6942	2.5
6952	2.5
6953	3.0
6975	4.0
6985	4.5
6987	4.0
6993	3.5
7008	4.0
7013	3.5
7022	2.0
7034	3.5
7044	4.5
7063	2.0
7084	3.5
7090	2.5
7123	4.5
7137	2.5
7147	2.5
7150	2.0
7153	2.5
7160	3.5
7162	2.5
7163	2.5
7234	2.5
7235	2.5
7265	2.5
7293	2.5
7323	4.0
7325	2.0
7327	2.5
7360	3.0
7361	4.5
7367	2.0
7371	4.0
7373	3.0
7438	2.5
7454	2.5
7458	2.5
7460	4.0
7587	4.0
7934	4.5
7983	3.5
8014	4.0
8042	3.5
8154	2.0
8360	2.5
8361	2.5
8371	2.0
8376	2.5
8464	3.0
8491	2.5
8507	4.0
8528	3.0
8529	2.0
8636	2.0
8638	2.5
8640	2.5
8644	2.5
8645	3.0
8665	2.5
8666	2.0
8783	2.5
8784	3.5
8798	2.5
8810	2.0
8861	1.5
8865	3.5
8874	4.0
8910	3.0
8947	2.5
8949	3.5
8950	4.0
8951	2.5
8957	2.0
8961	2.5
8966	2.5
8969	2.5
8970	3.0
8972	2.5
8977	2.5
8981	3.0
8984	1.5
25771	5.0
26152	2.5
26242	2.5
26729	3.5
27266	2.5
27317	4.0
27592	3.0
27660	2.0
27727	2.0
27773	2.0
27808	2.5
27838	3.0
30707	2.5
30793	2.5
30803	3.5
30810	2.5
30812	2.5
30822	2.0
30825	2.5
31685	2.5
31696	2.5
31804	3.0
31878	2.5
32587	2.5
33004	2.5
33154	2.5
33162	2.5
33166	2.5
33499	2.0
33679	2.0
33794	2.5
33834	3.0
33836	2.5
33880	4.0
34048	2.0
34150	2.0
34162	2.0
34271	2.5
34319	2.5
34405	2.0
34437	4.0
34528	2.5
34532	2.5
35836	1.0
36276	3.5
36401	3.0
36517	3.0
36519	2.0
36525	3.0
36527	2.5
37380	1.5
37386	2.5
37720	2.5
37727	3.0
37733	3.5
37741	4.5
38038	4.0
38061	2.5
38798	2.5
39183	2.5
39231	2.0
39292	3.5
39381	2.5
39444	3.0
39446	2.0
40278	2.0
40583	3.0
40629	2.5
40732	4.0
40819	3.0
41285	4.0
41566	2.0
41569	3.0
41573	2.0
41716	2.5
41863	2.5
41997	2.5
42004	2.5
42011	2.0
42418	2.0
42632	2.5
42723	1.0
42734	2.5
42738	2.5
43376	2.0
43919	2.0
44004	2.5
44022	3.5
44191	2.0
44195	3.0
44199	2.5
44397	3.0
44555	3.5
44694	2.5
44972	2.0
44974	3.5
45081	2.5
45186	3.5
45499	2.0
45672	2.0
45720	1.5
45722	2.5
45732	1.5
45880	2.0
46335	1.5
46578	3.0
46723	2.5
46967	2.5
46972	2.5
46976	4.0
47200	2.5
47610	3.0
47999	3.0
48043	3.0
48082	3.0
48142	1.5
48385	4.0
48394	2.5
48516	2.5
48696	3.5
48774	3.0
48780	2.5
48877	1.5
48997	2.5
49272	2.5
49286	3.0
49530	2.5
49932	2.5
50442	2.5
50798	1.5
50912	2.5
51080	2.5
51084	3.0
51091	3.0
51255	3.5
51540	3.5
51575	2.5
51662	3.0
51709	3.0
52281	2.5
52319	2.0
52722	2.0
52952	2.5
53000	3.0
53123	3.0
53318	3.5
53464	2.0
53519	2.5
53956	2.5
53972	2.5
53996	1.5
54004	2.5
54272	2.5
54286	2.5
54503	2.5
54999	3.0
55069	3.5
55118	3.0
55232	2.0
55269	2.5
55280	3.0
55290	3.0
55363	3.0
55442	3.0
55444	3.0
55721	2.0
55820	3.5
55830	3.5
56171	3.0
56174	3.0
56367	3.0
56587	1.5
56757	2.5
56782	3.5
56788	3.0
56801	1.0
56941	2.0
57274	3.5
57368	3.5
57528	2.5
57669	3.0
58025	2.0
58154	2.0
58293	2.0
58295	2.5
58559	3.5
58803	2.0
59387	3.0
59725	3.0
60072	2.5
60074	2.5
60126	2.5
60684	2.5
60950	2.5
61132	2.5
61236	3.0
61323	2.5
61350	2.5
62081	3.0
62434	2.5
62511	2.5
63072	3.5
63082	3.0
63113	2.5
63876	3.0
64030	2.5
64622	3.0
64839	3.0
64957	3.0
64983	2.5
65130	2.5
65230	2.0
67197	2.5
68157	3.0
68205	2.0
68237	3.0
68791	2.5
68793	2.5
68848	3.0
69122	3.0
69134	3.0
69306	2.5
69481	3.0
69526	1.5
69757	3.5
69784	2.5
71033	2.5
71211	2.5
71282	2.5
71464	2.5
71520	2.5
71530	2.5
71745	4.0
72378	2.5
72998	2.5
73017	2.5
73268	2.5
73321	3.0
73344	3.5
74458	3.0
74789	3.0
74795	2.5
76077	2.0
76175	2.5
76251	3.0
77455	3.5
77561	2.5
78469	2.5
78574	3.0
79057	2.5
79132	3.0
79185	2.5
79242	2.5
79293	3.0
79592	3.0
79695	2.5
79702	4.0
80463	2.5
80489	3.0
80969	3.0
81229	2.5
81537	3.0
81591	3.5
81782	2.5
81788	2.5
82202	2.5
82461	2.5
83349	3.0
83613	2.0
84152	2.5
84601	3.0
84954	3.5
85414	3.0
86190	3.0
86332	2.5
86882	2.5
86911	2.5
87485	2.5
87869	2.5
88140	2.5
88163	2.5
88744	2.5
