1	4.5
11	4.0
21	4.0
28	1.0
34	4.0
50	4.5
52	1.0
62	3.0
104	2.5
110	5.0
111	4.0
125	3.0
135	3.0
144	3.0
150	4.0
157	0.5
161	4.0
174	1.0
180	3.0
186	2.5
216	1.0
222	4.0
223	4.5
231	2.5
235	3.0
247	1.0
260	5.0
267	3.0
293	4.0
296	4.5
300	3.0
317	3.5
318	5.0
333	0.5
339	4.0
344	2.0
349	4.0
356	5.0
361	3.5
364	4.5
367	3.0
368	1.0
372	3.5
377	4.0
380	4.0
410	3.0
440	4.0
454	3.0
457	4.0
471	2.0
474	4.0
475	4.0
480	4.0
500	4.0
508	4.0
527	4.0
528	3.0
539	4.0
541	4.0
553	3.0
586	3.0
587	1.0
589	4.0
590	2.0
592	2.0
593	4.0
594	4.0
597	4.0
605	2.0
608	5.0
736	4.0
750	3.0
780	3.5
804	2.0
805	4.0
852	3.0
858	4.5
880	2.0
898	5.0
899	4.0
900	4.0
903	4.5
904	5.0
908	5.0
909	3.5
911	4.0
912	5.0
913	4.5
914	4.0
915	5.0
919	4.0
920	3.5
921	3.5
923	5.0
924	4.0
930	4.5
933	4.0
953	5.0
954	5.0
969	4.0
991	4.0
1020	4.0
1021	2.0
1027	2.0
1028	4.5
1035	4.0
1036	4.0
1042	4.0
1073	4.0
1077	4.0
1079	4.0
1080	4.0
1084	4.0
1088	3.5
1094	4.0
1097	4.5
1103	4.0
1124	4.0
1136	4.0
1148	4.0
1171	0.5
1196	5.0
1197	4.0
1198	5.0
1201	4.0
1203	5.0
1204	5.0
1206	4.0
1207	5.0
1208	4.0
1210	5.0
1213	4.0
1219	5.0
1220	3.0
1221	4.0
1223	3.0
1225	3.0
1226	5.0
1231	5.0
1233	4.5
1234	4.0
1238	3.0
1240	4.0
1242	4.0
1245	3.0
1246	3.0
1247	4.0
1250	5.0
1251	2.0
1254	4.5
1259	4.0
1262	5.0
1263	4.0
1265	3.5
1266	4.0
1269	4.0
1270	3.0
1272	4.5
1276	4.0
1278	3.5
1283	4.0
1284	4.5
1288	1.0
1291	5.0
1292	2.0
1293	4.0
1295	2.0
1297	4.0
1299	4.0
1302	4.0
1304	3.0
1307	4.0
1321	3.5
1333	4.5
1370	3.5
1374	4.0
1378	1.0
1380	3.5
1391	2.0
1393	4.0
1394	4.0
1395	3.0
1396	3.0
1408	3.0
1441	4.0
1445	3.0
1457	4.0
1485	3.0
1500	3.0
1513	3.0
1517	3.0
1544	3.0
1580	4.0
1608	3.5
1610	4.0
1617	3.0
1629	4.0
1639	4.0
1641	4.0
1643	3.0
1663	4.0
1672	4.0
1673	3.0
1674	4.0
1678	4.0
1682	3.5
1704	4.5
1721	4.0
1777	4.0
1784	4.0
1810	2.0
1883	0.5
1885	4.0
1888	2.5
1894	3.0
1907	4.0
1917	2.0
1923	4.5
1946	4.0
1947	4.0
1954	4.0
1955	4.0
1957	3.5
1960	1.0
1961	2.0
1962	4.5
1968	3.0
2000	4.0
2001	3.0
2011	1.0
2012	3.0
2019	4.0
2028	4.0
2064	2.0
2065	4.0
2067	3.5
2094	2.5
2100	4.0
2108	4.0
2109	3.0
2115	4.0
2126	3.5
2134	3.5
2144	4.0
2150	4.0
2174	3.0
2176	4.5
2183	4.5
2194	4.0
2202	4.0
2231	3.0
2243	4.0
2247	3.0
2273	3.5
2289	4.0
2291	4.0
2294	3.5
2300	4.0
2301	3.0
2302	4.0
2321	3.0
2335	2.0
2352	4.0
2355	4.0
2359	4.0
2369	3.0
2371	3.5
2374	2.0
2375	3.0
2378	3.5
2391	2.5
2396	4.0
2398	4.5
2405	3.5
2406	4.0
2407	4.0
2414	3.0
2416	4.0
2424	4.0
2427	3.0
2457	3.5
2470	3.5
2478	3.0
2501	4.0
2502	4.0
2539	4.0
2567	4.0
2571	4.0
2581	4.0
2583	4.0
2599	3.0
2617	3.0
2628	3.0
2640	4.0
2657	2.0
2671	4.0
2683	3.5
2690	3.0
2699	3.5
2700	2.0
2706	4.0
2716	3.5
2746	3.5
2759	3.0
2762	4.0
2779	4.0
2791	4.0
2797	4.5
2803	3.5
2858	4.0
2859	4.0
2871	4.5
2883	3.5
2889	4.0
2890	4.0
2908	2.0
2915	4.0
2916	3.5
2917	4.5
2918	4.0
2919	4.0
2924	3.5
2929	2.0
2944	4.5
2947	4.0
2951	4.0
2987	3.5
2997	3.0
3033	1.0
3035	5.0
3037	3.0
3039	3.0
3052	4.5
3060	4.0
3062	3.0
3072	4.0
3088	4.5
3098	4.0
3100	2.5
3101	4.0
3104	4.0
3105	3.0
3114	4.0
3147	4.0
3148	4.0
3173	2.0
3175	4.0
3176	2.0
3179	4.0
3185	3.0
3196	4.0
3210	4.0
3219	3.0
3253	4.0
3255	4.0
3256	3.0
3257	3.0
3259	2.0
3261	4.0
3274	3.5
3308	4.0
3317	3.0
3359	4.0
3360	4.0
3361	4.0
3362	3.0
3363	3.5
3386	2.5
3408	3.0
3418	4.0
3421	5.0
3424	4.0
3448	4.0
3450	4.0
3451	4.0
3461	3.0
3466	4.0
3469	5.0
3471	4.0
3481	4.0
3505	4.0
3508	4.0
3510	4.5
3519	3.5
3525	3.5
3526	3.0
3527	3.5
3528	0.5
3552	4.0
3578	4.0
3591	4.0
3624	4.0
3671	4.0
3681	4.0
3688	3.0
3698	3.5
3753	3.5
3763	4.0
3836	4.0
3841	3.0
3868	2.0
3871	4.5
3893	4.0
3897	4.0
3911	4.0
3916	3.5
3948	3.5
3972	3.0
3983	2.5
3985	4.0
3996	4.0
4002	4.0
4008	3.0
4011	4.5
4014	4.0
4020	3.5
4022	3.5
4023	3.0
4025	3.5
4027	3.5
4033	4.0
4041	4.0
4047	4.0
4085	4.0
4086	4.0
4161	3.0
4211	3.0
4215	1.5
4225	4.0
4226	4.0
4270	3.5
4280	3.0
4299	3.5
4306	4.0
4321	4.0
4326	4.0
4327	4.5
4333	3.5
4339	4.0
4361	4.0
4367	3.0
4406	4.0
4410	4.0
4464	4.0
4488	3.0
4489	4.0
4572	3.0
4587	2.0
4623	4.0
4679	3.5
4681	4.0
4700	3.5
4710	4.0
4718	3.0
4733	3.0
4734	4.0
4776	2.5
4799	3.0
4815	3.0
4855	4.0
4857	4.5
4867	4.0
4874	3.0
4886	4.0
4890	3.5
4896	4.0
4954	4.0
4956	4.0
4963	4.0
4973	4.5
4979	3.0
4980	3.5
4993	3.0
4994	3.0
4995	3.0
5010	4.0
5013	2.0
5049	4.0
5060	4.0
5102	2.5
5103	4.0
5152	4.0
5218	3.0
5222	4.0
5247	3.5
5267	4.0
5299	4.0
5303	3.0
5349	4.0
5377	4.0
5378	3.0
5380	3.0
5400	3.0
5418	4.0
5421	4.0
5445	4.5
5464	3.0
5481	3.0
5500	3.0
5502	3.0
5505	4.0
5673	4.0
5791	3.5
5792	1.0
5812	2.0
5816	4.0
5872	3.0
5902	4.0
5945	3.5
5952	4.0
5956	3.5
5970	3.5
5989	3.0
5991	3.0
6062	2.5
6156	3.0
6188	3.5
6218	4.0
6296	3.0
6331	4.5
6377	4.5
6378	4.0
6385	4.0
6484	3.0
6539	4.0
6565	4.0
6620	2.5
6659	3.5
6708	4.0
6711	3.0
6753	4.0
6777	4.5
6807	4.0
6863	4.0
6870	4.0
6874	4.0
6932	4.5
6936	4.0
6944	3.5
6947	3.5
6950	3.0
6993	4.0
7004	3.0
7018	4.0
7027	4.0
7072	4.5
7101	3.5
7102	3.5
7137	3.5
7139	4.0
7147	4.0
7149	4.0
7153	4.5
7155	4.0
7160	3.5
7318	4.5
7325	3.0
7366	3.5
7438	4.0
7444	3.0
7618	3.5
7802	4.0
8228	4.5
8337	4.5
8340	4.5
8360	4.5
8366	4.0
8368	4.0
8528	4.0
8529	3.5
8530	4.0
8636	4.5
8641	2.0
8665	4.0
8784	3.5
8807	3.0
8874	4.0
8908	3.5
8949	3.5
8958	3.0
8961	4.5
8970	4.0
8972	3.5
8983	4.0
8984	3.0
26133	4.0
27790	4.0
27808	4.0
30707	4.5
30749	4.0
30793	3.5
30822	4.0
30825	3.0
30898	2.5
31420	3.5
32017	2.5
32587	4.0
33154	3.5
33166	4.0
33493	3.0
33679	3.5
33794	4.5
34072	3.0
34150	3.0
34162	4.0
34405	4.0
35836	4.0
36401	3.5
36529	3.5
38038	4.0
38304	3.5
39444	3.0
40815	4.0
40819	3.0
41566	4.5
41569	3.0
41716	3.5
42007	3.5
43396	4.0
44195	4.5
44665	4.0
44709	4.0
45447	3.0
45517	4.0
45722	3.5
45728	1.0
46578	4.0
46723	3.0
46850	3.0
46972	4.0
46974	3.0
46976	4.0
47099	4.0
47629	4.5
47644	4.0
48385	2.5
48516	4.0
48738	3.5
48774	3.5
48780	4.0
48783	4.0
49272	4.0
49530	4.0
49822	1.0
49824	3.0
50068	4.0
50872	4.0
51091	2.5
51255	4.5
52435	4.0
52722	3.0
52973	3.5
53121	3.0
53123	4.0
53125	3.5
53322	3.5
53464	3.0
53972	4.0
53996	3.5
54001	4.0
54272	3.5
54286	4.5
54503	4.5
54997	4.0
55247	3.5
55267	4.0
55290	4.0
55363	2.0
55768	3.0
55805	3.5
55820	3.0
55995	3.0
56152	4.0
56174	4.0
56367	3.5
56757	2.5
56775	3.5
56782	1.0
56788	3.5
56805	2.5
57640	3.0
57669	3.5
58047	3.5
58103	3.5
58295	4.5
58559	4.5
58998	4.5
59315	4.5
59501	2.5
59615	3.5
59784	3.0
60040	3.5
60069	3.5
60074	3.0
60126	2.5
60760	3.5
61160	3.5
61323	2.5
61729	4.0
62081	4.0
63082	4.0
63113	3.0
64614	4.5
65216	3.5
65230	3.5
67408	3.5
67734	3.0
68157	4.0
68358	4.5
68554	3.0
68793	2.5
68954	4.5
69406	3.5
69481	2.5
69644	3.5
69844	4.0
70293	3.5
71156	3.0
71211	3.0
71264	3.5
72011	3.0
72641	4.5
72733	4.0
72998	5.0
73017	3.5
73023	3.5
74545	3.5
74789	2.5
76077	3.0
76093	4.5
76251	3.5
76293	2.0
77561	4.5
78105	3.5
78209	2.5
78499	4.0
78637	3.5
79091	3.5
79132	4.0
79185	3.5
79242	3.5
79592	2.0
79702	4.0
80463	4.0
80489	3.5
80906	3.0
81229	4.0
81562	4.0
81782	4.0
81788	3.5
81834	4.0
81845	3.5
81847	4.0
81932	4.0
82202	4.0
82459	4.0
83349	2.0
83613	3.0
84392	4.0
84944	4.0
84954	3.5
85414	4.0
86332	3.5
86880	3.5
86882	4.0
87306	3.5
87430	3.0
88125	4.0
88129	3.5
88140	4.0
88163	3.5
88405	2.0
88744	3.5
88810	3.5
89492	4.0
89745	4.5
89753	2.0
89804	2.5
89864	4.0
89904	3.5
90746	4.0
90866	3.5
91077	2.5
91500	4.0
91529	4.0
91535	3.0
91542	4.0
91630	3.5
91658	4.0
93510	3.5
94777	3.0
94959	2.0
95167	4.0
95441	3.5
95510	4.0
95875	4.0
96079	4.0
96610	4.0
96821	3.5
97304	3.5
97752	1.0
97913	4.0
97921	3.5
97923	3.5
97938	3.0
98154	3.0
98809	4.0
98961	4.0
99114	4.0
99149	3.0
102125	4.5
102445	4.0
103141	4.0
103228	2.0
103335	4.0
104841	3.5
105504	4.0
106072	3.5
106487	4.0
106489	4.0
106696	4.0
106782	3.5
106916	3.5
108932	4.5
109374	4.0
110102	4.0
111362	3.5
112175	4.0
112183	2.5
112290	2.5
112556	3.0
112852	3.5
