1	3.5
2	2.5
6	4.0
7	3.0
10	3.5
11	3.5
14	2.5
16	4.0
18	1.0
19	3.0
20	1.5
21	2.0
25	4.0
31	3.0
32	4.5
36	4.5
39	1.0
44	1.5
47	5.0
50	4.5
69	1.5
70	3.5
89	3.5
110	4.0
111	4.5
122	1.0
145	4.0
150	2.5
153	2.5
161	3.0
163	4.0
165	4.0
168	3.0
173	3.5
175	1.5
185	1.0
193	0.5
194	0.5
196	1.5
208	1.5
227	1.5
231	2.5
236	3.0
237	4.0
247	2.0
256	2.0
260	4.0
266	4.0
273	2.5
288	0.5
292	1.5
293	4.5
296	5.0
300	3.5
307	4.0
308	3.0
315	0.5
316	3.0
318	4.5
329	3.5
339	1.0
344	3.0
349	4.0
350	3.5
353	2.0
356	3.5
357	3.0
367	3.5
368	3.0
370	3.0
372	2.5
377	2.0
379	1.0
380	4.0
381	2.5
382	3.5
383	2.0
393	1.0
405	1.5
410	4.0
420	1.0
431	2.5
434	2.0
436	1.0
442	2.5
454	3.5
457	4.5
459	3.0
474	4.5
475	4.0
477	3.0
480	3.5
481	2.5
485	2.5
502	1.5
508	4.0
515	4.0
517	2.5
519	1.0
520	0.5
527	4.5
532	1.5
539	3.5
540	2.5
541	4.0
552	1.0
555	3.0
586	3.0
587	3.5
588	3.0
589	4.0
590	4.5
592	4.5
593	5.0
597	1.0
608	4.5
628	3.5
648	4.0
673	3.0
733	2.5
736	2.5
743	2.5
750	3.0
762	0.5
778	2.5
780	3.0
783	3.0
784	2.5
786	2.5
788	1.5
798	0.5
804	2.5
832	2.5
836	1.5
849	1.5
858	5.0
880	2.0
899	3.0
904	4.5
908	4.5
910	3.5
912	4.5
915	3.0
920	3.0
923	2.5
930	3.0
991	2.0
1027	3.0
1028	5.0
1036	4.5
1061	4.0
1079	5.0
1080	1.0
1084	4.0
1088	2.0
1089	3.5
1090	4.0
1091	2.5
1092	4.0
1093	4.5
1094	4.0
1097	4.0
1100	1.5
1101	3.0
1125	3.0
1127	4.0
1128	2.5
1129	3.5
1136	5.0
1175	3.0
1183	4.0
1186	1.5
1193	3.5
1196	4.5
1198	4.5
1201	5.0
1208	4.0
1209	4.0
1210	4.5
1212	4.5
1213	5.0
1214	4.5
1219	3.5
1220	1.5
1221	5.0
1222	4.0
1227	4.0
1233	3.0
1234	4.0
1240	4.0
1246	4.0
1250	2.5
1252	3.5
1254	3.5
1259	4.0
1262	3.0
1263	4.0
1266	4.5
1270	4.0
1275	2.5
1279	1.5
1282	4.0
1287	3.5
1291	4.0
1298	3.0
1299	3.0
1307	5.0
1320	3.0
1333	3.0
1343	2.5
1347	2.5
1356	3.0
1370	3.5
1371	4.0
1372	3.0
1373	3.5
1374	2.5
1375	4.0
1376	3.0
1377	4.0
1378	3.5
1379	2.0
1380	3.0
1387	3.5
1388	2.5
1389	2.0
1391	2.5
1393	3.0
1396	3.0
1407	0.5
1409	1.0
1416	2.0
1425	2.0
1432	1.5
1466	3.0
1479	3.5
1483	1.5
1488	2.5
1499	1.0
1515	1.5
1517	0.5
1527	4.5
1544	2.5
1552	3.5
1556	0.5
1562	2.0
1569	3.5
1580	3.0
1584	3.0
1587	1.0
1589	1.0
1591	1.5
1603	1.0
1608	2.0
1610	4.0
1614	2.0
1616	1.0
1617	4.0
1619	2.5
1620	1.5
1625	2.0
1627	4.0
1641	3.0
1644	1.0
1645	2.0
1653	2.5
1665	1.0
1674	4.0
1676	1.0
1680	3.0
1682	3.0
1687	2.0
1690	2.0
1701	3.0
1704	4.0
1717	0.5
1721	3.5
1722	3.5
1729	3.5
1735	2.0
1779	2.5
1783	2.5
1784	4.0
1792	2.0
1799	4.0
1801	2.5
1805	4.0
1821	2.5
1833	2.0
1835	2.0
1876	2.0
1882	1.0
1883	3.5
1892	3.0
1894	2.0
1909	2.5
1911	1.5
1917	2.0
1918	2.5
1923	4.5
1947	3.0
1954	2.5
1955	2.5
1961	4.5
1969	0.5
1970	1.5
1974	2.0
1975	1.5
1976	1.0
1977	1.5
1982	3.5
1983	3.5
1994	1.5
1997	2.5
2000	3.5
2001	3.0
2002	3.0
2003	4.0
2004	0.5
2005	4.0
2006	3.0
2011	2.0
2012	2.0
2019	3.0
2023	3.5
2028	4.0
2053	0.5
2054	2.5
2058	3.0
2088	3.0
2094	1.5
2105	3.0
2107	0.5
2114	2.0
2115	4.0
2118	3.0
2119	2.0
2124	3.0
2126	3.0
2133	1.5
2146	3.5
2151	1.5
2153	0.5
2167	3.0
2174	2.0
2186	4.0
2194	5.0
2231	3.5
2232	2.0
2243	2.5
2245	2.0
2262	3.5
2268	3.0
2269	2.0
2273	5.0
2278	4.0
2288	3.5
2289	3.0
2312	2.0
2328	1.5
2329	4.0
2338	0.5
2340	2.5
2353	2.5
2376	2.0
2378	4.0
2379	2.5
2380	2.5
2381	2.0
2382	1.0
2387	4.0
2389	1.0
2393	3.5
2401	3.5
2405	3.5
2407	3.0
2408	1.5
2409	2.0
2410	2.5
2411	2.5
2412	1.5
2414	3.5
2416	1.0
2420	4.5
2421	3.0
2422	1.0
2424	2.0
2427	4.0
2433	2.0
2455	2.0
2456	1.0
2467	3.0
2468	3.0
2470	2.5
2471	1.5
2473	2.0
2474	3.0
2490	2.5
2497	1.5
2505	3.5
2513	2.5
2517	1.5
2529	1.5
2533	1.5
2539	4.0
2541	2.5
2561	2.5
2571	3.0
2605	3.0
2616	1.5
2617	1.0
2628	3.0
2640	3.5
2641	3.0
2642	2.5
2643	1.5
2671	3.0
2672	3.0
2676	3.5
2683	2.0
2688	2.5
2692	2.5
2694	2.0
2699	1.0
2700	2.5
2701	2.5
2706	3.5
2707	2.0
2710	0.5
2712	0.5
2716	4.0
2717	2.5
2719	2.0
2720	1.0
2722	2.0
2724	2.5
2734	2.5
2735	2.0
2762	4.5
2763	3.5
2791	3.0
2792	2.5
2797	3.5
2802	2.5
2803	2.0
2805	2.5
2826	1.0
2827	1.5
2857	2.5
2858	3.5
2872	2.5
2881	3.0
2890	3.0
2906	2.0
2908	4.0
2916	3.0
2922	3.0
2942	1.0
2947	4.5
2948	5.0
2949	3.5
2951	4.0
2959	4.0
2976	2.0
2985	2.0
2986	1.5
2987	3.5
2989	3.5
2990	1.5
2991	1.5
2993	3.5
2997	2.0
3005	3.0
3006	3.0
3020	4.0
3033	2.5
3039	4.0
3052	2.5
3066	3.0
3081	4.0
3082	3.0
3087	3.5
3101	4.0
3104	3.5
3107	2.0
3113	2.5
3125	3.5
3142	4.0
3147	3.5
3155	1.5
3160	0.5
3168	3.0
3173	2.5
3174	2.5
3176	4.0
3186	3.0
3208	1.5
3219	2.0
3250	2.0
3253	0.5
3256	4.0
3257	2.5
3259	1.5
3261	2.5
3263	2.0
3267	3.5
3269	2.0
3273	0.5
3285	2.5
3300	1.0
3328	3.0
3354	2.0
3386	4.0
3408	2.0
3409	2.5
3418	3.5
3424	2.0
3448	3.0
3452	1.5
3471	3.0
3481	3.0
3484	2.0
3489	2.5
3498	3.0
3499	3.5
3505	4.0
3525	0.5
3527	1.0
3535	4.0
3555	2.5
3556	2.0
3578	1.5
3617	3.5
3633	2.5
3635	2.5
3638	2.5
3639	3.5
3649	2.5
3681	4.5
3684	1.0
3686	3.0
3697	1.0
3698	3.5
3699	2.0
3701	1.5
3702	1.5
3703	2.0
3704	1.5
3706	3.5
3707	3.0
3717	2.0
3740	2.0
3744	2.0
3752	2.5
3753	3.5
3755	2.0
3783	4.0
3785	2.5
3791	0.5
3793	3.0
3798	2.5
3802	2.5
3821	0.5
3825	0.5
3826	2.5
3863	2.0
3868	4.0
3869	1.5
3879	0.5
3893	2.0
3896	2.0
3948	4.5
3977	1.0
3980	1.5
3981	2.5
3984	4.0
3986	2.0
3993	2.5
3994	2.0
3999	2.0
4005	3.5
4007	3.0
4008	3.5
4011	4.5
4018	2.5
4019	4.0
4025	1.0
4027	2.5
4033	2.5
4034	3.0
4041	2.0
4084	2.5
4085	3.5
4091	2.5
4121	3.0
4148	1.5
4161	2.5
4167	1.5
4210	3.0
4223	3.0
4226	3.5
4239	2.0
4246	3.5
4262	4.0
4270	0.5
4306	3.0
4308	3.5
4310	2.5
4326	4.0
4333	3.0
4344	1.5
4356	2.0
4361	3.5
4367	2.0
4369	2.5
4370	1.5
4388	2.0
4396	0.5
4446	1.5
4447	1.5
4448	1.0
4465	3.0
4487	3.0
4489	3.5
4558	1.5
4621	0.5
4638	3.5
4643	1.0
4701	3.0
4718	3.5
4720	4.0
4728	4.0
4744	2.5
4776	4.0
4814	2.5
4816	2.0
4844	2.0
4848	4.0
4855	3.0
4865	4.0
4866	1.0
4874	2.0
4876	1.5
4880	1.5
4886	3.5
4890	2.5
4896	3.0
4901	2.0
4941	2.0
4958	2.0
4963	3.0
4973	4.0
4975	1.0
4978	3.5
4979	3.0
4992	1.0
4993	3.0
4994	1.0
4995	3.5
5009	3.0
5010	3.0
5013	3.0
5014	1.0
5015	3.5
5049	2.0
5064	3.0
5108	2.0
5151	1.5
5171	2.5
5218	3.0
5219	1.0
5254	1.0
5266	2.0
5293	2.0
5299	2.5
5349	4.0
5364	3.5
5377	2.5
5378	3.0
5388	3.5
5418	3.5
5420	2.0
5445	2.0
5459	4.0
5464	3.0
5479	3.0
5481	1.0
5500	3.0
5502	2.5
5507	0.5
5541	1.5
5617	2.5
5630	2.0
5679	2.0
5791	3.0
5810	1.5
5816	2.5
5872	1.5
5878	2.0
5902	2.0
5944	3.5
5945	4.5
5952	3.5
5954	3.0
5956	3.0
5970	1.5
5989	2.5
5991	3.0
5995	3.0
6003	3.5
6059	2.0
6157	0.5
6187	3.0
6218	3.0
6242	2.5
6281	2.5
6287	3.5
6323	3.0
6333	1.5
6365	1.0
6373	3.5
6377	3.0
6378	1.5
6383	1.5
6502	2.5
6503	0.5
6534	1.5
6537	1.5
6539	4.5
6548	0.5
6550	2.5
6564	1.0
6595	2.0
6662	4.0
6711	4.0
6754	2.0
6807	2.0
6870	4.5
6874	3.5
6879	2.5
6893	3.5
6934	1.0
6942	3.0
6947	2.0
6952	2.0
6953	3.5
6979	3.0
6993	3.0
7022	3.0
7046	3.0
7090	1.5
7137	4.0
7147	2.0
7149	4.0
7153	3.5
7160	3.5
7162	3.5
7173	3.5
7254	2.5
7323	3.0
7325	2.0
7347	2.5
7361	2.5
7438	2.5
7445	3.0
7458	2.5
7569	3.5
8340	2.5
8360	3.5
8368	3.0
8371	1.5
8528	2.0
8529	2.5
8622	5.0
8623	2.5
8636	3.5
8640	2.5
8644	3.5
8665	3.5
8781	3.0
8783	1.0
8798	4.0
8810	1.0
8865	1.5
8873	3.0
8949	4.0
8950	3.5
8957	2.5
8961	4.0
8970	3.0
8984	1.0
27773	4.0
27808	0.5
30707	4.5
30749	3.0
30812	2.5
30825	2.0
31685	2.5
31878	4.0
32587	3.5
33166	4.0
33493	3.5
33660	2.5
33679	2.5
33794	3.0
34162	4.0
34319	1.0
35836	1.5
37741	4.0
39183	3.5
39292	3.0
40583	3.0
41569	1.5
41997	3.0
44191	2.0
44199	3.0
45722	3.0
