1	4.0
3	3.0
6	5.0
7	4.0
11	2.0
12	2.5
16	3.0
17	4.5
18	4.0
20	3.5
21	3.0
22	2.5
29	3.0
34	4.5
39	4.5
40	5.0
43	4.0
44	2.5
47	2.0
50	5.0
57	3.0
62	3.5
69	4.0
76	4.0
78	4.0
81	3.5
101	3.5
104	3.0
110	5.0
111	2.5
150	4.5
151	4.0
157	2.0
158	2.0
159	3.0
160	3.0
161	2.0
162	1.5
163	3.0
173	3.5
188	4.0
216	3.5
223	4.0
229	4.0
230	2.5
232	4.0
235	3.0
237	3.0
252	4.0
256	2.5
260	3.5
261	2.5
265	4.5
266	2.5
267	4.0
272	4.5
275	4.5
281	3.5
282	3.0
293	5.0
296	5.0
300	4.0
303	1.5
314	4.5
316	4.5
317	3.0
318	5.0
322	2.0
327	3.5
333	4.0
334	4.0
337	5.0
338	3.0
342	5.0
345	4.5
349	3.0
355	2.0
356	5.0
357	4.5
364	3.0
368	3.5
369	4.5
370	3.0
371	3.5
378	3.5
380	4.0
407	4.0
410	3.5
413	3.0
414	3.0
420	2.0
426	1.5
429	1.5
435	3.0
436	3.5
437	2.0
438	3.5
440	3.0
442	3.0
445	3.0
457	4.5
466	3.5
468	4.5
471	4.5
474	3.0
475	1.5
477	3.0
480	4.5
492	3.0
497	4.5
504	3.5
505	2.5
508	3.5
511	3.0
512	4.0
514	3.5
515	5.0
516	4.0
517	2.5
518	4.5
520	3.0
527	5.0
528	3.5
529	5.0
534	4.5
536	4.5
538	4.0
541	5.0
551	3.5
553	2.5
574	4.0
585	3.0
589	4.5
590	4.0
593	5.0
597	3.0
608	3.0
627	4.0
648	3.5
678	3.0
688	3.5
700	4.0
714	3.5
720	4.0
733	2.5
735	4.0
745	5.0
750	3.5
778	0.5
780	4.0
800	4.0
848	5.0
858	4.0
899	5.0
902	5.0
905	5.0
910	2.0
911	5.0
912	5.0
913	4.0
914	5.0
915	4.5
919	4.5
921	4.5
923	5.0
924	4.0
932	4.5
933	4.0
947	3.0
950	4.0
951	4.5
953	4.5
954	3.0
968	4.0
969	4.0
1019	3.0
1020	3.0
1028	3.5
1032	3.0
1035	4.5
1036	3.5
1037	1.5
1041	4.5
1050	3.5
1061	4.0
1073	3.5
1079	4.0
1089	4.5
1090	3.0
1092	3.0
1094	4.0
1095	1.0
1097	4.0
1127	2.5
1129	3.0
1136	3.0
1148	5.0
1171	1.0
1175	4.5
1187	3.0
1188	4.0
1193	4.5
1196	4.0
1197	5.0
1198	4.5
1199	4.0
1200	4.0
1201	3.0
1203	4.5
1204	5.0
1207	3.5
1208	2.5
1210	4.0
1211	4.0
1212	4.5
1213	4.0
1214	5.0
1217	5.0
1219	4.0
1220	3.5
1221	3.5
1222	3.5
1223	3.0
1226	5.0
1231	5.0
1232	5.0
1233	4.0
1234	3.5
1235	1.5
1236	5.0
1238	4.0
1240	4.5
1242	5.0
1243	4.5
1245	4.0
1246	4.0
1249	4.0
1250	4.5
1252	4.0
1254	4.0
1257	5.0
1258	4.5
1259	5.0
1261	2.5
1262	4.0
1265	4.0
1266	4.5
1267	4.0
1269	3.5
1270	4.0
1271	4.0
1272	5.0
1275	4.0
1276	4.5
1278	4.5
1282	3.5
1283	4.5
1284	4.5
1285	4.5
1287	4.0
1288	4.0
1291	4.5
1292	3.0
1293	3.0
1297	4.0
1299	4.5
1300	1.5
1301	4.0
1302	4.5
1303	3.5
1304	4.0
1306	5.0
1307	5.0
1320	3.0
1333	3.0
1342	3.0
1345	3.0
1347	3.0
1350	4.5
1356	3.0
1357	2.0
1358	4.0
1365	3.5
1372	4.0
1374	5.0
1376	4.0
1377	3.0
1387	5.0
1391	1.0
1392	2.0
1393	4.5
1396	4.0
1407	3.0
1408	5.0
1440	2.5
1449	1.0
1464	2.5
1484	4.5
1500	5.0
1517	4.5
1527	4.5
1569	4.5
1580	4.5
1584	4.5
1587	4.0
1610	5.0
1617	4.5
1625	4.5
1641	4.5
1643	4.0
1645	3.0
1649	5.0
1653	5.0
1663	3.5
1674	3.5
1676	4.5
1682	4.5
1693	3.0
1694	4.5
1704	5.0
1721	4.0
1729	3.0
1748	5.0
1777	4.0
1784	5.0
1834	5.0
1845	3.5
1876	4.0
1912	3.0
1913	5.0
1914	5.0
1921	5.0
1923	4.0
1935	4.0
1939	5.0
1944	5.0
1945	4.5
1946	3.5
1947	4.0
1949	3.5
1950	5.0
1954	5.0
1960	3.5
1961	4.5
1963	3.0
1968	5.0
1982	3.0
1994	4.5
1997	5.0
2000	4.0
2002	2.5
2005	2.5
2009	4.5
2010	5.0
2011	3.5
2019	5.0
2020	3.5
2022	2.0
2028	4.5
2059	2.0
2064	2.0
2071	4.0
2105	3.5
2115	4.5
2117	4.5
2118	3.5
2120	1.5
2133	4.5
2134	4.0
2139	4.0
2140	3.5
2144	5.0
2146	4.0
2150	2.5
2160	5.0
2174	3.0
2193	4.0
2194	4.0
2202	2.5
2232	4.5
2243	2.5
2245	3.0
2248	4.0
2261	3.5
2268	4.0
2278	5.0
2288	2.0
2289	1.0
2291	4.5
2301	3.0
2302	3.5
2324	5.0
2333	1.0
2336	4.0
2353	3.5
2355	3.5
2366	3.0
2390	5.0
2391	3.0
2396	5.0
2398	4.5
2401	4.5
2403	4.5
2424	5.0
2431	1.0
2455	4.0
2463	4.0
2467	4.5
2476	4.5
2501	4.5
2502	4.5
2511	4.0
2518	3.0
2527	4.0
2528	4.5
2529	4.5
2531	3.0
2571	4.5
2572	4.5
2581	4.0
2613	3.5
2618	3.0
2640	4.5
2641	3.5
2660	2.5
2664	4.5
2671	4.0
2683	3.0
2686	4.5
2690	5.0
2692	2.5
2700	4.0
2716	4.5
2730	3.0
2745	4.0
2750	3.0
2762	5.0
2788	3.0
2791	4.0
2795	4.0
2797	3.0
2804	5.0
2808	3.0
2822	3.0
2858	5.0
2863	3.0
2871	3.5
2898	1.5
2901	4.5
2912	4.0
2915	4.0
2916	3.5
2918	4.0
2919	1.5
2921	5.0
2922	4.0
2941	3.5
2944	4.0
2947	3.5
2948	3.5
2951	4.5
2952	3.0
2959	4.0
2966	4.0
2968	3.5
2985	4.5
2987	4.5
2989	3.5
2997	1.5
3020	3.0
3022	3.5
3030	5.0
3032	4.5
3033	3.5
3035	5.0
3037	3.0
3039	4.0
3044	3.0
3045	3.0
3052	3.0
3062	4.0
3066	3.5
3072	3.5
3074	4.0
3088	4.0
3089	3.5
3098	5.0
3100	2.5
3104	3.0
3105	3.5
3114	4.0
3129	4.5
3147	5.0
3148	3.5
3160	4.0
3163	3.5
3175	4.5
3181	3.5
3190	3.5
3196	4.5
3198	3.5
3201	3.5
3210	4.0
3252	3.0
3254	3.0
3255	4.0
3256	2.5
3258	2.0
3259	4.0
3260	4.5
3264	3.5
3267	3.0
3268	3.0
3269	3.0
3273	3.0
3275	5.0
3296	5.0
3300	4.5
3301	3.5
3317	3.0
3324	3.5
3328	5.0
3334	4.0
3347	4.0
3354	2.5
3359	3.0
3360	4.0
3361	4.5
3362	4.0
3384	3.5
3396	4.5
3409	3.0
3421	3.5
3424	2.5
3429	4.5
3448	3.0
3451	5.0
3466	4.0
3468	4.0
3469	4.0
3471	4.0
3476	4.0
3481	4.5
3499	3.0
3503	4.5
3504	4.0
3505	4.0
3507	4.0
3508	4.5
3510	3.0
3512	5.0
3513	3.5
3521	5.0
3526	4.5
3527	4.0
3534	4.0
3535	4.0
3536	4.5
3543	4.0
3548	5.0
3549	3.5
3551	3.5
3552	3.5
3555	3.5
3566	4.5
3578	4.0
3593	2.5
3617	3.0
3618	4.5
3623	2.5
3624	3.0
3634	2.0
3654	4.0
3671	4.0
3676	0.5
3681	4.5
3682	4.0
3683	3.0
3702	4.0
3703	4.5
3704	3.5
3709	2.0
3735	4.0
3740	3.5
3745	3.5
3751	3.5
3752	3.0
3753	4.0
3754	2.5
3755	4.0
3784	4.5
3785	3.5
3793	4.0
3798	3.0
3811	4.5
3814	3.5
3825	3.0
3826	3.0
3827	4.0
3836	4.0
3861	3.5
3863	3.0
3868	4.5
3869	3.5
3893	4.0
3897	5.0
3911	4.5
3916	4.0
3927	4.5
3946	3.0
3948	3.5
3950	3.0
3959	4.0
3967	4.0
3968	1.0
3972	3.5
3973	2.0
3978	2.5
3980	3.5
3981	3.0
3983	4.5
3985	3.5
3986	3.0
3988	3.0
3994	4.0
3996	4.0
3997	2.0
3998	3.5
4002	3.0
4011	4.0
4014	5.0
4016	2.5
4018	3.5
4019	3.5
4022	4.0
4023	4.0
4025	3.5
4027	5.0
4030	3.0
4033	3.0
4036	5.0
4047	4.5
4052	2.5
4056	4.0
4063	3.0
4085	3.5
4103	4.0
4105	3.0
4117	4.0
4121	3.0
4148	3.5
4149	4.0
4158	1.5
4167	4.0
4211	4.5
4223	3.5
4225	4.5
4226	3.5
4232	4.0
4234	4.5
4238	3.5
4246	4.0
4254	2.0
4262	4.0
4270	3.0
4305	4.5
4306	4.0
4308	5.0
4310	3.0
4322	3.5
4326	3.5
4327	4.5
4329	4.0
4340	2.0
4343	3.0
4344	2.5
4349	4.5
4367	2.5
4368	2.5
4370	2.0
4378	4.0
4383	4.5
4386	3.5
4388	2.5
4406	4.0
4427	4.5
4446	3.0
4447	4.0
4452	3.5
4465	2.5
4499	3.5
4529	4.0
4533	3.0
4535	5.0
4541	3.5
4553	4.0
4564	4.5
4616	3.0
4638	4.0
4639	4.0
4643	3.0
4686	1.5
4700	3.5
4701	3.0
4718	2.5
4719	3.0
4720	3.0
4728	3.0
4732	4.0
4733	3.0
4734	4.0
4735	2.5
4744	4.0
4756	3.0
4776	5.0
4783	4.0
4802	3.0
4815	2.0
4816	2.5
4823	4.5
4844	3.0
4855	4.5
4857	4.5
4865	3.0
4866	3.0
4867	2.0
4874	4.5
4876	2.0
4878	4.5
4881	1.5
4886	4.5
4887	3.0
4889	5.0
4890	3.5
4896	4.5
4899	2.0
4901	4.0
4902	3.5
4903	4.0
4958	3.0
4963	4.0
4967	5.0
4973	5.0
4974	4.0
4975	3.5
4979	4.5
4990	3.5
4992	4.5
4993	4.5
4994	2.0
4995	4.5
5008	5.0
5010	5.0
5013	5.0
5014	1.0
5015	3.0
5016	5.0
5021	3.5
5025	3.0
5026	4.5
5047	2.5
5060	3.5
5064	4.0
5065	4.0
5093	2.0
5094	1.5
5107	3.5
5110	4.0
5120	0.5
5127	4.5
5128	2.0
5152	4.0
5171	3.0
5177	2.0
5218	3.0
5219	3.5
5220	2.5
5254	3.0
5266	3.5
5267	3.5
5283	3.5
5291	2.0
5293	4.5
5294	4.0
5296	5.0
5299	4.0
5312	3.0
5313	3.0
5316	5.0
5339	2.5
5349	4.0
5377	4.5
5378	3.0
5380	4.0
5388	2.5
5400	2.5
5414	3.0
5415	4.0
5418	4.5
5420	3.0
5445	4.5
5449	2.0
5452	2.5
5459	3.5
5463	3.5
5464	4.5
5478	3.5
5479	3.0
5481	4.0
5502	4.5
5504	3.0
5506	3.5
5507	3.5
5523	1.0
5528	2.0
5530	3.5
5572	3.5
5574	3.5
5577	4.0
5582	2.5
5609	2.0
5611	3.5
5617	5.0
5620	4.5
5621	2.0
5630	3.5
5667	1.5
5669	0.5
5673	3.5
5679	4.0
5747	3.5
5772	5.0
5784	2.0
5803	3.0
5804	3.0
5816	4.0
5872	3.0
5876	1.0
5881	4.0
5890	3.0
5899	5.0
5902	1.5
5903	4.0
5943	2.5
5944	2.0
5945	3.0
5952	4.0
5955	4.0
5956	3.0
5957	4.0
5989	1.5
6003	4.5
6013	2.0
6059	3.5
6062	3.5
6155	4.5
6156	3.5
6188	4.5
6197	3.5
6213	4.0
6218	5.0
6239	3.5
6242	4.0
6250	1.0
6263	3.5
6264	3.0
6281	2.0
6287	2.0
6294	1.5
6296	5.0
6297	3.5
6303	4.0
6305	5.0
6323	3.5
6333	4.0
6338	3.0
6365	3.5
6373	3.5
6377	3.0
6378	3.0
6385	4.0
6436	4.0
6484	3.5
6502	4.5
6534	3.0
6537	3.5
6539	4.0
6541	2.5
6548	3.0
6550	3.5
6565	4.5
6586	3.0
6595	2.5
6617	3.5
6618	4.0
6620	1.5
6666	3.0
6695	3.0
6708	3.5
6711	4.0
6731	2.5
6753	5.0
6754	3.0
6755	4.0
6764	3.5
6765	4.5
6773	5.0
6787	3.5
6808	4.0
6820	3.5
6867	4.0
6870	4.5
6874	4.5
6879	1.0
6880	1.0
6881	3.0
6888	2.0
6893	3.5
6934	2.0
6936	5.0
6942	1.0
6944	4.0
6947	4.5
6950	3.5
6952	4.0
6957	3.5
6959	2.0
6979	3.0
7001	4.0
7018	4.0
7022	2.5
7027	4.5
7073	2.5
7075	2.0
7090	1.5
7137	4.0
7143	3.0
7147	5.0
7149	3.5
7153	4.5
7155	3.5
7156	0.5
7161	4.0
7163	4.0
7173	4.0
7215	4.0
7235	2.0
7254	2.5
7256	4.0
7293	3.5
7318	5.0
7324	3.0
7348	5.0
7360	3.0
7361	5.0
7366	4.0
7367	2.5
7371	5.0
7373	4.0
7381	3.0
7386	4.5
7387	3.5
7419	3.5
7438	4.0
7439	3.0
7445	5.0
7458	1.5
7502	4.5
7560	1.5
7649	2.5
7934	3.0
7980	4.5
8207	4.0
8337	5.0
8360	3.5
8361	3.5
8368	3.5
8371	4.0
8376	5.0
8464	1.0
8477	0.5
8526	2.0
8528	4.5
8529	4.0
8533	4.0
8610	2.5
8622	0.5
8636	3.0
8641	3.5
8644	4.5
8665	3.5
8690	5.0
8781	2.0
8783	1.5
8784	4.5
8798	4.0
8807	5.0
8810	3.5
8814	3.0
8827	4.5
8861	2.5
8865	4.0
8870	4.0
8874	3.0
8907	2.5
8908	3.0
8910	4.0
8917	4.5
8947	4.0
8950	4.0
8957	4.0
8961	3.0
8969	3.5
8972	4.0
8977	1.5
8984	3.5
26084	4.0
26242	3.0
27611	3.0
27706	3.5
27721	5.0
27772	5.0
27788	3.0
27808	4.0
27821	2.0
27822	2.0
27831	4.5
27839	3.0
27904	4.5
30749	3.0
30793	3.0
30810	4.5
30825	3.5
30894	3.0
31225	3.5
31420	3.0
31685	4.0
31696	2.5
31804	4.5
31878	4.0
32017	3.5
32029	4.5
32031	3.5
32587	4.0
32596	2.5
32598	4.5
33004	4.5
33162	1.5
33166	5.0
33493	3.0
33615	3.5
33660	4.5
33669	5.0
33679	3.5
33794	4.0
33834	2.5
33836	4.0
34048	3.0
34072	5.0
34150	3.5
34162	3.0
34319	4.0
34332	2.5
34334	3.0
34336	3.5
34338	5.0
34405	4.5
34437	3.0
34532	2.0
34534	2.5
35836	4.0
36276	1.0
36517	1.0
36525	4.5
36535	5.0
37380	3.0
37382	1.5
37386	4.0
37720	3.0
37727	2.5
37857	3.0
38038	4.0
38798	4.0
39183	0.5
39231	4.5
39292	0.5
39444	5.0
39446	3.0
40278	3.5
40339	2.5
40732	3.5
40815	3.0
40819	4.5
41566	4.0
41569	1.0
41573	3.5
41997	1.0
42002	4.0
42004	0.5
42718	2.5
42723	0.5
42725	4.0
42734	4.5
43396	4.5
43560	4.5
43836	2.5
43919	1.0
44199	4.0
44555	5.0
44665	3.0
44709	5.0
44972	1.0
45081	3.5
45431	3.5
45499	2.5
45517	3.0
45666	3.0
45668	4.0
45672	3.5
45722	3.0
45728	4.0
45730	2.0
45732	3.5
45950	1.5
46530	4.5
46578	5.0
46948	2.0
46965	1.0
46970	3.5
46972	4.0
46976	5.0
47099	4.5
47629	5.0
47644	3.0
47997	4.0
47999	0.5
48043	4.0
48304	5.0
48394	3.5
48516	5.0
48774	3.5
48780	3.0
48877	3.0
48982	3.0
49272	3.0
49274	2.5
49286	4.5
49649	1.0
49651	3.5
49772	5.0
50068	4.5
50794	1.5
50798	1.0
50804	0.5
50872	3.5
51077	3.0
51084	4.5
51255	3.0
51412	4.0
51575	2.5
51662	4.0
51709	3.0
51931	5.0
51935	0.5
52281	2.5
52328	3.0
52435	4.5
52722	3.0
52973	3.5
53000	3.0
53121	1.5
53125	3.0
53129	5.0
53318	5.0
53322	3.5
53464	3.5
53519	0.5
53550	3.5
53894	0.5
53953	2.0
53956	4.5
53972	4.5
53993	3.0
53996	3.0
54001	3.0
54004	1.5
54259	3.5
54272	2.5
54281	3.0
54286	4.0
54503	3.5
54736	3.0
54881	5.0
54995	4.0
55052	1.0
55094	2.0
55232	3.0
55267	5.0
55269	4.0
55280	4.5
55282	3.5
55290	4.0
55577	2.5
55768	1.0
55820	3.5
55995	1.5
56145	3.5
56152	4.0
56156	2.5
56174	3.0
56251	3.0
56367	4.5
56587	5.0
56607	4.5
56715	5.0
56757	3.5
56775	4.5
56788	0.5
56801	2.0
56941	2.0
57274	4.5
57368	5.0
57528	3.5
57640	4.0
57669	2.0
58025	3.5
58105	2.5
58559	5.0
59126	0.5
59315	4.0
59387	3.5
59615	2.5
59900	1.5
60037	1.5
60040	3.0
60069	4.0
60074	3.5
60126	1.5
60161	2.5
60397	2.5
60487	4.0
60684	2.0
60756	3.5
60760	2.5
60766	5.0
60937	2.5
61132	3.5
61240	4.5
61248	3.5
61350	3.0
61729	3.5
62081	3.5
62155	4.0
62376	3.0
62394	3.0
62956	3.0
63062	4.5
63072	2.0
63113	3.0
63859	0.5
63992	1.0
64497	1.5
64614	4.5
64620	0.5
64716	5.0
65130	1.0
65230	4.5
65514	4.0
66097	3.5
66171	3.5
66297	3.0
66665	4.0
66934	4.0
67197	3.5
67255	4.0
67267	4.0
67734	3.0
68157	1.0
68237	4.5
68319	4.0
68358	3.5
68791	3.5
68793	3.0
68848	2.5
68954	3.0
69122	4.0
69306	4.0
69406	4.0
69481	5.0
69526	1.5
69757	4.5
69844	3.0
69951	3.0
70183	4.0
70286	3.5
70293	5.0
71057	2.0
71135	2.0
71156	2.0
71254	3.0
71379	3.5
71530	3.0
71535	4.0
71838	3.5
71899	4.5
72378	3.5
72641	5.0
72731	1.5
73017	2.5
73268	4.0
73321	4.0
73323	4.0
74458	0.5
74510	3.0
74545	0.5
74789	3.0
76077	2.5
76093	3.0
76175	1.5
76251	3.5
76293	0.5
77561	3.0
78105	3.0
78469	3.0
78499	1.5
78574	3.5
79057	4.0
79091	3.0
79132	4.0
79293	1.5
79592	2.0
79695	4.0
79702	4.5
80219	3.5
81229	4.0
81788	4.0
81834	3.0
81845	5.0
82202	0.5
82461	2.5
83134	1.5
83613	2.5
84772	3.0
84944	3.0
84954	3.0
85131	3.5
85510	1.0
86320	2.0
86332	4.0
86833	1.0
86880	3.0
87232	3.0
87306	0.5
87430	2.5
87520	3.0
88125	3.0
88810	0.5
89470	3.5
89745	4.0
89753	3.0
89864	4.0
91500	4.0
91529	4.5
91535	3.0
91542	2.5
91630	3.0
92420	3.5
93510	2.5
93840	5.0
94777	1.5
94864	3.5
94959	5.0
95167	3.0
95441	3.0
95510	3.5
95875	1.5
96079	3.5
96610	2.5
97304	0.5
97752	0.5
97913	3.5
98809	3.5
99149	3.0
102123	4.0
102125	3.0
103042	3.0
103141	3.5
103228	3.0
103253	1.0
103341	2.0
103772	2.5
105504	1.5
106002	3.0
106072	2.0
106489	4.0
108932	4.0
109374	5.0
109487	2.0
112852	4.0
