6	4.0
9	3.0
10	4.0
12	2.0
14	4.0
16	4.0
18	2.0
22	3.0
23	3.0
25	5.0
32	5.0
36	4.0
39	4.0
42	3.0
47	4.0
50	5.0
57	3.0
61	2.0
63	3.5
64	2.0
66	1.0
69	3.5
70	3.0
76	2.0
79	3.0
81	3.0
88	3.0
89	4.0
93	2.0
95	4.0
103	3.0
110	5.0
111	5.0
112	3.0
122	3.0
125	3.5
132	3.0
150	4.0
151	4.0
153	3.0
157	2.0
161	4.0
163	3.0
164	3.0
165	3.0
170	3.0
172	2.0
173	2.0
177	4.0
182	3.0
185	3.0
188	3.0
193	3.0
196	3.0
198	4.0
204	3.5
217	1.0
222	3.0
223	4.0
224	2.0
225	3.0
229	3.0
230	4.0
234	2.5
235	4.0
240	3.0
253	4.0
257	3.0
259	3.0
260	5.0
266	4.0
273	3.0
280	2.0
288	4.0
290	3.0
292	4.0
293	4.0
296	4.0
305	3.5
312	3.0
318	4.0
319	3.0
328	3.0
329	3.5
330	3.0
332	1.0
338	3.0
339	4.0
344	3.5
349	4.0
350	3.0
353	3.0
356	5.0
358	3.0
366	4.0
367	3.0
370	3.0
373	4.0
376	3.0
377	4.0
378	3.0
380	4.0
382	3.0
384	3.0
407	4.0
413	3.0
415	2.0
420	3.0
423	3.0
426	3.0
431	4.0
434	3.0
435	2.0
436	3.0
451	3.0
454	4.0
457	4.0
464	4.0
471	3.0
474	4.0
480	4.0
481	4.0
482	3.0
490	2.0
494	4.0
508	4.0
512	3.0
519	2.0
521	4.0
532	3.0
535	5.0
539	4.0
540	3.0
543	2.0
547	3.0
550	3.0
553	4.0
555	4.0
587	4.0
589	5.0
592	3.0
593	5.0
597	4.0
605	3.0
606	3.0
608	5.0
610	4.0
611	3.0
627	4.0
628	4.0
640	3.0
648	3.0
662	3.0
663	3.0
692	2.0
707	3.0
708	3.0
724	2.0
731	2.0
733	4.0
736	3.0
742	3.0
747	1.0
748	3.0
750	5.0
762	3.0
780	4.0
782	3.0
785	3.0
786	4.0
788	3.0
798	3.0
799	3.0
802	4.0
804	3.0
832	4.0
836	2.0
842	2.0
849	3.0
858	5.0
861	3.0
866	4.0
879	3.0
880	3.0
882	3.0
886	3.0
891	3.0
919	5.0
924	4.0
968	4.0
999	4.0
1003	3.0
1027	3.0
1034	4.0
1036	5.0
1037	3.0
1043	2.0
1047	4.0
1057	3.0
1061	4.0
1089	5.0
1090	4.0
1092	4.0
1094	4.0
1095	5.0
1097	4.5
1100	3.0
1101	4.0
1129	3.0
1179	4.0
1183	5.0
1193	4.0
1196	5.0
1200	4.0
1203	5.0
1206	5.0
1208	4.0
1210	4.0
1213	5.0
1214	4.0
1215	3.0
1219	5.0
1221	5.0
1222	4.0
1227	4.0
1234	5.0
1240	3.0
1258	4.0
1259	5.0
1263	5.0
1265	3.0
1290	3.0
1291	4.5
1320	3.0
1321	4.0
1327	2.0
1339	3.0
1342	4.0
1343	4.0
1347	4.0
1352	3.0
1355	3.0
1358	5.0
1370	4.0
1372	3.5
1373	3.0
1377	3.0
1385	4.0
1388	3.0
1393	4.0
1407	4.0
1422	3.0
1427	3.0
1438	3.0
1457	3.0
1459	3.0
1464	3.5
1466	5.0
1479	3.0
1483	3.0
1488	3.0
1499	3.0
1500	4.0
1513	3.0
1515	3.0
1518	4.0
1527	4.0
1544	4.0
1550	3.0
1552	4.0
1556	3.0
1562	3.0
1569	4.0
1573	5.0
1580	4.0
1589	3.0
1590	3.0
1591	3.0
1593	3.0
1597	3.0
1598	3.0
1600	3.0
1601	3.0
1603	4.0
1605	3.0
1608	4.0
1610	4.0
1615	3.0
1616	4.0
1617	5.0
1620	3.0
1623	3.0
1625	4.0
1626	1.0
1627	3.0
1635	4.0
1639	4.0
1644	3.0
1645	4.0
1646	3.5
1647	3.0
1653	4.0
1655	3.0
1658	3.0
1673	5.0
1676	4.0
1687	3.0
1690	3.0
1694	3.0
1704	4.0
1711	3.0
1717	3.0
1721	4.0
1722	4.0
1729	4.0
1732	4.0
1735	4.0
1747	3.5
1748	4.0
1752	3.0
1754	4.0
1762	3.0
1769	4.0
1777	4.0
1779	3.0
1783	3.0
1785	3.0
1792	3.0
1799	3.0
1804	3.0
1805	4.0
1821	3.0
1831	3.0
1833	3.0
1834	4.0
1835	4.0
1840	3.5
1841	3.0
1845	3.5
1862	2.0
1876	3.0
1892	4.0
1894	3.0
1895	2.0
1909	3.0
1912	4.0
1917	4.0
1918	3.0
1953	5.0
1958	5.0
1968	3.0
1969	2.0
1970	3.0
1971	3.0
1972	3.0
1973	3.0
1976	3.0
1977	2.0
1978	1.0
1979	3.0
1982	4.0
1983	3.0
1986	2.0
1992	2.0
1993	2.0
1994	5.0
1995	2.0
1996	2.0
1997	4.0
1999	3.0
2000	4.0
2001	4.0
2002	3.0
2004	3.0
2006	4.0
2011	3.5
2023	4.0
2026	3.0
2027	3.0
2028	5.0
2058	3.0
2060	3.0
2072	3.0
2076	4.0
2089	3.0
2107	4.0
2118	4.0
2119	3.0
2120	3.0
2121	3.0
2122	1.0
2126	3.0
2148	3.0
2149	1.0
2154	3.0
2166	3.0
2167	3.0
2174	3.5
2188	3.0
2194	4.0
2231	4.0
2236	4.0
2248	4.0
2253	1.0
2268	4.0
2273	4.0
2278	4.0
2279	3.0
2280	3.0
2288	3.0
2289	5.0
2291	3.0
2310	3.0
2315	3.0
2316	2.0
2318	4.0
2320	3.0
2327	3.0
2328	3.0
2331	3.0
2333	4.0
2334	4.0
2338	3.0
2340	3.0
2352	4.0
2353	4.0
2355	4.0
2385	3.0
2387	4.0
2389	3.0
2391	4.0
2392	2.0
2395	4.0
2396	5.0
2403	3.5
2424	4.0
2427	4.0
2428	3.0
2431	3.0
2433	3.0
2443	3.0
2448	1.0
2455	4.0
2456	3.0
2458	2.0
2470	4.0
2471	3.0
2485	3.0
2490	3.0
2502	2.0
2505	3.0
2506	2.0
2513	3.0
2514	2.0
2539	3.5
2540	3.0
2541	4.0
2542	4.0
2548	2.0
2551	4.0
2558	3.0
2560	3.0
2561	3.0
2568	1.0
2571	4.0
2572	4.0
2580	4.0
2581	3.0
2598	3.0
2599	4.0
2600	4.0
2605	3.0
2606	1.0
2616	3.0
2617	4.0
2628	4.0
2657	3.0
2671	3.0
2672	3.0
2676	3.0
2683	3.0
2688	3.0
2690	4.0
2694	3.0
2699	4.0
2700	2.0
2701	3.0
2702	3.0
2706	4.0
2707	3.0
2710	3.0
2712	4.0
2713	3.0
2716	4.0
2718	3.0
2719	1.0
2720	2.0
2722	3.0
2723	3.0
2724	3.0
2729	5.0
2730	4.0
2746	3.5
2759	4.0
2762	4.0
2763	4.0
2769	4.0
2770	4.0
2772	1.0
2791	4.0
2793	1.0
2802	3.0
2803	3.0
2804	4.0
2805	3.0
2806	2.0
2826	4.0
2827	3.0
2828	2.0
2840	1.0
2841	4.0
2858	5.0
2860	3.5
2861	3.0
2867	4.0
2881	3.0
2888	3.0
2890	4.0
2898	3.0
2900	3.0
2902	3.0
2903	2.0
2906	1.0
2907	3.0
2908	3.0
2912	3.0
2916	4.0
2917	3.0
2952	4.0
2959	4.0
2961	3.0
2976	4.0
2978	1.0
2985	4.0
2986	3.0
2987	4.0
2995	4.0
2997	5.0
3004	2.0
3005	3.0
3006	4.0
3008	4.0
3016	4.0
3018	4.5
3019	4.0
3020	3.5
3044	4.0
3051	3.0
3052	4.0
3053	4.0
3081	4.0
3082	3.0
3102	3.0
3113	4.0
3114	5.0
3115	3.0
3125	3.5
3147	4.0
3148	4.0
3155	3.0
3157	3.0
3160	5.0
3169	3.5
3173	4.0
3174	4.0
3175	4.0
3176	4.0
3178	4.0
3181	4.0
3189	4.0
3190	2.0
3196	4.0
3203	3.0
3210	4.0
3219	3.0
3225	2.0
3238	1.0
3247	3.0
3249	4.0
3252	4.0
3253	3.5
3254	2.5
3255	3.5
3256	4.0
3258	3.0
3261	3.0
3262	2.0
3263	4.0
3264	2.0
3267	3.0
3269	3.0
3271	5.0
3272	3.0
3273	3.0
3274	3.5
3285	2.0
3298	4.0
3300	3.0
3301	3.0
3316	4.0
3317	5.0
3325	1.0
3326	1.5
3354	3.0
3355	4.0
3363	5.0
3386	4.0
3387	3.0
3408	4.0
3409	4.0
3418	4.0
3421	4.0
3452	3.0
3476	3.0
3481	5.0
3484	1.0
3499	4.0
3510	4.0
3512	4.0
3513	2.0
3525	3.0
3526	3.5
3527	4.0
3534	3.0
3535	4.0
3536	4.0
3555	3.0
3556	4.0
3564	1.0
3565	1.0
3566	3.5
3576	4.0
3578	4.0
3593	1.0
3598	3.0
3614	3.0
3616	3.0
3617	3.0
3618	4.0
3623	4.0
3624	3.0
3633	4.5
3635	4.0
3638	3.0
3639	3.0
3646	1.0
3660	1.0
3683	4.0
3686	4.0
3697	3.0
3698	3.0
3699	4.0
3705	3.0
3708	3.0
3709	2.0
3717	3.0
3730	4.0
3740	3.5
3744	4.0
3747	4.0
3751	5.0
3752	4.0
3753	4.0
3754	3.0
3755	4.0
3785	4.0
3786	3.5
3793	4.0
3794	3.5
3798	1.0
3802	3.0
3821	3.0
3825	3.0
3826	3.0
3827	4.0
3835	1.0
3857	2.0
3858	3.0
3861	2.0
3863	4.0
3868	4.0
3869	3.5
3882	3.0
3893	4.0
3895	3.0
3896	4.0
3897	5.0
3901	3.0
3908	3.0
3916	4.0
3918	2.0
3919	3.0
3943	3.5
3946	2.0
3948	4.0
3949	4.0
3950	3.0
3952	4.0
3953	4.0
3955	3.0
3968	2.0
3969	2.0
3973	4.0
3977	4.0
3978	4.0
3979	2.0
3980	3.0
3981	3.0
3984	3.0
3986	4.0
3987	3.0
3988	2.0
3993	5.0
3994	3.0
3998	4.0
3999	4.0
4002	4.0
4005	3.0
4007	4.0
4008	3.5
4009	4.0
4011	3.0
4015	2.0
4018	2.0
4019	4.0
4020	4.0
4022	4.0
4023	4.0
4025	4.0
4027	4.0
4029	4.0
4030	1.0
4031	3.0
4033	4.0
4034	5.0
4036	3.0
4037	4.0
4052	1.0
4055	4.0
4056	4.0
4068	4.0
4069	2.0
4084	3.0
4085	4.0
4105	4.5
4124	1.0
4128	3.5
4143	2.0
4148	3.0
4149	2.0
4155	3.0
4158	2.0
4159	4.0
4161	4.0
4167	4.0
4210	4.0
4211	3.0
4223	4.0
4224	3.5
4226	4.0
4228	3.0
4232	4.0
4234	4.0
4238	2.0
4239	4.0
4246	4.0
4247	3.0
4248	2.0
4254	3.0
4255	2.0
4262	4.0
4265	3.0
4267	2.0
4270	4.0
4299	4.0
4306	4.0
4310	4.0
4317	3.0
4321	4.0
4326	4.0
4333	3.0
4340	2.0
4343	3.0
4344	3.0
4345	4.0
4361	4.0
4367	3.0
4368	3.0
4369	3.0
4370	4.0
4372	3.0
4386	3.0
4387	4.0
4388	1.0
4407	4.0
4410	3.5
4446	3.0
4447	3.0
4448	4.0
4450	4.0
4452	3.0
4467	4.0
4480	3.5
4488	3.0
4499	3.5
4533	4.0
4541	3.0
4553	3.0
4558	3.5
4577	4.0
4638	3.0
4639	2.0
4641	4.0
4643	4.0
4681	4.0
4686	2.0
4699	4.0
4701	3.0
4718	4.0
4719	3.0
4720	3.0
4727	3.0
4728	3.0
4732	1.0
4733	3.0
4734	4.0
4735	3.0
4744	3.0
4745	4.0
4757	3.0
4770	2.0
4776	3.0
4814	3.0
4815	4.0
4816	2.0
4821	4.0
4823	2.0
4844	3.0
4845	1.0
4848	5.0
4865	4.0
4866	3.0
4867	3.0
4874	4.0
4876	3.0
4878	4.0
4880	3.0
4881	4.0
4886	4.0
4887	1.0
4889	4.0
4890	4.0
4896	4.0
4901	4.0
4903	4.0
4932	4.5
4958	2.0
4963	4.0
4974	2.0
4975	3.0
4978	3.0
4979	4.0
4992	3.0
4993	3.0
4994	4.0
4995	4.0
5009	3.0
5010	4.0
5013	4.0
5014	3.0
5015	3.0
5016	4.0
5025	3.0
5027	3.0
5049	4.0
5060	5.0
5064	4.0
5065	3.0
5092	3.0
5093	3.0
5094	3.0
5107	3.0
5108	1.0
5110	3.5
5111	3.0
5128	3.0
5151	3.0
5152	4.0
5171	1.0
5219	2.0
5220	3.0
5225	4.0
5237	4.0
5254	3.5
5265	1.0
5266	3.5
5282	3.0
5283	3.5
5293	4.0
5294	3.5
5296	2.5
5298	3.0
5312	3.0
5313	3.5
5323	1.5
5329	3.5
5349	3.5
5363	2.0
5364	4.0
5377	4.0
5378	4.0
5388	4.0
5391	3.5
5400	4.0
5401	3.0
5414	2.0
5418	4.0
5420	2.0
5421	3.5
5438	2.0
5445	4.0
5449	2.0
5450	4.0
5459	3.0
5463	3.0
5464	4.0
5478	3.0
5479	3.0
5481	3.0
5501	1.0
5502	4.0
5505	4.0
5506	3.0
5507	4.0
5528	4.0
5530	4.0
5541	3.5
5572	3.0
5574	2.0
5577	3.5
5609	2.0
5610	3.0
5617	3.5
5620	3.0
5630	4.0
5666	4.0
5668	3.5
5673	4.0
5679	3.5
5712	4.0
5784	3.0
5785	3.5
5791	4.0
5803	3.0
5809	4.0
5810	4.0
5812	4.0
5816	4.0
5853	4.0
5872	4.0
5879	2.0
5881	4.0
5893	4.0
5900	2.0
5902	5.0
5945	4.0
5952	4.0
5954	4.0
5956	4.0
5957	3.0
5959	4.0
5970	4.0
5989	4.0
5991	3.5
6003	4.0
6059	3.0
6155	3.0
6156	3.5
6157	3.5
6166	3.0
6188	3.5
6212	3.5
6223	3.5
6250	3.5
6263	4.0
6281	3.5
6287	3.5
6290	3.0
6322	4.0
6323	4.0
6333	4.0
6365	4.0
6373	0.5
6378	3.5
6436	3.5
6440	3.5
6484	3.0
6502	3.5
6503	3.0
6534	3.5
6535	2.5
6537	4.0
6539	4.0
6564	3.5
6565	4.0
6586	3.5
6587	1.0
6595	3.5
6615	3.0
6659	4.0
6664	3.5
6695	1.5
6708	4.5
6709	3.5
6711	4.5
6731	2.5
6774	4.0
6863	3.5
6870	3.5
6874	4.0
6879	3.5
6932	3.5
6934	3.5
6950	3.5
6951	3.5
6952	3.5
6953	4.5
7149	3.5
7153	5.0
7293	3.5
7317	3.0
7325	3.0
7346	3.0
7347	3.5
7360	4.0
7361	4.5
7362	1.5
7438	4.5
