1	4.0
3	2.0
4	3.5
5	2.0
6	4.5
7	2.0
10	4.0
11	4.5
14	2.0
16	3.0
17	4.0
19	2.0
20	2.0
21	2.5
23	2.0
26	2.0
32	3.5
34	4.5
36	3.0
39	3.5
41	3.0
45	3.5
47	3.5
48	3.0
50	4.0
62	2.5
69	2.5
71	1.0
85	2.5
95	2.0
100	2.0
104	2.0
105	2.5
110	4.5
111	2.5
112	3.5
122	4.0
132	0.5
135	3.0
141	4.0
145	2.0
150	3.5
151	2.5
153	1.0
156	3.0
157	1.5
159	2.5
160	3.0
161	2.0
163	2.0
164	4.5
165	2.0
166	1.5
168	2.0
172	2.5
173	3.0
177	2.0
180	4.0
188	2.5
193	1.0
194	3.0
196	2.5
198	2.0
204	1.5
208	3.0
223	3.0
225	3.0
234	2.0
240	1.0
246	3.0
253	3.0
257	2.5
260	5.0
266	2.0
272	3.5
273	2.5
280	2.0
288	0.5
292	1.5
293	3.5
296	3.0
300	2.5
302	4.0
303	3.0
315	2.5
316	3.0
318	4.0
322	2.0
328	2.5
329	2.5
338	1.0
344	2.0
349	4.0
350	3.0
353	3.0
354	3.0
355	2.0
356	4.5
357	3.5
358	1.5
360	2.0
364	5.0
367	3.0
368	3.0
370	2.0
371	3.0
372	2.0
377	2.0
380	3.0
381	3.0
382	3.0
383	2.0
384	2.0
387	2.0
407	4.0
410	4.0
412	2.0
413	2.0
414	2.0
416	2.0
420	2.0
422	2.5
423	2.0
424	2.0
427	1.0
431	3.0
432	2.0
434	2.0
435	2.5
436	2.0
438	2.5
440	4.0
442	1.5
448	3.0
454	3.5
457	3.5
458	2.5
459	4.0
464	2.0
465	2.0
466	2.5
471	2.5
474	4.5
475	4.0
477	4.0
479	2.0
480	3.5
485	1.0
489	1.5
490	2.0
491	3.5
494	2.0
495	3.0
497	4.5
500	3.0
504	2.5
505	1.0
507	3.5
508	3.0
509	2.5
510	2.0
511	3.0
514	3.5
515	1.5
516	3.0
517	2.0
519	3.5
524	2.0
527	4.0
529	3.0
533	1.5
539	3.5
540	1.0
541	4.5
544	2.5
546	2.0
550	2.5
551	2.0
552	2.0
553	2.0
555	1.5
586	2.0
587	4.0
588	4.0
589	5.0
590	4.5
592	2.0
593	4.5
595	4.0
597	3.0
608	3.0
610	2.0
611	1.5
647	2.0
648	3.5
653	2.5
661	2.0
663	3.0
673	2.5
707	2.0
709	3.5
724	2.5
725	1.5
733	2.5
735	2.0
736	2.0
741	3.5
750	3.0
761	2.0
778	3.0
780	3.5
783	3.0
786	3.5
788	1.5
798	2.0
799	3.0
800	3.5
805	3.0
810	1.0
830	2.5
832	2.0
836	2.0
839	2.0
840	2.0
842	2.0
849	2.0
852	4.0
858	5.0
861	4.0
866	3.5
898	4.5
899	4.5
903	2.0
904	2.0
908	2.5
909	4.0
910	3.0
912	5.0
913	3.0
919	3.5
920	2.0
921	3.5
923	5.0
924	2.5
930	5.0
932	3.5
950	4.0
953	4.0
954	4.0
955	2.0
969	2.0
990	1.5
991	3.0
996	3.0
999	2.5
1019	3.0
1021	3.0
1027	4.0
1030	2.5
1035	4.0
1036	5.0
1037	2.0
1042	3.0
1047	2.0
1054	2.5
1059	3.0
1064	3.0
1077	2.5
1079	4.0
1080	2.5
1084	3.5
1090	4.0
1092	3.0
1093	2.0
1094	2.0
1095	2.5
1097	2.5
1100	2.5
1101	4.0
1104	3.0
1120	3.5
1126	1.5
1127	4.0
1129	3.0
1130	2.5
1135	3.0
1136	4.5
1147	4.0
1171	3.0
1173	2.0
1178	4.0
1179	2.5
1186	2.0
1188	3.0
1190	3.0
1196	5.0
1197	4.0
1198	5.0
1199	3.0
1200	5.0
1204	5.0
1206	2.5
1207	4.0
1208	4.5
1209	2.5
1210	3.5
1213	4.0
1214	4.0
1215	2.5
1217	4.0
1220	3.0
1221	5.0
1222	4.0
1224	4.5
1225	4.0
1233	3.5
1240	4.0
1241	1.0
1242	3.5
1245	4.5
1246	3.0
1247	3.0
1249	3.5
1250	2.5
1252	2.5
1253	4.5
1257	4.0
1258	3.0
1259	4.0
1261	2.0
1265	1.0
1266	5.0
1268	4.0
1270	4.0
1271	4.0
1274	4.0
1275	3.0
1282	2.5
1283	4.0
1284	4.0
1285	2.5
1286	3.0
1287	4.0
1288	3.0
1290	4.0
1291	4.0
1293	4.5
1297	3.5
1298	2.5
1299	2.5
1302	5.0
1307	4.5
1320	2.0
1321	3.5
1332	2.0
1333	2.5
1334	3.0
1339	2.5
1342	2.0
1346	1.5
1347	3.0
1356	5.0
1358	4.0
1363	3.0
1370	2.5
1371	3.0
1372	4.0
1373	1.0
1374	5.0
1375	4.0
1376	4.0
1377	2.0
1378	2.0
1382	2.0
1385	3.0
1387	4.0
1390	2.0
1391	1.0
1393	4.0
1394	3.0
1396	4.0
1407	2.5
1408	5.0
1411	3.0
1429	2.5
1432	2.5
1459	2.5
1466	3.0
1475	3.5
1483	2.0
1488	4.0
1500	4.5
1517	3.0
1527	4.0
1544	2.0
1552	3.5
1562	2.0
1566	4.0
1580	3.5
1584	4.5
1587	4.0
1589	4.0
1590	2.0
1591	2.5
1597	2.5
1601	1.0
1608	2.5
1610	4.5
1614	3.5
1616	3.0
1617	1.5
1621	3.0
1635	2.0
1639	2.5
1641	3.0
1645	3.0
1660	2.0
1663	3.0
1672	4.0
1673	2.0
1674	3.5
1676	2.5
1678	4.5
1682	2.5
1687	2.5
1690	2.0
1693	2.0
1694	3.0
1704	3.5
1711	2.5
1717	2.5
1721	3.5
1722	4.5
1726	3.5
1729	3.0
1735	2.5
1748	4.5
1769	2.0
1779	2.0
1784	3.0
1792	2.5
1805	3.5
1816	3.0
1831	2.5
1858	2.5
1862	2.0
1863	1.5
1876	4.0
1882	2.0
1883	2.5
1907	4.5
1909	3.0
1911	3.0
1912	4.5
1917	2.0
1918	2.0
1920	2.0
1923	2.5
1924	1.0
1945	3.5
1949	5.0
1950	4.0
1952	2.5
1957	2.5
1958	3.0
1960	4.5
1961	3.0
1962	2.5
1967	3.0
1968	4.5
1969	2.0
1970	2.0
1971	2.0
1972	2.0
1974	1.5
1994	4.0
1995	2.0
1997	3.5
1999	3.5
2000	4.0
2001	3.5
2002	2.5
2003	3.5
2004	3.0
2005	2.0
2006	4.0
2010	4.0
2011	3.5
2012	2.5
2019	4.5
2020	3.5
2021	2.0
2023	3.5
2028	4.0
2034	3.0
2038	2.0
2054	3.0
2058	3.5
2070	2.5
2071	4.5
2072	1.0
2078	3.0
2081	4.0
2088	2.5
2092	2.5
2094	4.0
2099	1.0
2100	3.0
2105	2.5
2109	3.0
2111	2.0
2112	3.5
2115	3.5
2116	3.5
2117	3.0
2120	3.0
2122	1.0
2124	4.0
2126	2.0
2133	3.5
2134	3.5
2136	2.0
2137	3.5
2140	3.0
2143	2.5
2144	4.0
2145	3.0
2146	3.0
2148	3.0
2153	1.0
2154	2.0
2160	3.0
2161	2.0
2167	3.0
2174	2.5
2193	4.0
2194	4.0
2208	2.5
2243	3.0
2245	4.0
2247	3.0
2253	1.0
2259	2.5
2261	3.5
2262	3.5
2268	4.5
2269	1.5
2273	2.0
2278	4.0
2280	2.5
2287	4.0
2288	2.5
2291	2.0
2294	3.5
2297	2.0
2301	3.0
2302	2.5
2311	4.0
2316	2.5
2321	3.5
2322	2.5
2324	1.0
2329	3.5
2331	2.5
2334	2.0
2336	3.5
2337	2.0
2355	2.0
2366	2.0
2367	2.5
2369	3.0
2374	3.0
2375	2.0
2376	2.0
2377	3.5
2378	3.0
2379	2.0
2380	2.0
2381	1.5
2384	2.0
2391	1.5
2392	2.0
2393	3.0
2394	4.5
2396	4.5
2401	3.0
2402	2.0
2403	3.5
2405	3.0
2406	3.0
2407	3.0
2408	1.0
2410	3.0
2411	2.0
2412	2.0
2414	3.5
2416	3.0
2418	3.5
2420	3.5
2421	3.0
2422	2.5
2424	3.5
2427	1.0
2428	2.0
2430	3.5
2450	2.0
2455	3.0
2457	2.5
2463	4.0
2467	4.0
2468	2.0
2470	2.5
2471	2.0
2473	2.0
2474	3.0
2476	3.0
2490	2.5
2497	2.5
2502	2.5
2505	2.0
2513	2.5
2518	3.0
2527	2.0
2528	3.0
2529	3.0
2539	3.0
2540	2.0
2549	2.5
2551	2.5
2561	2.0
2571	4.5
2598	2.0
2605	2.5
2613	3.5
2616	3.0
2617	2.0
2628	3.0
2640	4.0
2641	5.0
2642	2.0
2643	1.0
2657	2.0
2662	2.5
2671	3.5
2683	2.0
2686	3.5
2687	4.0
2688	0.5
2692	3.5
2699	2.0
2700	3.5
2701	1.5
2702	1.0
2709	3.0
2710	2.5
2712	2.5
2713	3.5
2716	4.5
2717	2.5
2720	2.0
2722	2.0
2723	2.5
2724	2.5
2728	4.0
2734	2.0
2745	2.0
2746	4.5
2752	3.0
2761	4.5
2762	4.0
2763	4.5
2779	3.0
2788	3.5
2791	3.0
2792	2.0
2795	2.5
2797	3.0
2798	2.0
2802	4.5
2803	3.0
2806	2.0
2808	2.5
2810	1.5
2815	1.0
2817	1.0
2822	2.5
2826	4.0
2852	4.0
2857	3.0
2858	3.0
2861	2.5
2862	1.5
2867	3.0
2872	3.5
2875	2.5
2879	2.0
2883	3.5
2889	3.5
2890	2.5
2905	4.0
2915	3.0
2916	4.0
2917	2.5
2918	4.5
2919	3.5
2942	3.0
2944	4.0
2947	4.5
2948	5.0
2949	4.5
2950	2.0
2953	2.0
2956	2.5
2959	3.0
2968	3.0
2985	4.0
2986	3.0
2987	4.0
2989	3.5
2990	2.5
2991	2.0
2993	3.5
3000	5.0
3006	4.5
3016	3.0
3018	2.0
3020	2.0
3029	2.5
3030	3.0
3033	2.5
3034	3.0
3037	3.5
3039	4.0
3044	3.5
3052	3.0
3053	2.0
3060	3.5
3066	4.0
3070	2.0
3071	2.5
3072	2.5
3078	2.0
3081	4.0
3082	3.0
3087	3.0
3098	3.5
3100	4.0
3101	4.0
3104	3.5
3105	3.0
3107	3.5
3108	2.5
3113	2.0
3114	4.5
3120	2.0
3130	1.0
3147	3.0
3152	3.0
3168	2.0
3173	1.5
3175	3.5
3181	2.5
3197	2.5
3206	3.0
3208	1.5
3210	2.5
3213	5.0
3246	3.5
3247	3.0
3248	2.5
3251	3.5
3252	4.0
3253	3.5
3254	2.0
3255	2.5
3256	3.5
3257	3.0
3258	2.0
3259	2.0
3260	1.5
3261	3.0
3263	3.0
3300	3.0
3308	2.5
3317	5.0
3354	1.5
3358	3.0
3360	4.0
3361	5.0
3363	3.0
3365	2.0
3385	2.5
3386	4.0
3391	1.0
3394	1.0
3396	3.0
3397	2.5
3408	3.0
3409	2.5
3418	3.0
3421	3.5
3422	3.0
3424	3.5
3426	1.5
3438	3.0
3441	3.5
3448	3.0
3450	3.5
3451	3.0
3452	2.0
3466	2.5
3469	4.0
3471	2.0
3476	2.0
3478	3.0
3479	2.0
3481	4.5
3489	2.0
3499	4.0
3500	1.0
3504	3.0
3505	3.0
3519	3.0
3524	3.0
3525	3.5
3526	3.0
3527	4.0
3528	3.0
3535	2.0
3552	3.0
3555	2.0
3576	2.5
3578	3.5
3591	3.0
3593	0.5
3615	2.5
3623	3.5
3633	3.0
3635	3.0
3638	3.5
3639	2.0
3649	2.5
3654	4.5
3671	3.0
3677	2.5
3683	1.0
3684	2.0
3685	2.0
3686	4.0
3688	3.0
3693	2.0
3697	3.5
3698	3.0
3699	3.5
3701	2.5
3702	3.0
3703	4.0
3704	3.0
3705	1.5
3706	3.0
3707	2.5
3708	2.5
3709	2.0
3710	2.0
3712	3.5
3717	2.5
3723	3.5
3727	3.0
3728	2.5
3729	2.0
3730	2.5
3735	4.0
3740	4.0
3742	2.5
3744	3.0
3745	2.5
3751	4.0
3752	2.5
3753	2.5
3755	2.5
3760	2.5
3763	3.0
3773	4.0
3791	3.0
3793	3.5
3802	1.5
3809	1.5
3826	2.5
3827	2.5
3841	2.0
3844	2.5
3861	3.5
3865	3.0
3868	2.5
3869	2.5
3897	4.5
3911	2.5
3916	3.0
3917	3.5
3918	2.0
3919	1.5
3927	2.5
3930	3.0
3952	2.0
3968	2.0
3972	5.0
3978	4.5
3980	1.5
3984	3.0
3993	4.0
3996	5.0
3998	3.0
4002	3.0
4003	4.0
4005	4.5
4006	2.5
4007	3.0
4008	3.0
4014	3.5
4018	2.5
4022	3.0
4033	4.0
4034	4.0
4041	3.5
4047	4.5
4054	3.5
4066	3.0
4079	2.0
4084	2.5
4085	4.0
4086	3.0
4102	3.5
4103	2.5
4105	2.0
4121	3.0
4128	2.5
4133	2.0
4144	3.0
4148	2.0
4174	2.5
4207	2.0
4210	2.5
4211	4.0
4214	3.0
4215	3.5
4223	3.5
4224	2.5
4226	3.5
4248	2.0
4262	2.5
4270	2.0
4275	3.0
4280	3.0
4285	2.0
4291	3.5
4299	3.0
4306	3.0
4308	4.0
4310	1.0
4318	2.5
4321	4.0
4322	3.5
4326	2.5
4333	2.0
4343	2.0
4344	1.0
4351	2.0
4361	4.0
4366	3.5
4367	2.0
4369	3.0
4370	1.5
4386	2.5
4387	3.0
4406	5.0
4446	3.5
4447	3.0
4448	3.5
4464	2.0
4465	3.0
4467	2.0
4474	4.0
4480	3.0
4487	2.5
4488	2.0
4489	3.5
4498	2.0
4499	2.5
4506	4.0
4531	2.5
4533	2.5
4541	4.0
4544	2.0
4545	3.5
4553	3.0
4557	4.5
4558	2.5
4564	3.5
4571	2.5
4572	2.5
4577	4.0
4616	2.0
4621	3.5
4623	3.5
4638	2.5
4643	2.0
4661	3.0
4673	1.5
4676	2.0
4677	2.5
4679	3.5
4681	2.0
4699	2.5
4701	2.0
4719	2.0
4720	3.5
4727	2.0
4735	2.0
4776	2.5
4812	2.5
4835	3.0
4848	2.5
4866	3.5
4878	3.5
4886	4.5
4889	3.0
4896	2.0
4901	4.0
4915	3.0
4929	1.0
4936	3.5
4941	4.0
4956	3.5
4963	4.0
4971	3.0
4973	4.5
4980	2.0
4993	4.5
5009	2.5
5010	4.5
5015	2.5
5026	4.5
5027	2.5
5039	4.0
5040	2.5
5049	3.5
5055	4.0
5060	3.5
5064	4.0
5072	3.5
5094	2.5
5102	3.0
5107	3.0
5120	2.5
5135	4.0
5139	2.5
5152	3.0
5218	4.0
5225	3.5
5237	2.5
5254	3.5
5303	1.0
5308	2.5
5313	3.0
5349	3.0
5364	3.0
5377	4.0
5378	3.5
5388	2.5
5389	2.5
5401	3.5
5419	2.0
5445	3.0
5446	5.0
5459	2.5
5463	2.5
5464	3.5
5477	3.0
5481	2.0
5500	3.0
5522	3.0
5540	3.5
5541	2.5
5544	3.0
5548	2.0
5553	3.5
5568	4.0
5617	2.0
5618	5.0
5630	3.0
5650	3.0
5669	3.5
5685	2.0
5707	4.0
5747	3.5
5791	3.0
5796	2.0
5810	3.0
5816	2.5
5872	3.5
5876	4.5
5893	2.0
5902	3.0
5944	2.5
5952	5.0
5955	3.5
5956	3.0
5971	4.0
5989	2.5
5991	2.0
5992	3.0
5995	3.0
6016	4.0
6093	3.5
6170	2.0
6184	2.5
6188	3.0
6214	2.0
6218	3.5
6238	2.0
6283	4.5
6333	4.5
6350	3.5
6365	3.5
6377	4.5
6385	4.0
6534	2.5
6537	2.5
6538	4.0
6539	5.0
6541	2.5
6548	1.5
6552	4.5
6564	2.0
6617	4.5
6618	4.0
6636	3.5
6645	2.0
6659	4.0
6664	3.0
6731	2.5
6754	2.0
6777	4.0
6787	3.5
6796	1.5
6800	1.0
6807	3.0
6832	3.0
6863	3.0
6870	3.0
6874	2.0
6880	2.0
6881	2.5
6934	2.0
6942	3.0
6947	3.0
6953	3.5
6966	2.0
6979	4.0
6993	3.0
6996	1.5
7000	1.0
7004	2.0
7007	1.5
7008	2.5
7017	1.0
7018	3.5
7027	5.0
7028	2.0
7046	3.0
7072	4.0
7090	4.5
7099	4.0
7101	4.0
7102	3.0
7121	3.5
7137	2.5
7143	2.5
7153	4.5
7156	4.0
7164	3.0
7265	3.0
7371	3.0
7373	4.0
7386	3.5
7438	2.5
7445	3.5
7454	1.5
7458	1.5
7481	3.5
7482	4.0
7502	4.5
7569	3.0
7570	3.5
7573	4.0
7649	3.5
7766	3.0
7841	4.0
7842	4.5
7925	3.5
7983	3.0
8169	2.5
8183	3.0
8253	3.5
8337	3.0
8360	4.0
8366	3.0
8368	4.0
8371	3.5
8464	4.0
8493	3.5
8501	3.0
8529	3.0
8610	3.0
8622	4.0
8623	4.0
8633	3.5
8636	4.0
8640	2.0
8641	3.0
8644	3.0
8666	0.5
8781	2.5
8798	4.5
8827	4.0
8865	2.0
8874	3.5
8937	3.5
8958	2.5
8961	4.0
8965	3.0
8977	2.0
8981	2.5
8983	4.0
8984	2.5
8985	2.0
9018	4.0
26152	2.0
26662	3.5
26729	3.0
27266	1.0
27611	4.0
27660	4.0
27728	3.5
27788	3.5
27821	3.0
27831	4.5
30707	3.0
30793	3.5
30812	3.0
30822	3.0
31184	4.0
31658	5.0
31696	3.5
31878	5.0
32031	3.0
32587	2.0
33004	2.0
33162	4.5
33166	1.0
33493	4.5
33646	2.0
33679	2.5
33794	4.5
34048	2.0
34072	3.5
34150	2.0
34332	3.0
34405	4.0
35836	3.0
36708	3.0
37240	1.5
37382	1.0
37386	2.0
39183	3.0
39292	4.5
39435	2.5
40339	3.0
40583	2.5
40629	4.0
40815	4.5
40819	3.5
40826	2.0
41566	3.0
41569	3.0
41571	3.0
41997	3.5
42007	2.0
42738	3.0
44191	3.0
44665	3.5
44694	4.0
44709	3.5
44788	2.5
45028	3.5
45186	3.0
45431	4.0
45447	3.0
45499	2.5
45517	4.5
45722	4.0
45732	1.5
45928	3.5
45950	4.0
46322	3.0
46530	4.0
46970	3.0
46972	3.5
47044	3.0
47610	4.5
47629	4.0
48043	1.5
48142	0.5
48394	3.5
48516	4.0
48696	1.5
48774	4.0
48780	4.0
48783	2.5
48982	3.0
49272	4.0
49274	2.5
49396	2.5
49649	2.5
49824	1.0
50068	3.5
50794	2.0
50872	4.0
51077	2.5
51255	5.0
51540	3.0
51575	3.0
51662	2.5
51709	2.5
52042	3.0
52245	2.5
52287	4.0
52435	3.5
52722	2.0
52885	4.5
52973	3.0
53121	3.0
53125	4.0
53129	3.0
53322	2.5
53464	2.5
53894	4.5
53972	2.5
53993	2.5
53996	1.0
54001	4.0
54259	2.5
54272	2.5
54286	3.5
54372	3.5
54997	3.0
54999	2.5
55247	2.5
55276	3.5
55442	4.0
55765	3.0
55814	3.5
55820	2.5
55995	2.0
56152	3.5
56171	1.5
56251	3.5
56367	1.0
56587	3.5
56607	3.0
56757	1.0
56775	2.5
56782	2.0
56788	3.5
56921	4.0
57640	4.5
57669	4.0
58154	2.0
58293	2.5
58295	3.5
58559	5.0
59103	3.0
59126	4.0
59315	4.0
59501	3.0
59615	3.5
59725	2.5
59784	4.0
59900	3.5
60040	3.0
60069	4.0
60072	2.0
60074	2.5
60126	2.5
60161	3.5
60487	3.5
60684	1.0
60760	2.0
60937	2.5
60950	3.0
61024	3.0
61132	3.0
61160	3.5
61236	4.5
61240	3.5
61323	2.0
61350	2.0
62336	3.0
62374	3.0
62394	2.0
62849	3.5
62956	3.0
63082	4.5
63113	4.0
63131	3.0
63859	3.5
63876	3.5
64497	2.5
64620	3.5
64839	3.5
64983	3.0
65130	1.5
65261	4.0
65514	3.5
65682	3.5
66097	3.0
66297	3.5
66509	1.5
66665	4.5
66934	4.0
67255	3.0
67408	4.0
68135	3.0
68159	3.0
68319	2.0
68358	3.0
68554	3.5
68791	3.0
68793	3.0
68954	4.0
69122	3.0
69481	3.5
69526	1.0
69640	4.0
69644	2.0
69757	2.0
69844	4.5
70286	4.5
71033	4.5
71057	3.5
71156	2.5
71211	2.5
71264	2.5
71464	1.5
71520	3.5
71530	3.0
71535	3.5
71579	4.0
71745	3.0
72226	3.5
72378	2.5
72641	1.0
72733	3.5
72737	3.0
72998	3.5
73017	4.0
73023	2.5
73344	4.0
74458	3.5
74795	3.5
76093	4.0
76175	3.0
77561	3.5
77658	4.0
78499	3.5
79057	3.0
79091	3.0
79132	4.0
79185	2.5
79242	2.5
79702	4.0
80219	2.5
80463	3.5
80489	3.0
80549	3.5
81229	3.5
81564	3.5
81782	3.0
81834	4.0
81845	4.0
81847	3.5
81932	3.5
84772	3.5
85131	4.0
85510	0.5
86332	3.5
86880	2.0
86898	1.5
87222	2.5
87232	4.0
87430	2.0
87485	3.0
88125	3.5
88129	2.0
88140	4.0
88744	3.0
89492	4.5
89745	5.0
89753	4.5
89904	4.0
90866	3.5
91529	4.5
91535	3.0
91542	3.5
91630	4.0
91658	3.5
94777	3.5
94864	3.0
94959	3.5
95167	4.0
96079	4.5
97304	4.0
97913	3.5
97938	3.5
98154	4.5
98809	4.0
98961	3.5
99149	3.0
101864	2.0
102123	2.0
102125	3.0
102445	3.5
102903	3.0
103042	4.0
103141	2.5
103228	4.0
103253	3.0
103335	3.0
103341	3.5
103772	2.0
104841	4.0
105504	4.0
106002	2.5
106072	3.5
106489	4.0
106696	4.0
106916	4.0
108932	3.0
109374	3.5
109487	3.0
110102	5.0
111362	3.0
111759	3.5
112175	4.0
112183	3.0
112852	3.0
116797	4.0
