1	3.5
2	2.0
6	3.5
16	4.0
17	3.0
19	2.5
20	2.0
21	2.5
25	3.5
29	4.0
32	3.5
41	2.5
47	4.0
50	4.0
52	2.5
70	2.5
82	4.0
97	1.5
101	3.0
110	3.0
111	3.5
145	2.0
150	3.0
151	3.5
153	2.0
158	2.5
160	2.0
162	4.5
163	2.5
165	2.0
168	0.5
172	1.0
173	1.0
176	3.5
185	2.0
196	1.0
208	2.0
215	4.0
223	4.0
231	3.5
235	4.0
236	2.5
253	3.5
256	2.0
260	3.0
273	3.0
282	2.5
288	4.0
292	3.5
293	3.5
296	4.5
300	3.5
303	1.0
316	2.5
318	3.0
327	2.0
329	2.5
337	4.0
342	3.0
344	2.5
345	3.0
347	2.0
349	3.5
350	3.0
355	2.0
356	3.0
357	3.0
364	3.0
367	3.0
368	2.5
370	2.5
377	2.5
380	3.0
383	3.0
410	2.5
426	2.5
431	3.0
432	1.5
434	0.5
435	3.0
440	1.5
441	0.5
442	1.0
448	3.0
454	2.5
457	3.0
466	2.5
471	3.0
474	2.5
480	3.0
485	3.0
492	3.0
500	2.5
501	4.0
508	3.5
509	2.5
512	2.5
516	3.0
517	3.0
520	2.0
527	3.5
532	2.0
539	2.0
541	5.0
543	3.0
553	2.5
555	2.5
565	3.5
585	1.5
586	2.0
587	1.5
589	4.0
590	3.0
592	3.0
593	4.0
596	3.0
599	3.5
608	4.0
610	3.5
648	2.5
653	2.0
671	3.0
674	3.0
714	3.5
719	2.0
725	2.5
733	2.0
736	2.5
743	2.0
750	4.0
760	3.5
765	2.5
778	4.5
780	3.0
784	1.5
785	3.0
786	1.5
788	2.0
799	2.5
851	3.0
858	3.0
879	2.0
880	2.5
900	2.0
903	3.0
904	3.5
908	3.5
909	3.0
910	3.0
912	3.0
913	3.0
919	3.5
922	3.0
923	3.5
924	5.0
930	3.0
931	3.0
942	3.0
946	3.0
952	3.0
954	3.5
968	3.0
969	3.5
1019	3.5
1027	0.5
1028	2.0
1035	2.5
1036	2.0
1037	2.0
1041	3.0
1069	3.0
1073	4.0
1079	4.5
1080	5.0
1082	3.0
1083	3.5
1084	4.5
1088	1.5
1089	4.5
1090	3.5
1092	2.5
1093	3.5
1094	3.5
1095	4.0
1097	3.5
1101	1.0
1111	3.5
1120	3.0
1125	3.0
1127	3.5
1128	1.5
1129	2.0
1136	4.5
1161	3.0
1173	3.5
1175	3.5
1178	4.0
1185	3.5
1186	3.0
1191	2.5
1193	4.0
1196	3.0
1197	3.0
1198	4.0
1199	5.0
1200	3.5
1201	4.5
1204	3.5
1206	4.5
1208	4.5
1209	5.0
1210	3.0
1212	3.5
1213	4.0
1214	5.0
1215	3.5
1217	4.0
1219	3.5
1220	4.0
1221	3.0
1222	3.5
1225	4.0
1227	3.5
1228	2.5
1230	3.0
1231	5.0
1233	4.5
1234	4.0
1240	4.0
1244	3.0
1245	4.5
1246	4.0
1247	4.0
1248	3.5
1250	4.0
1252	3.5
1253	4.0
1254	3.5
1258	4.0
1260	3.5
1261	2.0
1263	4.0
1265	4.0
1266	4.0
1269	3.0
1270	3.5
1273	4.0
1274	3.0
1275	3.5
1276	3.0
1277	3.0
1278	4.0
1280	3.0
1281	2.5
1283	4.0
1284	4.0
1287	3.5
1289	4.0
1291	4.0
1292	3.5
1293	3.0
1295	3.0
1298	3.0
1299	4.0
1301	4.0
1303	3.5
1304	4.5
1307	3.0
1320	3.0
1321	3.0
1333	4.0
1339	2.0
1343	4.0
1344	3.0
1345	4.0
1348	3.0
1350	3.0
1354	4.0
1356	2.5
1358	3.0
1370	1.0
1371	2.5
1372	2.5
1373	3.0
1374	2.5
1375	2.5
1376	3.0
1377	3.5
1378	1.0
1380	1.5
1387	3.5
1388	2.5
1389	0.5
1391	2.5
1392	3.5
1393	3.5
1394	3.0
1396	3.5
1408	4.0
1417	2.5
1438	2.5
1464	3.0
1466	3.0
1485	2.0
1517	4.0
1527	3.0
1542	3.0
1544	3.0
1552	0.5
1562	1.0
1573	1.0
1580	3.0
1584	3.0
1588	1.0
1591	0.5
1603	2.0
1608	1.5
1610	2.5
1625	3.0
1641	4.0
1645	2.5
1653	3.5
1663	2.5
1673	2.5
1674	3.5
1676	3.0
1682	3.0
1690	2.0
1701	2.5
1721	3.0
1726	0.5
1729	3.0
1731	0.5
1732	4.0
1747	3.0
1748	3.5
1762	1.0
1777	3.0
1784	4.0
1810	2.5
1835	2.5
1862	1.0
1876	2.0
1882	2.0
1883	3.0
1884	3.0
1913	3.0
1917	2.0
1921	3.0
1923	3.5
1924	0.5
1938	3.5
1945	3.0
1947	2.5
1950	3.0
1952	4.0
1953	3.0
1954	0.5
1955	4.0
1957	3.0
1958	3.0
1960	4.0
1961	2.0
1963	4.0
1964	3.0
1965	2.0
1967	4.0
1982	2.0
1994	3.5
1995	2.5
1997	4.0
1998	2.0
2000	2.0
2001	1.0
2002	1.0
2003	3.0
2005	3.0
2006	3.0
2009	3.0
2010	3.5
2011	3.0
2012	4.0
2013	3.0
2019	3.5
2020	4.0
2021	2.5
2023	3.0
2027	2.5
2028	4.0
2034	3.5
2051	1.0
2054	2.5
2060	3.0
2065	3.5
2066	3.0
2067	3.0
2076	4.5
2087	3.0
2088	2.0
2094	2.5
2100	2.5
2105	3.0
2108	2.5
2109	3.0
2115	3.0
2118	3.5
2124	2.0
2132	3.5
2135	3.0
2140	3.5
2143	3.0
2150	3.0
2153	1.0
2159	3.5
2160	3.5
2161	3.0
2167	2.0
2174	3.5
2176	3.5
2178	3.0
2181	3.5
2186	3.0
2193	3.0
2194	4.0
2203	3.0
2206	3.0
2263	1.5
2268	3.0
2273	3.5
2278	2.5
2288	4.0
2291	3.5
2294	3.5
2300	4.0
2302	3.0
2303	3.0
2313	2.5
2321	3.5
2324	3.5
2329	3.5
2333	2.5
2334	0.5
2344	3.0
2349	3.5
2353	2.0
2355	3.5
2360	3.5
2371	3.0
2372	3.5
2373	1.0
2375	2.5
2393	2.5
2395	3.0
2396	2.5
2405	3.0
2406	3.5
2407	2.5
2409	0.5
2424	1.5
2454	2.5
2455	3.0
2463	3.0
2467	4.0
2470	1.0
2474	3.0
2495	3.0
2502	4.0
2511	3.5
2517	3.0
2520	2.0
2521	2.5
2527	3.0
2528	3.5
2529	3.5
2530	2.0
2531	1.5
2533	2.0
2539	3.0
2542	4.0
2551	3.0
2565	3.0
2571	3.5
2594	4.0
2600	3.0
2605	2.5
2617	2.0
2628	2.5
2640	3.0
2641	2.5
2642	2.5
2643	2.0
2657	2.0
2662	4.0
2664	3.0
2671	2.5
2683	4.0
2692	4.0
2699	2.5
2700	3.5
2701	2.5
2707	2.5
2710	3.0
2712	2.5
2716	3.5
2717	2.5
2722	1.0
2723	3.5
2726	3.0
2728	3.5
2730	3.0
2731	3.0
2734	3.0
2735	0.5
2739	3.5
2745	3.0
2746	3.0
2750	2.5
2762	3.0
2779	2.0
2788	3.5
2791	3.0
2793	3.0
2794	2.5
2826	2.5
2827	2.0
2841	1.0
2857	3.0
2858	4.0
2863	3.0
2871	4.0
2872	3.5
2899	3.0
2905	2.5
2916	2.5
2917	3.0
2919	4.0
2921	3.0
2922	2.5
2940	2.5
2942	0.5
2946	3.0
2947	2.5
2949	3.0
2950	1.0
2951	3.0
2956	2.0
2959	5.0
2966	3.5
2968	3.5
2970	3.5
2971	4.0
2983	3.5
2985	2.0
2986	0.5
2987	3.0
2997	4.5
3011	3.0
3020	1.0
3030	3.0
3032	2.5
3033	3.5
3034	3.0
3037	3.5
3039	3.0
3052	3.0
3060	4.0
3062	4.0
3072	2.5
3074	3.5
3075	4.0
3081	4.0
3087	4.0
3091	3.0
3093	5.0
3098	3.0
3104	3.5
3105	4.0
3108	3.5
3114	3.0
3134	3.0
3147	2.0
3148	3.0
3152	3.0
3160	3.0
3168	3.5
3174	4.0
3175	5.0
3176	4.0
3179	3.0
3198	4.0
3203	3.5
3204	3.5
3246	3.0
3247	0.5
3252	2.5
3253	3.5
3254	3.5
3255	2.5
3256	2.5
3258	2.0
3262	2.5
3263	3.5
3271	4.0
3328	3.5
3334	3.0
3342	4.0
3355	2.0
3364	3.0
3386	3.0
3418	3.5
3421	3.0
3430	1.5
3435	4.0
3438	0.5
3448	3.0
3451	3.0
3470	3.5
3471	4.5
3476	3.0
3479	2.5
3484	1.5
3489	2.5
3498	3.5
3499	4.0
3503	3.0
3521	4.0
3527	4.0
3536	3.0
3551	3.5
3578	3.0
3623	1.5
3624	1.5
3638	2.0
3639	2.0
3654	2.5
3660	2.0
3671	4.5
3675	2.0
3676	3.0
3681	3.5
3682	1.0
3683	4.5
3684	3.0
3685	3.5
3697	0.5
3698	1.0
3699	2.5
3702	2.0
3703	2.5
3706	3.0
3735	3.0
3742	3.0
3751	3.0
3752	2.5
3755	2.0
3760	3.0
3770	3.0
3785	3.0
3788	3.0
3793	2.5
3809	3.0
3812	4.0
3826	2.0
3827	3.0
3836	3.5
3863	2.0
3868	4.0
3869	4.0
3877	1.5
3910	1.0
3918	2.5
3927	3.0
3947	4.0
3948	3.5
3949	3.5
3959	3.5
3967	2.5
3977	1.0
3981	2.5
3985	3.0
3994	3.0
3996	3.5
4010	3.0
4011	4.0
4022	3.5
4027	3.5
4034	3.0
4036	2.0
4056	3.0
4082	3.5
4084	0.5
4085	2.0
4103	3.0
4105	3.0
4117	3.5
4121	3.0
4144	3.0
4148	2.5
4191	3.0
4226	3.5
4239	3.0
4246	2.5
4254	1.5
4255	0.5
4262	3.0
4275	2.5
4280	4.0
4285	3.5
4298	3.0
4306	3.0
4308	2.5
4310	0.5
4321	3.0
4327	3.5
4343	2.5
4344	1.5
4349	2.5
4359	3.0
4361	5.0
4367	2.5
4370	3.0
4378	3.5
4388	1.5
4432	3.0
4443	3.0
4446	2.5
4447	0.5
4465	3.0
4467	4.0
4489	0.5
4499	3.5
4506	3.0
4508	2.5
4526	2.0
4546	4.5
4572	2.5
4587	2.5
4621	1.5
4641	4.5
4643	2.0
4681	4.0
4701	3.0
4710	3.0
4720	3.5
4754	3.0
4799	3.5
4802	3.5
4816	3.0
4848	3.0
4855	3.5
4857	3.0
4865	3.0
4873	3.0
4874	3.0
4878	4.0
4881	4.0
4886	3.5
4896	2.5
4902	3.5
4911	2.5
4914	2.5
4932	3.0
4963	3.0
4970	2.5
4973	3.5
4975	3.0
4979	4.0
4993	3.0
4995	3.0
5004	3.5
5010	3.0
5017	2.5
5026	3.5
5027	2.0
5039	2.5
5049	3.5
5051	3.5
5060	3.5
5065	2.5
5094	2.5
5105	3.5
5218	3.5
5247	2.5
5266	3.5
5267	3.0
5291	3.0
5292	3.0
5298	3.0
5313	0.5
5349	2.5
5377	2.0
5378	2.0
5388	4.0
5410	3.5
5418	2.0
5445	3.5
5459	2.5
5463	1.5
5464	3.5
5477	3.0
5489	3.5
5500	3.5
5502	3.0
5522	2.5
5602	2.5
5617	3.0
5669	2.5
5679	3.0
5693	2.0
5712	3.5
5785	1.5
5796	2.5
5809	2.5
5853	1.5
5876	3.0
5890	3.5
5899	3.0
5900	2.5
5902	4.0
5903	2.5
5944	2.5
5945	4.5
5952	3.0
5954	3.0
5956	3.5
5989	3.0
5991	3.0
6001	4.0
6003	3.5
6059	2.5
6062	3.0
6104	3.5
6156	2.0
6157	1.5
6184	2.5
6188	2.5
6214	1.5
6239	3.0
6250	1.5
6281	2.5
6291	3.5
6301	4.0
6303	3.0
6305	3.5
6333	3.0
6365	2.0
6373	1.5
6377	2.5
6378	2.5
6428	3.0
6440	4.0
6534	2.5
6537	3.0
6538	2.5
6539	3.0
6541	0.5
6550	2.0
6564	1.0
6565	2.5
6620	3.5
6645	4.5
6658	3.0
6659	3.5
6663	3.5
6664	1.0
6669	4.0
6708	2.5
6711	3.0
6743	3.0
6753	3.0
6754	0.5
6773	3.5
6774	4.0
6777	3.0
6786	2.5
6787	2.5
6807	3.5
6808	2.5
6863	1.0
6867	3.0
6870	3.0
6874	3.5
6893	3.0
6934	2.5
6947	4.0
6957	3.5
6959	1.5
6974	2.5
6993	3.5
6996	1.5
7001	4.0
7013	2.0
7018	3.0
7027	2.5
7034	3.0
7044	3.0
7046	4.0
7063	3.0
7073	3.5
7076	4.0
7084	3.0
7090	3.5
7102	3.0
7123	3.0
7137	3.0
7147	3.0
7150	2.5
7151	4.0
7153	2.5
7162	2.5
7254	0.5
7265	3.5
7323	3.5
7324	3.0
7348	2.0
7361	4.0
7367	2.5
7371	3.0
7373	3.0
7386	3.0
7387	3.5
7419	3.5
7438	3.0
7454	0.5
7458	3.5
7481	3.0
7482	1.0
7587	3.0
7618	3.0
7698	3.0
7701	0.5
7766	3.5
7836	3.0
7841	3.0
7842	3.0
7925	3.0
7934	3.0
7980	3.0
8014	3.5
8042	3.5
8132	3.5
8183	3.0
8207	3.5
8340	4.0
8360	3.0
8368	2.5
8371	0.5
8526	1.5
8528	3.5
8529	4.0
8581	2.0
8596	2.5
8623	3.0
8636	3.0
8638	3.5
8640	2.5
8641	2.0
8644	3.5
8665	2.5
8690	4.0
8784	3.0
8798	3.5
8810	1.0
8873	4.0
8874	4.0
8879	2.5
8914	2.5
8917	3.0
8949	4.0
8950	4.0
8951	3.0
8961	4.0
8966	2.5
8968	4.0
8970	3.0
8973	3.5
8977	2.0
8981	3.5
8983	3.5
25788	3.0
26242	4.0
26555	3.0
26680	3.0
26729	3.5
27266	3.0
27660	3.0
27706	3.0
27773	3.0
27822	4.0
30707	4.0
30749	3.0
30793	5.0
30810	3.5
30812	3.0
31221	1.0
31410	4.0
31658	3.0
31696	2.0
31804	3.0
31878	3.5
32031	3.0
32587	3.5
33004	2.5
33162	3.0
33493	3.0
33794	3.0
33880	2.5
34048	3.5
34150	2.5
34162	2.5
34319	2.0
34332	2.0
34405	1.0
34542	3.5
36401	3.0
36517	4.0
36529	3.0
37380	0.5
37386	1.0
37727	3.0
37729	3.5
37733	4.0
37741	2.5
37857	3.0
38061	3.5
38304	3.5
39183	2.5
39292	3.5
39444	3.0
40278	3.0
40583	3.0
40732	4.0
40819	3.0
41285	4.0
41566	3.0
41569	2.0
41716	4.0
41997	3.0
42011	1.5
42418	2.5
43836	2.0
44022	3.0
44191	2.5
44199	3.5
44555	4.0
44972	2.0
45186	3.0
45210	3.5
45431	2.5
45442	2.0
45447	2.5
45499	2.5
45517	3.5
45726	2.0
46530	2.0
46578	4.0
46723	2.5
47629	3.5
47997	1.0
48043	3.5
48304	3.5
48385	4.0
48394	4.0
48738	4.0
48774	3.0
48780	3.5
48997	4.0
49530	3.0
49822	3.0
51255	3.0
51412	3.0
52042	3.0
52722	2.5
56587	2.5
56757	3.0
58025	1.0
