1	5.0
4	3.0
7	4.0
11	4.0
14	4.0
17	4.0
21	5.0
24	3.0
25	4.0
29	3.5
32	5.0
34	5.0
36	5.0
39	4.0
45	4.0
46	3.0
47	4.0
50	5.0
52	4.0
58	5.0
70	4.0
78	4.0
110	4.0
111	5.0
125	5.0
141	4.0
144	5.0
150	5.0
151	4.0
161	4.0
162	5.0
164	4.0
194	3.0
218	3.0
230	4.0
231	3.0
235	3.0
246	5.0
247	4.0
253	4.0
260	4.0
261	4.0
265	5.0
272	4.0
277	4.0
281	4.0
292	3.0
296	5.0
300	5.0
306	4.0
307	4.0
308	5.0
314	4.0
318	5.0
319	4.0
322	4.0
337	4.0
339	4.0
342	4.0
345	4.0
347	4.0
348	5.0
356	4.0
357	4.0
363	4.0
367	4.0
369	3.0
373	5.0
380	4.0
410	4.0
425	4.0
440	4.0
448	4.0
454	4.0
457	5.0
474	4.0
475	5.0
477	4.0
480	4.0
506	3.0
508	5.0
509	5.0
514	4.0
515	4.0
527	5.0
529	4.0
534	4.0
535	4.0
539	4.0
541	5.0
549	5.0
551	5.0
555	4.0
556	5.0
562	4.0
586	5.0
587	4.0
589	5.0
590	4.0
592	4.0
593	5.0
594	4.0
599	5.0
608	5.0
613	4.0
647	5.0
678	5.0
728	4.0
733	4.0
736	3.0
745	4.0
750	5.0
778	5.0
780	4.0
800	5.0
802	4.0
805	4.0
832	4.0
838	4.0
852	4.0
858	5.0
866	5.0
892	4.0
898	5.0
899	5.0
900	5.0
902	5.0
903	5.0
904	5.0
905	4.0
908	5.0
909	4.0
910	4.0
912	5.0
913	5.0
914	4.0
918	4.0
919	5.0
920	5.0
921	5.0
922	5.0
923	5.0
924	5.0
926	5.0
938	4.0
944	5.0
947	4.0
949	5.0
953	5.0
954	5.0
955	5.0
968	4.0
969	5.0
971	5.0
994	5.0
999	4.0
1022	5.0
1028	4.0
1035	5.0
1036	4.0
1041	4.0
1050	5.0
1077	5.0
1078	3.0
1079	5.0
1081	4.0
1082	4.0
1083	4.0
1084	4.0
1089	5.0
1092	4.0
1094	5.0
1095	4.0
1096	5.0
1097	5.0
1101	4.0
1103	5.0
1104	5.0
1111	5.0
1120	4.0
1124	4.0
1131	4.5
1132	5.0
1135	4.0
1136	4.0
1148	5.0
1171	4.0
1172	5.0
1173	4.0
1176	4.0
1178	5.0
1179	5.0
1183	4.0
1185	4.0
1186	5.0
1187	5.0
1188	4.0
1189	5.0
1191	4.0
1193	5.0
1196	4.0
1197	4.0
1198	5.0
1199	5.0
1200	5.0
1201	5.0
1203	5.0
1206	5.0
1207	5.0
1208	4.0
1210	4.0
1211	3.0
1212	4.5
1213	5.0
1214	5.0
1217	5.0
1219	5.0
1220	4.0
1221	5.0
1222	4.0
1224	5.0
1225	5.0
1228	5.0
1230	4.0
1231	4.0
1233	5.0
1234	4.0
1235	5.0
1238	4.0
1240	5.0
1242	5.0
1245	4.0
1246	4.0
1247	5.0
1248	4.0
1249	5.0
1250	5.0
1252	4.0
1254	5.0
1256	5.0
1258	5.0
1260	5.0
1262	5.0
1263	5.0
1264	4.0
1265	5.0
1266	5.0
1267	5.0
1269	4.0
1270	4.0
1271	4.0
1272	4.0
1275	4.0
1276	4.0
1278	4.0
1280	5.0
1282	5.0
1283	5.0
1285	4.0
1287	5.0
1288	4.0
1289	5.0
1291	4.0
1292	5.0
1293	5.0
1295	5.0
1296	4.0
1299	5.0
1300	4.0
1302	5.0
1305	5.0
1307	4.0
1333	5.0
1343	4.0
1345	4.0
1357	4.0
1358	5.0
1374	4.0
1377	3.0
1380	4.0
1387	5.0
1391	4.0
1392	4.0
1393	5.0
1394	4.0
1395	4.0
1399	4.0
1407	4.0
1419	5.0
1425	3.0
1446	5.0
1449	3.0
1464	3.0
1465	5.0
1466	4.0
1480	5.0
1485	4.0
1518	5.0
1537	4.0
1541	4.0
1552	4.0
1569	4.0
1573	4.0
1580	5.0
1584	4.0
1586	4.0
1608	4.0
1610	4.0
1611	4.0
1614	4.0
1617	5.0
1625	4.0
1633	4.0
1635	4.0
1639	4.0
1641	5.0
1649	4.0
1672	4.0
1674	4.0
1676	4.0
1678	4.0
1682	4.0
1694	3.0
1704	4.0
1707	1.0
1719	4.0
1721	4.0
1729	4.0
1732	4.0
1735	2.0
1747	4.0
1748	4.0
1784	4.0
1834	5.0
1835	4.0
1883	5.0
1907	4.0
1912	4.0
1916	5.0
1923	4.0
1936	5.0
1938	4.0
1939	4.0
1942	4.0
1944	3.5
1945	5.0
1947	5.0
1951	4.0
1952	4.0
1953	4.0
1954	5.0
1955	5.0
1956	5.0
1957	5.0
1958	5.0
1959	5.0
1960	4.0
1961	5.0
1962	4.0
1965	4.0
1968	4.0
1994	4.0
1997	4.0
2000	4.0
2001	4.0
2003	4.0
2010	4.0
2013	3.0
2018	4.0
2019	5.0
2020	5.0
2023	4.0
2028	4.0
2054	4.0
2064	4.0
2068	2.0
2069	3.0
2076	4.0
2078	4.0
2081	4.0
2085	4.0
2087	5.0
2096	5.0
2100	4.0
2108	4.0
2109	4.0
2112	3.0
2118	4.0
2124	4.0
2130	4.0
2132	4.5
2137	4.0
2144	4.0
2145	4.0
2148	3.0
2150	3.0
2174	4.0
2176	4.0
2194	4.0
2231	4.0
2236	4.0
2243	5.0
2245	4.0
2247	4.0
2268	5.0
2272	4.0
2289	5.0
2291	4.0
2294	4.0
2300	5.0
2302	4.0
2303	3.0
2313	4.0
2318	4.0
2321	4.0
2324	5.0
2329	5.0
2333	5.0
2336	4.0
2348	4.0
2352	5.0
2355	5.0
2357	5.0
2359	4.0
2363	3.0
2366	5.0
2369	3.0
2370	4.0
2371	3.0
2375	3.0
2384	2.0
2390	5.0
2391	4.0
2395	4.0
2396	5.0
2398	4.0
2406	4.0
2407	4.0
2409	3.0
2420	3.0
2427	5.0
2439	4.0
2442	4.0
2455	4.0
2463	4.0
2467	4.0
2469	4.0
2501	4.0
2502	4.0
2524	3.0
2529	4.0
2539	4.0
2542	5.0
2563	4.0
2565	4.0
2571	4.0
2579	3.5
2583	4.0
2598	4.0
2599	5.0
2612	5.0
2617	4.0
2628	4.0
2640	4.0
2648	3.5
2671	3.0
2672	3.0
2677	5.0
2683	3.0
2686	4.0
2692	5.0
2700	5.0
2710	4.0
2716	4.0
2728	4.0
2730	5.0
2734	3.0
2739	4.0
2746	4.0
2750	4.0
2770	5.0
2791	4.0
2797	5.0
2801	5.0
2852	4.0
2857	5.0
2858	5.0
2877	4.0
2883	4.0
2890	5.0
2908	5.0
2912	5.0
2915	4.0
2916	4.0
2917	4.0
2919	4.0
2929	4.0
2936	4.0
2941	5.0
2942	4.0
2959	4.0
2966	5.0
2973	4.0
2987	4.0
2988	4.0
2997	5.0
3006	5.0
3019	4.0
3035	4.0
3037	4.0
3044	5.0
3052	5.0
3060	4.0
3068	4.0
3071	5.0
3072	5.0
3077	3.5
3090	4.0
3093	5.0
3095	5.0
3098	4.0
3100	4.0
3104	4.0
3105	4.0
3111	5.0
3114	4.0
3145	3.5
3147	4.0
3148	4.0
3152	4.5
3160	5.0
3175	4.0
3176	4.0
3186	4.0
3194	3.0
3198	3.5
3219	3.0
3247	4.0
3253	4.0
3256	4.0
3260	5.0
3267	4.0
3272	4.0
3317	4.0
3328	5.0
3334	5.0
3341	5.0
3342	4.0
3347	4.0
3350	5.0
3362	5.0
3363	4.0
3386	4.0
3408	5.0
3418	5.0
3426	4.0
3435	4.5
3475	4.0
3481	4.0
3498	4.0
3499	3.5
3504	3.5
3528	3.0
3551	4.0
3578	5.0
3618	4.0
3712	3.0
3730	3.5
3735	4.0
3740	3.0
3751	4.0
3783	5.0
3827	4.0
3852	5.0
3893	4.0
3897	4.0
3910	5.0
3911	4.0
3948	3.0
3949	4.0
3952	5.0
3967	5.0
3972	4.0
3983	4.0
3996	5.0
4027	5.0
4034	5.0
4036	4.0
4037	4.5
4117	5.0
4174	4.0
4187	4.0
4211	4.0
4226	4.5
4235	4.0
4246	4.0
4296	4.0
4304	3.5
4321	4.0
4322	5.0
4327	4.0
4329	5.0
4333	4.0
4349	4.0
4359	4.0
4396	4.0
4410	4.0
4424	4.0
4465	4.0
5060	5.0
5266	4.0
5291	4.0
5618	4.0
5878	4.0
5893	4.0
5902	4.5
5995	4.5
6299	5.0
6331	5.0
6377	4.0
6380	4.0
6385	5.0
6552	4.0
6620	4.5
6787	5.0
6796	4.0
6870	4.5
7023	4.0
7046	3.0
7566	3.5
