1	4.0
2	4.0
3	3.0
7	4.0
11	4.0
19	1.0
34	4.0
39	3.0
41	3.5
60	3.0
62	4.0
73	4.0
105	3.0
107	4.0
110	5.0
122	4.0
141	3.0
151	3.0
154	3.0
158	3.5
168	2.0
181	1.5
208	1.5
218	4.0
235	4.0
249	4.0
252	3.0
253	3.0
258	2.0
260	5.0
261	4.0
265	4.5
272	3.0
289	3.0
306	3.0
307	2.5
308	3.0
317	4.0
339	4.0
344	2.0
355	2.0
356	3.5
357	4.0
362	4.0
364	4.0
367	4.5
371	3.0
374	3.0
378	4.0
383	3.0
410	2.0
416	2.0
419	1.0
432	2.0
440	5.0
446	4.0
460	3.0
466	2.0
468	4.0
480	3.0
497	5.0
500	5.0
509	4.5
512	4.0
516	4.0
520	2.0
529	5.0
531	3.0
539	4.0
551	4.5
552	4.0
553	3.0
585	3.0
586	3.0
587	5.0
588	5.0
590	5.0
592	3.0
593	4.0
594	4.0
595	4.0
596	3.5
597	5.0
605	3.0
653	3.0
673	1.0
691	3.0
719	3.0
720	4.5
736	2.0
745	4.0
747	1.0
750	4.0
765	3.0
780	3.0
781	3.0
783	3.0
784	2.0
788	1.0
801	3.5
808	1.0
830	3.0
838	4.0
881	3.0
892	5.0
898	4.5
899	4.0
900	4.0
901	3.0
902	3.0
910	4.0
912	5.0
913	4.0
914	4.5
915	4.5
918	3.0
919	5.0
920	3.5
923	4.5
924	4.0
926	3.5
932	2.5
933	4.0
934	3.5
938	4.0
940	4.0
941	3.5
945	4.0
950	3.0
952	3.0
953	5.0
954	5.0
955	3.0
969	4.0
986	3.5
1005	3.0
1013	3.5
1016	4.0
1019	3.0
1022	4.0
1023	3.0
1025	4.0
1028	5.0
1029	4.0
1030	3.0
1031	3.0
1032	4.0
1035	5.0
1064	2.0
1073	4.0
1077	4.0
1078	4.0
1080	4.0
1083	3.0
1084	3.0
1088	3.0
1092	5.0
1095	3.0
1097	5.0
1099	4.0
1101	5.0
1124	3.0
1125	4.0
1132	4.0
1135	3.0
1136	4.5
1148	4.0
1162	4.0
1172	3.0
1184	2.0
1185	5.0
1191	3.0
1196	4.0
1197	4.5
1198	4.0
1201	4.0
1204	5.0
1206	4.0
1208	3.0
1210	4.0
1214	3.0
1217	3.0
1224	4.0
1225	4.5
1226	4.0
1230	4.0
1231	4.0
1234	5.0
1235	5.0
1237	4.0
1243	5.0
1244	5.0
1246	5.0
1247	4.0
1250	4.0
1253	5.0
1256	4.0
1262	4.5
1263	3.0
1265	5.0
1269	3.0
1270	5.0
1275	1.0
1276	3.0
1278	4.0
1281	3.5
1282	4.5
1284	3.5
1287	5.0
1292	4.0
1296	3.0
1301	4.0
1302	4.0
1304	4.0
1307	4.0
1334	1.0
1339	4.0
1345	3.5
1353	4.0
1359	2.0
1367	4.0
1370	3.0
1371	3.0
1374	4.0
1376	3.0
1380	4.0
1381	3.0
1391	2.0
1393	5.0
1398	3.0
1411	4.0
1485	4.0
1517	2.0
1526	2.0
1527	3.0
1544	2.0
1566	2.0
1569	4.0
1580	3.0
1584	5.0
1587	2.5
1588	2.0
1592	1.0
1593	3.0
1641	3.5
1643	4.0
1663	4.0
1665	2.0
1676	2.0
1678	4.0
1680	4.0
1682	4.0
1702	4.0
1704	3.0
1707	1.0
1713	4.0
1721	3.0
1727	2.0
1735	4.0
1784	4.0
1801	4.0
1806	4.0
1855	2.0
1873	4.0
1911	4.0
1923	3.0
1947	5.0
1948	2.5
1951	4.0
1953	4.0
1954	5.0
1955	4.0
1956	4.5
1959	5.0
1960	5.0
1961	5.0
1963	3.0
1970	1.5
1975	1.5
1999	1.5
2003	2.0
2006	4.0
2009	4.0
2011	4.0
2012	2.0
2014	3.0
2015	4.0
2017	2.0
2018	3.5
2019	5.0
2020	3.0
2021	3.0
2034	2.0
2038	1.0
2040	3.0
2042	2.0
2046	3.0
2053	1.0
2054	2.0
2059	4.0
2067	5.0
2077	2.5
2078	4.0
2080	4.0
2081	5.0
2082	3.0
2083	4.0
2085	4.0
2087	4.0
2088	3.0
2092	2.0
2093	1.0
2096	4.0
2099	3.0
2100	3.0
2102	2.0
2105	4.0
2109	3.5
2111	2.0
2115	3.5
2116	4.0
2117	4.0
2119	1.0
2124	3.0
2135	4.0
2136	4.0
2139	4.0
2140	4.0
2141	3.0
2142	3.0
2144	4.0
2150	3.0
2152	1.0
2161	4.0
2162	3.0
2174	4.0
2253	2.0
2268	4.5
2269	2.5
2287	2.0
2290	4.0
2291	4.0
2300	5.0
2301	3.0
2312	4.0
2313	4.0
2316	4.0
2321	3.5
2324	5.0
2336	4.0
2346	2.0
2352	3.0
2354	2.0
2355	4.0
2359	4.0
2363	2.0
2364	2.0
2366	4.0
2367	3.0
2371	2.5
2373	1.5
2378	2.0
2396	5.0
2398	4.5
2406	4.0
2409	3.0
2410	3.0
2420	4.5
2421	3.0
2422	3.0
2423	2.5
2424	5.0
2431	4.0
2436	3.0
2443	2.0
2454	3.0
2470	4.0
2471	2.5
2501	4.0
2528	2.0
2529	2.0
2530	1.0
2531	1.0
2532	1.0
2533	1.0
2563	2.0
2565	5.0
2570	3.5
2575	1.5
2599	2.0
2628	2.0
2634	2.0
2640	4.5
2641	2.0
2642	1.0
2648	3.0
2654	3.0
2657	4.0
2662	3.5
2671	4.0
2683	2.0
2700	1.0
2701	2.0
2716	3.0
2724	3.0
2739	3.5
2763	4.0
2779	3.5
2788	4.0
2791	4.0
2797	4.0
2819	4.0
2829	3.0
2857	4.0
2858	2.0
2863	4.0
2872	4.0
2875	4.0
2877	3.0
2889	4.0
2899	3.0
2915	4.0
2916	4.0
2918	2.0
2941	4.0
2944	5.0
2946	3.0
2947	3.5
2948	3.0
2949	3.0
2950	1.0
2951	4.5
2953	1.0
2961	3.0
2971	4.0
2987	4.0
2989	3.0
2990	3.0
2991	3.0
2996	4.0
3011	3.0
3030	5.0
3032	2.0
3033	4.0
3035	4.0
3037	4.0
3039	4.0
3061	3.0
3072	4.0
3074	3.0
3081	3.0
3088	4.5
3093	3.0
3097	4.0
3105	4.0
3108	2.0
3130	3.0
3148	5.0
3152	4.0
3155	3.5
3156	4.0
3167	3.5
3194	4.0
3196	3.0
3201	4.0
3210	2.0
3243	2.0
3244	5.0
3247	4.0
3248	3.0
3252	4.0
3253	4.0
3254	2.0
3255	5.0
3257	4.0
3269	3.0
3287	2.5
3296	4.0
3299	3.0
3301	4.0
3360	4.0
3361	4.0
3363	4.0
3394	2.0
3396	4.0
3397	4.0
3398	4.0
3408	4.0
3418	3.0
3421	4.0
3436	4.0
3438	1.0
3439	1.5
3440	1.5
3448	5.0
3450	3.0
3451	5.0
3462	4.0
3471	5.0
3489	3.5
3506	3.0
3507	4.0
3508	4.0
3524	4.0
3546	3.5
3552	4.0
3591	4.0
3598	3.0
3633	3.0
3638	3.0
3649	2.5
3660	3.0
3668	5.0
3671	4.0
3675	5.0
3681	4.0
3682	3.0
3699	1.0
3723	3.0
3724	4.0
3729	3.0
3733	4.0
3751	3.0
3752	1.0
3760	3.0
3812	3.0
3814	3.0
3824	2.5
3836	3.5
3844	3.0
3868	2.0
3869	3.0
3873	4.0
3897	4.0
3911	4.0
3927	4.0
3928	2.0
3932	4.0
3959	3.0
3967	5.0
3968	4.0
3969	3.0
3978	3.5
3984	3.0
3987	3.0
3988	3.0
3993	2.0
3996	2.5
3997	2.0
4006	1.0
4014	3.0
4017	3.5
4022	3.0
4023	4.0
4025	2.0
4039	4.0
4041	3.5
4062	4.0
4084	3.0
4085	3.5
4090	3.0
4091	3.0
4104	1.0
4178	3.5
4214	3.0
4220	4.0
4231	3.0
4246	3.0
4275	2.0
4280	2.0
4291	3.0
4296	3.0
4299	2.0
4306	4.0
4308	3.0
4321	3.0
4327	4.0
4344	3.5
4349	3.0
4356	4.0
4357	3.0
4361	5.0
4370	3.0
4372	3.0
4396	3.0
4406	4.0
4427	4.0
4447	4.0
4474	5.0
4480	2.0
4487	2.0
4489	3.0
4502	1.5
4526	2.0
4544	1.0
4545	2.0
4558	2.0
4563	1.5
4571	3.0
4621	3.0
4700	3.0
4701	2.0
4703	3.0
4710	4.0
4787	4.0
4802	3.0
4812	2.0
4835	3.0
4855	4.0
4857	5.0
4880	4.0
4886	4.0
4890	4.0
4896	2.0
4912	3.0
4929	2.0
4936	4.0
4969	4.0
4971	3.0
4975	3.0
4980	3.0
4992	3.0
4993	3.0
4995	4.0
5039	3.0
5049	3.0
5060	4.0
5064	4.0
5103	2.0
5139	3.0
5159	2.0
5225	3.5
5299	3.0
5303	3.0
5349	4.0
5378	2.5
5410	2.0
5452	1.0
5459	3.0
5470	4.0
5481	2.0
5522	3.0
5541	2.0
5544	4.0
5548	3.0
5620	3.5
5650	2.5
5693	3.5
5816	2.5
5989	4.0
6166	3.0
6183	3.0
6218	4.5
6239	3.0
6287	2.0
6535	2.5
6593	3.0
6624	2.0
6645	3.0
6658	3.5
6662	4.0
6711	4.0
6724	3.0
6743	3.0
6765	4.0
6785	4.0
6791	3.0
6807	3.5
6852	3.0
6863	3.0
6870	3.5
6874	1.5
6887	3.5
6944	3.0
6974	3.5
6979	4.0
7001	1.5
7060	3.5
7064	3.0
7084	4.0
7121	4.0
7132	4.0
7143	3.5
7151	3.0
7154	3.5
7155	4.0
7162	4.5
7247	2.5
7293	4.0
7361	4.5
7386	4.0
7481	2.0
7482	3.5
7560	5.0
7569	3.5
7570	3.0
7619	4.5
7669	4.0
7698	4.0
7701	1.5
7706	4.0
7757	2.5
8169	3.5
8228	4.0
8337	4.5
8492	3.5
8507	3.5
8529	4.0
8542	3.5
8596	3.0
8610	2.5
8623	3.5
8690	4.0
8808	3.5
8879	4.0
8910	4.5
8949	3.5
30894	2.0
39292	4.0
45720	3.5
46850	4.0
47629	3.5
48082	3.0
50912	3.0
51084	4.0
52435	3.5
54259	3.5
54272	2.0
55830	2.0
56152	3.5
56587	4.0
56788	3.0
97938	4.0
98809	3.5
