1	3.0
2	2.5
8	4.0
13	3.0
19	1.0
24	3.5
25	4.0
29	4.0
32	5.0
34	3.0
36	4.0
46	2.5
47	4.0
48	3.0
50	4.0
60	3.5
73	2.0
78	2.5
107	3.0
110	5.0
111	5.0
117	5.0
123	5.0
147	4.0
150	3.0
151	4.0
162	4.0
168	1.5
191	3.0
214	5.0
223	3.0
224	2.5
231	1.0
239	1.0
247	5.0
260	5.0
261	3.0
262	3.0
266	2.5
268	4.0
273	4.0
280	3.0
282	4.0
288	4.0
290	4.5
293	5.0
296	4.0
318	4.0
337	3.5
340	4.0
356	3.0
364	3.0
370	1.0
380	2.0
410	3.5
428	3.0
440	3.0
441	3.0
466	0.5
479	2.0
480	1.0
481	4.0
482	4.0
507	4.0
521	4.0
522	4.0
527	4.0
538	3.0
541	5.0
543	3.0
551	4.0
555	4.5
558	3.0
562	4.5
586	2.5
587	1.0
588	3.0
589	3.0
590	3.0
592	2.5
593	4.0
594	3.0
595	2.0
596	3.0
597	2.0
608	5.0
616	3.0
661	4.0
673	2.0
678	4.0
708	2.5
720	5.0
745	5.0
778	5.0
799	3.0
848	3.5
858	5.0
888	2.0
903	3.0
904	4.0
910	2.0
912	3.0
914	3.0
919	4.0
920	3.0
923	5.0
940	3.0
953	4.0
971	4.0
1012	2.5
1013	1.5
1015	1.5
1017	2.5
1022	3.0
1023	3.0
1025	2.0
1028	2.0
1029	4.0
1030	2.0
1031	1.0
1032	4.0
1033	3.0
1035	3.0
1036	2.5
1047	3.0
1049	2.5
1051	4.0
1060	3.5
1061	3.0
1064	3.0
1073	4.0
1079	4.5
1080	4.0
1088	1.0
1089	4.0
1090	4.0
1093	3.0
1097	2.0
1101	2.0
1103	4.0
1104	4.0
1111	4.0
1126	3.0
1127	3.0
1129	3.0
1136	5.0
1148	5.0
1172	4.0
1175	5.0
1183	2.0
1193	5.0
1196	3.5
1197	4.0
1198	3.0
1199	3.0
1200	4.0
1204	5.0
1206	5.0
1207	5.0
1208	5.0
1210	2.0
1213	4.0
1214	4.0
1219	5.0
1220	3.0
1221	5.0
1222	5.0
1223	5.0
1225	5.0
1228	4.0
1233	5.0
1234	3.0
1235	5.0
1240	3.0
1242	4.0
1243	5.0
1245	5.0
1247	4.0
1254	2.0
1257	3.0
1258	5.0
1259	3.0
1260	4.0
1261	2.0
1265	4.0
1270	2.0
1271	2.0
1275	2.5
1276	5.0
1278	2.5
1279	4.0
1282	4.0
1285	4.0
1287	3.5
1288	4.0
1290	2.0
1291	3.0
1297	2.5
1298	4.0
1300	5.0
1303	4.5
1304	3.0
1307	3.0
1320	2.5
1345	3.0
1352	3.0
1354	3.0
1358	5.0
1380	2.0
1387	3.0
1391	2.0
1394	5.0
1408	3.0
1411	2.5
1441	3.5
1446	4.0
1449	4.0
1466	4.0
1480	3.5
1517	1.0
1542	3.0
1566	2.0
1580	2.5
1584	2.5
1610	2.5
1611	3.0
1615	2.0
1617	4.0
1619	3.0
1641	3.5
1673	2.0
1674	3.5
1676	3.0
1690	2.5
1694	2.0
1730	4.5
1732	4.0
1734	5.0
1772	3.0
1777	1.0
1784	4.0
1785	4.0
1788	5.0
1799	2.5
1805	2.0
1841	1.0
1845	4.0
1873	4.0
1904	3.5
1907	3.0
1916	4.5
1917	2.0
1923	2.5
1941	3.0
1945	4.0
1947	4.0
1954	2.5
1968	2.5
1969	2.0
1970	1.0
1997	4.0
2000	2.0
2003	2.0
2005	1.0
2010	4.0
2018	3.0
2020	4.0
2023	3.0
2028	3.0
2054	1.5
2078	3.0
2080	3.0
2081	3.0
2083	4.0
2085	3.0
2087	3.0
2089	3.0
2090	3.0
2096	3.0
2099	4.0
2100	1.5
2109	2.5
2114	4.0
2115	3.0
2116	3.0
2123	2.0
2132	4.0
2134	2.0
2137	3.0
2138	5.0
2139	4.0
2140	3.0
2141	2.0
2143	2.5
2144	2.0
2145	2.0
2150	4.0
2153	2.0
2159	4.0
2174	5.0
2184	2.5
2186	3.5
2194	4.0
2231	3.5
2248	3.0
2268	3.0
2269	1.0
2278	3.5
2280	3.5
2291	4.5
2294	3.0
2301	1.5
2318	2.0
2329	5.0
2348	4.0
2355	4.0
2357	5.0
2359	4.0
2370	3.0
2375	2.0
2378	0.5
2381	1.0
2382	1.0
2383	1.0
2384	4.0
2390	4.0
2391	4.0
2394	3.0
2395	4.0
2396	3.0
2403	2.0
2405	1.5
2406	2.0
2409	1.5
2412	2.0
2413	3.5
2421	1.0
2427	3.5
2470	1.5
2497	2.5
2504	4.0
2505	4.0
2513	2.0
2529	3.5
2542	5.0
2551	4.0
2560	4.0
2565	3.0
2571	3.0
2575	3.0
2580	4.0
2596	2.0
2598	5.0
2599	4.0
2617	1.0
2622	3.0
2625	3.5
2628	2.0
2648	3.5
2657	4.0
2688	1.5
2692	4.0
2699	3.0
2700	3.0
2716	2.0
2723	2.5
2736	2.0
2746	4.0
2761	4.0
2762	4.0
2772	4.0
2791	1.0
2792	0.5
2794	2.0
2795	2.5
2797	2.5
2802	1.5
2804	4.0
2826	2.5
2846	4.5
2857	4.0
2858	4.0
2867	3.0
2877	3.0
2912	4.0
2916	2.0
2918	3.0
2941	2.0
2942	1.0
2946	3.0
2959	5.0
2985	2.5
2987	3.0
2995	2.0
2997	4.0
3000	5.0
3005	3.0
3020	4.0
3028	3.0
3029	2.0
3034	4.0
3037	3.0
3052	3.0
3054	3.0
3060	3.5
3070	3.0
3072	3.0
3087	3.5
3089	4.0
3093	3.0
3095	4.0
3101	3.0
3105	2.0
3107	2.5
3114	4.0
3157	3.0
3159	3.0
3189	3.0
3210	3.5
3219	3.0
3249	2.0
3252	3.0
3253	2.0
3256	2.0
3261	2.5
3266	5.0
3274	2.5
3328	1.5
3386	4.0
3396	3.0
3397	2.0
3418	3.0
3421	3.0
3436	2.0
3448	3.5
3461	4.0
3468	4.0
3476	4.0
3479	3.0
3481	3.5
3483	3.0
3489	1.0
3499	3.0
3535	3.5
3543	3.0
3556	3.5
3578	3.0
3608	5.0
3702	5.0
3703	4.0
3704	4.0
3723	3.0
3740	2.5
3744	2.0
3745	3.0
3751	4.0
3753	3.0
3755	2.0
3763	2.5
3794	3.5
3799	4.0
3809	2.0
3841	1.0
3868	0.5
3893	4.0
3897	4.0
3910	5.0
3911	3.5
3948	4.0
3949	4.0
3967	4.5
3977	2.0
3993	4.0
3996	5.0
4011	4.5
4014	3.0
4016	3.0
4027	5.0
4031	2.0
4036	5.0
4054	2.0
4055	4.0
4056	4.0
4086	2.0
4090	2.5
4103	5.0
4128	2.5
4178	4.0
4218	4.0
4226	4.0
4232	2.0
4235	4.5
4254	1.0
4262	4.0
4280	3.5
4285	3.0
4306	2.0
4308	3.5
4321	2.5
4327	4.0
4351	1.0
4370	2.0
4378	5.0
4386	4.0
4410	3.0
4448	3.0
4477	3.0
4499	3.0
4519	2.0
4571	1.5
4624	1.0
4641	4.0
4643	2.0
4681	3.0
4816	4.0
4846	4.0
4848	4.0
4855	4.0
4857	3.0
4865	5.0
4873	1.0
4878	5.0
4881	3.5
4889	2.5
4896	3.0
4911	2.5
4936	1.0
4951	3.0
4973	5.0
4979	4.5
4990	3.0
4993	4.0
5026	2.5
5072	4.0
5103	4.0
5111	3.0
5159	3.0
5218	3.5
5266	3.0
5294	4.0
5299	2.0
5308	0.5
5329	2.5
5349	2.5
5378	1.5
5417	5.0
5463	2.0
5540	2.5
5553	1.5
5577	3.0
5617	3.5
5618	4.0
5679	3.5
5690	5.0
5747	4.5
5782	4.0
5816	3.0
5899	4.0
5952	4.0
5956	3.5
5991	3.5
6093	1.5
6242	3.5
6297	3.0
6323	2.5
6333	2.0
6385	4.5
6502	4.0
6539	3.0
6620	4.0
6636	2.5
6711	4.5
6721	4.5
6724	3.0
6776	4.5
6785	1.5
6807	3.5
6874	4.5
6942	3.5
6944	2.0
6947	3.5
7045	3.0
7147	4.5
7153	3.0
7158	4.5
7247	2.5
7373	4.0
7438	5.0
8042	4.0
