1	5.0
7	2.0
11	5.0
14	4.0
18	2.0
19	3.0
21	4.0
25	3.0
32	5.0
34	5.0
36	5.0
39	5.0
47	4.0
48	3.0
50	3.0
52	3.0
57	4.0
58	3.0
62	3.0
95	2.0
111	5.0
125	5.0
144	3.0
150	5.0
156	3.0
158	2.0
161	3.0
162	5.0
165	3.0
168	2.0
172	2.0
176	5.0
194	4.0
215	4.0
222	4.0
224	4.0
231	4.0
232	4.0
233	3.0
247	3.0
252	2.0
260	4.0
275	3.0
296	5.0
300	4.0
312	3.0
316	2.0
318	5.0
329	4.0
337	4.0
339	4.0
342	4.0
344	4.0
348	3.0
356	2.0
357	3.0
361	3.0
364	5.0
367	5.0
368	3.0
370	5.0
373	4.0
377	5.0
378	2.0
380	3.0
417	3.0
422	5.0
427	3.0
440	2.0
449	4.0
461	3.0
466	4.0
468	2.0
471	5.0
474	5.0
480	2.0
485	4.0
490	5.0
492	3.0
500	3.0
505	1.0
506	2.0
508	3.0
509	3.0
515	3.0
518	2.0
527	3.0
529	2.0
532	2.0
534	3.0
535	4.0
537	4.0
539	3.0
541	5.0
543	4.0
551	5.0
562	5.0
585	4.0
588	5.0
589	4.0
592	4.0
593	5.0
595	3.0
597	3.0
605	3.0
608	5.0
648	1.0
674	4.0
708	4.0
719	2.0
720	5.0
733	3.0
745	5.0
748	4.0
750	4.0
781	4.0
784	2.0
785	4.0
786	2.0
788	2.0
800	5.0
802	3.0
839	2.0
852	3.0
866	5.0
898	4.0
902	3.0
903	5.0
904	4.0
908	5.0
911	4.0
912	5.0
913	5.0
915	5.0
916	5.0
919	4.0
923	5.0
924	5.0
928	5.0
930	5.0
931	3.0
932	3.0
933	3.0
950	5.0
953	4.0
954	4.0
955	3.0
971	5.0
994	3.0
1013	4.0
1027	2.0
1028	4.0
1036	4.0
1041	3.0
1042	5.0
1060	5.0
1064	5.0
1073	5.0
1077	5.0
1079	5.0
1080	5.0
1086	5.0
1089	5.0
1091	1.0
1092	2.0
1094	2.0
1095	5.0
1097	4.0
1103	3.0
1104	5.0
1111	5.0
1124	4.0
1127	5.0
1136	5.0
1148	5.0
1179	3.0
1185	3.0
1188	4.0
1196	4.0
1197	5.0
1198	5.0
1200	2.0
1210	4.0
1212	4.0
1214	2.0
1219	5.0
1222	5.0
1223	5.0
1224	3.0
1225	4.0
1230	5.0
1231	4.0
1234	3.0
1237	3.0
1238	4.0
1240	3.0
1244	4.0
1247	4.0
1252	5.0
1253	3.0
1254	3.0
1256	5.0
1257	4.0
1258	5.0
1259	3.0
1265	5.0
1266	4.0
1267	4.0
1268	4.0
1269	4.0
1270	5.0
1276	4.0
1277	5.0
1278	4.0
1282	3.0
1284	4.0
1285	4.0
1286	3.0
1288	5.0
1291	4.0
1292	5.0
1295	3.0
1296	3.0
1302	4.0
1304	5.0
1307	4.0
1320	2.0
1333	4.0
1346	2.0
1354	5.0
1356	4.0
1357	4.0
1358	4.0
1367	2.0
1370	3.0
1371	2.0
1372	2.0
1374	4.0
1376	4.0
1377	3.0
1387	4.0
1392	4.0
1393	3.0
1394	3.0
1395	4.0
1396	4.0
1401	4.0
1407	4.0
1409	3.0
1414	4.0
1441	4.0
1449	4.0
1459	4.0
1466	4.0
1480	2.0
1483	3.0
1485	4.0
1500	3.0
1513	3.0
1517	5.0
1518	4.0
1527	4.0
1537	4.0
1541	2.0
1566	4.0
1569	4.0
1573	2.0
1580	2.0
1584	5.0
1600	3.0
1610	4.0
1614	3.0
1625	5.0
1627	2.0
1633	4.0
1635	4.0
1639	3.0
1648	3.0
1653	3.0
1673	5.0
1674	4.0
1676	4.0
1682	4.0
1688	3.0
1704	3.0
1719	5.0
1721	5.0
1729	3.0
1732	3.0
1747	2.0
1783	2.0
1784	3.0
1805	5.0
1810	3.0
1816	4.0
1834	5.0
1845	4.0
1875	3.0
1885	3.0
1889	4.0
1894	3.0
1907	3.0
1912	3.0
1913	3.0
1914	3.0
1916	4.0
1923	4.0
1952	4.0
1955	4.0
1956	5.0
1958	5.0
1961	5.0
1962	4.0
1965	4.0
1966	4.0
1968	3.0
1982	4.0
2000	2.0
2003	2.0
2009	3.0
2011	5.0
2012	4.0
2019	3.0
2028	3.0
2059	2.0
2064	3.0
2065	3.0
2067	3.0
2078	4.0
2081	3.0
2100	5.0
2105	3.0
2108	5.0
2111	3.0
2112	4.0
2115	4.0
2124	3.0
2126	3.0
2132	3.0
2136	2.0
2137	5.0
2144	4.0
2145	3.0
2160	2.0
2171	3.0
2174	3.0
2176	4.0
2178	4.0
2181	5.0
2183	5.0
2184	3.0
2202	3.0
2206	4.0
2212	4.0
2243	4.0
2245	3.0
2248	5.0
2249	3.0
2253	3.0
2259	2.0
2268	5.0
2291	4.0
2294	4.0
2302	3.0
2311	3.0
2312	4.0
2318	5.0
2321	4.0
2349	3.0
2352	5.0
2355	5.0
2359	3.0
2369	3.0
2371	3.0
2384	5.0
2391	4.0
2395	4.0
2396	5.0
2405	2.0
2406	4.0
2407	4.0
2442	4.0
2463	4.0
2467	4.0
2469	4.0
2470	4.0
2502	3.0
2504	2.0
2524	3.0
2529	3.0
2563	4.0
2571	2.0
2572	3.0
2580	3.0
2596	2.0
2599	3.0
2600	5.0
2611	4.0
2613	3.0
2628	2.0
2640	4.0
2671	1.0
2683	3.0
2692	5.0
2700	4.0
2706	3.0
2710	2.0
2712	4.0
2716	5.0
2723	3.0
2729	5.0
2746	3.0
2750	4.0
2759	3.0
2762	4.0
2769	4.0
2770	3.0
2788	3.0
2791	5.0
2792	5.0
2797	4.0
2804	5.0
2857	5.0
2858	3.0
2859	5.0
2870	4.0
2877	4.0
2883	3.0
2890	3.0
2915	3.0
2916	3.0
2917	5.0
2918	5.0
2919	5.0
2936	3.0
2942	3.0
2947	5.0
2948	3.0
2949	5.0
2952	4.0
2976	2.0
2985	2.0
2987	5.0
2990	3.0
2991	4.0
2997	5.0
3019	3.0
3020	3.0
3033	4.0
3036	5.0
3039	3.0
3044	5.0
3052	4.0
3068	2.0
3070	1.0
3072	5.0
3077	4.0
3088	3.0
3089	5.0
3095	5.0
3098	5.0
3105	3.0
3107	3.0
3108	4.0
3114	5.0
3152	4.0
3160	3.0
3169	5.0
3174	4.0
3175	4.0
3203	4.0
3210	5.0
3243	1.0
3244	3.0
3249	2.0
3251	3.0
3253	5.0
3254	4.0
3255	3.0
3261	4.0
3271	4.0
3307	5.0
3308	3.0
3317	4.0
3324	2.0
3326	3.0
3334	4.0
3358	5.0
3359	5.0
3361	4.0
3363	5.0
3388	2.0
3392	2.0
3418	3.0
3421	4.0
3422	3.0
3424	4.0
3429	5.0
3435	3.0
3448	3.0
3462	4.0
3466	3.0
3471	3.0
3481	4.0
3499	5.0
3501	5.0
3505	5.0
3507	3.0
3510	4.0
3512	3.0
3524	4.0
3526	3.0
3528	4.0
3534	3.0
3551	4.0
3552	4.0
3554	4.0
3556	3.0
3591	2.0
3608	4.0
3614	5.0
3617	4.0
3618	3.0
3633	3.0
3638	3.0
3639	3.0
3671	4.0
3683	5.0
3684	3.0
3685	4.0
3689	2.0
3699	3.0
3703	2.0
3712	3.0
3730	5.0
3751	5.0
3752	4.0
3764	2.0
3793	4.0
3819	4.0
3868	5.0
3869	4.0
3893	3.0
3897	5.0
3948	3.0
3968	4.0
3984	3.0
4007	5.0
4008	4.0
4019	3.0
4022	3.0
4027	3.0
4029	4.0
4037	5.0
4041	4.0
4062	4.0
4082	4.0
4084	3.0
4085	4.0
4086	5.0
4205	5.0
4226	2.0
4276	4.0
4280	4.0
4292	3.0
4318	5.0
4322	4.0
4326	4.0
4361	4.0
4641	4.0
4816	3.0
4873	3.0
4973	5.0
4979	3.0
5060	3.0
5225	5.0
5377	3.0
5505	4.0
5620	3.0
5989	4.0
