2	1.5
6	5.0
7	3.5
14	4.0
16	3.5
17	3.5
21	4.0
25	4.0
29	4.0
30	3.0
32	2.5
34	5.0
35	2.5
36	4.5
39	4.5
41	4.0
43	3.5
45	4.0
47	4.5
48	2.5
50	2.5
52	3.0
55	4.0
57	3.0
58	2.5
63	3.0
72	2.5
92	2.5
94	2.5
101	3.5
105	4.5
107	2.0
110	0.5
111	5.0
121	4.0
125	4.5
141	2.5
151	4.0
153	0.5
159	2.0
165	2.5
170	1.5
171	3.0
180	2.0
186	0.5
194	2.5
196	0.5
199	5.0
206	4.0
207	3.5
208	0.5
215	4.5
218	1.5
223	2.5
225	1.5
229	4.0
231	0.5
233	3.0
235	4.0
236	1.0
246	4.0
249	4.0
252	2.0
253	2.5
259	2.5
260	5.0
261	5.0
265	2.0
270	3.0
271	3.0
272	4.0
273	2.0
277	3.5
278	3.0
281	4.0
288	0.5
289	2.0
292	3.0
293	2.5
316	1.0
318	2.0
319	4.5
326	4.5
334	4.0
337	4.0
342	3.0
344	0.5
345	4.0
346	3.5
347	1.0
348	4.5
349	3.0
350	2.0
351	2.5
352	4.0
355	1.0
357	4.5
360	2.0
361	4.5
364	4.0
368	2.0
370	3.0
371	2.5
372	1.0
373	4.5
376	2.5
377	3.5
379	2.0
381	3.5
383	2.5
410	4.0
412	5.0
423	2.0
424	2.0
425	2.0
426	3.5
427	2.0
428	2.5
431	2.0
432	1.0
440	4.0
442	1.5
446	4.5
448	5.0
451	4.0
456	4.0
457	4.0
465	2.0
466	3.0
469	3.0
471	4.0
472	2.5
474	4.0
475	3.5
477	4.0
480	3.5
481	0.5
485	1.0
492	4.0
500	2.0
501	4.0
506	4.0
507	2.0
509	5.0
514	4.0
515	4.0
518	1.5
523	3.5
527	4.5
529	4.5
531	5.0
532	4.0
533	3.0
534	4.0
535	4.5
538	4.5
539	2.0
543	2.5
551	5.0
556	3.5
562	2.0
585	3.5
586	2.0
587	2.0
588	2.0
589	3.5
592	3.0
593	5.0
595	5.0
608	2.5
628	4.0
648	3.5
661	3.0
671	4.5
708	3.0
720	5.0
724	2.0
736	0.5
745	5.0
750	5.0
778	5.0
780	1.0
783	5.0
786	2.0
799	2.0
802	1.5
818	3.5
830	2.0
852	2.5
858	3.5
866	4.0
880	0.5
902	4.0
903	5.0
904	5.0
905	5.0
906	5.0
908	5.0
909	5.0
910	5.0
911	4.5
912	5.0
913	5.0
918	5.0
919	5.0
922	5.0
924	5.0
926	5.0
927	5.0
928	5.0
929	5.0
930	5.0
931	4.0
932	3.5
933	3.5
938	3.0
942	5.0
943	4.5
946	5.0
950	5.0
952	2.0
953	5.0
955	5.0
965	5.0
968	5.0
1013	4.0
1018	3.5
1019	5.0
1028	5.0
1036	4.0
1041	4.0
1043	2.5
1047	2.0
1049	0.5
1056	5.0
1057	4.5
1060	3.5
1061	1.0
1077	4.0
1078	3.5
1079	4.5
1084	5.0
1089	4.5
1090	3.0
1092	1.5
1093	2.5
1094	5.0
1097	5.0
1103	5.0
1104	5.0
1120	4.5
1124	4.0
1125	4.5
1127	4.0
1132	3.5
1136	4.0
1148	5.0
1171	4.5
1179	5.0
1183	3.5
1186	5.0
1187	4.0
1191	3.0
1192	4.5
1193	1.0
1196	5.0
1198	5.0
1200	5.0
1202	5.0
1203	4.0
1204	2.5
1206	5.0
1207	5.0
1208	5.0
1210	4.5
1212	5.0
1213	3.5
1214	5.0
1218	4.0
1219	5.0
1221	4.5
1222	5.0
1225	2.0
1228	2.0
1230	5.0
1234	4.5
1238	3.5
1240	3.5
1242	5.0
1243	2.5
1247	5.0
1248	5.0
1249	4.0
1250	4.5
1251	5.0
1252	5.0
1253	5.0
1263	5.0
1265	4.5
1266	2.5
1267	4.5
1279	2.0
1280	5.0
1284	5.0
1285	3.5
1287	3.5
1291	4.0
1295	4.5
1301	4.5
1304	5.0
1333	5.0
1339	3.5
1342	2.5
1348	4.5
1353	3.5
1356	3.0
1357	2.0
1358	2.0
1366	2.5
1370	1.0
1372	3.0
1373	1.0
1374	3.0
1375	3.0
1377	4.0
1387	5.0
1389	0.5
1391	1.0
1393	4.5
1394	3.5
1396	3.0
1399	4.0
1405	3.5
1407	4.5
1408	4.0
1414	4.0
1416	3.0
1466	4.5
1476	4.0
1479	0.5
1480	3.5
1483	3.5
1484	3.0
1517	4.0
1535	2.5
1544	0.5
1554	3.5
1566	2.0
1569	3.5
1573	4.0
1584	4.0
1589	2.5
1590	1.0
1591	2.0
1594	4.5
1603	3.5
1610	4.0
1611	2.5
1614	3.0
1617	5.0
1625	3.5
1633	4.0
1635	5.0
1639	4.0
1641	4.0
1644	0.5
1645	2.5
1658	1.5
1660	4.0
1673	4.5
1674	4.0
1680	3.5
1682	1.5
1683	4.5
1694	4.0
1699	3.5
1704	4.0
1711	2.5
1717	4.0
1719	4.5
1721	2.5
1727	4.5
1747	4.0
1788	2.0
1805	3.5
1809	4.5
1810	4.0
1821	2.5
1831	0.5
1834	4.0
1885	4.5
1889	3.5
1897	4.0
1909	3.0
1916	4.0
1923	3.5
1929	5.0
1931	3.0
1934	3.5
1944	5.0
1945	4.5
1946	4.5
1947	5.0
1948	4.5
1950	2.5
1951	3.5
1953	4.0
1954	2.0
1957	3.5
1959	4.5
1961	2.5
1963	3.5
1964	4.5
1997	5.0
2000	1.0
2001	0.5
2011	2.5
2012	2.0
2023	3.5
2028	4.0
2060	0.5
2065	5.0
2066	5.0
2067	4.5
2070	4.0
2071	4.0
2076	4.0
2094	3.0
2107	3.5
2108	3.0
2115	2.0
2130	4.5
2132	5.0
2145	3.0
2155	4.5
2165	4.0
2171	4.0
2174	3.5
2182	3.0
2183	5.0
2184	4.0
2186	5.0
2202	4.0
2204	4.0
2205	4.0
2212	2.0
2231	3.0
2243	4.5
2272	4.0
2278	2.0
2289	5.0
2291	5.0
2300	4.0
2303	5.0
2312	4.0
2314	3.5
2321	4.5
2324	1.0
2348	4.5
2349	4.5
2352	3.0
2355	2.0
2361	5.0
2366	5.0
2375	3.0
2384	5.0
2391	4.5
2394	4.5
2395	3.5
2396	4.0
2398	5.0
2405	1.0
2427	3.0
2459	4.5
2488	5.0
2520	2.5
2524	1.5
2541	3.5
2542	3.0
2550	4.5
2551	4.0
2565	4.0
2571	4.5
2599	4.0
2605	2.5
2612	5.0
2616	3.0
2628	4.5
2639	2.5
2640	4.0
2641	4.5
2644	3.5
2662	4.0
2664	4.5
2683	1.5
2692	4.5
2699	2.0
2700	4.0
2707	4.0
2710	4.5
2712	4.0
2713	3.0
2719	0.5
2721	3.0
2722	3.0
2731	5.0
2732	5.0
2762	4.0
2764	2.5
2795	3.5
2801	3.0
2819	4.5
2840	1.0
2858	5.0
2870	3.5
2871	4.0
2890	5.0
2908	4.5
2912	4.0
2915	4.0
2932	5.0
2937	5.0
2940	5.0
2946	4.0
2947	5.0
2948	4.5
2953	0.5
2956	3.5
2959	5.0
2967	3.5
2969	5.0
2971	4.5
2987	4.0
2993	3.0
2997	4.5
3006	4.0
3011	5.0
3019	4.5
3037	4.5
3044	4.0
3052	4.0
3060	3.5
3061	4.0
3072	4.5
3081	2.5
3082	2.5
3083	4.5
3093	5.0
3094	5.0
3097	5.0
3099	5.0
3100	3.0
3101	2.5
3102	3.5
3105	4.0
3108	3.5
3114	4.5
3115	1.0
3125	4.0
3145	2.5
3148	3.0
3152	5.0
3157	3.0
3160	4.5
3163	4.0
3167	5.0
3168	4.0
3173	1.5
3175	3.5
3176	4.5
3194	5.0
3200	4.5
3201	5.0
3247	2.0
3252	2.5
3253	4.0
3255	3.5
3256	3.0
3257	1.0
3260	5.0
3261	2.5
3263	3.0
3265	4.0
3273	2.5
3285	3.0
3300	2.0
3310	3.0
3317	4.0
3325	1.0
3330	4.5
3361	4.0
3384	4.0
3397	4.0
3398	4.0
3435	5.0
3436	1.0
3448	3.5
3468	4.5
3471	5.0
3476	1.0
3481	4.5
3498	4.0
3504	5.0
3526	3.5
3527	3.0
3528	4.0
3545	5.0
3546	4.0
3548	3.5
3549	4.0
3555	2.5
3557	3.5
3606	5.0
3623	2.5
3633	5.0
3635	4.0
3639	2.5
3684	4.5
3685	4.5
3686	1.5
3697	0.5
3712	3.5
3724	5.0
3728	4.5
3735	4.5
3751	4.0
3783	4.0
3785	2.0
3786	2.5
3793	3.5
3801	5.0
3802	0.5
3814	4.0
3826	0.5
3869	3.0
3871	5.0
3882	3.5
3893	4.5
3897	4.0
3948	3.5
3952	2.5
3977	3.5
3984	3.5
3994	1.5
3996	4.5
4002	3.0
4005	3.5
4008	4.0
4016	3.5
4027	3.0
4034	5.0
4037	5.0
4041	2.5
4056	3.5
4068	1.0
4148	2.5
4191	4.5
4226	4.0
4232	3.5
4234	4.0
4235	4.5
4246	4.0
4267	1.0
4280	5.0
4296	4.0
4306	3.0
4321	2.0
4345	4.0
4351	3.0
4361	5.0
4366	3.0
4370	4.5
4378	4.0
4380	3.0
4410	4.0
4437	4.5
4446	2.0
4447	3.5
4467	2.0
4546	5.0
4557	3.0
4571	2.0
4641	4.0
4642	4.5
4661	4.0
4681	5.0
4700	3.0
4720	4.0
4723	4.0
4733	3.0
4734	4.0
4784	5.0
4821	3.0
4848	5.0
4881	2.0
4886	4.0
4896	2.0
4903	4.5
4912	4.5
4963	4.0
4973	4.0
4975	2.5
4979	5.0
4993	3.0
5004	4.0
5008	5.0
5015	4.5
5034	4.5
5060	4.0
5105	5.0
5110	3.0
5177	4.0
5218	3.0
5222	2.5
5225	4.0
5291	5.0
5294	4.5
5299	3.0
5377	4.0
5378	5.0
5388	4.5
5418	4.0
5445	4.5
5450	4.5
5481	4.0
5502	4.0
5505	3.5
5508	4.0
5528	3.5
5541	3.0
5572	3.0
5577	3.5
5603	4.0
5618	4.5
5666	4.0
5669	4.0
5673	4.5
5693	4.0
5712	5.0
5772	2.0
5791	3.5
5796	2.0
5878	1.5
5881	5.0
5902	4.5
5945	1.5
5952	2.0
5991	5.0
5992	2.0
5995	4.0
6183	5.0
6218	4.0
6235	4.0
6238	4.0
6296	2.0
6323	3.5
6333	4.0
6365	4.0
6378	3.5
6440	2.5
6502	4.0
6503	3.0
6538	4.0
6639	5.0
6650	3.5
6669	4.5
6708	4.5
6777	5.0
6785	5.0
6786	4.0
6787	5.0
6852	5.0
6863	4.0
6953	4.5
6974	3.0
6987	4.0
6993	5.0
7000	0.5
7001	5.0
7013	5.0
7022	5.0
7023	4.0
7044	2.0
7046	3.5
7064	5.0
7116	5.0
7123	3.0
7156	4.0
7158	5.0
7162	4.0
7215	5.0
7228	0.5
7234	4.0
7265	2.5
7361	4.0
7373	4.0
7386	2.5
7419	4.5
7934	3.5
8228	5.0
8623	3.5
8636	1.0
8665	4.0
8666	1.0
8860	4.0
8865	4.5
8961	4.5
26084	5.0
27822	3.5
30707	5.0
33493	5.0
33499	1.5
34153	4.0
