1	5.0
2	3.0
5	2.5
10	4.0
19	2.5
31	0.5
34	1.0
44	5.0
48	4.0
50	4.0
62	2.0
70	5.0
95	3.5
104	5.0
110	3.0
112	4.0
145	4.5
150	3.0
151	3.0
153	4.0
158	4.0
160	2.5
163	5.0
165	5.0
168	0.5
173	3.0
180	3.0
185	2.5
208	4.0
216	2.5
223	4.5
231	5.0
248	0.5
252	3.0
256	3.5
260	4.5
277	1.0
296	5.0
316	4.5
317	4.0
318	5.0
329	3.5
333	4.0
339	2.0
344	4.0
349	4.5
353	5.0
355	2.5
356	3.5
364	5.0
367	5.0
377	4.5
380	4.5
393	3.5
410	0.5
419	1.0
435	2.5
454	4.0
455	2.0
457	4.0
480	5.0
485	2.0
494	4.0
497	0.5
500	1.0
502	3.5
511	2.0
520	0.5
539	0.5
546	5.0
551	5.0
552	2.5
585	1.0
586	5.0
587	0.5
588	3.5
589	4.5
592	3.5
593	4.5
594	4.5
595	5.0
647	4.5
648	4.5
653	3.0
661	4.5
673	2.0
724	2.0
733	5.0
736	4.0
748	3.5
761	2.0
780	4.5
783	1.5
784	5.0
788	2.5
799	5.0
802	3.5
836	5.0
881	2.5
899	4.0
912	5.0
913	4.0
914	3.5
919	4.0
953	4.5
968	5.0
969	3.5
1019	3.0
1022	3.0
1027	2.0
1031	4.5
1032	3.5
1035	1.5
1036	5.0
1059	3.5
1073	2.0
1097	5.0
1101	1.5
1127	2.5
1148	0.5
1196	5.0
1197	4.5
1198	5.0
1201	4.0
1208	2.0
1210	4.0
1212	4.5
1214	4.0
1215	4.5
1219	5.0
1240	2.0
1246	1.0
1258	4.5
1261	5.0
1265	4.0
1270	5.0
1271	0.5
1275	3.0
1282	0.5
1291	4.5
1299	1.5
1302	1.0
1307	2.5
1333	3.5
1339	4.5
1356	4.5
1359	4.0
1367	3.5
1370	4.0
1371	3.5
1372	4.5
1373	3.0
1374	3.5
1375	4.5
1376	4.0
1377	5.0
1380	1.0
1385	0.5
1391	4.5
1394	2.0
1474	1.0
1485	3.5
1517	3.5
1527	4.5
1544	4.5
1552	3.0
1562	2.0
1569	1.0
1573	4.0
1580	4.0
1584	2.5
1588	4.5
1597	5.0
1603	3.5
1608	4.0
1610	1.5
1615	4.0
1617	4.5
1620	4.0
1639	3.5
1644	4.0
1653	4.0
1676	1.5
1678	0.5
1682	4.5
1689	2.5
1704	4.0
1707	2.5
1721	3.5
1722	2.5
1731	0.5
1747	3.0
1754	5.0
1777	3.0
1784	3.5
1801	1.5
1831	3.5
1876	2.0
1882	4.0
1888	2.5
1907	2.0
1909	5.0
1911	1.5
1917	1.5
1918	4.5
1921	5.0
1957	3.5
1961	3.5
1967	1.0
2003	2.0
2005	1.5
2011	5.0
2012	3.0
2013	2.5
2018	1.0
2028	4.0
2038	4.5
2041	2.5
2042	4.0
2052	4.0
2054	3.5
2058	5.0
2059	2.5
2078	4.0
2080	2.5
2081	5.0
2087	3.0
2094	1.5
2105	0.5
2115	4.0
2124	2.0
2125	1.0
2140	3.0
2143	3.0
2150	1.5
2161	3.0
2167	5.0
2174	4.0
2193	5.0
2194	4.0
2273	5.0
2278	4.0
2291	5.0
2294	3.0
2297	2.0
2321	4.5
2335	3.0
2353	4.5
2355	4.0
2393	3.0
2394	3.5
2396	0.5
2410	1.0
2423	4.0
2424	2.0
2450	3.0
2455	3.5
2502	4.0
2529	4.5
2533	4.0
2541	3.0
2542	5.0
2571	5.0
2605	3.0
2616	4.0
2617	5.0
2628	3.0
2640	3.0
2683	3.5
2694	3.0
2699	4.0
2700	3.0
2701	3.0
2706	3.5
2707	5.0
2716	3.5
2717	3.0
2722	4.5
2723	0.5
2724	1.0
2762	4.0
2791	4.0
2792	3.0
2797	2.0
2826	3.0
2858	4.5
2871	4.0
2890	3.0
2916	1.0
2918	4.0
2951	4.0
2953	4.0
2959	5.0
2987	2.0
3006	4.5
3033	1.5
3052	3.0
3081	4.0
3114	3.5
3147	4.5
3174	3.0
3175	4.5
3213	3.5
3247	1.0
3256	3.0
3354	3.5
3363	3.0
3388	4.5
3408	3.5
3438	3.0
3439	3.5
3461	5.0
3469	0.5
3471	3.0
3479	2.0
3489	4.0
3510	5.0
3535	3.5
3536	2.0
3552	3.0
3555	3.5
3564	1.0
3578	5.0
3608	4.5
3617	3.5
3623	3.5
3624	4.5
3668	2.5
3671	0.5
3681	4.0
3717	1.5
3740	3.0
3745	0.5
3751	0.5
3752	1.0
3753	4.5
3755	2.0
3785	3.0
3793	4.0
3798	5.0
3809	3.0
3826	5.0
3827	1.5
3868	0.5
3882	1.0
3911	3.5
3916	4.5
3948	4.0
3949	4.0
3959	4.0
3968	4.0
3969	2.0
3986	1.0
3988	4.0
3994	5.0
3996	1.0
4002	0.5
4011	4.5
4014	1.5
4015	4.0
4016	4.0
4018	3.5
4022	2.0
4023	3.0
4025	3.5
4027	3.0
4034	1.5
4105	4.5
4148	3.5
4161	4.0
4210	2.5
4223	5.0
4226	5.0
4246	0.5
4255	0.5
4270	5.0
4299	0.5
4306	4.0
4308	0.5
4310	0.5
4327	3.5
4343	4.0
4344	5.0
4367	3.0
4369	2.0
4370	0.5
4446	1.5
4447	3.5
4448	2.0
4519	4.0
4557	2.5
4571	2.5
4623	1.5
4638	5.0
4639	3.0
4643	5.0
4679	3.5
4700	3.0
4701	4.5
4718	3.0
4720	5.0
4734	4.5
4776	4.5
4816	3.0
4844	2.0
4865	3.0
4874	1.5
4886	4.0
4890	3.0
4896	4.0
4901	3.5
4954	2.0
4963	0.5
4974	3.5
4993	4.5
4995	2.0
5010	3.5
5064	4.5
5171	4.0
5218	4.0
5219	5.0
5254	5.0
5299	1.5
5349	4.0
5378	2.0
5418	4.0
5481	3.0
5502	4.0
5679	4.0
5785	3.0
5810	0.5
5816	3.5
5944	4.5
5952	4.5
5989	0.5
6155	0.5
6156	2.0
6218	0.5
6287	3.0
6333	3.5
6373	3.5
6377	3.0
6502	5.0
6539	5.0
6659	3.0
6707	3.5
6709	5.0
6753	4.5
6794	1.0
6863	1.5
6874	5.0
6936	3.0
6944	3.0
7004	3.5
7075	3.0
7153	4.0
7161	3.0
7293	1.0
7325	4.5
7360	5.0
7373	5.0
7387	4.5
7438	4.5
7454	5.0
7842	1.5
8228	5.0
8360	4.5
8361	3.5
8368	4.0
8371	2.0
8376	5.0
8464	3.5
8528	4.5
8636	4.0
8641	3.5
8644	4.0
8665	4.5
8783	5.0
8866	0.5
8874	4.5
8947	3.0
8957	5.0
8961	4.5
8970	2.0
8972	4.5
8984	2.5
27788	2.5
30793	5.0
30825	2.0
31685	3.0
31696	5.0
32587	5.0
33004	0.5
33493	4.0
33615	0.5
33660	1.5
33679	5.0
33794	4.5
33836	3.5
34048	5.0
34150	2.0
34162	2.0
34319	4.5
37729	5.0
38061	4.0
39446	5.0
40815	4.5
40819	3.0
41566	4.0
41569	2.0
41997	4.0
42007	0.5
42723	4.0
44022	2.0
44665	5.0
45186	5.0
45431	0.5
45499	4.5
45517	1.0
45720	3.0
45722	4.5
45732	1.0
46530	3.0
46965	5.0
46970	3.5
46972	4.0
46976	4.0
48304	5.0
48394	4.5
48516	4.0
48774	4.0
48780	3.5
48877	3.5
48997	4.0
49272	4.5
49278	4.5
50872	4.5
51080	4.5
51412	4.0
51662	5.0
51935	5.0
52245	3.5
52281	4.0
52604	5.0
52722	4.0
53000	5.0
53121	3.5
53125	4.5
53322	1.0
53464	0.5
53519	4.0
53972	5.0
53996	5.0
54001	3.0
54259	3.5
54272	4.0
54286	3.0
54503	4.0
54736	4.0
54995	5.0
56145	4.5
56152	4.0
56156	3.5
56174	3.5
56757	5.0
57368	5.0
58299	3.0
59103	4.0
59315	4.5
59369	4.5
68358	4.5
71535	3.5
