2	4.0
7	3.0
12	3.5
21	3.5
32	3.5
34	3.5
36	3.0
39	4.0
47	3.5
50	3.5
52	3.0
57	2.5
65	1.5
79	3.5
104	2.5
110	3.0
111	3.5
141	3.5
150	4.0
185	2.5
203	3.0
207	2.5
208	1.5
215	1.0
218	3.0
223	3.0
231	2.5
235	4.0
253	4.0
260	3.5
261	3.0
282	3.0
292	3.0
293	5.0
318	5.0
327	3.5
329	3.0
337	3.5
344	3.0
350	3.0
356	4.0
357	2.0
364	4.0
365	3.0
370	3.5
377	0.5
423	3.5
441	3.5
454	3.0
457	3.0
471	3.0
485	2.5
500	2.5
509	3.5
520	4.0
524	2.0
527	3.0
531	3.0
539	2.0
541	3.5
562	3.0
586	3.0
590	2.5
593	4.0
594	3.0
597	3.0
608	4.5
648	0.5
674	3.0
708	3.0
719	2.0
733	2.5
736	3.5
743	3.5
750	5.0
762	3.0
778	3.5
780	3.0
784	2.5
802	3.0
830	3.0
852	3.0
902	3.5
904	5.0
908	3.5
912	5.0
913	5.0
917	4.0
919	4.0
920	5.0
923	3.0
924	5.0
938	3.5
953	3.0
999	3.0
1009	3.0
1010	4.0
1014	4.0
1019	3.5
1020	3.5
1028	3.5
1036	2.5
1042	3.0
1073	3.5
1079	3.5
1080	4.5
1081	3.0
1088	2.5
1089	2.5
1090	3.5
1091	2.5
1094	3.5
1097	4.0
1101	2.5
1120	3.0
1125	2.5
1126	3.0
1129	3.5
1136	5.0
1186	3.5
1193	3.5
1194	3.0
1197	4.0
1198	4.0
1199	3.5
1206	4.0
1208	5.0
1210	4.5
1213	3.0
1214	3.0
1219	3.5
1220	5.0
1222	3.0
1225	2.5
1230	3.5
1231	3.5
1234	3.5
1240	4.0
1246	4.5
1247	4.0
1250	3.0
1253	3.5
1259	4.0
1263	3.0
1265	3.5
1267	3.5
1270	5.0
1272	3.0
1276	3.5
1278	4.0
1282	5.0
1286	0.5
1287	2.5
1288	3.0
1291	3.0
1293	3.0
1333	4.0
1343	3.0
1345	3.0
1347	2.5
1356	3.0
1358	3.5
1370	2.5
1371	3.5
1372	3.0
1373	3.5
1374	3.5
1376	3.5
1387	3.5
1391	3.0
1393	2.5
1394	4.0
1407	3.0
1409	3.0
1416	2.5
1425	4.0
1483	4.0
1485	2.0
1500	2.5
1513	3.0
1517	4.0
1527	4.0
1544	4.0
1556	2.0
1569	3.0
1573	2.5
1580	4.0
1584	4.0
1590	1.5
1597	3.5
1603	2.5
1608	3.0
1610	3.0
1617	4.0
1641	3.0
1653	3.0
1663	2.5
1673	3.0
1676	2.5
1682	3.0
1704	4.0
1711	3.0
1726	2.5
1727	4.0
1729	3.0
1747	3.0
1753	3.0
1777	3.0
1779	2.5
1784	4.5
1884	3.5
1914	3.0
1917	2.5
1923	2.5
1924	2.5
1946	5.0
1947	3.5
1952	3.5
1953	3.5
1954	2.5
1957	1.5
1960	4.0
1961	3.5
1962	3.5
1968	3.0
1982	3.5
1994	3.0
1997	3.0
2000	2.5
2003	2.5
2005	3.5
2009	3.5
2014	3.5
2020	3.0
2022	3.0
2025	5.0
2028	3.5
2059	4.0
2072	3.0
2091	3.0
2109	4.0
2110	3.5
2112	3.0
2115	2.5
2120	2.5
2124	3.0
2132	3.0
2133	3.5
2136	2.0
2139	3.0
2144	2.5
2145	2.5
2155	3.5
2160	3.0
2163	3.0
2174	3.0
2278	3.0
2291	2.5
2301	3.0
2302	3.5
2321	3.0
2335	3.0
2352	3.0
2353	3.5
2366	3.0
2367	2.5
2371	4.5
2372	3.0
2378	3.5
2391	3.0
2393	3.5
2395	3.5
2396	4.0
2398	3.5
2405	2.5
2406	3.0
2407	3.0
2420	2.0
2423	4.0
2424	2.0
2450	3.0
2455	3.0
2456	3.5
2469	2.5
2470	2.5
2478	3.0
2490	3.0
2502	4.0
2505	3.0
2513	3.0
2517	3.0
2529	4.0
2530	3.0
2531	2.5
2533	2.5
2539	2.0
2565	5.0
2571	2.5
2628	3.0
2639	3.5
2640	3.0
2657	3.0
2662	4.0
2683	3.0
2692	2.5
2699	3.5
2700	4.0
2706	3.5
2710	2.5
2712	2.5
2716	4.0
2717	3.0
2729	5.0
2739	3.5
2746	3.0
2762	1.5
2770	3.5
2788	3.5
2789	3.5
2791	5.0
2792	3.5
2795	5.0
2804	3.5
2858	4.5
2863	3.5
2871	3.0
2891	4.0
2908	3.5
2916	4.0
2918	2.5
2921	3.0
2926	5.0
2942	1.0
2944	4.0
2946	5.0
2947	3.5
2950	5.0
2951	3.0
2959	1.0
2968	3.5
2985	5.0
2987	3.0
2993	2.5
2997	3.5
3020	3.0
3032	3.0
3033	4.0
3036	4.0
3037	3.5
3039	4.0
3040	3.0
3052	4.0
3063	3.0
3074	3.0
3087	3.0
3147	3.5
3148	4.5
3155	4.0
3168	3.5
3175	4.5
3198	3.0
3210	3.5
3244	3.5
3246	3.0
3247	2.0
3251	3.0
3253	3.5
3254	3.0
3255	3.5
3256	3.0
3264	3.5
3271	2.5
3362	3.5
3363	4.0
3388	2.5
3396	2.5
3398	2.5
3408	3.5
3421	4.0
3435	4.5
3441	3.0
3448	3.0
3451	2.5
3471	4.0
3494	3.0
3498	3.0
3499	3.5
3504	3.5
3524	3.0
3527	3.0
3545	3.0
3552	4.0
3591	1.5
3608	3.0
3623	0.5
3633	3.5
3635	3.5
3638	3.5
3671	5.0
3693	2.5
3698	3.0
3703	3.0
3708	3.5
3729	2.5
3730	4.0
3740	3.0
3752	3.0
3763	3.0
3770	3.0
3785	3.5
3791	2.5
3793	3.0
3812	3.0
3821	2.0
3827	2.5
3841	3.0
3868	4.0
3869	3.5
3873	2.5
3882	3.5
3893	3.5
3897	3.5
3927	2.5
3959	3.5
3969	3.5
3978	2.5
3994	3.0
4002	3.5
4008	2.5
4010	3.5
4014	3.5
4015	3.5
4022	3.5
4025	2.0
4027	2.5
4041	3.0
4061	3.5
4062	2.5
4085	2.5
4214	3.5
4215	3.0
4232	4.0
4246	2.0
4247	2.5
4291	2.5
4306	2.5
4308	3.0
4310	3.0
4321	3.5
4333	3.0
4349	4.0
4359	5.0
4361	4.0
4370	3.5
4447	3.5
4465	3.5
4474	2.5
4477	4.0
4489	3.0
4545	3.5
4571	3.5
4587	3.0
4676	3.0
4678	4.0
4679	4.0
4700	4.0
4710	5.0
4718	3.0
4734	4.0
4754	2.5
4799	3.5
4803	3.0
4809	3.0
4816	3.0
4835	3.0
4855	3.5
4874	3.5
4878	2.5
4896	3.5
4912	3.5
4971	3.5
4975	2.0
4980	2.5
4993	3.0
4995	3.5
5014	4.0
5049	3.0
5111	3.0
5214	3.0
5237	3.5
5247	3.0
5265	3.0
5303	2.0
5308	3.0
5349	3.5
5378	3.0
5400	3.5
5410	3.0
5418	4.0
5419	3.0
5445	3.0
5452	0.5
5459	3.0
5464	2.0
5500	4.0
5502	3.0
5504	3.5
5522	3.5
5548	3.5
5582	3.0
5611	1.0
5620	2.0
5650	3.0
5669	4.0
5673	4.0
5679	3.0
5693	2.0
5810	1.0
5816	4.5
5945	1.5
5952	3.5
5970	3.0
5991	3.0
6003	3.0
6104	3.0
6212	3.0
6218	3.5
6287	3.0
6303	3.0
6305	3.0
6338	4.0
6373	2.0
6385	3.0
6503	3.5
6535	2.5
6539	3.0
6565	2.5
6593	4.0
6659	2.5
6662	5.0
6711	4.0
6787	3.0
6794	0.5
6807	4.0
6852	3.5
6863	3.5
6870	3.5
6874	4.0
6934	2.0
6942	3.5
6947	3.0
6951	2.0
6979	3.5
7001	2.5
7004	3.0
7036	1.5
7123	3.5
7139	5.0
7147	3.0
7151	3.0
7153	3.5
7161	3.5
7162	3.5
7163	2.5
7247	2.5
7285	3.0
7303	5.0
7318	1.0
7347	1.0
7361	3.0
7373	3.5
7380	4.0
7386	3.0
7438	4.0
7444	3.0
7445	3.5
7451	3.5
7454	0.5
7481	3.0
7698	3.5
7701	0.5
7836	4.0
8337	2.5
8368	3.0
8373	2.5
8376	3.5
8464	3.5
8492	3.5
8531	2.0
8533	3.0
8596	3.0
8622	4.0
8623	3.0
8633	3.0
8636	3.5
8644	3.0
8665	4.0
8807	4.0
8808	4.0
8865	3.0
8874	3.0
8917	3.5
8949	3.5
8958	3.5
8961	3.5
8966	2.5
8970	4.0
26242	2.5
27706	2.5
27904	3.5
30707	3.5
30749	3.5
30793	5.0
30812	3.5
30820	3.5
31427	3.5
31696	1.5
32017	3.5
33004	4.5
33166	3.0
33493	3.0
33669	2.5
33679	2.5
33794	3.5
33880	3.5
34048	3.5
34336	2.5
34405	3.0
35836	3.5
36517	2.5
36529	2.5
36535	2.5
37382	2.5
37741	3.0
39231	1.5
39715	3.5
40583	3.0
40815	3.0
40819	3.5
41566	4.0
41569	2.5
41571	3.0
43396	2.5
44191	3.5
44709	2.5
44974	2.5
45028	2.0
45666	3.0
45720	3.5
45728	3.5
45880	2.5
45950	5.0
46578	5.0
46970	2.5
46972	2.5
46976	3.0
47997	3.5
48142	2.5
48304	1.5
48385	3.0
48738	3.0
48774	3.0
49530	2.5
50601	5.0
50798	1.5
51080	3.5
51091	3.5
51255	3.5
51540	2.5
51935	3.5
52458	2.0
52973	3.5
52975	2.0
53519	3.0
53894	3.5
53956	3.0
53993	1.5
53996	3.5
54001	3.0
54503	3.5
55052	3.0
55094	2.5
55276	3.0
55820	3.0
55830	3.5
55872	2.5
56152	3.5
56171	3.5
56174	3.5
56367	3.5
56775	3.0
56805	3.5
57368	3.0
58047	3.5
58105	3.5
58998	3.5
59022	4.0
59369	3.0
59615	3.5
59900	2.5
60069	3.5
60074	3.0
60126	3.5
60487	2.0
60760	3.0
61024	3.5
61132	4.0
61160	3.0
61323	2.5
62081	2.5
62155	4.0
62374	3.0
62394	2.5
63082	4.0
