1	4.0
2	3.5
5	3.5
7	2.5
10	3.5
19	3.0
26	5.0
27	3.5
34	3.5
39	4.0
46	4.0
60	2.5
95	3.5
104	3.0
110	5.0
112	4.0
145	3.0
150	3.0
158	2.5
160	3.0
165	3.0
170	3.5
185	4.0
208	3.0
215	3.0
216	3.0
231	2.5
235	5.0
252	4.0
256	2.5
260	5.0
262	3.0
289	3.0
296	5.0
327	3.5
337	4.5
339	5.0
342	3.0
344	3.0
349	3.5
355	3.0
356	5.0
361	2.0
364	3.5
367	3.5
370	3.5
374	3.5
376	4.0
377	4.0
380	3.0
419	2.0
420	3.5
423	3.5
436	3.5
454	4.5
455	3.5
457	5.0
466	4.0
468	4.5
480	3.5
485	1.5
492	5.0
497	4.5
500	3.5
502	3.5
520	4.0
529	4.5
531	2.0
538	3.5
539	4.0
548	4.0
552	4.0
575	4.0
585	4.5
586	3.5
588	3.5
589	4.5
590	5.0
594	4.0
595	3.5
597	3.5
605	3.5
608	4.5
648	4.0
653	2.0
661	3.5
673	2.0
688	4.0
720	3.5
733	5.0
736	3.5
745	4.5
761	3.0
780	3.5
788	3.5
801	3.0
805	4.5
830	3.5
836	4.0
838	4.0
849	1.5
858	5.0
886	3.5
899	5.0
902	3.5
904	5.0
908	4.5
910	3.0
911	4.5
912	4.5
913	5.0
914	4.0
915	3.5
919	4.0
921	4.5
934	3.5
940	4.0
955	3.5
965	4.0
969	4.5
994	2.5
1013	3.0
1018	3.0
1020	4.0
1028	3.5
1029	3.0
1032	4.0
1035	4.5
1036	3.5
1042	4.5
1047	3.0
1059	5.0
1061	4.0
1073	4.5
1080	4.0
1083	4.5
1088	0.5
1093	4.5
1097	4.5
1100	3.0
1101	4.5
1125	4.0
1126	2.0
1136	4.5
1148	4.5
1188	4.0
1193	4.5
1194	4.0
1196	5.0
1197	5.0
1198	4.0
1203	4.0
1204	5.0
1207	5.0
1208	5.0
1210	5.0
1220	5.0
1221	5.0
1225	4.5
1234	5.0
1240	4.0
1250	3.5
1262	5.0
1270	4.0
1284	4.5
1287	4.0
1288	4.5
1291	3.0
1304	4.5
1367	3.0
1380	4.0
1387	3.5
1390	4.5
1391	3.5
1393	3.0
1396	4.0
1409	3.0
1411	4.5
1438	2.5
1449	4.5
1460	2.5
1474	3.0
1479	3.0
1485	2.0
1487	3.5
1488	4.0
1499	2.0
1500	4.0
1513	3.0
1517	4.0
1527	5.0
1542	4.0
1552	3.5
1556	3.5
1569	3.5
1573	4.0
1580	3.5
1584	2.5
1588	3.5
1597	5.0
1608	3.5
1617	3.5
1641	3.5
1645	4.0
1653	4.5
1658	4.0
1663	4.0
1674	4.5
1676	2.0
1680	4.5
1682	4.0
1702	2.5
1711	4.5
1713	2.0
1721	4.0
1722	3.5
1747	5.0
1752	3.5
1753	4.0
1760	3.0
1772	0.5
1777	3.5
1784	3.0
1792	4.0
1801	4.0
1833	4.5
1882	3.0
1884	4.0
1888	3.5
1892	4.5
1895	2.0
1907	3.5
1911	2.5
1912	3.5
1917	4.0
1918	2.5
1921	4.0
1950	5.0
1954	3.5
1957	4.0
1959	3.0
1961	5.0
1962	3.5
1967	4.0
2000	4.0
2001	3.0
2002	3.0
2005	4.5
2006	3.5
2011	3.5
2012	3.5
2013	3.0
2014	3.5
2015	3.0
2019	4.5
2023	3.5
2036	3.0
2041	4.5
2052	3.0
2054	2.5
2059	4.0
2081	5.0
2082	3.0
2085	3.5
2090	1.5
2094	3.5
2096	2.0
2100	2.5
2110	4.5
2115	3.5
2116	5.0
2124	2.0
2125	3.5
2126	3.5
2136	2.5
2150	5.0
2151	3.5
2170	3.5
2183	4.5
2193	1.5
2208	4.5
2212	4.5
2268	4.5
2273	2.0
2278	5.0
2291	5.0
2321	4.0
2335	4.0
2336	4.5
2340	3.0
2352	4.0
2353	3.5
2354	3.5
2355	3.5
2359	5.0
2378	2.0
2379	2.5
2382	2.0
2384	2.0
2394	3.0
2396	4.0
2405	3.0
2406	4.0
2410	4.0
2420	3.0
2421	2.5
2422	2.5
2424	3.0
2431	4.0
2470	2.5
2471	1.5
2478	5.0
2485	3.0
2496	4.0
2497	3.0
2501	5.0
2518	4.0
2524	3.5
2539	4.0
2542	5.0
2561	4.5
2565	4.0
2568	3.5
2571	5.0
2572	4.0
2581	3.5
2605	4.0
2618	5.0
2622	4.0
2628	3.0
2640	3.5
2662	3.0
2671	3.5
2683	4.0
2686	4.0
2687	4.5
2692	4.5
2694	4.5
2699	4.0
2706	3.5
2707	4.0
2720	2.5
2722	4.5
2723	3.0
2724	2.0
2761	4.5
2763	3.5
2764	4.0
2770	5.0
2771	4.0
2798	2.5
2803	5.0
2805	2.0
2808	3.0
2846	4.0
2857	4.0
2858	5.0
2860	4.5
2881	4.5
2888	2.5
2918	5.0
2942	1.0
2944	5.0
2947	4.0
2959	5.0
2987	4.0
2997	4.5
3005	5.0
3006	4.0
3051	3.5
3082	3.5
3088	3.0
3104	4.0
3107	4.0
3114	5.0
3146	4.0
3152	3.5
3155	4.0
3156	2.0
3157	3.5
3163	4.0
3173	3.0
3175	4.5
3176	4.0
3178	4.5
3185	4.5
3186	5.0
3225	2.5
3247	1.5
3253	4.0
3254	2.0
3255	3.5
3269	4.5
3287	4.0
3296	4.5
3299	3.0
3301	4.0
3316	4.5
3325	2.5
3359	5.0
3404	3.5
3405	4.0
3408	4.5
3451	4.0
3478	3.5
3481	5.0
3483	3.0
3484	4.5
3489	2.5
3507	2.0
3510	3.5
3512	3.0
3513	4.0
3534	4.0
3555	4.5
3565	3.0
3578	4.5
3594	3.0
3608	2.0
3623	2.0
3624	3.5
3639	3.5
3654	4.5
3668	1.0
3717	3.5
3730	4.5
3751	3.5
3752	3.0
3753	4.5
3755	5.0
3793	3.5
3798	4.0
3825	3.0
3826	2.5
3827	3.5
3831	4.5
3844	4.5
3861	3.5
3868	2.5
3869	2.0
3882	3.5
3893	3.0
3897	5.0
3910	5.0
3911	4.5
3916	2.0
3948	4.0
3949	5.0
3953	3.5
3967	5.0
3968	2.5
3969	2.5
3977	4.5
3978	2.5
3980	4.5
3999	3.5
4002	4.0
4011	4.5
4015	2.0
4018	2.5
4020	4.5
4022	4.5
4025	4.0
4027	5.0
4034	5.0
4052	4.0
4054	2.0
4069	3.5
4084	2.5
4085	4.0
4225	5.0
4228	2.5
4234	4.0
4239	5.0
4246	4.0
4247	4.0
4248	4.0
4262	4.5
4299	3.0
4306	4.0
4308	5.0
4310	4.0
4321	2.0
4327	4.5
4343	3.0
4344	4.0
4351	4.5
4361	4.0
4367	3.5
4369	2.5
4372	3.5
4447	3.0
4448	4.5
4487	3.5
4499	4.0
4529	4.5
4558	2.0
4571	5.0
4621	2.5
4639	2.5
4700	3.0
4701	3.5
4718	1.5
4720	4.5
4728	4.0
4757	4.5
4776	3.0
4814	4.5
4816	5.0
4823	3.5
4844	3.0
4848	4.5
4865	4.0
4867	3.5
4874	2.5
4878	5.0
4881	4.5
4889	4.5
4890	4.0
4901	4.0
4958	4.0
4963	4.5
4973	5.0
4974	3.5
4975	4.0
4979	5.0
4992	3.5
4993	5.0
4994	4.5
4995	5.0
5004	5.0
5008	5.0
5010	4.5
5016	4.0
5025	4.5
5060	4.5
5064	4.0
5093	3.0
5103	3.5
5218	3.0
5219	3.0
5220	4.0
5266	3.5
5282	4.5
5293	3.5
5299	1.5
5308	2.5
5312	4.0
5349	3.5
5377	3.0
5378	2.5
5380	4.5
5418	4.5
5444	4.5
5445	4.5
5459	1.5
5481	4.0
5524	4.0
5541	4.0
5574	4.0
5613	3.5
5620	3.5
5668	5.0
5669	4.5
5693	4.0
5747	3.0
5810	4.0
5872	3.5
5899	4.0
5902	5.0
5903	4.5
5943	3.5
5952	5.0
5957	3.5
5969	4.0
5991	4.0
6003	4.5
6155	4.0
6157	3.0
6166	4.0
6188	4.0
6212	4.0
6218	4.0
6296	4.5
6331	5.0
6365	3.5
6378	4.0
6383	2.0
6503	3.0
6535	2.0
6539	4.0
6548	4.0
6593	4.0
6595	4.0
6662	4.0
6663	4.0
6708	5.0
6711	5.0
6773	5.0
6793	4.0
6807	4.0
6810	4.0
6863	3.5
6870	5.0
6873	3.5
6874	5.0
6879	4.5
6893	4.0
6932	4.0
6934	4.0
6936	4.0
6942	3.0
6944	3.0
6947	4.0
6953	5.0
7143	5.0
7147	4.0
7153	5.0
7163	4.0
7164	4.0
7254	4.5
7325	4.0
7347	4.5
7438	5.0
7451	4.0
7458	4.0
7460	5.0
8169	3.0
8360	4.0
8361	4.5
8376	5.0
8387	2.0
8581	4.5
8596	4.0
8623	3.5
8665	4.5
8783	5.0
8908	4.5
8916	3.5
8948	3.0
8961	4.5
8972	4.0
8974	5.0
30812	4.5
30816	3.5
30825	1.0
33794	5.0
34150	3.5
