1	3.5
3	3.5
5	3.5
6	3.0
10	3.0
11	3.5
16	3.5
19	2.5
21	2.0
22	2.0
32	4.0
34	3.0
36	3.5
39	3.0
42	3.0
47	4.0
50	5.0
69	4.0
95	3.0
104	4.0
110	4.5
111	3.0
141	3.0
150	3.0
151	4.0
153	0.5
160	2.0
161	3.0
165	3.5
173	2.5
185	2.5
186	3.0
193	0.5
196	2.0
208	3.0
216	4.5
223	3.0
225	3.5
231	4.5
260	5.0
266	2.0
292	3.0
296	5.0
316	3.0
317	2.0
318	5.0
329	2.0
333	3.5
344	3.5
349	3.0
350	2.0
356	4.0
364	3.0
367	3.0
368	3.0
376	3.0
377	3.5
380	3.0
432	2.5
434	3.0
442	3.0
454	3.0
457	4.5
466	3.0
474	3.0
480	4.0
485	1.5
494	2.0
500	4.5
509	3.0
520	3.5
527	4.0
541	3.0
543	4.0
586	3.0
587	3.0
588	4.0
589	4.5
590	3.0
592	3.5
593	5.0
594	4.0
595	3.0
597	3.0
608	4.0
628	3.0
648	3.0
653	3.0
720	5.0
733	4.0
736	3.0
745	5.0
750	3.0
778	3.5
780	3.0
784	2.5
785	2.5
786	2.5
788	3.0
805	4.0
832	3.0
858	3.5
899	4.0
912	5.0
916	3.0
919	3.0
924	4.0
998	3.0
1027	3.5
1028	4.0
1035	4.0
1036	3.0
1041	3.0
1047	4.0
1060	3.0
1073	3.0
1079	4.0
1080	4.0
1088	3.5
1089	3.5
1092	3.5
1097	4.0
1101	3.5
1127	3.0
1136	5.0
1148	5.0
1193	4.0
1196	5.0
1197	5.0
1198	5.0
1200	4.5
1206	3.0
1208	3.5
1210	4.0
1213	4.5
1214	3.5
1221	4.0
1222	3.5
1223	4.5
1225	4.0
1240	3.5
1246	4.0
1247	3.0
1252	3.0
1258	3.5
1262	3.0
1265	3.5
1270	3.0
1271	4.0
1285	2.5
1287	4.0
1288	4.0
1291	4.0
1302	3.0
1307	3.5
1320	3.5
1343	4.0
1356	4.0
1370	3.0
1371	3.0
1372	3.0
1373	2.0
1374	4.0
1375	4.0
1376	3.0
1377	3.0
1380	3.0
1391	2.0
1393	4.0
1396	4.0
1405	3.5
1407	3.0
1449	3.5
1466	5.0
1479	2.0
1485	4.0
1500	3.0
1513	3.0
1517	3.5
1527	4.0
1544	3.0
1552	2.0
1562	0.5
1566	0.5
1573	4.0
1580	4.0
1584	3.0
1597	3.0
1608	3.0
1610	4.0
1617	4.0
1620	3.0
1625	4.0
1635	3.0
1641	3.5
1653	3.0
1673	3.0
1682	3.0
1690	3.0
1694	3.0
1704	4.0
1711	3.0
1721	2.0
1729	3.0
1732	4.0
1748	3.0
1777	4.5
1784	3.5
1805	2.0
1810	4.0
1833	2.0
1845	4.0
1892	3.0
1907	3.0
1909	4.0
1912	3.0
1917	2.0
1918	2.0
1923	3.5
1953	3.0
1961	4.0
1962	4.0
1967	3.0
1997	4.5
2000	3.5
2001	3.0
2003	4.5
2004	3.5
2005	3.0
2011	3.5
2012	3.5
2028	3.0
2046	3.5
2058	3.0
2081	3.0
2105	3.5
2115	4.0
2139	3.0
2150	4.5
2161	3.5
2167	3.0
2174	3.5
2193	4.0
2194	4.0
2253	0.5
2268	4.0
2278	4.0
2291	4.0
2294	2.5
2302	4.5
2329	4.0
2334	3.0
2336	3.5
2353	1.5
2355	3.0
2387	0.5
2391	3.0
2393	2.0
2394	3.0
2395	2.0
2396	3.0
2406	3.5
2420	3.5
2424	2.5
2427	2.0
2470	3.5
2490	2.0
2502	5.0
2540	3.0
2541	2.5
2542	3.0
2571	5.0
2580	3.0
2599	3.0
2600	3.0
2616	0.5
2617	3.0
2622	3.0
2628	3.0
2640	4.0
2683	3.0
2686	4.0
2687	3.0
2692	3.0
2700	2.5
2706	3.0
2707	3.0
2712	3.0
2716	4.0
2761	4.0
2762	4.0
2763	3.0
2770	4.0
2791	3.0
2797	4.0
2804	3.0
2826	0.5
2841	3.0
2858	5.0
2890	3.5
2908	3.0
2912	2.0
2916	4.0
2918	4.5
2959	4.0
2987	3.0
2997	3.5
3006	4.0
3033	4.0
3034	3.0
3044	4.0
3052	3.0
3079	3.5
3081	4.0
3082	3.0
3114	3.5
3147	3.0
3148	4.0
3155	3.0
3159	4.0
3160	3.0
3163	3.0
3173	2.0
3174	3.5
3175	4.0
3176	3.5
3178	3.0
3247	3.0
3253	4.0
3255	3.0
3256	3.0
3265	3.0
3275	3.5
3300	3.0
3317	3.5
3386	3.0
3408	3.0
3418	3.0
3429	3.0
3448	4.0
3450	3.0
3471	3.5
3481	3.0
3489	3.5
3499	3.0
3510	4.0
3513	3.0
3535	3.0
3555	2.5
3556	3.0
3566	3.0
3578	4.0
3593	0.5
3615	3.0
3618	4.0
3623	2.0
3751	5.0
3752	0.5
3783	3.5
3785	3.0
3793	3.0
3798	3.0
3821	2.0
3827	0.5
3831	3.0
3863	3.0
3865	3.0
3893	3.0
3897	3.5
3911	4.0
3948	3.0
3952	4.5
3977	2.0
3986	2.5
3993	3.0
3994	3.0
3996	4.0
4002	3.0
4007	3.0
4011	3.0
4014	3.0
4017	3.0
4018	3.0
4019	4.0
4022	3.0
4025	3.5
4027	3.0
4029	3.0
4033	3.0
4034	4.0
4066	3.0
4085	4.0
4226	4.0
4246	3.0
4306	4.0
4308	3.5
4321	3.0
4370	1.0
4447	3.0
4448	3.5
4571	4.0
4643	1.5
4886	4.0
4889	3.5
4896	4.0
4963	3.0
4973	4.5
4975	3.0
4979	4.0
4993	5.0
4995	3.5
5013	3.0
5108	1.0
5218	3.0
5222	4.0
5266	3.0
5294	3.5
5299	3.5
5349	3.0
5377	3.5
5378	3.5
5388	3.5
5418	4.0
5445	4.0
5459	2.5
5464	4.5
5502	3.0
5669	4.0
5673	3.0
5816	4.0
5903	3.0
5944	3.0
5945	3.0
5952	5.0
5989	3.0
5991	3.0
5992	3.0
6104	4.0
6218	3.5
6296	4.0
6323	4.0
6333	3.0
6365	3.0
6377	4.0
6378	3.5
6380	3.0
6385	4.5
6537	3.0
6539	3.5
6565	3.5
6711	3.0
6787	3.5
6807	4.0
6867	4.0
6870	4.0
6873	4.0
6874	3.5
6879	3.5
6934	1.0
6936	4.0
6942	3.0
6947	3.5
7090	4.0
7139	4.0
7147	3.5
7149	3.0
7151	3.0
7153	5.0
7162	2.5
7293	3.0
7361	4.0
7438	4.0
7451	3.5
7841	4.0
7842	3.5
8132	4.5
8360	4.0
8366	3.5
8368	4.0
8376	4.0
8464	4.5
8533	2.0
8622	4.5
8636	4.0
8641	3.0
8784	4.5
8827	4.0
8949	3.5
8958	4.0
8961	4.5
8966	3.5
8970	3.5
8981	3.5
8983	3.5
27611	4.5
27660	3.5
27706	3.0
27790	3.0
27878	4.5
30707	3.5
30793	3.5
30812	3.5
33004	3.0
33166	4.5
33493	4.5
33660	4.0
33794	4.0
34072	3.5
34405	3.5
34528	3.5
35836	2.5
36529	3.0
38038	4.0
38886	3.0
39183	4.5
39292	4.5
40583	4.0
40815	3.5
40819	4.0
41285	4.0
41566	4.0
41569	3.5
42004	3.5
44191	4.0
44195	4.5
44199	4.0
45186	3.5
45517	3.5
45722	3.5
46322	3.5
46530	3.5
46578	4.0
46970	4.0
46976	4.0
47099	3.0
47610	4.0
47629	3.5
47999	4.0
48385	4.0
48394	4.0
48516	4.0
48774	4.5
48780	3.5
49272	4.5
49274	3.0
49824	3.0
50872	4.5
52245	4.0
53123	4.0
53125	2.5
53956	3.5
53993	2.5
54001	4.0
54259	4.5
54272	4.0
54286	4.5
54997	4.0
55118	4.0
55269	4.0
55765	4.0
55820	4.0
56333	3.0
56367	4.0
56782	3.5
56788	4.0
56921	4.5
58559	4.0
59315	4.5
59501	3.5
59615	3.0
59725	4.0
59784	4.0
60069	4.0
60950	3.5
63082	4.0
63113	4.0
63876	4.0
64957	3.5
67267	4.0
68159	4.0
68358	4.0
79132	4.5
91077	3.5
