1	4.0
2	3.5
6	4.5
11	4.5
13	3.5
16	4.5
19	1.5
20	3.5
25	4.0
34	4.0
36	4.0
39	3.5
45	3.5
47	4.0
48	4.0
62	3.0
79	4.0
88	3.0
95	3.5
104	5.0
107	3.5
110	4.5
111	4.0
141	4.0
145	5.0
150	4.5
151	4.5
161	4.5
165	4.0
173	3.5
185	3.5
193	1.5
208	3.0
216	4.0
225	4.0
231	2.0
239	3.0
246	4.5
260	4.5
266	4.5
267	3.0
277	4.0
291	3.5
292	4.5
296	4.5
300	4.0
313	3.5
317	3.5
318	5.0
333	4.0
339	4.0
344	3.0
349	4.0
355	3.5
356	5.0
361	3.5
362	3.5
364	5.0
367	3.5
368	4.0
377	4.5
380	3.5
383	3.0
420	2.0
432	3.5
440	3.5
454	4.0
455	4.0
457	4.0
466	3.0
480	4.0
494	4.0
508	5.0
511	4.0
514	3.5
527	4.5
539	4.0
541	4.5
553	4.5
585	3.0
586	3.5
587	4.0
588	4.5
589	4.0
590	4.5
592	3.5
593	4.5
594	4.5
595	4.0
596	4.5
597	4.0
608	4.5
648	4.5
673	2.5
678	5.0
688	3.0
691	3.5
700	4.5
733	4.0
736	4.0
737	3.5
762	4.0
780	4.0
785	3.5
788	3.0
802	4.0
810	1.0
832	4.0
849	3.5
858	5.0
880	3.5
888	3.5
904	4.0
912	4.5
919	4.5
920	4.0
923	5.0
924	4.5
940	4.5
953	5.0
969	4.0
1005	3.0
1007	3.5
1009	3.0
1010	4.0
1012	4.5
1013	4.0
1015	4.0
1016	4.0
1017	4.5
1019	4.5
1020	3.5
1021	3.5
1022	4.5
1023	4.0
1025	4.5
1027	3.5
1028	4.0
1029	4.5
1030	3.5
1031	4.0
1032	4.5
1033	4.0
1035	4.0
1036	4.5
1049	4.5
1064	3.5
1073	4.0
1088	4.0
1092	4.0
1093	0.5
1097	4.5
1099	4.0
1101	4.5
1125	4.0
1129	4.0
1135	3.0
1136	4.5
1193	4.5
1194	3.0
1196	4.5
1197	4.0
1198	4.5
1200	4.0
1204	4.0
1206	4.0
1210	4.5
1213	4.5
1214	5.0
1220	4.5
1221	4.5
1231	4.5
1234	4.5
1240	4.5
1246	2.0
1247	4.5
1250	4.5
1259	5.0
1265	3.5
1270	4.0
1271	4.0
1272	4.0
1278	4.0
1282	4.0
1286	4.0
1287	4.0
1291	4.5
1298	3.0
1302	5.0
1304	4.5
1307	3.5
1320	3.0
1321	4.5
1334	3.5
1343	3.5
1347	4.0
1350	4.0
1358	4.5
1370	4.5
1371	3.5
1374	4.0
1378	4.0
1380	4.0
1387	4.5
1393	4.5
1422	3.5
1466	4.5
1474	3.0
1476	3.5
1479	4.0
1513	3.0
1517	4.0
1518	4.0
1544	3.5
1552	4.5
1556	3.0
1562	3.0
1573	2.0
1580	5.0
1584	4.0
1586	3.5
1588	3.0
1592	3.5
1608	4.0
1610	4.5
1626	3.0
1645	4.0
1663	4.5
1673	4.0
1674	4.0
1682	3.5
1688	4.0
1690	3.0
1702	3.0
1704	4.5
1721	4.5
1722	3.5
1747	4.0
1777	4.5
1784	4.0
1792	4.0
1805	4.0
1831	3.0
1907	4.5
1917	3.5
1923	4.5
1953	4.0
1954	4.5
1955	4.0
1959	3.0
1961	4.5
1968	4.0
1982	4.0
1994	4.5
2000	4.5
2001	4.0
2003	3.5
2005	4.0
2009	4.0
2011	3.0
2012	3.0
2013	4.0
2014	3.0
2015	4.0
2016	4.0
2018	4.0
2042	3.0
2046	4.0
2054	3.0
2057	4.0
2058	4.5
2064	0.5
2076	4.0
2078	5.0
2080	4.5
2081	4.5
2083	4.0
2085	4.0
2087	4.0
2091	3.5
2095	3.0
2096	4.5
2099	4.0
2100	4.0
2102	3.5
2105	3.0
2109	4.0
2114	4.5
2115	4.0
2123	3.5
2126	3.5
2133	4.0
2134	3.5
2135	4.0
2136	3.0
2137	4.5
2141	4.0
2142	3.5
2144	4.0
2146	4.0
2152	3.0
2174	3.5
2205	4.5
2231	4.0
2245	4.0
2265	0.5
2268	4.5
2288	3.5
2294	4.5
2301	4.0
2302	4.0
2335	3.0
2353	4.5
2354	3.0
2355	4.5
2366	4.0
2378	4.0
2381	3.0
2394	4.0
2398	4.0
2399	3.5
2402	3.0
2403	4.0
2404	2.5
2405	4.0
2406	3.0
2407	3.5
2420	4.0
2421	3.0
2423	4.5
2430	3.0
2447	4.0
2450	0.5
2474	4.0
2478	3.0
2502	4.5
2524	3.5
2528	3.5
2529	4.5
2530	3.0
2531	3.5
2533	3.0
2539	3.5
2565	4.0
2568	2.0
2571	4.5
2598	4.0
2599	3.0
2605	4.0
2628	3.5
2640	3.5
2662	4.5
2683	4.5
2694	4.0
2701	3.0
2706	4.5
2710	3.5
2716	4.5
2720	1.5
2724	3.5
2735	2.5
2762	4.5
2779	3.5
2791	4.5
2793	3.5
2795	4.5
2797	4.5
2803	4.0
2846	4.0
2871	4.0
2872	4.0
2881	4.0
2889	4.5
2899	4.5
2915	5.0
2918	4.5
2941	4.0
2942	4.0
2947	3.5
2948	3.0
2950	3.5
2953	2.5
2985	4.0
2987	3.5
2989	4.5
3020	4.0
3034	4.0
3039	4.0
3040	3.5
3061	4.0
3063	4.0
3072	4.0
3098	4.5
3101	4.5
3105	4.0
3107	4.5
3114	4.0
3147	4.5
3157	4.0
3210	5.0
3247	3.0
3249	3.5
3253	4.0
3255	4.0
3256	4.0
3263	4.0
3274	3.5
3286	3.0
3287	3.0
3298	3.5
3301	4.0
3360	4.0
3361	5.0
3363	4.5
3386	4.5
3396	4.0
3398	4.0
3408	4.5
3418	4.0
3421	5.0
3448	4.0
3450	3.5
3451	4.0
3461	4.0
3471	4.5
3483	4.0
3489	3.0
3505	5.0
3506	4.5
3519	4.0
3524	4.0
3526	4.5
3534	3.0
3552	4.5
3578	4.0
3591	4.0
3614	4.0
3615	4.0
3635	3.0
3638	3.5
3671	4.5
3672	3.0
3675	4.5
3690	3.0
3702	4.0
3703	4.0
3704	4.0
3708	4.0
3717	4.5
3726	4.5
3751	4.0
3753	4.0
3755	4.5
3791	4.0
3825	3.0
3827	4.0
3844	3.5
3861	4.0
3868	4.0
3873	5.0
3893	3.5
3916	5.0
3927	4.0
3930	4.0
3948	4.0
3977	3.5
3990	3.0
3991	3.0
4002	4.0
4007	4.5
4016	4.5
4019	5.0
4022	4.5
4025	4.0
4033	4.5
4041	4.0
4069	3.0
4084	3.0
4085	4.5
4086	4.0
4102	5.0
4121	3.0
4128	4.0
4214	4.5
4215	3.0
4220	4.5
4232	3.5
4262	4.5
4280	3.0
4292	4.0
4306	4.5
4321	3.0
4322	4.5
4327	4.5
4351	3.5
4361	4.0
4366	4.0
4369	4.0
4396	4.0
4447	4.0
4483	1.0
4488	4.0
4489	4.0
4502	2.0
4508	4.5
4519	4.5
4545	3.5
4571	4.0
4616	5.0
4623	4.5
4638	3.0
4643	4.5
4654	3.5
4661	4.5
4673	4.0
4677	3.5
4679	3.0
4681	3.0
4718	2.5
4719	3.0
4799	3.5
4855	4.5
4857	4.0
4886	4.5
4896	4.0
4954	4.0
4963	4.5
4990	3.0
4993	4.0
4995	4.5
5027	3.0
5049	4.0
5060	5.0
5103	4.5
5139	4.5
5214	4.0
5218	4.5
5247	4.5
5267	5.0
5293	4.0
5308	3.5
5349	4.0
5378	4.0
5389	3.5
5418	4.0
5419	3.0
5444	4.0
5445	4.5
5449	4.0
5452	2.0
5459	3.0
5500	3.5
5504	3.0
5505	2.0
5541	3.5
5572	4.0
5582	3.0
5693	3.5
5796	4.0
5804	2.5
5816	4.0
5882	3.5
5899	4.0
5952	4.5
5970	4.0
5991	3.5
6157	3.5
6170	4.0
6188	3.5
6264	3.5
6281	4.0
6297	4.5
6365	4.0
6373	4.0
6377	5.0
6383	4.0
6482	1.0
6503	3.0
6537	3.0
6539	5.0
6548	4.0
6565	4.5
6566	1.5
6593	4.0
6617	4.0
6624	3.0
6662	4.0
6708	3.5
6711	2.5
6743	4.5
6787	4.5
6793	4.0
6794	3.0
6796	4.5
6852	4.0
6863	5.0
6870	4.0
6879	4.0
6887	4.5
6889	4.0
6934	4.0
6936	4.5
6944	4.5
6951	3.0
6974	4.0
6979	4.0
6986	4.0
7004	4.0
7017	4.0
7018	4.5
7036	3.5
7101	3.5
7102	3.0
7149	4.0
7153	4.5
7161	4.0
7247	4.0
7263	4.5
7293	5.0
7324	4.5
7325	3.5
7369	3.0
7381	3.0
7386	4.5
7445	4.0
7570	3.0
7698	4.0
7701	2.0
7802	4.5
8207	4.5
8228	4.0
8340	4.5
8360	3.5
8361	4.5
8372	3.5
8492	4.5
8526	2.5
8528	4.5
8529	4.0
8614	3.5
8622	0.5
8623	4.5
8636	4.0
8641	4.0
8644	4.0
8665	4.5
8666	3.5
8798	5.0
8860	4.0
8907	4.0
8908	4.0
8916	3.5
8937	4.5
8949	2.0
8961	4.0
8965	4.0
8972	4.5
8974	3.0
8984	4.0
26555	3.5
27808	4.0
27821	3.5
30707	4.5
30793	4.5
30810	2.5
30825	4.0
31221	3.5
31225	4.5
31685	4.5
32017	4.0
32031	4.0
32296	3.0
32596	4.5
33493	4.0
33615	4.5
33646	4.0
33679	4.5
34048	4.0
34150	4.0
34162	4.5
34332	4.0
34336	4.0
35836	5.0
37727	4.0
38038	4.0
39231	4.0
39435	4.0
40339	4.5
41566	4.5
42007	4.0
42011	2.5
42734	3.5
43836	3.0
44199	4.5
