1	4.5
2	3.5
11	4.0
19	3.0
22	3.5
31	4.0
32	4.0
34	3.5
39	4.0
44	2.0
47	4.0
48	2.5
50	4.0
60	2.5
65	2.0
69	4.0
70	2.5
104	4.0
107	3.5
150	4.0
153	2.5
163	4.0
165	3.5
181	3.5
185	3.0
196	3.0
203	3.5
216	4.0
223	4.0
224	4.0
231	3.0
239	3.0
250	4.0
265	3.5
288	2.5
296	4.0
317	4.0
333	4.0
344	3.5
353	4.0
355	3.0
356	4.5
362	4.0
364	4.5
367	3.0
374	3.5
377	3.5
380	3.5
410	4.0
413	3.0
440	4.0
442	3.5
455	3.5
480	4.0
485	3.0
500	3.5
520	4.0
524	4.0
541	3.5
546	3.5
551	4.5
586	4.0
587	3.5
588	3.5
590	3.5
592	3.5
593	4.0
594	4.0
595	4.0
596	3.5
616	3.0
661	4.0
673	3.0
688	3.0
708	3.0
709	3.5
736	2.0
741	3.5
778	4.0
780	3.0
783	3.0
784	3.0
810	1.5
842	3.0
902	3.0
919	4.0
1020	3.5
1022	3.5
1023	4.0
1025	4.0
1027	4.0
1028	3.5
1029	3.5
1032	3.5
1033	3.0
1036	4.0
1059	2.0
1060	4.0
1073	4.0
1089	4.5
1148	4.0
1175	3.5
1197	4.5
1198	4.0
1213	4.0
1215	4.0
1249	3.5
1258	5.0
1259	4.5
1261	3.0
1271	4.0
1272	3.5
1282	4.0
1285	3.5
1288	4.0
1302	4.0
1304	4.0
1359	2.0
1367	3.0
1370	3.0
1377	4.0
1380	3.5
1381	3.0
1391	3.5
1407	3.5
1438	3.0
1479	2.5
1495	2.5
1500	4.0
1517	4.0
1527	3.5
1537	4.0
1544	3.0
1562	2.0
1566	3.0
1573	3.5
1580	3.5
1584	3.0
1591	2.5
1617	4.0
1627	3.5
1644	3.5
1645	3.0
1674	4.0
1676	3.5
1682	3.5
1707	2.0
1717	3.0
1721	3.5
1732	4.0
1760	1.5
1769	3.0
1777	4.0
1801	3.0
1805	3.0
1858	4.0
1882	3.0
1907	3.5
1911	3.5
1917	3.0
1923	4.0
1967	3.0
1968	4.0
2005	4.0
2048	4.0
2052	3.5
2059	3.0
2078	4.0
2080	3.5
2081	3.5
2087	3.5
2090	4.0
2092	2.5
2096	3.0
2114	3.5
2124	4.0
2125	3.5
2137	4.0
2144	4.0
2167	4.0
2174	4.0
2273	4.0
2288	4.0
2291	4.0
2294	3.0
2296	3.0
2316	3.0
2321	3.5
2324	4.0
2335	4.0
2338	2.0
2355	3.5
2394	3.0
2395	3.5
2428	3.0
2485	2.5
2490	3.5
2501	4.0
2502	4.0
2542	4.0
2571	4.5
2572	3.5
2599	4.0
2617	3.5
2657	3.5
2683	3.5
2687	3.0
2694	3.5
2699	3.0
2710	3.0
2723	3.0
2724	2.5
2762	4.5
2763	3.5
2791	4.5
2841	3.5
2858	3.5
2881	4.0
2890	4.0
2953	3.5
2959	4.0
2987	4.0
2997	3.5
3000	3.5
3034	4.0
3045	3.5
3052	3.5
3081	4.0
3108	3.5
3114	5.0
3159	4.0
3160	4.0
3177	3.0
3210	3.5
3258	3.0
3264	3.0
3271	4.0
3273	2.5
3300	3.5
3301	3.5
3327	4.0
3355	3.0
3408	3.5
3421	3.5
3450	3.5
3452	3.0
3477	3.0
3481	3.5
3489	3.5
3510	3.5
3534	3.0
3535	3.5
3556	3.5
3578	4.0
3624	3.5
3646	2.5
3668	3.5
3671	4.5
3702	3.0
3717	3.0
3723	4.0
3745	2.5
3755	3.5
3783	3.5
3784	3.0
3785	3.0
3791	3.5
3793	4.0
3825	3.5
3861	3.5
3863	2.5
3897	3.5
3916	3.5
3948	3.5
3967	4.0
3977	2.5
3979	3.0
3980	3.0
3988	3.5
3994	3.5
3996	4.0
4011	3.5
4014	4.0
4015	2.0
4016	3.5
4018	3.0
4019	4.0
4022	3.5
4023	3.0
4025	3.0
4027	3.5
4034	4.5
4054	3.5
4069	3.0
4128	4.0
4149	2.0
4226	4.5
4228	3.0
4232	3.5
4246	4.0
4248	3.0
4262	4.0
4270	3.5
4306	4.0
4310	2.0
4340	2.0
4344	3.0
4367	3.0
4368	3.0
4369	3.0
4370	3.0
4388	3.0
4446	3.0
4447	3.5
4621	3.5
4638	3.0
4641	4.0
4700	3.0
4701	3.5
4703	4.0
4720	3.5
4734	2.0
4816	3.5
4878	3.5
4886	4.5
4896	4.0
4963	4.5
4973	4.0
4974	2.0
4979	4.0
4993	3.5
4995	4.0
5010	4.0
5013	4.0
5066	3.0
5103	4.0
5110	3.5
5159	3.0
5218	4.0
5219	3.0
5254	3.0
5265	3.5
5266	3.5
5299	4.0
5323	1.5
5349	4.0
5363	3.0
5377	3.5
5378	3.0
5387	3.0
5418	4.0
5444	1.5
5445	4.0
5449	3.0
5478	3.0
5481	3.0
5504	3.0
5507	2.5
5524	2.0
5572	3.5
5617	4.0
5621	2.5
5669	4.0
5679	3.0
5810	4.0
5816	4.0
5882	3.0
5902	3.5
5903	3.5
5952	4.5
5989	4.0
5991	4.0
5995	4.0
6156	3.0
6157	2.0
6166	2.0
6188	4.0
6212	3.5
6250	3.5
6264	2.0
6266	3.0
6287	3.0
6290	2.0
6323	4.0
6333	4.0
6365	3.0
6373	3.5
6377	4.5
6378	4.0
6383	2.0
6502	4.0
6503	2.0
6535	2.0
6539	4.0
6541	3.0
6564	3.5
6618	4.0
6709	4.0
6711	3.5
6743	4.0
6753	4.0
6754	3.0
6764	4.0
6863	3.5
6873	3.0
6874	4.5
6934	3.0
6936	4.0
6942	4.0
6952	3.0
6957	4.0
7022	4.5
7090	3.5
7137	4.0
7143	3.0
7147	4.0
7153	4.5
7173	3.0
7235	2.0
7254	3.0
7255	3.0
7293	4.0
7346	3.5
7360	3.5
7361	3.5
7373	3.0
7376	3.0
7381	2.0
7438	4.5
7451	4.0
7454	3.0
7458	3.5
8360	4.0
8366	4.0
8368	4.0
8373	3.0
8376	3.5
8464	3.5
8528	4.0
8531	3.0
8622	3.0
8636	3.5
8641	4.0
8644	3.5
8665	3.5
8666	1.5
8798	4.0
8861	3.0
8870	2.0
8874	4.0
8910	3.5
8917	3.5
8947	3.0
8949	3.5
8957	3.5
8961	4.5
8984	3.0
26133	4.0
26680	3.5
27706	3.0
27773	4.0
27808	3.5
27831	3.5
30707	4.0
30749	4.0
30793	4.0
30816	4.0
30825	2.0
31878	4.0
32019	3.0
32587	4.5
33166	3.5
33615	3.0
33646	3.5
33794	4.0
34150	3.0
34162	4.0
34405	4.0
35836	4.0
36401	3.5
36708	3.0
37727	3.0
37729	3.5
38038	4.0
40278	3.5
40339	3.0
40583	3.5
40815	4.0
40819	4.0
41566	3.5
42723	3.5
43928	1.0
44022	3.0
44191	3.5
44199	3.5
44788	4.5
44828	3.5
44974	4.0
45431	4.0
45499	2.5
45517	3.0
45666	3.0
45722	3.5
46322	3.5
46970	4.0
46972	2.5
46976	3.5
47610	3.5
48516	4.0
48774	4.0
48780	4.0
49272	4.0
49824	4.0
50794	3.5
50872	5.0
51084	3.0
51662	4.0
52245	3.5
52281	3.5
52435	4.0
52973	3.5
53121	3.0
53125	3.0
53322	3.5
53464	2.0
53519	2.0
53956	4.0
53996	4.0
54001	4.0
54259	4.5
54286	4.5
54503	3.5
54648	2.0
55232	3.0
55276	4.0
55442	4.5
55820	4.5
55995	3.5
56145	3.5
56152	4.0
56174	3.5
56367	3.5
56757	3.5
56941	3.5
56949	3.5
57640	3.5
57669	4.5
58047	4.0
58295	3.5
58559	4.5
58998	4.0
59103	3.5
59315	4.0
59369	4.0
59615	2.5
59784	4.0
60040	3.5
60069	5.0
60072	3.5
60126	4.0
60487	3.5
60684	4.5
60950	4.0
61132	4.0
62081	4.0
62849	4.5
63131	4.0
63992	2.5
65088	3.5
65261	4.0
67255	4.0
67408	3.0
68157	4.0
68319	3.0
68791	3.5
68954	4.0
69122	4.0
69844	3.5
70293	4.0
70336	2.0
71156	4.0
71254	2.0
71282	4.0
71535	4.0
73017	4.0
74458	4.0
76077	3.0
76093	4.0
76251	3.0
76293	3.5
77561	3.0
78499	5.0
79091	4.5
79132	5.0
79695	2.0
79702	4.5
81834	3.5
81847	4.0
82461	3.5
86833	4.0
89774	4.0
