6	4.0
10	4.0
20	3.5
21	3.0
22	3.5
23	4.0
34	2.5
39	3.0
47	3.5
69	4.0
70	4.5
104	3.0
110	4.0
111	3.0
112	4.0
122	3.0
135	4.0
141	3.0
145	3.0
150	4.0
153	3.5
160	4.0
161	4.0
163	4.0
165	4.0
173	3.0
180	3.0
196	3.0
204	4.0
208	4.0
225	3.0
231	3.0
256	3.5
260	4.0
288	2.0
292	4.0
293	4.0
296	5.0
315	4.0
316	4.0
318	4.0
337	3.5
342	2.0
345	3.5
350	3.0
355	3.5
356	3.5
357	2.5
367	3.0
368	4.5
370	3.0
372	3.0
376	3.0
377	4.0
379	3.0
380	4.0
413	3.5
415	4.0
423	4.0
428	4.0
431	3.5
434	4.0
436	3.5
440	4.0
442	4.0
455	3.0
457	4.0
466	3.0
474	4.0
480	4.0
485	3.5
489	4.0
494	3.5
500	3.5
502	3.0
507	3.5
516	4.0
517	2.5
519	3.0
527	4.0
541	3.0
544	3.5
546	3.0
552	3.5
553	3.5
586	3.5
589	4.5
590	3.5
592	3.5
593	3.5
597	3.5
637	4.5
648	3.5
656	3.5
724	3.5
733	4.0
736	5.0
743	3.0
762	3.5
778	3.0
780	4.0
782	3.0
784	2.5
785	4.0
786	4.0
788	3.0
798	4.0
805	4.0
832	3.0
836	4.0
842	3.5
852	3.0
858	4.0
861	3.5
880	3.0
920	4.5
924	3.5
996	2.0
1020	4.0
1027	4.0
1036	4.0
1047	4.0
1061	4.0
1080	3.5
1089	4.0
1092	3.0
1094	2.5
1100	3.5
1120	3.5
1127	3.5
1136	3.0
1183	4.0
1193	3.0
1196	4.0
1198	3.5
1200	4.0
1201	4.5
1206	3.5
1210	4.0
1213	4.0
1214	3.0
1220	5.0
1221	4.0
1222	3.5
1228	3.0
1240	4.0
1255	3.0
1258	3.5
1259	4.0
1265	3.0
1266	4.0
1270	4.0
1288	3.5
1291	3.0
1302	3.0
1320	3.5
1333	3.0
1345	1.5
1359	3.0
1370	4.0
1377	4.0
1382	3.0
1385	4.0
1387	3.5
1388	3.5
1389	3.5
1391	3.5
1393	3.5
1396	2.0
1405	3.0
1407	3.5
1422	4.0
1427	3.0
1429	4.0
1431	3.0
1432	3.0
1438	4.0
1466	4.0
1476	4.0
1479	4.0
1485	3.5
1487	3.5
1488	3.5
1497	2.5
1499	3.0
1515	3.0
1517	3.5
1527	5.0
1541	3.5
1544	3.0
1552	4.0
1562	3.0
1569	3.0
1573	3.0
1580	3.5
1584	4.0
1586	4.0
1587	3.5
1589	3.5
1597	4.0
1604	3.5
1605	3.0
1608	4.0
1610	4.0
1616	3.5
1617	3.0
1626	4.0
1645	3.0
1663	3.5
1676	4.0
1682	3.0
1687	3.0
1690	3.5
1704	4.0
1717	4.0
1721	5.0
1722	4.0
1729	3.0
1752	4.0
1769	3.5
1772	4.0
1777	4.5
1779	3.0
1792	4.0
1810	1.5
1858	4.0
1866	4.0
1876	3.5
1882	3.0
1909	4.0
1912	3.5
1917	4.0
1918	4.0
1923	3.5
1954	4.5
1957	2.5
1961	3.5
1965	3.0
1982	3.0
2000	3.5
2001	3.5
2002	4.0
2003	3.5
2006	4.0
2011	3.5
2012	4.0
2013	3.0
2020	1.5
2023	3.0
2028	3.5
2053	3.5
2054	4.0
2058	3.5
2100	3.0
2108	2.5
2114	3.0
2115	4.0
2119	4.0
2126	3.5
2145	3.5
2148	2.5
2167	3.5
2170	3.0
2174	3.0
2188	3.5
2194	3.5
2231	3.0
2273	4.5
2278	3.0
2288	4.0
2291	2.5
2302	4.0
2329	3.5
2331	2.5
2335	4.0
2353	4.0
2371	4.0
2372	3.5
2373	2.5
2376	3.5
2378	5.0
2379	4.0
2380	5.0
2381	5.0
2382	4.5
2383	4.5
2395	3.0
2401	4.0
2402	4.0
2403	3.5
2404	3.5
2409	4.0
2410	3.5
2411	3.5
2412	3.5
2420	4.5
2421	4.0
2422	3.5
2423	3.0
2428	3.0
2431	4.0
2454	3.0
2455	3.0
2458	3.5
2459	1.0
2470	4.0
2471	4.0
2474	3.0
2476	4.0
2478	3.5
2490	3.0
2505	3.0
2513	3.0
2514	2.0
2539	3.0
2561	4.0
2567	3.5
2571	3.5
2572	4.0
2605	3.5
2617	3.5
2628	3.5
2671	4.5
2683	4.0
2694	3.0
2699	3.0
2701	4.0
2706	3.5
2712	3.5
2716	4.0
2717	4.0
2719	3.0
2722	4.0
2772	3.5
2791	3.0
2794	3.0
2795	4.0
2802	2.0
2803	3.0
2808	2.0
2860	3.5
2890	4.0
2916	4.0
2921	4.0
2922	3.5
2942	3.5
2947	4.0
2948	4.0
2949	4.0
2951	4.0
2953	3.0
2959	3.0
2985	3.5
2986	3.0
2989	3.5
2990	4.0
2991	4.0
2993	4.0
3020	3.5
3033	4.0
3052	4.0
3082	4.0
3087	2.5
3113	3.5
3114	3.0
3120	3.0
3147	4.0
3173	3.0
3208	3.5
3210	3.5
3249	3.0
3252	3.5
3253	4.5
3254	4.0
3257	3.0
3267	2.5
3268	3.0
3273	3.0
3301	3.5
3316	3.0
3354	3.0
3363	3.5
3386	4.0
3387	3.0
3408	3.5
3409	3.5
3418	3.0
3448	3.5
3452	3.0
3481	4.0
3499	2.5
3508	4.0
3513	3.5
3527	4.0
3536	3.5
3552	3.0
3555	3.5
3566	2.5
3578	3.5
3616	4.0
3617	4.0
3623	3.0
3624	4.5
3633	4.0
3635	4.0
3638	4.0
3639	3.5
3646	3.0
3681	4.0
3682	3.0
3697	3.5
3698	3.5
3702	3.0
3705	3.5
3717	3.0
3744	3.5
3752	3.5
3753	3.5
3755	3.5
3769	3.0
3785	3.5
3791	3.5
3793	4.5
3809	3.0
3825	4.0
3827	4.0
3836	4.0
3841	3.0
3861	5.0
3868	3.5
3869	3.0
3895	3.0
3897	3.5
3946	2.5
3972	3.5
3977	3.0
3984	3.5
3986	3.5
3994	3.0
3999	3.0
4002	3.5
4005	4.0
4018	4.0
4025	4.0
4029	3.5
4054	4.0
4062	2.5
4085	4.0
4124	3.5
4148	3.5
4159	4.0
4161	3.5
4167	3.0
4224	4.0
4228	4.0
4246	3.0
4254	4.0
4265	3.0
4299	4.0
4305	4.5
4343	3.5
4344	3.0
4367	3.0
4369	3.5
4388	3.5
4396	4.0
4489	4.0
4498	3.0
4531	3.0
4558	4.0
4571	3.0
4572	3.5
4587	3.5
4638	3.0
4643	3.5
4673	4.0
4679	4.0
4701	3.5
4718	4.0
4728	3.0
4734	4.0
4745	2.0
4757	4.0
4803	3.0
4855	3.5
4890	3.5
4899	3.0
4963	4.0
4973	3.0
4974	3.5
5010	3.5
5027	3.0
5040	3.0
5049	3.5
5093	3.5
5152	3.0
5219	4.5
5220	3.0
5247	3.0
5267	3.0
5349	4.0
5378	3.0
5438	3.0
5445	3.5
5449	3.5
5459	3.0
5478	3.0
5506	4.0
5507	3.5
5523	3.5
5541	3.0
5553	4.0
5568	3.5
5621	3.5
5693	3.5
5747	2.5
5784	3.0
5803	3.5
5872	3.5
5970	3.0
6156	3.0
6212	3.0
6333	3.5
6428	3.5
6502	3.5
6537	3.5
6586	3.5
6618	3.0
6659	4.0
6664	5.0
6793	3.0
6794	3.5
6800	4.0
6808	4.0
6810	3.5
6874	3.0
6979	3.5
7004	4.0
7007	4.0
7017	4.0
7022	4.0
7027	4.0
7386	4.5
8387	2.5
8861	3.0
26555	4.0
