1	5.0
6	5.0
10	4.0
11	4.0
19	3.0
22	4.0
24	3.5
29	2.0
32	3.0
34	4.0
36	3.0
42	4.0
44	1.5
47	4.0
50	4.5
62	3.5
70	3.5
74	4.0
81	4.0
95	3.0
101	5.0
110	3.5
117	4.0
123	5.0
141	4.0
145	3.5
150	4.0
151	4.0
160	3.0
161	1.0
163	4.0
165	3.5
168	3.5
173	0.5
188	3.5
196	4.0
198	4.0
204	4.0
207	4.0
208	4.0
222	4.0
224	4.0
232	4.0
253	3.0
260	5.0
265	3.5
266	4.0
273	3.0
282	4.0
292	4.0
293	4.0
296	5.0
316	4.0
318	5.0
322	3.0
344	3.0
349	4.0
351	3.5
353	3.5
356	4.5
367	4.0
376	4.0
377	4.0
380	3.0
417	4.0
428	4.5
431	3.5
434	4.0
440	4.0
442	3.0
454	3.0
457	4.0
459	3.5
461	2.5
474	3.5
475	2.5
479	3.5
480	4.0
489	4.0
491	4.0
494	4.0
500	4.0
508	4.0
514	3.5
515	3.0
522	4.0
524	4.0
527	5.0
529	4.0
539	4.0
541	5.0
551	3.5
553	5.0
574	4.0
586	4.5
587	4.0
588	4.0
589	5.0
590	3.5
592	4.0
593	5.0
594	5.0
595	3.0
596	4.5
597	4.0
599	5.0
608	4.5
647	4.0
648	0.5
653	3.0
678	4.0
708	3.5
720	4.5
733	4.0
736	4.0
737	1.0
741	5.0
745	4.0
750	5.0
778	4.0
780	3.0
786	3.5
788	3.0
800	4.0
802	4.0
832	4.0
858	4.5
866	3.5
899	4.0
909	4.0
910	4.0
912	5.0
913	4.0
914	4.0
916	4.0
919	4.5
923	2.5
924	4.5
932	4.0
940	4.0
953	4.5
971	4.0
994	4.0
1003	3.0
1020	3.0
1022	4.5
1027	4.0
1029	4.0
1032	4.0
1035	4.0
1036	5.0
1037	4.0
1041	4.0
1047	4.0
1049	4.0
1056	3.0
1060	4.5
1061	4.0
1089	3.5
1090	4.5
1094	3.0
1095	3.5
1097	4.0
1101	4.0
1127	4.5
1129	3.0
1148	4.0
1175	3.0
1178	3.5
1179	4.0
1183	1.0
1186	4.0
1188	4.0
1196	4.0
1197	4.0
1198	4.0
1200	5.0
1201	5.0
1206	3.0
1207	4.0
1208	4.0
1210	5.0
1214	4.5
1215	5.0
1217	4.5
1221	4.5
1222	4.0
1223	4.0
1225	4.0
1233	4.0
1240	5.0
1242	4.0
1243	4.0
1246	4.0
1249	5.0
1250	4.5
1252	4.5
1253	4.0
1256	4.0
1258	4.5
1259	3.5
1263	4.5
1265	3.5
1269	4.5
1270	3.5
1272	4.0
1273	3.0
1274	3.5
1275	5.0
1276	4.0
1277	4.0
1279	4.5
1281	4.0
1282	4.5
1286	4.0
1287	4.0
1291	4.5
1299	4.0
1304	5.0
1307	4.0
1320	1.5
1339	4.0
1342	0.5
1350	4.0
1356	4.0
1357	3.5
1358	4.0
1367	4.0
1370	4.0
1371	3.5
1374	3.5
1376	4.0
1378	4.5
1387	4.5
1391	0.5
1393	3.5
1396	3.0
1408	5.0
1449	1.0
1466	2.0
1479	3.5
1484	3.5
1485	4.0
1488	2.5
1500	4.5
1503	3.5
1518	4.0
1527	3.0
1537	4.0
1544	3.5
1552	3.5
1556	2.0
1573	3.5
1580	2.0
1584	5.0
1586	3.0
1587	4.0
1589	4.0
1590	3.0
1597	2.5
1608	3.5
1610	5.0
1615	3.5
1616	3.5
1617	4.0
1620	4.0
1625	4.0
1633	4.0
1635	2.0
1641	3.0
1645	4.0
1653	5.0
1673	3.0
1676	3.0
1682	3.0
1690	0.5
1701	4.5
1704	4.5
1707	4.0
1713	3.5
1722	3.5
1729	3.5
1732	4.5
1754	3.0
1779	3.0
1784	4.0
1785	3.5
1788	4.0
1792	3.5
1797	3.5
1801	4.0
1809	3.5
1831	3.0
1834	5.0
1835	4.0
1876	3.5
1882	2.0
1889	4.0
1909	0.5
1912	2.0
1917	3.0
1918	4.0
1921	3.5
1923	4.0
1961	4.0
1968	3.5
1991	3.5
1994	4.0
1997	4.0
2000	4.0
2001	4.0
2002	4.0
2003	4.0
2005	4.0
2011	3.5
2019	4.0
2020	4.0
2021	3.5
2028	5.0
2034	4.0
2058	2.5
2065	5.0
2078	4.0
2081	4.0
2085	4.0
2087	4.0
2090	4.0
2096	5.0
2105	4.0
2108	3.0
2115	3.0
2116	4.0
2138	4.0
2139	4.0
2140	4.5
2167	4.5
2174	4.0
2182	3.5
2193	3.5
2194	4.0
2231	3.5
2239	5.0
2245	4.0
2248	3.5
2273	3.5
2275	3.5
2278	4.0
2288	4.0
2294	3.0
2296	2.0
2302	4.0
2318	4.0
2321	3.0
2324	4.0
2328	3.0
2329	5.0
2346	3.5
2353	3.0
2355	3.5
2357	2.0
2367	3.5
2373	3.5
2391	4.0
2395	5.0
2398	4.0
2401	4.0
2403	4.0
2404	3.5
2407	4.0
2424	3.5
2427	1.0
2431	4.0
2467	5.0
2470	4.0
2476	3.0
2490	4.0
2501	4.5
2502	4.0
2506	4.0
2527	3.5
2529	4.0
2539	3.5
2542	4.0
2560	4.0
2565	4.0
2571	3.0
2579	4.0
2580	3.0
2594	3.5
2617	3.5
2624	4.5
2628	0.5
2682	4.0
2686	5.0
2688	3.0
2692	4.0
2694	3.5
2706	4.0
2712	4.0
2713	3.0
2716	4.0
2728	4.0
2736	4.0
2761	4.5
2762	5.0
2763	3.5
2797	4.5
2804	5.0
2808	2.5
2810	3.5
2826	4.0
2840	0.5
2841	4.0
2858	4.0
2867	4.0
2871	4.0
2872	4.0
2883	3.5
2890	4.0
2891	4.0
2905	4.0
2916	3.0
2918	4.5
2920	2.5
2924	3.5
2927	2.0
2944	4.0
2947	4.0
2951	4.5
2953	2.5
2956	3.5
2959	3.5
2968	4.5
2985	4.0
2987	4.0
2997	4.5
3000	4.0
3005	3.0
3006	4.0
3018	0.5
3020	3.5
3030	4.0
3032	4.0
3039	4.0
3061	4.5
3081	4.0
3082	3.5
3087	4.0
3088	4.0
3098	4.0
3100	4.0
3105	4.0
3107	4.0
3108	4.0
3113	2.0
3114	4.0
3129	3.0
3146	4.0
3147	4.0
3148	4.0
3153	4.0
3173	3.5
3175	2.0
3196	4.0
3198	4.5
3201	2.0
3238	4.0
3252	4.0
3256	3.5
3265	4.0
3271	4.0
3275	4.0
3298	4.0
3307	4.0
3328	4.0
3342	4.5
3347	4.0
3354	4.0
3358	4.0
3429	4.0
3441	4.0
3448	4.0
3481	4.5
3499	3.5
3507	4.5
3508	4.0
3510	5.0
3527	4.5
3529	4.0
3535	3.0
3566	2.0
3578	4.0
3617	4.0
3618	3.0
3633	4.5
3654	4.0
3660	3.5
3681	4.5
3697	3.5
3698	3.0
3700	3.0
3706	5.0
3709	3.5
3727	4.0
3740	2.0
3751	4.0
3752	3.0
3753	2.0
3783	4.0
3793	4.5
3798	3.5
3809	4.0
3826	3.0
3852	3.5
3895	4.0
3948	4.0
3949	4.0
3950	3.5
3968	4.0
3969	4.0
3979	3.0
3981	4.0
3994	3.0
3996	3.5
3998	4.0
4007	4.0
4008	3.5
4011	4.0
4016	4.0
4020	4.0
4022	4.5
4027	4.5
4029	3.5
4034	5.0
4037	4.0
4041	3.5
4055	4.0
4085	4.0
4103	3.5
4105	3.0
4128	4.0
4144	3.0
4148	2.5
4149	2.0
4174	4.5
4210	4.5
4214	3.5
4223	5.0
4226	5.0
4238	3.5
4262	5.0
4270	3.5
4299	4.5
4306	4.0
4321	4.0
4327	4.0
4344	2.0
4351	4.0
4367	3.0
4370	5.0
4383	4.0
4446	4.5
4448	4.0
4452	3.0
4467	4.0
4478	4.0
4489	4.5
4531	3.5
4557	3.5
4572	3.5
4638	3.0
4642	4.5
4643	0.5
4673	3.0
4679	3.5
4701	4.0
4719	4.0
4725	3.5
4733	3.0
4776	3.5
4783	4.5
4787	4.5
4802	4.0
4815	3.5
4821	3.5
4846	4.0
4865	4.5
4866	1.0
4873	4.0
4874	3.0
4878	3.0
4886	4.0
4889	4.5
4890	4.0
4901	3.0
4902	3.0
4958	4.0
4973	5.0
4978	4.5
4979	4.0
4992	4.0
4993	5.0
4995	4.5
5010	4.5
5013	2.0
5015	4.0
5016	3.5
5040	4.0
5051	3.0
5064	4.0
5065	4.5
5072	4.5
5081	4.0
5103	4.0
5107	1.5
5127	3.5
5146	4.5
5152	3.5
5218	3.5
5254	2.5
5265	3.0
5266	3.5
5283	4.0
5293	3.5
5298	3.5
5349	4.0
5378	1.0
5388	4.5
5400	2.5
5401	1.0
5418	5.0
5445	3.0
5446	4.0
5463	4.5
5464	4.5
5477	1.0
5502	3.0
5528	4.0
5548	3.0
5574	4.0
5582	3.0
5611	3.0
5617	3.5
5618	4.5
5630	4.0
5673	4.0
5690	4.0
5712	4.0
5782	4.0
5792	3.5
5833	1.0
5872	3.5
5879	2.5
5881	3.0
5890	4.0
5902	4.0
5903	3.0
5941	4.0
5952	4.0
5959	4.0
5971	4.0
5992	4.0
6016	3.5
6157	3.5
6187	4.0
6188	4.0
6213	4.5
6214	3.0
6242	4.0
6263	1.0
6270	3.0
6281	3.0
6286	3.0
6296	1.0
6297	4.0
6301	4.5
6303	4.0
6323	4.0
6333	4.0
6350	4.0
6365	3.0
6373	4.0
6377	3.0
6378	3.5
6383	2.0
6385	3.5
6502	4.5
6534	3.0
6537	3.0
6539	2.5
6541	2.0
6548	4.0
6552	4.0
6564	2.0
6586	3.5
6591	3.5
6595	3.5
6618	1.0
6645	3.5
6659	4.0
6664	3.5
6707	1.0
6708	4.0
6709	0.5
6711	2.5
6754	2.0
6755	3.5
6764	4.0
6773	3.0
6808	4.0
6832	4.0
6857	5.0
6863	4.0
6867	3.5
6874	4.5
6879	4.5
6887	4.0
6893	4.0
6934	3.0
6944	4.0
6947	4.0
6950	4.5
6979	4.0
6996	2.0
7023	4.0
7027	4.5
7046	4.5
7075	4.0
7076	4.0
7090	0.5
7099	3.5
7137	4.0
7143	3.5
7147	2.0
7153	5.0
7158	4.0
7160	4.0
7162	3.0
7173	3.5
7228	3.0
7254	3.5
7256	4.0
7293	4.0
7325	3.0
7347	3.0
7348	4.5
7361	4.0
7362	3.5
7367	2.5
7373	3.0
7376	3.5
7386	4.0
7438	4.0
7439	2.0
7445	4.0
7454	3.5
7458	3.5
7460	2.0
7481	4.0
7482	4.0
7502	4.5
7700	2.0
7757	4.0
7925	4.0
8014	3.5
8253	4.0
8340	4.0
8360	4.0
8361	3.0
8370	3.5
8373	2.5
8464	4.0
8493	4.5
8528	3.5
8529	4.0
8530	4.0
8531	1.0
8607	4.0
8622	4.0
8636	3.0
8640	4.0
8644	2.5
8645	4.0
8665	5.0
8798	3.5
8807	3.5
8810	0.5
8860	3.0
8865	2.5
8870	4.0
8874	4.0
8880	4.0
8907	2.5
8914	4.0
8917	3.0
8937	3.0
8949	3.0
8950	3.5
8961	3.5
8965	4.0
8966	3.5
8968	4.0
8972	4.0
8977	2.0
8984	3.0
8985	4.0
9010	4.0
9018	4.0
26084	3.5
26614	4.5
26662	5.0
26776	4.0
27266	3.5
27660	4.5
27721	3.5
27728	3.5
27731	4.0
27741	3.0
27773	1.0
27790	4.5
27801	4.0
27808	3.0
27821	3.5
27822	3.5
27831	4.5
27837	3.5
27846	4.5
27878	3.5
27904	3.0
30707	4.0
30749	3.5
30803	4.5
30810	2.5
30820	3.5
30822	4.0
30825	4.0
30898	2.0
31184	4.0
31221	3.0
31410	4.0
31658	3.0
31685	3.5
31696	3.0
31878	3.0
32029	4.0
32031	3.0
32587	2.5
32596	3.0
32598	3.5
33004	2.0
33162	3.0
33166	3.5
33437	4.5
33493	2.5
33660	4.0
33679	4.0
33794	4.5
33880	3.0
33903	4.0
34048	2.0
34162	4.0
34271	3.5
34319	4.0
34334	4.0
34336	3.5
34338	2.0
34405	3.5
34437	4.0
34520	2.0
34532	3.0
34542	3.5
35836	4.0
35957	3.0
36517	2.5
36519	0.5
36527	3.5
36529	2.5
36535	4.0
37380	2.0
37382	3.0
37384	3.0
37386	2.0
37729	4.0
37733	4.0
37830	3.5
37857	3.5
38038	4.0
39381	3.0
39414	2.5
39444	1.5
39446	3.0
40278	2.5
40339	2.5
40581	4.0
40583	3.5
40614	3.5
41285	4.0
41566	3.5
41569	4.0
41571	3.0
41573	4.0
41716	3.0
41863	3.5
41997	3.5
42004	4.0
42011	3.5
42418	3.0
42718	4.0
42725	3.0
42734	4.0
42738	3.0
43396	4.0
43928	0.5
43936	3.0
44191	4.0
44195	3.0
44199	4.0
44555	4.0
44665	3.0
44974	3.5
45186	3.0
45442	3.0
45499	2.5
45517	3.5
45668	4.0
45720	3.5
45726	4.0
45730	2.5
46322	3.5
46335	3.0
46530	4.0
46578	3.5
46723	3.5
46948	4.0
46967	3.0
46972	2.5
46976	5.0
47044	3.5
48043	4.0
48304	4.5
48385	4.0
48516	3.5
48774	4.0
48780	4.0
49272	3.5
49278	3.5
49286	3.5
49530	4.0
49822	3.5
49961	4.0
50068	2.0
50685	3.0
50794	4.0
50872	3.0
51255	4.5
51662	4.0
51709	3.0
51931	4.5
51935	3.0
52319	4.0
52328	4.5
52604	4.0
52885	4.0
52973	4.0
53000	3.0
53121	3.5
53123	5.0
53125	3.5
53318	4.0
53322	4.0
53550	3.0
53894	4.0
53972	3.5
53996	4.0
54286	4.5
54736	4.0
54997	4.0
54999	3.0
55094	4.0
55118	4.0
55276	4.0
55280	4.0
55820	4.0
55830	3.5
55995	4.0
56174	3.5
56775	3.5
56782	4.0
58025	3.5
58293	2.0
58559	4.0
58803	3.5
59315	3.5
59369	3.5
60072	4.0
60074	4.0
60684	4.0
60937	2.0
61132	4.0
61236	4.0
61323	4.0
62081	4.0
62374	3.5
62394	3.0
63082	3.5
64957	3.5
66171	3.0
66934	4.0
67087	3.5
67267	4.0
68135	3.5
68157	4.0
68237	4.0
68319	4.0
68358	3.0
68791	3.5
69481	4.0
69526	4.0
69640	4.0
70286	4.0
70336	4.0
71254	4.0
71838	3.5
72998	4.5
73323	3.0
74510	3.5
74795	4.0
78039	4.0
78574	4.0
79057	3.5
79132	4.5
79293	3.0
80489	3.5
81591	4.0
82461	3.5
85131	3.5
86332	3.5
87430	3.0
