1	5.0
2	4.0
3	4.0
5	5.0
6	4.0
7	4.0
10	4.0
11	4.0
12	4.0
13	4.0
14	3.5
15	2.0
16	4.0
17	5.0
19	1.5
20	2.0
21	5.0
22	3.0
23	3.0
24	3.0
25	5.0
26	5.0
27	2.0
28	4.0
29	3.0
30	4.0
31	3.0
32	5.0
34	5.0
35	4.0
36	5.0
39	1.5
40	4.0
41	4.0
43	3.0
45	4.0
46	4.0
47	5.0
48	1.0
50	5.0
52	5.0
55	1.0
57	3.0
58	5.0
60	4.0
61	3.0
62	5.0
63	1.0
64	1.0
69	4.0
70	4.0
73	5.0
74	3.0
78	3.5
79	1.0
82	4.0
85	4.0
86	2.0
87	1.0
88	3.0
89	4.0
92	2.0
93	1.0
94	5.0
95	3.0
97	4.0
100	5.0
101	4.0
103	4.0
104	4.0
105	4.0
107	3.0
110	1.0
111	5.0
113	3.5
116	4.0
118	1.0
121	4.0
123	3.0
125	5.0
132	1.0
135	3.0
140	2.0
141	5.0
144	5.0
145	4.0
147	4.0
149	5.0
150	4.0
151	4.0
153	2.0
154	4.0
158	2.0
160	2.0
161	4.0
162	4.0
163	2.0
164	3.0
165	5.0
168	3.0
171	2.5
172	4.0
173	1.0
175	1.0
176	5.0
179	3.0
180	2.0
182	2.0
185	2.0
186	4.0
187	2.0
190	3.5
191	3.0
194	4.0
195	4.0
196	4.0
198	4.0
199	4.0
203	3.0
205	5.0
207	3.0
208	4.0
213	5.0
214	4.0
215	5.0
218	2.0
222	4.0
223	4.0
224	5.0
225	3.0
227	2.0
229	4.0
230	4.0
231	3.5
232	4.0
234	1.0
235	5.0
236	3.0
237	3.0
238	3.5
239	3.0
240	3.0
246	5.0
247	5.0
249	4.0
252	4.0
253	4.0
256	4.0
257	2.5
258	1.0
259	3.0
260	5.0
261	5.0
262	5.0
265	4.0
266	4.0
267	2.5
270	3.0
271	3.0
272	4.0
273	4.0
275	5.0
277	4.0
278	3.0
279	4.0
280	4.0
281	5.0
282	4.0
288	1.0
289	3.0
290	4.0
292	2.0
293	5.0
294	3.0
296	5.0
300	5.0
302	2.0
303	3.0
304	4.0
306	5.0
307	4.0
308	3.0
314	2.0
315	2.0
316	1.0
317	3.0
318	5.0
319	3.0
322	4.0
326	5.0
329	2.0
330	1.0
333	5.0
334	5.0
337	5.0
339	4.0
340	4.0
342	3.0
344	1.0
345	4.0
346	5.0
347	1.5
348	5.0
349	4.0
350	3.0
351	5.0
356	4.0
357	5.0
360	3.0
361	4.0
363	4.0
364	5.0
368	4.0
370	3.5
371	3.0
372	5.0
373	4.0
376	3.0
377	4.0
378	2.0
380	2.0
381	4.0
382	4.0
383	4.0
387	3.0
407	1.5
408	3.0
410	4.0
412	4.0
413	1.0
414	2.0
415	3.0
418	1.0
420	3.0
422	3.0
423	3.0
425	4.0
426	2.0
427	1.0
428	5.0
431	5.0
432	4.0
434	2.0
435	4.0
436	2.0
437	4.0
440	4.0
441	3.0
442	1.0
446	4.0
448	4.0
450	3.0
451	4.0
454	4.0
456	4.0
457	4.0
458	4.0
459	4.0
465	3.0
466	5.0
468	5.0
469	4.0
471	5.0
472	4.0
474	5.0
475	5.0
477	4.0
479	3.0
480	4.0
481	2.0
482	2.0
489	3.0
490	3.0
491	3.0
492	5.0
493	3.0
494	4.0
497	5.0
500	4.0
505	5.0
507	4.0
508	5.0
509	5.0
512	3.5
514	4.0
515	5.0
516	3.0
517	2.5
518	0.5
520	1.0
523	3.0
524	3.0
527	5.0
528	4.0
529	5.0
531	3.0
532	5.0
534	4.0
535	5.0
536	4.0
537	3.0
538	4.0
539	3.0
541	3.0
543	5.0
549	3.0
550	1.0
551	5.0
552	3.0
553	3.0
555	4.0
556	4.0
562	5.0
569	4.0
575	4.0
581	3.5
585	4.0
586	4.0
587	3.0
588	5.0
589	4.0
590	5.0
592	5.0
593	5.0
594	5.0
595	5.0
596	5.0
597	4.0
599	4.0
605	2.0
608	5.0
612	4.0
613	4.0
616	5.0
627	4.0
628	4.0
631	2.0
635	5.0
637	4.0
640	3.0
647	4.0
648	4.0
650	4.0
653	3.0
661	5.0
663	2.0
665	2.0
668	4.0
670	3.0
671	4.0
673	4.0
678	3.0
688	4.0
697	1.0
708	4.0
709	5.0
710	3.0
714	3.0
718	2.0
719	3.0
720	5.0
728	5.0
731	3.0
733	4.0
736	4.0
741	1.0
742	1.0
745	5.0
750	5.0
762	2.0
766	4.0
778	5.0
780	4.0
781	3.0
782	4.0
783	4.0
785	2.5
788	2.0
798	4.0
799	3.0
800	5.0
802	5.0
804	3.0
805	4.0
818	2.0
828	3.0
832	3.5
833	4.0
837	4.0
838	5.0
840	1.5
848	5.0
852	4.0
858	5.0
882	3.0
892	5.0
897	3.0
898	5.0
899	5.0
900	4.0
901	4.0
902	5.0
903	5.0
904	5.0
905	5.0
906	5.0
907	4.0
908	5.0
909	5.0
910	5.0
911	5.0
912	5.0
913	5.0
914	5.0
915	5.0
916	5.0
917	4.0
919	5.0
920	4.0
921	3.5
922	5.0
923	5.0
924	3.0
926	5.0
927	4.0
928	5.0
929	5.0
930	5.0
931	5.0
932	5.0
933	4.0
934	5.0
936	5.0
938	4.0
940	5.0
942	5.0
943	4.0
944	5.0
945	4.0
946	5.0
947	5.0
948	3.0
949	5.0
950	5.0
951	5.0
952	2.5
953	5.0
954	4.5
955	5.0
965	5.0
968	4.0
969	5.0
971	4.0
973	5.0
986	3.0
991	4.0
994	5.0
996	4.0
1003	4.0
1006	2.0
1007	4.0
1008	4.0
1009	4.0
1010	3.0
1011	3.0
1012	5.0
1013	3.0
1014	4.0
1017	3.0
1019	4.0
1020	3.0
1022	5.0
1023	5.0
1024	2.0
1025	4.0
1027	3.0
1028	5.0
1029	5.0
1030	1.0
1031	4.0
1032	5.0
1033	5.0
1034	1.0
1035	5.0
1036	4.0
1037	1.0
1041	4.0
1042	4.0
1043	3.0
1050	5.0
1051	5.0
1054	3.0
1056	5.0
1057	5.0
1060	5.0
1061	5.0
1066	4.0
1069	4.0
1073	5.0
1077	5.0
1078	5.0
1079	5.0
1080	5.0
1081	2.0
1082	5.0
1083	4.0
1084	5.0
1085	2.5
1086	5.0
1089	5.0
1090	4.0
1091	3.0
1092	3.0
1093	4.0
1094	4.0
1095	5.0
1096	5.0
1097	5.0
1099	4.0
1100	3.0
1101	4.0
1103	5.0
1104	5.0
1111	3.0
1113	4.0
1120	4.0
1124	5.0
1125	5.0
1127	4.0
1128	2.0
1129	3.0
1130	3.0
1131	5.0
1132	5.0
1135	3.0
1136	5.0
1147	5.0
1148	5.0
1150	4.0
1162	4.0
1167	3.0
1171	5.0
1172	5.0
1175	3.0
1176	2.0
1177	4.0
1178	4.0
1179	5.0
1183	5.0
1185	5.0
1186	4.0
1187	5.0
1188	5.0
1189	5.0
1193	5.0
1194	3.5
1196	5.0
1197	5.0
1198	4.0
1199	4.0
1200	4.0
1201	5.0
1202	3.0
1203	5.0
1204	3.0
1206	5.0
1207	5.0
1208	5.0
1209	4.0
1210	5.0
1211	3.0
1212	5.0
1213	5.0
1214	4.0
1217	3.0
1218	3.0
1219	5.0
1220	5.0
1221	5.0
1222	4.0
1223	4.0
1224	4.0
1225	5.0
1226	5.0
1227	5.0
1228	5.0
1230	5.0
1231	4.0
1232	1.0
1233	3.0
1234	5.0
1235	5.0
1236	3.0
1237	3.0
1238	4.0
1240	4.0
1242	5.0
1243	5.0
1244	5.0
1245	5.0
1246	5.0
1247	5.0
1248	5.0
1249	3.0
1250	5.0
1251	3.0
1252	5.0
1253	4.0
1254	5.0
1255	1.0
1256	5.0
1257	4.0
1258	4.0
1259	5.0
1260	3.0
1261	3.0
1262	4.0
1263	5.0
1264	4.0
1265	5.0
1266	4.0
1267	5.0
1268	3.0
1269	5.0
1270	4.0
1271	5.0
1272	4.0
1273	2.5
1274	1.0
1275	3.0
1276	5.0
1277	4.0
1278	5.0
1279	3.5
1280	5.0
1281	5.0
1282	2.0
1283	5.0
1284	5.0
1285	4.0
1286	5.0
1287	5.0
1288	5.0
1290	4.0
1291	5.0
1292	5.0
1293	4.0
1295	5.0
1296	5.0
1297	3.0
1298	4.0
1299	5.0
1300	5.0
1301	4.0
1302	5.0
1303	5.0
1304	5.0
1305	4.5
1307	5.0
1320	2.0
1321	4.0
1327	2.0
1332	3.5
1333	4.0
1339	4.0
1340	3.0
1343	5.0
1344	5.0
1345	4.0
1347	3.0
1348	2.0
1350	4.0
1352	3.0
1353	2.0
1354	4.0
1356	4.0
1357	5.0
1358	5.0
1361	4.0
1366	4.0
1367	3.0
1370	5.0
1371	2.0
1372	5.0
1373	1.0
1374	3.0
1375	4.0
1376	3.0
1377	3.0
1378	4.0
1379	3.0
1380	2.0
1381	2.0
1382	2.0
1385	2.0
1387	4.0
1390	4.0
1391	5.0
1392	5.0
1393	5.0
1394	5.0
1395	5.0
1396	5.0
1398	2.0
1399	5.0
1401	3.0
1404	3.0
1407	4.0
1408	4.0
1409	4.0
1411	5.0
1414	5.0
1419	1.0
1422	3.0
1425	5.0
1432	1.0
1438	2.0
1440	2.5
1441	5.0
1446	5.0
1449	5.0
1454	4.0
1457	2.0
1459	3.0
1464	3.0
1465	4.0
1466	5.0
1476	1.0
1484	5.0
1485	2.0
1498	4.0
1500	5.0
1503	1.5
1513	2.0
1515	2.0
1517	4.0
1518	4.0
1527	4.0
1537	5.0
1541	3.0
1542	3.0
1544	3.0
1550	3.5
1552	4.0
1562	1.0
1566	5.0
1569	4.0
1573	5.0
1580	5.0
1584	2.0
1586	2.5
1587	1.0
1589	5.0
1590	1.0
1593	2.0
1594	5.0
1597	4.0
1598	3.0
1600	5.0
1601	2.0
1603	2.0
1608	3.0
1609	5.0
1610	5.0
1614	5.0
1615	4.0
1617	5.0
1619	4.0
1620	3.0
1621	2.0
1625	5.0
1627	4.0
1629	3.0
1633	5.0
1635	3.0
1639	4.0
1641	5.0
1642	4.0
1643	4.0
1644	2.0
1645	4.0
1648	5.0
1649	3.0
1653	5.0
1655	1.0
1658	3.0
1660	4.0
1663	5.0
1667	4.0
1670	4.0
1672	3.0
1673	4.0
1674	5.0
1676	2.5
1678	4.0
1680	4.0
1682	5.0
1683	5.0
1687	4.0
1688	2.0
1689	4.0
1690	3.0
1693	3.0
1694	5.0
1699	2.0
1701	2.0
1702	2.0
1704	5.0
1711	2.0
1717	4.0
1719	4.0
1721	3.5
1726	4.0
1727	5.0
1729	5.0
1730	3.0
1732	5.0
1734	4.0
1735	4.0
1747	5.0
1748	3.0
1752	2.0
1754	4.0
1772	3.0
1777	4.0
1779	1.0
1784	5.0
1785	3.0
1788	3.0
1792	2.0
1794	5.0
1797	2.0
1799	4.0
1801	1.0
1804	5.0
1805	3.0
1810	4.0
1821	5.0
1827	5.0
1831	1.0
1833	4.0
1834	5.0
1835	3.0
1836	3.0
1840	3.0
1841	3.0
1844	4.0
1845	5.0
1848	4.0
1866	2.0
1873	4.0
1875	3.0
1876	3.0
1882	2.0
1883	5.0
1884	1.0
1885	5.0
1888	3.0
1889	3.0
1892	4.0
1894	2.0
1900	5.0
1904	3.0
1907	5.0
1909	5.0
1911	2.0
1912	4.0
1913	2.0
1914	5.0
1917	4.0
1918	4.0
1919	4.0
1920	3.0
1921	3.0
1923	5.0
1924	3.0
1927	3.0
1929	5.0
1931	5.0
1934	5.0
1935	4.0
1936	4.0
1938	5.0
1939	5.0
1940	4.0
1941	3.5
1942	5.0
1944	5.0
1945	5.0
1946	5.0
1947	3.0
1948	3.0
1949	5.0
1950	5.0
1951	5.0
1952	5.0
1953	4.0
1954	5.0
1955	4.0
1956	5.0
1957	5.0
1958	1.0
1959	5.0
1960	3.0
1961	5.0
1962	5.0
1963	5.0
1964	3.0
1965	1.0
1966	3.5
1967	3.0
1968	4.0
1969	3.0
1970	3.0
1974	3.0
1982	3.0
1991	3.0
1994	5.0
1995	3.0
1997	5.0
1999	4.0
2000	5.0
2001	4.0
2002	4.0
2003	3.0
2004	3.0
2005	1.0
2006	3.0
2009	4.0
2010	2.0
2011	4.0
2012	3.0
2013	3.0
2014	3.0
2015	3.5
2016	3.0
2018	5.0
2019	4.0
2020	4.0
2021	1.0
2022	5.0
2023	5.0
2028	4.0
2034	2.0
2036	1.5
2038	2.0
2042	3.0
2043	4.0
2046	2.0
2048	5.0
2050	3.0
2051	3.0
2052	1.0
2054	2.0
2058	5.0
2059	3.0
2064	5.0
2065	5.0
2066	5.0
2067	5.0
2068	4.0
2069	5.0
2070	5.0
2071	3.0
2072	3.0
2076	3.0
2077	4.0
2078	5.0
2080	5.0
2081	5.0
2082	3.0
2083	3.0
2084	1.0
2085	5.0
2087	5.0
2088	4.0
2089	4.0
2090	5.0
2092	1.0
2093	3.5
2094	4.0
2096	5.0
2099	5.0
2100	4.0
2102	2.0
2105	2.0
2106	2.5
2108	5.0
2109	5.0
2110	5.0
2111	5.0
2112	3.0
2114	3.0
2115	3.0
2118	5.0
2119	1.0
2120	5.0
2121	3.0
2122	4.0
2123	3.0
2124	4.0
2125	1.0
2126	1.0
2130	5.0
2132	5.0
2133	4.0
2134	3.0
2135	3.0
2137	4.0
2138	3.5
2139	4.0
2140	4.0
2141	4.0
2142	4.0
2144	4.0
2146	2.0
2147	1.0
2148	3.0
2149	3.0
2150	4.0
2153	1.0
2155	4.0
2160	5.0
2161	3.0
2163	3.0
2165	2.0
2166	5.0
2167	1.5
2170	2.0
2171	3.0
2174	3.0
2176	4.0
2178	5.0
2181	4.0
2182	5.0
2183	4.0
2184	5.0
2186	5.0
2193	3.0
2194	5.0
2202	5.0
2203	5.0
2204	5.0
2205	5.0
2206	5.0
2208	4.5
2212	5.0
2231	5.0
2239	3.5
2240	5.0
2241	1.0
2243	5.0
2245	4.0
2247	4.0
2248	4.0
2249	4.0
2252	4.0
2253	1.0
2259	1.0
2261	4.0
2262	1.0
2263	4.0
2265	3.0
2266	2.0
2268	5.0
2269	3.0
2272	5.0
2273	3.5
2278	5.0
2280	4.0
2282	2.5
2288	3.0
2289	5.0
2290	2.0
2291	4.0
2294	5.0
2297	1.0
2300	5.0
2301	5.0
2302	4.0
2303	4.0
2306	2.5
2310	5.0
2311	3.0
2312	4.0
2313	4.0
2314	3.0
2316	2.0
2318	2.0
2321	3.0
2322	2.0
2324	5.0
2327	4.0
2329	5.0
2330	5.0
2331	4.0
2333	5.0
2334	3.0
2335	1.0
2336	5.0
2337	1.0
2340	3.0
2344	2.5
2346	3.5
2348	1.0
2349	4.0
2351	3.0
2352	5.0
2353	4.0
2354	4.0
2355	5.0
2356	2.0
2357	4.0
2359	5.0
2360	5.0
2366	3.0
2367	2.5
2370	3.0
2371	5.0
2372	4.0
2374	4.0
2375	2.0
2376	3.0
2378	3.0
2379	3.0
2380	2.0
2381	2.0
2382	2.0
2385	1.0
2387	1.0
2389	2.0
2390	5.0
2391	5.0
2393	4.0
2394	5.0
2395	5.0
2396	5.0
2398	5.0
2401	5.0
2402	2.0
2403	4.0
2405	3.0
2406	3.0
2407	4.0
2408	3.0
2409	3.0
2410	3.0
2411	3.0
2412	2.0
2413	5.0
2414	2.0
2416	4.0
2418	3.0
2420	4.0
2421	3.0
2422	2.0
2423	4.0
2424	4.0
2427	2.0
2431	2.0
2432	4.0
2433	3.0
2435	3.0
2436	3.0
2437	2.0
2439	3.0
2442	4.0
2443	4.0
2447	3.0
2450	2.0
2454	3.5
2455	4.0
2456	3.0
2457	3.0
2458	4.0
2463	3.0
2467	3.0
2468	1.0
2469	3.0
2470	4.0
2471	3.0
2473	2.0
2474	4.0
2476	4.0
2478	5.0
2488	2.0
2490	4.0
2496	4.0
2497	3.0
2501	5.0
2502	5.0
2506	3.0
2511	4.0
2513	4.0
2517	4.0
2518	4.0
2519	3.0
2520	3.5
2521	2.5
2524	4.0
2529	2.0
2530	1.5
2539	5.0
2542	5.0
2546	2.0
2550	4.0
2551	1.0
2553	3.5
2560	3.0
2563	3.0
2565	5.0
2568	2.0
2571	5.0
2574	4.0
2575	3.0
2579	4.0
2580	5.0
2581	1.0
2583	3.5
2587	3.0
2596	2.0
2598	3.0
2599	4.0
2605	2.0
2611	4.0
2612	5.0
2613	3.0
2615	3.0
2616	4.0
2617	4.0
2622	3.5
2628	3.0
2633	3.0
2639	4.0
2640	5.0
2641	5.0
2648	4.0
2654	3.0
2657	5.0
2662	2.0
2664	5.0
2670	3.0
2671	5.0
2676	2.0
2677	4.0
2682	4.0
2683	4.0
2686	5.0
2687	5.0
2690	5.0
2692	4.0
2693	4.0
2694	4.0
2696	5.0
2699	4.0
2701	1.0
2702	2.0
2707	4.0
2709	4.0
2710	4.0
2716	5.0
2717	3.0
2718	4.0
2719	1.0
2722	2.0
2724	4.0
2725	5.0
2726	5.0
2728	4.0
2730	3.0
2731	5.0
2732	2.0
2734	4.0
2735	2.0
2736	4.0
2739	5.0
2745	5.0
2746	4.0
2747	4.0
2750	5.0
2752	2.0
2757	4.0
2759	3.0
2761	5.0
2762	5.0
2770	4.0
2771	3.0
2772	2.0
2779	5.0
2782	4.0
2787	4.0
2788	5.0
2789	3.5
2791	5.0
2792	4.0
2793	3.0
2794	3.0
2795	5.0
2796	4.0
2797	5.0
2798	2.0
2801	4.0
2802	4.0
2803	3.0
2804	5.0
2805	4.0
2810	1.5
2815	2.0
2819	4.0
2827	1.0
2829	5.0
2836	3.5
2841	4.0
2846	5.0
2852	5.0
2857	4.0
2858	5.0
2859	4.0
2861	5.0
2863	5.0
2866	5.0
2867	3.0
2870	3.0
2871	5.0
2872	4.0
2875	3.0
2882	2.0
2889	3.5
2890	5.0
2891	4.0
2898	3.0
2900	3.0
2901	3.0
2905	3.0
2906	2.5
2907	2.0
2908	4.0
2912	4.0
2915	4.0
2916	4.0
2917	4.0
2918	5.0
2919	3.0
2920	4.0
2921	5.0
2922	5.0
2924	2.0
2925	3.0
2926	2.0
2927	5.0
2929	5.0
2932	3.0
2935	4.0
2936	5.0
2937	5.0
2940	4.0
2941	3.0
2942	3.0
2943	3.5
2944	4.0
2946	5.0
2947	4.0
2948	5.0
2949	4.0
2951	4.0
2952	5.0
2956	3.0
2959	5.0
2961	2.5
2966	5.0
2967	3.0
2968	5.0
2969	3.0
2970	4.0
2971	3.0
2973	5.0
2976	3.0
2983	4.0
2985	4.0
2987	5.0
2988	4.0
2990	4.0
2993	3.0
2996	5.0
2997	5.0
3000	2.0
3004	2.0
3005	3.0
3006	5.0
3007	4.5
3008	4.0
3011	3.5
3015	3.0
3016	4.0
3017	4.0
3019	5.0
3020	2.0
3022	5.0
3024	2.0
3028	3.0
3029	2.0
3030	4.0
3032	2.0
3033	4.0
3034	5.0
3035	5.0
3037	4.0
3039	5.0
3040	4.0
3044	5.0
3045	4.0
3051	3.5
3052	4.0
3060	5.0
3061	5.0
3062	4.0
3067	3.0
3068	5.0
3070	2.0
3071	5.0
3072	3.0
3074	3.0
3075	3.0
3077	5.0
3078	4.0
3079	5.0
3081	4.0
3083	5.0
3087	5.0
3088	5.0
3089	4.0
3090	4.0
3091	3.0
3093	4.0
3094	3.0
3095	4.0
3096	5.0
3097	5.0
3098	5.0
3099	3.0
3100	5.0
3101	4.0
3102	4.0
3104	5.0
3105	5.0
3107	5.0
3108	5.0
3111	5.0
3113	2.5
3114	5.0
3115	3.0
3120	4.0
3125	3.5
3129	5.0
3130	1.0
3134	5.0
3135	5.0
3142	5.0
3145	5.0
3147	4.0
3148	5.0
3152	5.0
3153	3.0
3155	4.0
3157	2.5
3160	5.0
3163	5.0
3167	5.0
3168	4.0
3169	4.0
3173	3.0
3174	5.0
3175	4.0
3176	5.0
3177	3.0
3178	4.0
3179	4.0
3182	4.0
3186	4.0
3189	3.5
3194	3.0
3196	5.0
3197	4.0
3198	4.0
3200	5.0
3201	5.0
3203	4.0
3204	4.0
3208	3.0
3210	4.0
3219	4.0
3238	1.0
3243	1.0
3244	5.0
3246	4.0
3247	2.0
3248	2.0
3249	3.0
3250	4.0
3251	4.0
3252	5.0
3253	4.0
3255	5.0
3256	3.0
3257	2.0
3258	3.0
3259	4.0
3260	5.0
3261	5.0
3262	1.0
3263	4.0
3264	2.0
3265	1.0
3266	3.0
3267	4.0
3269	4.0
3270	4.0
3271	5.0
3272	3.5
3273	3.0
3274	3.0
3275	3.0
3286	1.0
3287	4.0
3296	5.0
3307	5.0
3308	3.0
3310	3.0
3317	5.0
3324	3.0
3326	3.0
3327	4.0
3328	3.0
3330	4.0
3334	5.0
3341	5.0
3342	4.0
3347	3.0
3350	5.0
3355	3.0
3358	5.0
3359	5.0
3360	5.0
3361	5.0
3362	5.0
3363	4.0
3364	3.5
3365	5.0
3384	3.5
3385	1.0
3386	4.0
3387	2.0
3388	2.0
3394	3.0
3396	5.0
3397	5.0
3398	4.0
3404	3.5
3405	4.0
3408	5.0
3418	5.0
3420	5.0
3421	5.0
3424	4.0
3429	5.0
3435	5.0
3436	2.0
3438	2.0
3439	1.0
3441	3.0
3444	3.0
3448	5.0
3450	4.0
3451	5.0
3462	5.0
3466	4.0
3467	5.0
3468	5.0
3469	5.0
3470	4.0
3471	4.0
3475	5.0
3476	4.0
3478	4.0
3479	2.0
3480	4.0
3481	5.0
3483	2.5
3489	3.0
3494	5.0
3498	5.0
3499	5.0
3500	4.0
3501	5.0
3504	5.0
3505	5.0
3506	3.0
3507	5.0
3508	5.0
3510	4.0
3512	4.0
3513	1.0
3516	4.0
3519	2.0
3521	5.0
3524	4.0
3525	2.0
3526	4.0
3527	1.0
3528	5.0
3529	4.0
3534	4.0
3535	2.5
3536	4.0
3538	4.0
3543	5.0
3545	5.0
3546	3.5
3548	4.0
3549	4.0
3551	4.0
3552	5.0
3555	1.0
3556	3.0
3557	3.0
3566	5.0
3578	1.0
3591	4.0
3598	3.0
3606	3.0
3608	4.0
3614	4.0
3615	2.0
3618	5.0
3623	3.0
3629	5.0
3633	4.0
3634	4.0
3635	4.0
3638	2.0
3649	1.0
3653	3.0
3654	3.0
3668	4.0
3671	5.0
3675	3.0
3677	2.0
3681	5.0
3682	2.0
3683	5.0
3684	4.0
3685	5.0
3686	4.0
3688	1.0
3689	1.0
3690	1.0
3697	1.0
3698	3.0
3699	4.0
3700	2.5
3701	4.0
3702	1.0
3703	1.0
3704	1.5
3705	2.0
3706	4.0
3707	1.0
3708	4.0
3709	1.0
3712	4.0
3717	1.5
3723	4.0
3724	5.0
3726	4.0
3727	1.5
3728	4.0
3730	5.0
3733	5.0
3735	5.0
3740	2.0
3741	4.0
3742	2.0
3744	3.0
3747	4.0
3751	5.0
3753	1.0
3754	1.0
3755	3.0
3760	3.0
3763	3.0
3764	4.0
3766	4.0
3769	3.0
3770	2.5
3773	1.5
3783	3.5
3784	4.0
3788	2.5
3789	4.0
3791	3.0
3793	3.0
3794	4.0
3798	4.0
3801	4.0
3802	1.5
3809	4.0
3811	5.0
3812	5.0
3814	5.0
3819	4.0
3821	3.0
3824	3.0
3826	1.5
3827	2.0
3831	4.0
3836	3.0
3841	1.0
3844	3.0
3852	3.0
3863	2.0
3868	5.0
3869	4.0
3871	5.0
3873	4.0
3893	5.0
3896	2.0
3897	5.0
3901	3.0
3910	5.0
3911	5.0
3915	4.0
3916	4.0
3917	2.0
3918	1.5
3925	2.0
3927	2.0
3928	3.0
3929	5.0
3930	4.0
3932	4.0
3943	3.0
3947	2.0
3948	5.0
3949	4.0
3950	4.0
3952	4.0
3953	2.0
3959	3.0
3967	5.0
3969	3.0
3972	2.0
3978	2.0
3979	0.5
3980	2.0
3983	5.0
3985	4.0
3987	3.0
3988	1.0
3990	2.5
3992	3.0
3994	4.0
3996	3.0
3998	3.0
3999	2.5
4002	5.0
4003	4.0
4005	3.0
4007	4.0
4008	3.0
4009	5.0
4010	4.0
4011	5.0
4014	4.0
4016	5.0
4017	5.0
4018	1.0
4019	3.0
4020	4.0
4021	2.0
4022	4.0
4023	4.0
4025	4.0
4027	5.0
4029	3.0
4031	4.0
4033	3.0
4034	5.0
4036	4.0
4037	5.0
4039	4.0
4041	3.0
4047	2.0
4052	1.5
4056	4.0
4061	4.0
4062	3.0
4063	1.0
4066	5.0
4067	5.0
4079	4.0
4080	3.0
4082	5.0
4084	4.0
4085	5.0
4086	3.0
4090	5.0
4091	3.0
4103	3.0
4105	3.0
4117	4.0
4121	3.0
4128	4.0
4132	1.0
4144	4.0
4148	3.0
4149	1.5
4153	3.5
4161	3.0
4167	3.0
4174	5.0
4178	4.0
4187	5.0
4191	4.0
4205	4.0
4207	1.0
4210	3.0
4211	5.0
4214	3.0
4215	3.0
4218	4.0
4220	5.0
4223	4.0
4225	4.0
4226	5.0
4232	4.0
4235	4.5
4238	2.0
4239	3.0
4246	4.0
4262	4.0
4263	5.0
4270	2.0
4276	5.0
4280	4.0
4285	5.0
4291	3.0
4292	4.0
4298	4.5
4305	2.5
4306	5.0
4308	1.0
4310	2.0
4317	3.0
4318	5.0
4321	5.0
4322	5.0
4326	5.0
4327	4.0
4329	5.0
4333	4.0
4334	3.5
4339	3.5
4345	3.0
4349	3.5
4356	3.0
4357	3.5
4359	5.0
4361	5.0
4366	3.0
4370	3.0
4378	4.0
4380	4.5
4381	4.0
4396	3.0
4406	5.0
4407	3.0
4410	4.0
4422	3.0
4424	2.5
4427	5.0
4432	5.0
4443	4.0
4447	2.0
4448	4.0
4452	3.0
4464	4.0
4465	4.0
4467	5.0
4474	3.0
4478	4.0
4483	2.0
4487	1.0
4488	4.0
4489	4.0
4498	4.0
4499	5.0
4506	4.0
4508	3.0
4509	4.0
4526	2.0
4529	2.0
4531	3.0
4535	5.0
4541	4.0
4544	2.0
4545	2.0
4546	5.0
4557	4.0
4558	4.0
4564	5.0
4571	3.5
4572	3.0
4577	5.0
4587	2.0
4613	4.0
4616	4.0
4621	3.0
4623	4.0
4639	5.0
4641	5.0
4642	5.0
4643	2.5
4649	3.5
4661	5.0
4662	4.0
4673	2.0
4677	3.0
4678	3.0
4679	4.0
4681	4.0
4701	3.5
4703	5.0
4705	4.5
4710	4.0
4719	4.0
4720	3.0
4727	2.5
4728	3.0
4733	4.0
4734	4.0
4741	4.0
4770	3.0
4776	5.0
4784	5.0
4787	5.0
4799	4.0
4802	5.0
4803	4.0
4809	5.0
4814	3.0
4815	3.0
4816	2.5
4835	3.0
4844	4.0
4848	3.0
4855	4.0
4857	5.0
4865	2.0
4866	3.0
4873	3.0
4874	4.0
4878	2.5
4880	4.0
4881	5.0
4886	5.0
4887	1.0
4889	4.0
4896	4.0
4899	1.5
4901	3.0
4903	4.0
4911	2.0
4912	4.0
4914	4.0
4928	3.0
4929	4.0
4932	2.0
4941	3.0
4951	3.0
4954	3.0
4956	3.0
4958	3.0
4963	4.0
4967	3.5
4969	5.0
4970	2.0
4971	4.0
4973	5.0
4975	3.0
4976	5.0
4979	5.0
4980	3.0
4990	4.0
4992	2.5
4993	5.0
4994	3.0
4995	5.0
5004	5.0
5008	5.0
5009	4.0
5010	2.0
5013	4.0
5014	4.0
5016	3.0
5017	5.0
5021	5.0
5025	3.0
5027	4.0
5034	4.0
5040	1.0
5049	4.0
5051	4.0
5060	5.0
5065	3.0
5081	4.0
5102	4.0
5103	4.0
5105	3.0
5107	4.0
5108	5.0
5110	3.5
5111	2.5
5120	5.0
5127	1.0
5128	1.0
5139	5.0
5147	4.0
5152	2.0
5159	2.0
5171	3.0
5177	3.0
5214	3.0
5218	4.0
5220	4.0
5225	3.0
5237	4.0
5247	4.0
5265	4.0
5266	3.0
5267	5.0
5291	5.0
5292	5.0
5293	2.5
5294	3.0
5299	5.0
5303	2.0
5308	4.0
5309	4.0
5319	4.0
5339	4.0
5349	4.0
5364	4.0
5377	5.0
5378	2.0
5380	4.0
5385	5.0
5388	5.0
5389	2.0
5391	3.5
5417	2.0
5418	4.0
5438	3.0
5444	3.0
5445	4.0
5446	4.0
5449	3.0
5450	4.5
5459	2.5
5464	5.0
5470	4.0
5479	2.0
5489	2.5
5500	4.0
5502	3.0
5504	3.0
5505	4.0
5506	3.5
5508	3.0
5522	4.0
5528	3.5
5530	5.0
5540	4.0
5541	5.0
5544	4.0
5548	4.0
5553	4.0
5568	4.0
5572	3.5
5577	3.5
5582	3.0
5602	5.0
5603	5.0
5618	3.0
5620	3.0
5630	4.0
5650	4.0
5667	4.0
5668	4.0
5669	5.0
5673	3.0
5679	3.0
5685	3.5
5690	3.5
5693	3.0
5707	5.0
5747	4.0
5772	4.0
5782	3.5
5791	5.0
5796	3.0
5804	2.5
5810	2.5
5812	4.0
5816	4.0
5876	4.0
5878	5.0
5881	3.0
5882	2.5
5890	4.5
5893	4.0
5899	5.0
5900	3.0
5902	4.0
5941	3.5
5943	2.0
5944	2.0
5945	5.0
5952	4.0
5954	4.5
5955	4.5
5956	4.0
5957	3.5
5959	4.0
5970	3.0
5971	2.0
5989	4.0
5991	3.5
5992	5.0
5995	5.0
6001	5.0
6003	2.0
6016	4.5
6059	3.5
6062	3.5
6104	5.0
6166	4.0
6170	4.0
6183	5.0
6187	2.0
6212	2.5
6216	3.5
6218	3.5
6235	5.0
6238	3.0
6250	3.5
6270	2.0
6281	3.5
6286	4.5
6287	4.0
6296	5.0
6297	3.5
6299	3.5
6301	3.0
6303	3.5
6322	3.5
6323	3.0
6331	5.0
6333	4.0
6365	3.0
6370	2.5
6377	5.0
6380	4.5
6385	4.0
6428	3.5
6436	3.5
6440	4.0
6461	4.0
6484	2.0
6534	2.0
6539	3.5
6541	2.5
6550	3.5
6552	5.0
6565	4.0
6591	4.0
6593	2.5
6617	3.5
6620	4.0
6636	3.5
6639	4.5
6650	5.0
6658	3.0
6659	4.0
6662	3.5
6663	4.0
6664	3.5
6666	3.5
6669	4.5
6708	4.0
6711	4.5
6724	5.0
6743	2.5
6753	3.5
6755	2.5
6763	1.5
6765	3.5
6773	4.0
6774	2.0
6776	5.0
6777	4.5
6783	3.5
6785	3.5
6786	3.5
6787	4.5
6791	3.5
6793	3.0
6794	3.0
6796	4.0
6800	3.5
6807	5.0
6808	3.0
6810	3.5
6832	4.0
6852	4.0
6863	4.5
6867	4.5
6870	4.0
6873	2.5
6874	3.5
6879	3.5
6881	4.5
6887	3.5
6889	2.5
6890	4.0
6932	3.0
6936	4.5
6942	3.5
6944	4.5
6947	2.5
6950	2.5
6952	2.5
6953	4.0
6954	4.5
6957	2.5
6966	4.0
6974	4.0
6975	3.5
6979	3.5
6985	3.5
6987	2.0
6993	5.0
6996	3.0
7000	3.5
7001	3.5
7004	3.5
7007	2.5
7013	5.0
7017	3.0
7018	4.0
7023	3.5
7027	5.0
7028	4.5
7034	3.0
7036	3.0
7044	2.0
7046	4.0
7060	3.0
7064	4.0
7072	4.0
7073	5.0
7075	4.0
7076	4.0
7084	5.0
7089	5.0
7090	4.5
7091	5.0
7101	3.5
7102	3.5
7104	3.5
7116	4.5
7121	5.0
7132	5.0
7137	4.5
7139	5.0
7143	2.5
7147	4.5
7149	4.0
7150	3.5
7151	2.5
7153	4.0
7154	3.5
7155	3.5
7156	3.0
7158	5.0
7160	3.5
7161	4.5
7162	4.0
7163	2.5
7164	2.0
7215	5.0
7228	1.5
7234	5.0
7247	4.0
7254	2.5
7256	3.5
7263	4.5
7285	3.5
7293	3.0
7303	4.0
7318	4.0
7323	3.5
7325	3.0
7327	1.5
7348	4.0
7361	4.0
7366	3.5
7367	3.5
7371	2.5
7373	3.5
7386	4.0
7419	3.0
7438	4.0
7445	3.0
7451	3.0
7458	2.5
7460	2.5
7481	2.5
7502	3.5
7560	5.0
7566	4.0
7570	3.0
7573	3.0
7618	3.5
7619	4.0
7669	5.0
7698	4.0
7700	4.0
7701	3.5
7706	5.0
7766	3.0
7836	4.0
7925	3.5
7934	5.0
7980	3.5
7983	5.0
8042	4.0
8128	5.0
8154	2.5
8183	4.0
8207	4.0
8228	3.5
8337	5.0
8340	3.5
8360	4.5
8361	3.0
8366	3.0
8368	3.5
8376	4.0
8464	4.0
8477	1.0
8491	3.5
8492	4.5
8493	3.5
8501	3.0
8507	3.5
8528	3.0
8529	3.0
8530	5.0
8533	2.5
8542	4.5
8581	2.0
8596	4.0
8610	4.0
8614	3.5
8622	5.0
8623	4.0
8633	3.5
8636	3.5
8638	5.0
8641	2.0
8644	2.0
8645	4.0
8665	4.0
8781	3.5
8783	2.0
8784	4.5
8798	4.0
8827	5.0
8865	2.0
8866	3.5
8870	3.5
8873	4.0
8874	3.5
8879	4.0
8880	4.5
8907	3.5
8908	2.5
8910	2.0
8917	2.5
8937	3.0
8949	4.0
8950	3.0
8951	3.5
8957	3.0
8958	4.0
8961	5.0
8965	2.5
8969	2.5
8970	5.0
8972	3.5
8984	3.5
25788	4.0
26084	5.0
26131	2.5
26133	5.0
26152	4.0
26242	3.0
26555	4.0
26614	2.0
26680	0.5
26729	3.5
27592	3.0
27611	3.5
27706	5.0
27721	3.0
27727	3.5
27741	4.0
27773	3.0
27788	3.0
27790	4.0
27803	4.5
27808	4.5
27815	4.5
27821	3.0
27838	3.5
27846	4.5
27878	4.5
30707	5.0
30749	5.0
30793	4.0
30810	3.0
30812	3.0
30816	2.5
30822	4.0
30825	3.0
30850	3.5
30894	2.0
30898	3.0
31225	3.5
31427	2.0
31685	3.0
31878	1.0
32031	2.5
32587	3.5
32596	2.5
32598	3.5
33004	3.5
33154	4.0
33166	4.5
33437	2.5
33493	3.0
33615	3.0
33646	2.0
33660	3.5
33669	2.5
33679	2.5
33794	3.0
33836	2.0
33903	4.5
34048	3.0
34072	3.5
34153	4.0
34162	3.5
34271	3.0
34332	2.0
34336	3.0
34437	4.5
34528	4.5
34534	3.0
36276	4.0
36517	4.0
36527	4.0
36529	2.5
36535	3.0
37240	4.0
37729	3.5
37733	3.0
37741	4.0
38038	5.0
38061	4.5
38304	5.0
38798	3.5
38886	4.5
39183	4.0
39231	3.0
39292	4.0
39381	3.0
39414	4.0
39446	3.0
40278	3.5
40583	3.5
40629	4.0
40815	3.5
40819	4.0
40826	3.5
41285	4.5
41566	4.0
41569	2.5
41571	3.0
41573	4.0
41863	4.0
41997	3.5
42004	3.5
42007	3.5
42011	2.5
43376	4.5
43396	4.5
43560	4.0
43871	3.0
44004	1.5
44022	3.5
44191	3.0
44195	4.0
44199	3.5
44204	4.5
44555	4.5
44665	4.5
44694	4.0
44709	4.0
44761	3.5
45028	5.0
45210	4.0
45431	4.0
45442	2.5
45447	3.0
45499	3.5
45517	4.5
45668	2.5
45672	2.0
45720	2.5
45722	2.5
45730	1.5
45732	2.0
45880	3.0
45928	3.5
45950	4.0
46530	2.5
46578	4.5
46723	4.0
46850	5.0
46948	2.5
46967	4.0
46970	3.0
46972	3.0
46976	4.0
47099	3.5
47423	3.0
47610	3.5
47629	4.0
47997	3.0
47999	4.0
48043	1.5
48142	2.5
48385	4.0
48394	3.5
48516	5.0
48738	4.5
48774	3.5
48780	4.0
48783	3.0
48877	3.0
48982	3.0
49272	3.5
49274	3.0
49278	3.5
49286	3.0
49396	3.0
49530	4.0
49651	2.5
49772	3.5
49822	4.0
49824	4.0
49961	4.5
50068	3.5
50601	2.5
50685	4.5
50794	4.0
50872	4.5
50912	3.5
51080	3.5
51084	4.0
51086	1.5
51255	4.0
51540	3.0
51575	2.5
51931	3.0
51935	2.5
52241	4.0
52245	3.5
52287	2.5
52435	5.0
52458	3.0
52722	3.0
52952	4.0
52973	3.5
52975	4.0
53121	4.0
53123	4.5
53125	2.5
53129	3.0
53322	4.0
53519	2.5
53550	3.0
53894	4.5
53953	2.0
53956	4.0
53972	3.0
53993	2.5
53996	2.5
54001	3.5
54190	4.0
54259	4.0
54272	4.5
54286	3.5
54372	4.0
54503	2.5
54881	4.0
54997	3.5
54999	2.5
55052	3.0
55069	3.5
55094	4.5
55118	4.0
55247	3.5
55267	3.5
55269	3.5
55276	3.5
55280	3.5
55290	4.5
55363	4.5
55442	4.0
55444	3.0
55577	2.5
55721	3.5
55765	3.5
55768	4.0
55805	4.0
55814	4.0
55820	5.0
55830	3.5
55872	2.0
56152	3.5
56174	3.0
56333	4.5
56339	3.5
56367	5.0
56587	3.5
56607	4.0
56757	4.0
56782	4.0
56788	4.0
56805	3.0
57368	1.5
57640	3.5
57669	4.5
58047	3.0
58103	3.0
58154	3.0
58162	3.5
58295	3.5
58299	3.5
58303	3.5
58559	4.0
59018	4.5
59315	4.0
59369	3.0
59387	2.5
59501	3.5
59615	4.0
59784	4.0
60040	3.5
60069	4.0
60072	1.5
60074	3.0
60397	1.0
60487	5.0
60684	4.5
60756	3.0
60766	4.0
60950	3.5
61024	4.0
61132	3.5
61236	4.0
61240	3.5
61323	4.0
61729	4.0
62155	3.5
62374	3.0
62376	2.5
62511	3.0
63062	3.5
63072	3.5
63082	4.0
63113	3.5
63853	2.5
63859	3.0
63876	3.5
64497	3.0
64575	4.5
64614	3.5
64620	4.0
64716	3.0
64839	4.0
64957	4.0
64983	3.5
65130	3.5
65230	3.0
65261	1.5
65514	4.0
66097	3.0
66171	2.0
66203	3.0
66509	3.5
66665	4.0
66934	4.0
67087	4.5
67255	3.5
67267	3.5
67408	3.0
67734	3.5
67997	4.0
68073	4.5
68157	4.5
68358	3.5
68554	3.0
68848	3.5
68954	3.5
69122	4.0
69306	2.5
69481	3.5
69526	0.5
69640	4.5
69644	2.5
69757	3.0
69844	3.5
69951	3.0
70286	4.0
70293	3.5
71211	3.5
71282	4.0
71464	4.0
71520	3.5
71535	4.5
71579	4.5
71745	3.5
71838	1.5
71899	4.5
72011	4.5
72226	4.0
72395	4.0
72641	3.5
72720	3.0
72731	3.0
72733	4.0
72737	4.0
72998	3.5
73017	3.5
73023	4.5
73266	4.0
73268	3.5
73321	3.5
73344	4.5
74458	4.0
74510	3.5
74545	3.5
74789	2.5
74795	4.0
76077	2.5
76093	3.0
76251	1.5
76293	3.5
77455	4.0
77561	3.5
78039	3.5
78469	2.5
78499	5.0
78574	4.0
78637	3.5
79091	3.5
79132	4.5
79242	4.0
79293	2.5
79702	4.0
80463	4.0
80489	3.5
80549	4.5
80969	3.5
81229	3.5
81537	4.0
81562	4.0
81564	3.5
81591	3.5
81834	3.5
81845	4.0
81847	2.5
81932	4.0
82459	4.5
83134	4.0
84152	2.0
84392	3.5
84601	3.0
84944	4.5
84954	3.0
85414	3.5
85774	3.5
86190	3.0
86347	2.5
86833	4.0
86880	3.0
86882	4.5
86898	2.5
87222	3.0
87306	3.5
87869	4.0
88125	4.0
88129	3.5
88140	3.0
88163	3.5
88744	3.0
88810	4.0
89470	3.5
89492	3.5
89745	3.5
89753	3.5
89774	3.0
89804	4.5
89904	4.0
90746	3.5
90866	3.5
91077	4.5
91500	3.5
91529	3.5
91658	4.0
92259	4.5
93840	4.0
94864	4.0
94959	3.5
95088	4.5
95167	3.5
95441	2.0
95510	3.5
96079	4.5
96610	4.0
96821	4.0
97304	4.0
97913	4.0
97921	4.5
97923	2.5
97938	4.0
98154	4.0
98809	3.0
98961	3.5
99114	4.5
99149	3.0
102125	3.5
102445	4.0
102903	3.5
103141	3.5
103249	4.0
103335	4.0
104374	3.0
104841	3.5
104879	4.0
105504	4.0
105844	4.0
106100	3.5
106487	3.5
106489	3.0
106696	4.0
106782	4.0
106916	4.5
106920	4.0
108932	4.0
109374	3.5
109487	4.0
111362	4.0
112175	2.5
112183	5.0
112290	4.0
112556	4.0
112852	4.0
116797	4.5
