1	3.5
2	2.5
3	3.0
6	3.0
10	4.0
19	4.0
20	3.0
21	4.5
22	4.0
25	4.5
32	5.0
34	0.5
47	4.0
50	4.0
65	2.0
66	3.0
70	3.5
76	3.0
110	3.5
111	4.5
112	3.0
122	3.0
141	4.0
145	3.5
150	3.0
153	3.0
163	4.0
165	3.0
173	2.5
185	3.5
196	3.0
198	4.0
204	2.5
208	3.0
225	3.5
227	3.5
231	4.0
253	4.5
256	2.0
260	3.5
282	2.0
288	4.0
292	3.0
296	4.5
315	2.5
316	3.0
318	4.0
329	3.0
344	4.0
349	3.5
353	4.0
356	3.0
357	2.0
364	3.0
367	3.0
368	1.5
370	3.5
377	3.5
380	3.0
410	3.0
420	3.5
428	4.0
431	4.5
434	2.5
435	1.5
440	3.0
442	3.5
454	4.0
455	2.5
456	3.5
457	3.0
464	3.5
466	3.0
474	3.0
480	3.0
482	4.0
485	3.0
493	4.0
500	1.5
508	3.0
509	3.0
516	3.0
517	3.5
520	3.0
527	3.5
539	3.5
541	3.5
555	4.0
586	2.0
587	3.5
588	2.5
589	3.5
590	4.0
592	3.0
593	4.0
595	2.5
597	3.0
608	3.5
648	3.0
653	2.5
663	5.0
673	3.0
674	4.0
719	2.5
720	4.0
733	3.0
736	2.5
745	5.0
750	4.0
762	2.0
778	4.5
780	4.0
784	3.5
786	1.0
788	2.0
805	3.0
808	2.0
832	3.0
837	4.0
852	2.5
858	4.5
903	3.5
919	3.5
923	3.5
924	3.5
1004	2.5
1011	2.5
1020	4.0
1032	4.0
1035	3.0
1036	3.0
1037	4.0
1073	4.0
1079	3.5
1080	4.5
1086	4.0
1088	2.5
1089	4.5
1090	3.0
1092	3.0
1097	4.5
1099	3.0
1100	4.0
1101	3.5
1120	3.0
1127	3.0
1136	4.5
1148	4.5
1193	4.0
1196	4.0
1198	3.5
1199	4.5
1200	3.5
1201	4.0
1206	4.5
1207	4.5
1209	4.0
1210	4.0
1213	4.0
1214	3.0
1219	4.0
1220	2.0
1221	4.5
1222	4.0
1223	5.0
1225	2.5
1233	3.5
1240	3.0
1246	4.5
1250	4.0
1258	4.0
1262	3.5
1263	3.5
1265	5.0
1266	4.0
1270	4.0
1272	3.0
1274	4.0
1275	4.0
1281	3.5
1282	3.0
1287	4.0
1289	4.0
1291	3.5
1293	4.0
1307	3.5
1321	4.0
1333	4.0
1334	3.0
1343	3.5
1345	4.0
1347	4.0
1356	3.5
1358	4.5
1370	3.0
1371	3.5
1374	3.0
1376	4.0
1380	3.0
1385	3.0
1387	4.0
1391	2.0
1393	3.5
1394	3.5
1396	3.5
1407	2.0
1408	4.0
1409	4.0
1466	3.5
1476	3.5
1479	2.5
1485	4.0
1499	0.5
1517	3.0
1527	4.5
1544	2.5
1552	2.5
1556	2.5
1573	3.0
1580	4.0
1591	3.5
1608	3.0
1610	3.5
1625	4.0
1627	3.5
1645	4.0
1663	4.0
1673	4.5
1682	4.0
1693	3.0
1704	4.0
1721	3.5
1727	3.5
1729	4.0
1732	4.0
1754	3.0
1779	3.0
1784	4.0
1876	3.0
1884	4.5
1909	4.0
1911	2.0
1917	3.0
1918	3.0
1921	4.5
1923	3.5
1954	3.0
1960	4.0
1961	4.0
1962	4.0
1967	4.5
1968	4.0
1974	3.5
1982	4.0
1991	3.0
1993	2.5
1994	4.0
1995	2.5
1996	1.0
1997	3.0
2000	3.0
2001	3.0
2002	3.0
2003	3.5
2005	3.0
2011	3.0
2012	3.5
2018	4.0
2023	4.0
2028	4.0
2053	2.5
2054	2.5
2058	2.0
2081	1.5
2115	4.0
2134	4.0
2163	2.0
2167	3.0
2174	4.0
2193	4.0
2194	4.0
2205	3.0
2268	4.5
2278	4.0
2288	4.5
2294	3.5
2297	4.0
2301	4.0
2302	3.5
2321	4.0
2325	3.5
2329	4.0
2340	4.0
2353	3.0
2355	4.0
2359	4.0
2376	4.0
2401	3.5
2402	2.5
2403	3.0
2404	2.0
2406	3.0
2407	3.5
2408	3.0
2409	2.5
2410	2.5
2411	2.0
2412	2.0
2421	2.5
2424	2.0
2450	1.5
2455	4.0
2467	4.5
2468	2.5
2470	3.0
2471	2.5
2490	2.0
2496	3.0
2502	4.0
2529	2.5
2530	1.5
2533	0.5
2539	4.0
2542	4.0
2571	3.5
2580	3.0
2594	4.0
2599	1.5
2600	4.5
2605	3.5
2616	3.0
2617	3.0
2628	3.5
2640	4.0
2671	3.0
2683	3.0
2692	4.0
2699	3.0
2700	3.0
2701	3.0
2706	3.5
2710	4.0
2712	4.0
2716	4.0
2717	3.5
2762	4.0
2763	4.0
2770	4.0
2788	4.0
2791	2.0
2793	3.0
2797	3.5
2799	1.0
2805	2.5
2819	4.0
2843	4.5
2858	4.0
2912	4.0
2916	4.0
2918	4.0
2922	3.5
2947	3.5
2948	4.0
2949	4.0
2950	3.0
2953	2.5
2959	4.0
2985	4.0
2986	2.5
2987	3.0
2989	4.0
2990	4.0
2991	3.5
2993	4.0
2997	4.5
3000	4.0
3020	5.0
3033	4.0
3081	4.0
3082	3.0
3101	3.0
3114	3.0
3147	4.0
3160	5.0
3168	4.0
3173	3.0
3174	4.0
3176	4.0
3198	4.5
3204	4.5
3208	3.0
3246	4.0
3253	4.0
3254	3.0
3256	3.5
3263	3.5
3267	4.0
3272	4.5
3362	3.5
3363	4.0
3386	4.0
3408	3.0
3409	3.5
3418	3.0
3421	4.5
3424	4.5
3438	2.0
3448	3.0
3450	4.0
3462	3.5
3471	4.0
3476	4.5
3481	4.0
3499	4.0
3527	2.5
3534	3.0
3551	3.0
3556	4.0
3578	4.5
3623	3.5
3624	3.0
3638	3.5
3639	4.0
3654	4.0
3671	3.0
3686	3.5
3698	4.0
3702	4.5
3703	3.0
3704	4.0
3717	4.0
3735	4.5
3744	3.0
3751	4.0
3752	3.5
3755	2.0
3763	3.0
3773	3.5
3793	4.0
3809	2.5
3826	3.0
3827	3.0
3863	2.5
3868	3.5
3949	4.5
3967	4.0
3968	3.0
3977	2.5
3984	4.0
3988	3.5
3996	4.5
4002	4.0
4007	3.5
4011	4.0
4018	3.5
4022	4.0
4025	2.0
4027	4.0
4034	4.5
4041	4.0
4085	4.0
4148	3.5
4207	3.5
4226	4.5
4246	2.0
4262	4.0
4270	2.0
4306	3.5
4308	4.0
4310	3.5
4326	4.0
4344	3.0
4351	3.5
4367	2.5
4369	3.0
4370	3.5
4447	4.0
4488	4.5
4489	3.5
4621	2.0
4623	3.5
4641	3.0
4848	4.0
4855	3.5
4878	4.5
4886	3.5
4889	3.5
4896	4.0
4936	2.0
4963	4.0
4973	5.0
4993	3.5
4995	4.5
5010	3.0
5049	3.5
5093	2.0
5218	3.0
5225	4.0
5349	2.5
5378	3.5
5445	4.5
5608	4.5
5618	4.0
5621	3.0
5669	3.5
5816	4.0
5872	4.0
5945	3.5
5952	3.0
5989	3.5
5995	3.0
6218	4.0
6238	3.0
6281	3.5
6291	4.5
6297	3.0
6303	3.5
6322	3.0
6333	3.0
6365	2.5
6373	4.5
6377	4.0
6378	3.0
6428	3.5
6482	2.0
6537	4.0
6539	4.0
6567	2.0
6618	4.0
6662	4.0
6711	3.5
6774	4.0
6796	4.0
6807	5.0
6863	2.5
6874	2.5
6893	3.5
6953	4.0
6986	4.0
7001	4.0
7143	3.5
7147	4.0
7153	4.0
7323	4.0
7347	4.0
7361	3.5
7438	3.0
7458	4.0
7482	4.0
7569	4.0
7836	3.0
7980	4.0
8014	4.5
8340	4.5
8360	3.0
8368	4.0
8464	4.0
8507	3.0
8604	4.0
8622	3.5
8636	2.0
8644	3.0
8798	2.5
8873	4.0
8947	4.5
8950	4.0
8957	4.0
27317	4.0
27772	3.5
27801	4.5
30812	3.5
31410	4.0
32587	3.0
33493	3.5
33679	3.0
33794	2.0
37240	4.0
38061	3.5
44191	4.0
44694	3.5
44709	4.5
46530	1.0
48385	3.0
51255	3.5
54503	2.5
59369	4.0
60069	4.0
63082	3.5
79242	3.5
79702	3.5
84374	3.0
89745	3.5
93510	3.0
102125	3.5
103335	3.0
