5	3.0
7	3.0
11	4.0
14	3.5
17	3.5
24	3.5
29	3.0
31	4.0
32	3.5
34	5.0
39	4.0
47	1.0
48	3.5
50	5.0
62	4.0
70	2.0
105	4.0
110	3.0
141	3.5
150	3.5
151	3.5
158	3.5
163	4.5
170	3.0
185	2.5
193	3.0
203	3.5
208	1.0
215	4.0
223	3.5
225	2.5
232	4.0
236	3.5
237	3.5
247	3.5
249	4.0
252	4.0
253	4.0
260	5.0
265	5.0
266	3.5
272	3.0
276	1.0
277	4.0
282	2.5
292	4.5
293	3.0
296	5.0
300	4.0
314	4.0
350	3.5
353	4.0
356	5.0
357	4.0
364	4.0
372	4.0
376	3.5
377	4.0
380	3.0
405	0.5
410	3.0
440	3.5
441	3.0
442	3.5
454	4.0
455	3.0
474	4.0
475	3.5
480	3.5
494	3.0
497	4.5
500	3.5
508	4.0
515	3.5
520	2.0
527	5.0
539	3.0
550	3.5
551	4.0
586	3.5
587	4.0
588	3.5
590	4.0
592	3.0
593	3.5
594	4.5
595	4.0
596	4.0
597	3.5
608	5.0
616	4.0
628	4.0
647	2.5
648	4.0
653	2.0
708	4.0
724	4.0
733	0.5
736	4.0
762	3.0
778	4.0
780	4.0
783	3.5
784	3.0
785	4.0
786	1.5
799	3.5
800	4.0
830	3.0
832	2.5
866	4.0
899	4.0
904	4.0
912	4.5
914	5.0
916	5.0
919	5.0
920	4.0
924	4.5
928	4.5
952	4.0
994	3.5
1015	4.0
1019	4.0
1022	4.0
1025	4.0
1027	4.0
1028	3.0
1029	4.0
1032	3.5
1035	5.0
1042	4.0
1047	3.5
1059	1.5
1061	3.0
1073	5.0
1081	4.0
1088	5.0
1093	3.0
1094	4.0
1095	3.0
1097	5.0
1101	4.5
1104	4.0
1120	3.5
1127	4.0
1136	5.0
1179	4.0
1183	4.0
1186	4.0
1188	4.5
1189	4.0
1196	5.0
1197	5.0
1198	5.0
1206	0.5
1207	5.0
1210	4.5
1213	5.0
1219	4.0
1225	5.0
1230	3.5
1235	4.0
1243	4.5
1246	5.0
1247	5.0
1249	3.0
1258	4.5
1259	4.5
1265	4.0
1268	3.5
1270	4.0
1271	4.0
1275	3.5
1277	2.5
1278	4.0
1282	5.0
1284	5.0
1285	4.0
1287	4.0
1289	5.0
1291	4.0
1293	5.0
1302	5.0
1304	4.0
1307	4.0
1320	0.5
1321	3.5
1333	4.5
1339	4.0
1343	3.0
1345	3.5
1357	4.5
1358	4.5
1375	3.0
1378	3.0
1380	3.5
1387	4.0
1393	4.0
1396	4.0
1405	4.0
1407	4.5
1408	4.5
1409	4.0
1411	3.5
1416	4.0
1441	3.5
1466	3.0
1485	2.5
1500	3.5
1513	5.0
1517	3.5
1527	4.0
1556	1.5
1569	4.0
1573	3.5
1580	3.0
1584	4.5
1586	2.5
1590	2.0
1597	3.5
1608	3.5
1614	3.5
1617	3.5
1625	5.0
1639	4.0
1641	4.5
1644	1.0
1645	4.0
1653	2.5
1660	3.5
1673	4.5
1674	3.5
1676	0.5
1678	4.5
1680	4.0
1682	3.0
1704	5.0
1711	4.0
1721	3.5
1732	4.5
1747	3.5
1748	3.5
1754	4.0
1784	4.0
1805	3.0
1810	3.0
1835	3.0
1876	4.0
1882	2.0
1883	2.0
1884	4.5
1909	4.0
1912	4.0
1914	5.0
1917	3.5
1921	4.0
1923	3.0
1947	5.0
1955	4.0
1957	4.0
1958	4.5
1960	5.0
1961	5.0
1962	4.5
1965	3.5
1967	5.0
1968	5.0
1994	4.0
1997	3.5
2003	4.0
2005	4.0
2006	3.5
2011	3.0
2012	1.5
2018	4.0
2020	4.0
2021	4.0
2028	4.0
2046	3.5
2054	3.0
2067	4.0
2071	4.0
2076	4.0
2080	4.0
2081	4.0
2085	4.0
2094	4.0
2096	4.0
2097	3.5
2100	4.0
2109	3.0
2115	4.0
2116	5.0
2124	3.0
2125	4.5
2126	2.0
2132	4.0
2133	2.5
2134	2.5
2137	5.0
2138	5.0
2140	5.0
2141	4.0
2142	4.0
2143	4.0
2144	4.0
2145	4.0
2146	3.0
2160	3.0
2161	5.0
2167	3.5
2174	4.0
2176	4.5
2193	4.0
2232	1.5
2243	3.0
2248	5.0
2263	4.5
2268	4.5
2278	3.5
2291	4.5
2297	3.0
2302	5.0
2311	4.0
2316	3.5
2324	4.5
2335	2.5
2336	4.0
2353	2.5
2369	2.0
2375	2.0
2394	4.0
2395	4.0
2396	5.0
2398	3.5
2405	3.0
2406	3.5
2407	4.0
2420	4.0
2421	3.5
2424	2.5
2431	3.0
2433	3.5
2453	3.5
2467	4.0
2470	3.5
2490	2.5
2502	5.0
2527	3.0
2541	4.0
2563	4.0
2565	4.0
2571	4.0
2572	4.5
2581	2.5
2599	3.5
2605	4.0
2616	3.0
2617	4.0
2622	3.5
2640	5.0
2657	4.0
2664	3.0
2671	4.0
2683	3.5
2688	1.5
2692	4.0
2700	4.5
2702	3.5
2706	4.0
2707	4.0
2710	4.0
2712	4.0
2716	5.0
2719	3.0
2723	3.5
2724	2.5
2728	3.0
2735	4.0
2739	4.0
2746	4.0
2762	4.5
2763	3.5
2764	3.0
2774	3.5
2797	4.0
2803	4.0
2804	4.0
2826	4.0
2841	3.0
2846	5.0
2858	3.5
2872	4.5
2890	4.0
2906	4.0
2908	4.0
2918	5.0
2942	3.0
2959	4.0
2968	3.5
2971	4.0
2987	3.5
2997	4.0
3006	3.5
3020	3.0
3033	4.0
3052	3.5
3071	4.5
3072	5.0
3081	3.5
3087	3.5
3100	3.5
3101	1.5
3105	3.5
3108	4.0
3147	3.5
3148	4.0
3157	3.0
3160	4.0
3173	2.0
3176	3.5
3185	3.0
3210	3.0
3246	3.5
3247	3.5
3253	4.5
3255	4.0
3257	1.5
3264	3.5
3267	4.0
3274	2.0
3296	4.5
3298	4.0
3301	2.5
3355	3.5
3363	3.5
3386	4.0
3392	1.0
3396	5.0
3398	5.0
3408	4.0
3418	4.0
3421	4.5
3424	4.0
3435	4.5
3444	0.5
3448	4.0
3451	4.0
3471	4.5
3479	3.5
3481	3.5
3489	3.0
3510	3.0
3512	4.0
3526	3.0
3536	4.0
3550	4.0
3551	3.5
3556	4.0
3578	3.0
3591	3.0
3608	4.0
3623	3.0
3668	4.5
3672	3.5
3686	3.0
3733	3.0
3740	3.0
3745	4.0
3751	4.0
3753	3.0
3755	4.0
3785	0.5
3791	4.0
3793	4.0
3798	3.0
3826	0.5
3844	4.0
3897	5.0
3910	1.0
3911	4.0
3948	4.0
3949	2.5
3994	3.0
3996	5.0
4003	2.0
4014	4.0
4018	2.5
4022	4.0
4025	1.0
4027	4.0
4033	4.0
4034	4.0
4037	4.0
4039	4.0
4040	3.0
4041	3.5
4062	4.0
4067	4.0
4103	4.0
4121	3.5
4128	3.5
4132	3.5
4226	5.0
4246	4.0
4270	3.0
4280	4.0
4299	4.0
4306	4.0
4308	3.0
4321	4.0
4361	4.0
4370	3.5
4427	5.0
4447	3.5
4465	3.5
4474	3.5
4489	3.0
4545	4.0
4558	2.0
4571	3.5
4641	4.0
4642	5.0
4720	4.0
4734	4.0
4754	5.0
4803	2.5
4823	2.5
4857	4.5
4865	3.5
4873	5.0
4874	3.5
4878	5.0
4896	4.0
4903	3.0
4912	4.0
4936	4.0
4941	4.0
4963	3.0
4973	5.0
4975	4.0
4979	3.0
4980	3.5
4993	4.5
4995	4.0
5014	3.5
5026	4.0
5039	3.5
5065	4.0
5110	3.0
5120	3.5
5135	4.0
5225	4.0
5266	2.5
5293	3.5
5299	4.0
5308	2.5
5349	3.5
5377	4.0
5378	1.5
5400	3.0
5418	3.5
5444	4.5
5445	4.0
5463	2.5
5502	4.0
5505	3.0
5528	3.0
5540	3.0
5617	5.0
5618	4.5
5630	3.0
5669	4.0
5679	4.5
5693	4.0
5791	4.0
5810	4.0
5816	4.0
5881	3.5
5902	3.5
5952	4.5
5956	3.5
5971	5.0
5989	4.0
5991	5.0
5992	3.0
6155	3.0
6157	2.0
6187	3.0
6218	4.0
6242	3.0
6281	3.5
6296	4.0
6323	4.0
6331	4.5
6365	3.0
6373	3.5
6377	5.0
6378	4.0
6385	4.0
6502	3.0
6539	4.5
6552	4.0
6618	3.5
6620	3.0
6659	4.0
6708	3.5
6709	4.0
6711	5.0
6754	1.5
6773	4.5
6774	1.5
6776	4.5
6791	4.5
6810	2.5
6832	3.0
6863	5.0
6870	3.5
6873	3.0
6874	0.5
6879	4.0
6942	4.0
6944	4.0
6947	3.0
6957	4.0
6979	4.0
7004	2.0
7045	4.0
7090	3.5
7143	3.5
7147	4.0
7149	4.0
7151	4.0
7153	4.5
7156	4.0
7158	3.5
7160	3.0
7162	4.0
7163	2.5
7173	2.5
7256	4.0
7325	3.5
7347	2.0
7361	4.0
7438	3.0
7842	4.0
8169	4.0
8360	3.0
8361	3.5
8366	4.0
8368	3.5
8376	5.0
8493	4.0
8533	2.5
8622	4.0
8623	2.5
8636	2.5
8638	3.5
8640	3.0
8645	4.0
8781	2.5
8783	2.5
8784	4.0
8807	4.0
8865	2.5
8880	3.5
8910	3.5
8949	3.5
8965	3.5
8969	4.0
8972	3.5
26242	4.0
26729	4.0
27721	4.0
27808	4.0
27821	3.5
27904	4.0
30793	3.5
30822	3.5
30825	3.5
30894	1.5
31658	3.5
31696	2.5
33162	3.0
33166	3.5
33493	2.5
33679	2.5
33794	4.0
34048	3.5
34072	5.0
34338	4.0
34437	3.0
34542	5.0
35836	4.0
36517	3.0
37240	4.5
37729	4.0
37857	3.0
39183	3.5
39414	4.0
40583	2.5
41285	3.5
41569	4.0
44191	4.0
44195	4.0
44694	4.5
44761	1.5
44788	4.0
45499	2.0
45668	3.0
45722	4.0
45950	5.0
46578	5.0
46967	3.5
46972	2.5
47610	4.0
47999	3.0
48043	4.0
48385	4.0
48394	5.0
48696	3.5
48774	2.5
49822	3.5
51080	3.0
53123	5.0
53125	4.0
