1	4.5
2	3.0
6	4.5
7	3.0
10	4.5
16	4.0
18	2.0
19	1.5
21	3.5
25	5.0
29	4.0
32	4.5
34	2.0
36	4.0
39	2.5
44	2.0
47	4.5
48	2.0
50	4.5
60	3.5
70	5.0
76	3.0
97	5.0
101	3.5
104	2.0
110	3.5
111	5.0
123	5.0
141	4.0
145	2.5
150	3.0
153	3.0
154	5.0
163	3.5
165	4.0
170	3.5
172	3.0
173	3.0
180	3.5
181	3.5
185	2.5
193	3.5
196	3.0
198	4.0
208	2.5
215	4.5
216	2.5
223	4.5
231	5.0
235	4.5
239	3.5
253	3.5
260	4.5
288	3.5
292	3.5
293	5.0
296	4.0
300	4.5
306	5.0
307	5.0
308	4.5
314	2.5
316	4.0
318	3.5
327	4.0
329	1.5
333	2.0
337	3.5
344	3.0
345	3.5
349	4.0
353	3.5
356	3.0
357	3.5
364	3.0
367	2.5
370	3.0
377	4.5
379	3.5
380	4.0
405	1.0
407	5.0
428	3.5
431	4.0
432	0.5
435	2.5
441	4.5
442	3.0
457	3.5
465	3.0
471	4.0
474	3.0
475	3.5
480	4.5
485	4.5
497	3.5
500	3.5
508	2.5
509	4.0
514	4.5
520	3.5
524	3.5
527	2.5
529	2.0
535	4.5
539	3.0
541	5.0
551	4.0
553	4.0
555	4.0
565	5.0
586	3.5
587	3.0
588	4.0
589	4.5
590	2.5
592	2.0
593	3.5
594	4.0
595	3.0
596	3.0
597	2.5
599	5.0
608	5.0
610	4.0
616	3.0
648	4.0
670	4.5
671	3.5
673	3.0
674	4.0
680	4.5
714	4.5
733	3.0
736	3.0
741	4.5
743	3.0
750	5.0
760	4.5
778	4.0
780	3.0
783	2.5
784	4.5
786	3.5
788	2.0
849	3.5
858	5.0
899	4.5
900	4.5
902	3.0
903	5.0
904	5.0
908	4.5
909	5.0
910	4.5
911	4.0
912	5.0
913	5.0
914	5.0
916	4.5
919	2.5
920	3.5
922	5.0
923	5.0
924	5.0
926	4.5
930	5.0
933	4.5
938	4.0
940	5.0
949	5.0
950	3.5
951	4.5
953	5.0
954	4.5
965	5.0
968	5.0
969	4.5
1009	4.0
1013	3.5
1017	3.5
1018	4.0
1019	3.5
1020	4.0
1022	3.5
1025	3.5
1027	3.0
1028	3.0
1029	4.0
1032	4.0
1035	3.0
1036	5.0
1059	2.5
1060	3.0
1073	4.0
1077	5.0
1079	3.5
1080	5.0
1083	4.5
1084	4.5
1086	4.5
1088	3.0
1089	5.0
1090	4.0
1091	2.5
1092	3.5
1095	3.5
1096	3.0
1097	4.5
1100	2.5
1101	4.0
1103	5.0
1104	4.5
1120	4.0
1127	3.0
1128	5.0
1129	4.5
1131	4.0
1136	5.0
1148	4.0
1161	3.0
1172	4.5
1173	5.0
1176	5.0
1178	4.5
1179	3.5
1183	2.5
1185	3.5
1186	4.0
1193	5.0
1196	5.0
1197	5.0
1198	5.0
1199	5.0
1200	5.0
1201	4.5
1202	4.0
1203	5.0
1204	5.0
1206	4.0
1207	5.0
1208	5.0
1209	5.0
1210	3.5
1211	4.5
1213	4.0
1214	5.0
1215	4.5
1217	5.0
1219	4.5
1220	4.5
1221	5.0
1222	4.5
1224	5.0
1225	4.0
1226	4.5
1227	4.5
1228	5.0
1230	4.5
1231	4.5
1232	5.0
1233	5.0
1234	4.5
1235	4.5
1237	4.5
1240	5.0
1241	4.5
1242	4.0
1243	3.5
1244	5.0
1245	4.5
1246	3.5
1247	5.0
1249	4.5
1250	4.5
1251	5.0
1252	4.5
1253	5.0
1254	5.0
1255	5.0
1256	4.5
1257	3.5
1258	5.0
1259	4.5
1260	5.0
1261	5.0
1262	4.5
1263	4.5
1265	5.0
1266	4.0
1267	4.5
1270	5.0
1272	4.5
1274	4.5
1275	4.0
1276	4.0
1277	4.0
1278	5.0
1281	5.0
1282	5.0
1283	5.0
1285	4.0
1287	4.5
1288	4.5
1289	5.0
1291	5.0
1293	3.0
1297	3.0
1298	4.0
1299	4.0
1301	4.5
1302	3.0
1304	4.0
1305	4.5
1307	3.0
1320	3.0
1321	4.5
1333	4.5
1339	4.0
1340	4.5
1342	3.0
1345	4.0
1347	4.0
1348	4.5
1350	4.0
1354	5.0
1356	3.0
1358	4.5
1359	3.5
1367	2.5
1370	3.5
1371	5.0
1372	3.5
1373	2.5
1374	4.5
1375	4.0
1376	4.5
1377	2.0
1380	4.0
1387	5.0
1388	3.0
1389	2.0
1391	2.5
1393	3.5
1394	5.0
1396	4.0
1405	2.0
1407	3.5
1408	3.5
1419	5.0
1460	4.0
1464	5.0
1485	3.5
1495	2.5
1499	2.0
1517	2.5
1527	4.0
1544	3.0
1552	4.5
1562	0.5
1566	3.0
1573	4.0
1580	2.5
1584	3.5
1588	2.0
1590	3.0
1608	3.5
1610	4.0
1611	4.0
1617	3.5
1625	4.0
1639	4.0
1644	2.5
1653	4.5
1663	4.0
1673	4.5
1674	4.5
1676	5.0
1682	4.5
1690	2.5
1693	2.5
1702	2.0
1704	4.0
1707	2.0
1717	3.0
1721	2.5
1722	2.5
1729	5.0
1732	5.0
1748	4.5
1777	2.5
1784	3.5
1836	5.0
1876	3.0
1882	3.0
1889	3.5
1907	3.5
1909	4.0
1911	1.0
1914	3.5
1917	2.5
1921	5.0
1923	2.5
1924	3.5
1927	5.0
1931	5.0
1936	3.5
1945	5.0
1947	5.0
1950	4.5
1952	4.5
1953	4.5
1954	3.5
1956	3.0
1958	3.0
1960	3.0
1961	3.0
1965	3.5
1966	4.0
1967	4.5
1968	4.0
1969	4.0
1970	3.5
1971	3.5
1972	2.5
1975	4.0
1976	3.5
1977	4.0
1978	2.5
1979	2.5
1980	2.0
1981	2.5
1982	4.5
1983	3.0
1984	4.5
1985	2.5
1991	3.5
1992	2.5
1994	3.0
1997	4.5
2000	4.5
2001	3.5
2003	4.5
2004	4.0
2005	4.0
2006	4.0
2010	5.0
2011	4.0
2012	4.0
2013	3.5
2018	5.0
2019	5.0
2021	5.0
2022	3.0
2023	3.5
2028	3.0
2048	5.0
2052	3.0
2054	3.0
2059	3.0
2064	4.5
2065	3.0
2067	4.5
2068	5.0
2072	2.0
2076	5.0
2080	3.0
2081	3.0
2082	2.5
2083	4.0
2085	3.5
2093	4.0
2096	5.0
2105	5.0
2106	3.0
2109	4.5
2115	5.0
2117	3.0
2121	3.0
2132	4.0
2140	4.5
2141	4.5
2142	2.5
2143	4.0
2144	4.5
2145	3.5
2150	4.0
2151	2.5
2160	4.5
2161	3.5
2167	3.0
2174	3.0
2176	4.5
2183	4.0
2186	5.0
2193	4.0
2194	4.0
2208	4.5
2212	4.5
2232	4.0
2268	4.0
2269	3.5
2273	2.0
2275	4.0
2278	4.0
2287	4.5
2288	5.0
2291	3.5
2294	2.5
2300	5.0
2302	2.0
2311	4.0
2313	4.5
2315	2.0
2322	2.5
2324	2.0
2328	4.0
2329	4.0
2335	0.5
2348	2.5
2354	2.5
2355	3.0
2366	5.0
2367	2.5
2376	4.5
2377	3.5
2384	4.0
2395	4.5
2396	2.5
2398	5.0
2402	3.0
2405	3.0
2406	4.0
2411	3.5
2413	4.0
2414	3.5
2420	3.0
2423	4.0
2427	4.0
2430	4.0
2450	3.5
2454	3.0
2455	4.5
2459	5.0
2460	4.5
2470	2.5
2478	3.0
2488	4.5
2495	4.0
2502	4.0
2505	3.5
2511	5.0
2513	4.5
2517	3.5
2527	4.5
2529	5.0
2531	2.5
2533	4.5
2542	3.5
2549	1.0
2550	3.5
2555	1.5
2560	4.0
2571	4.0
2579	3.5
2594	4.0
2599	3.0
2600	4.0
2612	3.0
2616	3.5
2617	3.0
2628	1.5
2640	4.0
2641	3.0
2642	2.5
2643	2.0
2644	4.5
2648	4.5
2654	4.5
2657	3.0
2660	4.5
2662	4.5
2664	4.5
2668	2.5
2671	3.0
2683	3.5
2686	4.0
2692	4.0
2693	3.5
2699	3.5
2700	4.0
2706	2.5
2710	3.5
2712	5.0
2716	5.0
2717	2.0
2720	1.5
2726	5.0
2728	4.5
2729	4.5
2730	5.0
2731	5.0
2732	5.0
2746	4.0
2747	4.5
2761	4.5
2762	3.5
2791	5.0
2793	4.5
2795	3.5
2797	4.0
2798	2.5
2799	2.0
2804	5.0
2808	3.5
2858	3.5
2862	5.0
2863	5.0
2867	4.0
2871	4.5
2877	4.5
2890	3.5
2900	3.5
2901	3.5
2905	5.0
2908	3.0
2915	4.0
2916	5.0
2918	5.0
2919	4.0
2922	4.5
2932	5.0
2936	4.5
2942	3.5
2947	3.5
2948	4.5
2949	4.5
2951	4.5
2952	4.0
2959	4.0
2966	4.0
2968	4.5
2970	5.0
2973	4.5
2976	4.5
2985	5.0
2986	3.0
2987	5.0
2990	4.5
2991	3.0
2997	5.0
3000	5.0
3018	5.0
3020	3.5
3022	5.0
3024	3.5
3030	4.5
3032	4.0
3033	4.0
3034	4.5
3052	3.5
3054	3.5
3066	4.0
3067	3.5
3070	3.0
3081	3.5
3082	2.5
3087	4.5
3088	4.5
3089	5.0
3091	4.5
3101	4.0
3114	4.0
3147	3.5
3148	4.0
3152	5.0
3157	2.0
3160	4.5
3168	5.0
3174	4.0
3175	4.5
3186	2.5
3198	5.0
3210	4.0
3213	5.0
3224	5.0
3243	3.0
3253	4.5
3257	3.0
3262	5.0
3265	4.5
3266	5.0
3267	3.5
3272	5.0
3273	2.0
3275	3.0
3285	3.0
3300	3.5
3307	5.0
3310	4.5
3328	4.0
3355	3.0
3360	3.0
3362	4.5
3363	3.5
3365	5.0
3386	4.0
3396	4.5
3397	4.0
3398	3.0
3408	2.0
3418	3.5
3421	4.0
3438	4.0
3441	4.5
3448	4.0
3462	5.0
3470	5.0
3471	4.5
3476	4.5
3481	4.0
3489	2.0
3498	3.5
3499	4.0
3500	2.5
3503	5.0
3504	4.5
3508	4.0
3527	5.0
3535	3.5
3543	4.0
3552	4.0
3578	4.0
3593	0.5
3608	4.0
3623	2.5
3624	2.0
3629	5.0
3633	5.0
3638	3.5
3649	3.5
3671	5.0
3676	5.0
3677	4.5
3681	4.5
3682	4.0
3688	3.0
3693	4.5
3697	3.0
3699	4.5
3702	4.0
3703	5.0
3717	3.0
3726	5.0
3730	5.0
3735	4.5
3740	5.0
3741	5.0
3742	5.0
3751	3.0
3753	3.0
3754	1.0
3785	1.5
3788	4.5
3791	3.5
3793	3.0
3794	4.5
3799	2.5
3801	4.5
3821	0.5
3868	4.5
3871	4.5
3889	0.5
3897	4.0
3910	4.5
3916	2.5
3917	5.0
3925	5.0
3927	4.5
3928	3.5
3932	4.5
3948	2.5
3949	4.5
3953	2.0
3967	2.5
3973	1.0
3977	1.5
3979	0.5
3981	2.0
3984	3.0
3988	1.0
3990	2.0
3991	1.5
3994	3.5
3996	4.5
3997	1.0
4002	4.0
4005	4.5
4007	4.0
4008	4.5
4011	4.0
4016	4.0
4022	3.5
4025	1.5
4027	3.0
4034	3.0
4084	3.5
4085	4.0
4103	4.0
4105	5.0
4124	2.5
4133	2.0
4144	5.0
4148	2.0
4178	4.0
4210	5.0
4214	3.5
4226	3.5
4232	1.5
4235	5.0
4246	1.5
4255	2.5
4262	4.0
4270	2.5
4275	4.5
4306	2.5
4308	2.0
4310	1.5
4327	5.0
4334	5.0
4344	2.5
4351	4.0
4361	4.0
4367	2.0
4369	2.5
4370	4.5
4386	2.0
4406	4.5
4427	5.0
4437	5.0
4447	2.0
4467	4.5
4480	2.5
4492	4.0
4498	3.5
4533	5.0
4544	2.5
4553	5.0
4558	4.0
4571	4.5
4572	4.0
4638	3.0
4641	2.0
4643	1.0
4654	3.0
4673	4.0
4700	2.5
4703	3.0
4718	1.5
4719	2.5
4720	4.0
4725	4.0
4735	3.0
4744	3.0
4754	5.0
4775	1.0
4776	4.0
4848	5.0
4857	4.5
4873	5.0
4878	3.0
4881	3.5
4886	4.5
4896	3.0
4901	4.0
4902	4.5
4914	5.0
4915	4.0
4928	4.5
4963	4.0
4973	3.5
4975	3.0
4979	4.5
4980	3.5
4990	4.0
4993	4.5
4995	3.0
5008	4.5
5010	3.0
5017	5.0
5039	4.0
5040	2.5
5047	3.0
5060	4.0
5092	3.0
5094	0.5
5110	2.5
5147	5.0
5218	0.5
5254	3.0
5264	2.0
5266	3.5
5291	5.0
5299	2.0
5313	2.5
5323	2.5
5349	3.0
5377	3.0
5378	1.5
5388	2.5
5415	1.0
5418	3.5
5419	1.5
5445	3.0
5449	0.5
5459	1.0
5480	2.0
5481	2.5
5489	5.0
5501	0.5
5502	3.0
5504	1.0
5507	2.0
5522	4.5
5540	4.0
5574	4.5
5618	4.0
5630	3.5
5649	4.5
5669	4.5
5673	4.5
5679	2.5
5690	4.0
5747	4.0
5772	4.5
5791	4.5
5816	3.0
5853	4.5
5881	3.0
5902	4.5
5903	3.0
5942	0.5
5943	1.0
5945	3.5
5952	3.5
5971	5.0
5989	4.0
5991	2.5
5995	4.0
6001	4.5
6013	0.5
6016	4.5
6058	2.0
6156	2.5
6157	1.5
6166	1.0
6183	3.0
6184	5.0
6242	4.0
6270	5.0
6283	3.0
6287	2.5
6290	2.0
6301	5.0
6303	5.0
6305	4.0
6333	3.0
6338	0.5
6365	2.0
6373	2.5
6377	4.0
6383	1.5
6440	4.5
6482	1.0
6502	4.0
6534	2.0
6537	3.0
6539	3.0
6541	2.0
6548	1.0
6564	2.0
6566	0.5
6615	2.0
6624	2.5
6645	5.0
6662	4.5
6666	5.0
6669	5.0
6695	2.5
6707	1.0
6711	4.0
6724	4.5
6731	5.0
6743	3.0
6774	5.0
6777	4.0
6783	5.0
6791	5.0
6807	4.0
6808	5.0
6852	4.0
6863	3.5
6870	4.0
6874	3.0
6880	2.0
6888	0.5
6890	4.0
6934	2.5
6936	4.5
6947	4.5
6951	1.5
6953	4.0
6975	4.5
6985	5.0
6987	5.0
6993	4.5
6996	0.5
7001	4.0
7004	5.0
7013	5.0
7022	4.0
7036	4.0
7044	4.5
7060	4.5
7063	5.0
7064	5.0
7072	4.5
7075	5.0
7099	4.0
7102	3.0
7116	5.0
7123	5.0
7147	2.5
7153	3.5
7161	2.0
7234	4.0
7235	4.0
7254	3.0
7318	3.5
7323	3.0
7327	5.0
7360	4.0
7361	5.0
7369	1.5
7371	4.0
7373	4.0
7386	3.5
7387	5.0
7419	4.5
7438	3.5
7454	2.5
7458	3.0
7460	4.0
7482	4.5
7502	4.5
7560	4.0
7570	3.0
7573	2.0
7587	5.0
7698	3.0
7802	4.5
7925	5.0
8014	5.0
8042	5.0
8128	4.5
8154	5.0
8207	3.5
8228	4.0
8360	2.0
8368	4.5
8371	2.5
8376	2.0
8464	4.0
8477	5.0
8501	4.0
8507	5.0
8526	2.0
8531	0.5
8596	5.0
8622	3.0
8636	4.0
8638	4.5
8641	4.0
8644	3.5
8665	3.5
8666	0.5
8690	4.5
8781	3.5
8784	2.0
8798	4.5
8810	2.0
8814	3.0
8865	3.5
8874	4.5
8907	1.5
8914	4.5
8917	4.0
8947	2.5
8949	4.0
8950	4.0
8957	4.0
8958	2.5
8961	5.0
8965	3.0
8970	3.0
8972	3.5
8974	2.0
8977	1.5
8984	3.5
8985	2.0
25771	5.0
25788	4.5
26131	5.0
26133	5.0
26152	3.0
26242	5.0
26555	4.0
26729	5.0
27266	5.0
27317	5.0
27592	4.0
27611	4.0
27660	4.0
27773	4.5
27808	3.5
27815	3.5
27837	2.0
27904	3.5
30707	2.5
30810	4.5
30812	3.5
30825	1.5
31221	0.5
31658	3.0
31878	4.0
32017	2.5
32031	1.0
32587	2.0
33004	1.5
33166	2.5
33493	2.5
33615	3.0
33679	3.0
33794	3.5
33834	3.5
34048	2.5
34072	3.0
34150	1.5
34162	2.5
34319	2.5
34405	4.5
34437	4.0
34542	4.0
35836	2.5
36276	5.0
36519	4.0
36529	5.0
37386	2.0
37741	3.5
38061	3.5
39183	3.0
39446	2.5
40339	1.0
40815	3.0
40819	3.5
41997	3.0
42002	3.0
42418	4.0
42632	4.5
42723	1.5
42725	3.0
42734	2.5
43836	2.0
44022	1.0
44191	3.5
44195	3.5
44397	3.0
44665	3.0
44709	2.0
44761	4.5
44788	4.5
44972	0.5
45081	3.0
45186	3.5
45210	2.0
45431	2.0
45442	1.5
45447	3.5
45499	1.0
45517	2.0
45666	1.0
45672	2.5
45720	2.5
45722	2.5
45730	2.0
45732	0.5
46335	1.5
46530	2.5
46578	4.0
46723	3.0
46965	2.5
46970	4.0
46972	2.5
46976	4.0
47044	3.5
47099	2.0
47200	4.5
47518	2.5
47629	3.0
48082	4.0
48385	3.5
48394	5.0
48516	4.0
48738	3.0
48774	4.5
48780	3.5
48877	2.5
48982	2.5
49272	3.5
49274	3.0
49530	3.5
49649	1.0
49651	2.5
49824	2.0
49932	4.5
50068	3.5
50601	3.5
50798	1.0
50872	3.5
50912	4.5
51077	2.5
51086	2.5
51255	3.5
51412	2.5
51575	1.0
51662	2.5
51709	4.0
51935	2.5
52245	5.0
52281	3.5
52287	2.5
52435	4.5
52722	2.0
52952	3.0
52973	3.0
53000	3.0
53121	2.0
53123	3.0
53125	2.0
53318	3.5
53322	2.0
53464	2.0
53519	2.5
53894	3.0
53953	3.0
53972	4.0
53993	2.0
53996	1.5
54001	3.5
54259	3.5
54272	2.5
54372	4.5
54503	3.0
54995	4.0
54997	3.5
55247	4.0
55276	3.5
55280	3.0
55290	4.0
55363	5.0
55442	2.0
55577	2.0
55814	4.5
55820	4.5
55872	2.5
56156	1.5
56174	3.0
56339	4.5
56367	2.5
56587	3.0
56757	3.0
56775	2.5
56782	5.0
56788	3.0
56801	1.5
56805	4.5
56941	1.5
57274	3.5
57640	5.0
57669	4.5
58025	1.5
58105	3.0
58154	3.0
58162	3.0
58293	1.5
58299	2.0
58559	3.0
58803	3.0
58998	4.0
59315	4.5
59369	3.0
59387	4.5
59501	3.0
59615	2.5
59725	2.0
59784	3.0
59900	0.5
60037	3.0
60069	5.0
60072	4.0
60074	1.0
60397	2.5
60487	4.5
60684	4.0
60756	4.0
60760	3.5
60766	5.0
60937	2.0
60950	3.0
61024	3.0
61236	3.5
61240	4.0
61248	3.0
61323	4.0
61350	3.0
62394	1.5
62434	4.0
62511	5.0
62956	3.0
62999	1.5
63062	3.0
63082	3.0
63113	3.0
63876	2.5
63992	1.0
64034	2.5
64497	1.0
64614	4.0
64839	4.0
64957	4.0
64969	2.5
64983	2.5
65088	1.5
65261	2.0
65514	4.0
65642	4.0
66171	3.5
66203	2.0
66297	2.5
66934	3.5
67087	4.0
67197	3.5
67255	4.0
67734	2.0
68073	3.0
68135	2.0
68157	4.5
68205	4.5
68237	4.0
68319	1.5
68358	3.5
68554	3.0
68791	2.5
68952	4.0
68954	4.0
69122	3.5
69134	3.5
69481	4.0
69526	0.5
69757	3.5
69784	3.0
69844	3.0
70286	3.5
70336	2.0
71057	3.0
71135	4.0
71156	3.5
71211	3.0
71254	2.5
71264	2.5
71530	3.5
71535	4.0
71579	3.5
71745	4.5
71838	2.5
72011	3.5
72226	4.0
72378	3.0
72407	3.0
72641	2.0
72998	2.5
73017	4.0
73023	3.0
74458	4.5
74789	1.0
74795	3.0
76093	3.0
76175	2.5
76251	3.5
76293	2.5
77455	4.0
77658	5.0
77866	2.0
78039	4.0
78105	2.5
78209	2.0
78469	3.0
78499	3.0
78574	3.5
78772	1.5
79091	2.5
79132	3.5
79185	3.0
79293	4.5
79357	4.0
79592	3.0
79695	4.0
79702	3.5
80219	3.5
80463	4.5
80489	3.5
81229	2.5
81537	2.5
81562	3.0
81564	4.5
81591	3.5
81834	3.0
81847	4.0
82459	4.0
83134	3.5
83349	2.5
84152	4.5
84772	3.5
84954	2.5
85131	2.0
85414	4.5
85510	2.0
85774	5.0
86190	3.5
86332	3.5
86880	2.0
86882	4.0
86898	5.0
87222	3.0
87232	3.5
87306	3.5
87430	2.5
87520	1.0
88125	3.0
88163	2.0
88405	2.5
88744	3.0
88810	3.0
89492	4.0
89745	3.5
89804	4.0
89864	3.5
89904	4.0
90746	4.0
90866	3.0
91077	3.5
91500	2.5
91529	3.5
91542	3.5
91630	4.0
92420	3.5
93510	3.5
93840	4.0
94959	4.0
95167	3.0
95510	3.0
96079	3.5
96610	4.0
96737	4.0
96821	3.5
97304	4.0
97306	4.0
97752	4.0
97913	2.5
97921	3.0
97923	3.5
97938	4.0
98154	3.5
98809	4.0
98961	4.0
99114	4.0
99149	2.0
102123	3.5
102125	3.5
102445	2.0
103042	3.0
103141	3.5
103228	4.5
103249	3.0
103772	3.5
