1	2.5
2	2.0
3	2.5
5	0.5
6	5.0
7	1.0
9	2.0
10	3.5
11	3.5
12	3.0
14	4.5
15	1.0
16	4.5
18	4.5
19	0.5
20	2.5
21	4.0
22	2.0
23	3.5
25	3.5
29	2.0
31	2.0
32	5.0
34	1.5
36	3.5
39	3.0
44	3.5
45	3.0
47	4.0
48	1.0
50	5.0
52	2.0
58	2.0
61	2.5
63	2.0
70	5.0
71	2.0
73	2.5
74	2.5
76	3.5
79	2.5
81	2.5
86	3.0
89	2.5
92	1.5
93	2.0
95	4.0
100	2.5
103	2.0
104	2.0
105	3.5
110	5.0
111	2.5
112	3.5
122	1.5
126	1.0
135	3.5
140	3.0
141	3.0
145	3.0
150	3.0
151	2.5
153	3.5
154	2.0
158	1.5
160	1.0
161	4.0
163	5.0
164	3.0
165	3.0
168	2.0
172	3.5
173	1.5
175	1.0
185	1.0
186	2.0
188	2.5
193	3.5
194	2.5
196	2.5
198	2.5
204	3.5
208	2.5
213	4.0
218	1.5
223	4.0
224	4.0
225	4.0
227	2.5
230	2.5
231	2.5
235	2.5
236	2.5
253	4.0
256	2.0
257	2.5
260	3.5
266	4.0
268	1.0
273	3.0
281	3.5
282	3.5
288	5.0
292	1.0
293	5.0
296	5.0
300	3.0
302	4.0
303	3.0
305	2.5
306	3.5
307	4.0
308	2.5
315	2.5
316	2.0
318	5.0
319	2.5
328	3.5
329	3.0
332	2.5
338	2.0
344	4.5
346	2.0
348	4.5
349	3.0
350	4.0
353	4.0
355	1.0
356	5.0
357	2.5
360	3.0
361	2.0
362	2.0
364	4.0
365	3.0
367	4.5
368	3.0
370	4.0
374	2.0
376	2.0
377	2.5
379	2.0
380	5.0
381	2.5
382	4.0
383	2.5
393	1.0
405	2.0
407	4.0
410	4.0
412	2.5
415	2.0
416	1.5
420	2.0
422	2.0
423	2.5
426	3.0
428	3.5
431	5.0
434	2.5
436	2.0
438	3.0
442	3.0
446	3.0
454	4.0
455	1.5
457	4.0
459	3.0
464	4.5
466	5.0
471	3.5
474	4.0
475	4.5
479	2.5
480	4.0
482	3.0
485	3.5
489	1.0
491	3.0
494	2.5
500	2.0
505	2.0
507	3.0
508	2.5
509	4.5
516	2.0
517	3.5
519	1.0
520	4.0
527	3.0
529	4.0
532	2.0
533	3.5
539	2.0
540	2.0
541	4.5
544	2.0
546	2.0
548	2.0
551	4.0
552	3.0
553	3.5
555	4.0
586	3.0
587	4.0
588	4.5
589	5.0
590	3.0
592	4.0
593	5.0
595	2.5
597	4.0
599	4.0
605	2.5
608	4.5
628	4.0
637	4.0
640	2.5
647	2.0
648	3.5
650	2.5
653	1.5
665	3.0
673	3.0
694	3.5
704	2.0
707	3.0
708	3.5
714	2.0
719	1.5
720	4.5
724	2.5
725	3.0
733	3.5
736	2.5
737	0.5
741	4.5
742	3.0
743	2.0
745	4.5
748	3.0
750	4.5
761	1.0
762	4.0
765	1.0
778	3.5
780	2.5
781	3.0
782	2.0
783	2.0
784	2.0
785	3.0
786	2.5
788	0.5
798	2.0
799	2.5
802	3.0
805	2.5
830	2.0
832	4.0
833	1.5
836	1.5
837	1.0
839	2.0
849	2.5
852	4.0
858	5.0
861	2.5
866	3.5
879	2.0
880	2.0
886	3.0
898	4.0
899	4.0
902	4.0
903	2.5
904	3.5
908	4.0
909	3.5
910	5.0
911	4.0
912	4.5
913	5.0
916	3.5
920	4.0
922	4.0
923	4.0
924	3.0
926	4.0
930	2.5
945	2.0
950	4.0
951	3.5
953	1.0
954	1.0
955	2.5
969	4.0
971	3.5
990	2.0
996	4.0
1003	2.0
1004	3.5
1006	3.0
1025	3.0
1027	4.0
1032	4.5
1034	3.0
1036	5.0
1037	2.5
1042	3.0
1047	3.5
1049	4.0
1050	3.5
1057	1.5
1059	2.5
1060	2.0
1061	3.5
1064	2.0
1073	1.0
1079	5.0
1080	4.5
1083	2.0
1084	3.5
1088	3.0
1089	3.5
1090	5.0
1091	3.0
1092	5.0
1093	3.0
1094	3.0
1095	3.5
1097	4.0
1100	2.5
1101	3.0
1120	5.0
1126	2.0
1127	4.0
1129	4.0
1135	1.0
1136	3.0
1147	4.0
1148	4.5
1175	4.0
1178	3.0
1179	3.0
1183	3.0
1193	5.0
1194	3.5
1196	4.0
1197	5.0
1198	4.5
1199	4.0
1200	5.0
1201	5.0
1203	4.5
1204	3.0
1207	2.0
1208	3.0
1209	5.0
1210	3.5
1212	2.5
1213	4.0
1214	4.0
1215	2.5
1216	3.5
1217	2.5
1218	5.0
1219	2.0
1220	5.0
1221	4.5
1222	3.5
1223	4.5
1225	5.0
1227	5.0
1228	4.0
1230	2.5
1233	4.0
1234	5.0
1240	5.0
1241	2.0
1242	3.0
1243	3.5
1244	3.0
1245	4.0
1246	3.0
1247	4.0
1248	2.0
1249	3.5
1251	2.5
1252	4.0
1254	2.5
1256	1.0
1258	3.0
1262	4.5
1263	3.5
1265	5.0
1266	5.0
1267	4.0
1268	4.0
1269	3.0
1270	4.5
1271	3.0
1274	5.0
1275	4.0
1276	4.0
1277	4.0
1278	4.5
1282	2.5
1283	4.5
1284	4.0
1287	2.0
1288	3.5
1291	4.0
1298	4.0
1303	3.0
1304	5.0
1307	2.0
1320	3.0
1321	3.0
1339	2.5
1343	3.5
1347	4.0
1350	4.5
1353	3.0
1356	3.0
1357	4.0
1358	2.5
1367	2.0
1370	5.0
1374	2.5
1377	2.5
1378	3.5
1379	4.0
1380	4.0
1382	3.5
1385	4.5
1387	4.0
1390	3.0
1391	4.0
1393	3.0
1394	4.5
1401	3.0
1405	4.5
1407	4.0
1409	3.0
1411	3.5
1416	2.5
1422	2.0
1429	3.0
1432	2.5
1438	2.0
1449	2.0
1459	3.0
1464	2.0
1466	3.0
1476	4.0
1479	2.0
1485	4.0
1488	1.5
1497	2.5
1499	2.0
1500	3.5
1503	2.0
1513	4.0
1515	3.0
1517	3.0
1518	2.0
1526	1.0
1527	5.0
1541	2.0
1544	4.0
1552	3.5
1556	1.5
1562	2.0
1566	3.0
1569	1.0
1573	4.5
1580	5.0
1584	3.5
1586	2.5
1587	4.0
1588	1.5
1589	3.0
1590	2.0
1591	3.0
1597	3.5
1600	1.0
1601	2.5
1603	2.0
1604	2.0
1606	1.5
1608	1.0
1610	3.5
1614	3.0
1615	2.0
1616	3.5
1617	5.0
1620	2.0
1623	2.0
1625	3.5
1626	0.5
1627	4.0
1639	3.0
1641	2.5
1643	2.5
1644	2.0
1645	5.0
1653	3.0
1663	2.5
1672	3.0
1673	4.0
1674	1.5
1676	4.0
1681	1.0
1682	5.0
1687	2.5
1688	2.0
1690	3.5
1693	2.0
1701	4.5
1702	1.5
1704	4.0
1707	0.5
1711	3.0
1713	3.0
1717	4.0
1721	3.0
1722	3.0
1726	1.0
1727	2.0
1729	3.0
1732	5.0
1735	2.0
1747	5.0
1748	5.0
1754	3.5
1762	3.0
1769	3.5
1772	3.0
1777	2.0
1779	1.5
1784	4.5
1785	3.0
1792	4.0
1799	4.0
1801	2.5
1805	3.5
1809	4.0
1810	1.5
1831	2.5
1833	2.0
1834	2.5
1835	2.0
1858	2.5
1862	2.0
1876	1.5
1882	3.5
1884	3.0
1892	2.5
1894	1.5
1907	2.0
1909	2.0
1911	3.0
1912	4.0
1917	3.0
1918	3.5
1920	2.5
1921	4.0
1923	4.0
1938	2.0
1942	3.5
1947	2.0
1950	4.0
1952	3.0
1953	4.0
1954	4.0
1955	3.0
1959	3.0
1960	3.0
1961	4.0
1962	4.0
1965	3.0
1967	4.0
1982	3.0
1997	4.5
2000	4.5
2001	4.5
2002	4.5
2003	2.5
2004	4.0
2006	2.5
2011	4.5
2012	4.0
2019	3.5
2020	3.5
2021	3.0
2022	4.0
2023	4.0
2025	2.0
2027	2.0
2028	3.5
2046	2.5
2052	1.0
2053	2.5
2054	3.0
2058	4.0
2066	4.0
2078	4.0
2081	4.0
2082	1.5
2085	3.0
2092	2.0
2094	2.0
2100	3.5
2108	4.0
2112	3.0
2115	3.5
2118	3.0
2119	1.5
2122	2.0
2123	3.0
2124	5.0
2126	2.0
2132	4.0
2135	2.5
2140	2.0
2143	3.0
2151	3.0
2153	1.0
2160	4.5
2161	4.0
2162	1.0
2167	4.5
2170	2.0
2174	3.5
2176	3.0
2182	2.5
2186	3.0
2193	3.5
2194	4.0
2231	4.0
2245	3.5
2247	3.0
2249	4.0
2252	2.5
2259	2.0
2263	2.0
2265	3.0
2266	3.0
2268	4.0
2269	2.5
2273	2.5
2275	3.5
2278	3.0
2279	2.0
2288	4.0
2289	3.0
2291	2.0
2294	3.5
2297	2.0
2301	4.0
2302	5.0
2306	2.0
2315	2.5
2316	2.0
2318	4.0
2320	3.0
2321	4.0
2322	1.5
2324	3.0
2328	5.0
2329	4.0
2334	3.5
2335	1.0
2336	4.0
2340	1.0
2353	3.5
2355	3.5
2367	3.0
2369	1.0
2373	2.0
2376	3.0
2378	2.5
2379	2.0
2384	4.0
2391	3.5
2394	1.0
2396	2.5
2402	2.5
2403	3.5
2404	1.5
2405	4.0
2406	4.0
2407	3.5
2409	3.0
2410	2.5
2411	3.5
2412	2.5
2420	3.0
2424	1.5
2427	2.0
2428	4.5
2429	2.0
2431	3.0
2432	2.0
2433	2.0
2448	2.0
2450	3.0
2454	3.0
2455	3.0
2463	2.5
2467	5.0
2470	4.0
2471	3.5
2474	5.0
2478	3.5
2490	4.5
2496	3.0
2497	1.5
2502	3.5
2504	2.0
2505	2.0
2513	1.0
2524	2.5
2529	3.0
2539	3.5
2540	2.0
2541	3.5
2542	5.0
2567	2.0
2571	5.0
2580	2.5
2598	3.0
2599	4.5
2605	2.5
2612	3.0
2616	3.5
2617	3.5
2625	4.0
2628	1.5
2640	2.0
2657	3.0
2671	2.5
2676	2.0
2683	3.0
2687	1.0
2688	2.0
2690	2.5
2692	4.5
2694	1.0
2700	4.5
2701	2.0
2706	3.0
2707	3.5
2710	0.5
2712	3.5
2713	2.5
2716	4.0
2717	4.0
2719	2.0
2723	3.0
2724	2.5
2728	4.0
2735	2.5
2745	2.5
2746	2.0
2761	1.0
2762	2.0
2763	2.5
2764	3.0
2770	3.0
2788	5.0
2789	2.0
2791	5.0
2792	1.5
2793	2.5
2797	3.5
2798	2.0
2802	3.0
2803	2.0
2805	2.0
2808	3.0
2810	2.0
2815	1.0
2819	4.0
2822	2.5
2826	2.5
2827	1.5
2840	2.5
2858	5.0
2860	1.5
2862	2.5
2875	2.0
2879	2.5
2881	2.0
2890	4.0
2901	4.0
2906	2.0
2908	2.5
2916	4.0
2917	3.0
2918	3.0
2919	3.0
2921	3.0
2922	3.5
2924	3.5
2925	2.5
2940	4.0
2942	2.5
2943	2.0
2944	4.0
2947	4.5
2948	4.0
2949	3.0
2951	4.0
2953	0.5
2956	2.0
2959	4.0
2961	2.5
2966	3.0
2968	4.5
2971	3.0
2985	3.5
2986	2.0
2987	4.5
2989	3.0
2990	2.0
2991	3.0
2993	3.5
2995	2.0
2997	4.0
3000	4.0
3004	1.0
3006	3.5
3020	4.0
3022	2.0
3030	3.5
3033	4.5
3034	3.0
3039	3.0
3052	5.0
3053	2.0
3060	4.5
3067	1.5
3072	4.0
3074	4.0
3081	5.0
3082	3.5
3083	4.0
3087	2.5
3088	2.0
3098	3.0
3099	2.0
3101	3.0
3102	3.0
3104	5.0
3105	3.5
3107	3.0
3108	4.5
3113	1.5
3114	5.0
3120	2.0
3129	2.0
3130	3.0
3145	2.0
3147	3.0
3148	3.0
3153	2.0
3157	0.5
3168	4.0
3173	4.0
3174	3.5
3175	4.0
3176	2.0
3178	3.0
3198	4.0
3203	3.0
3208	1.0
3238	1.5
3247	1.0
3249	2.0
3252	5.0
3253	3.0
3254	3.5
3255	3.0
3256	2.5
3257	3.5
3258	5.0
3259	2.5
3263	4.0
3264	2.0
3265	5.0
3267	3.5
3268	1.5
3269	2.0
3272	3.0
3273	3.5
3274	3.0
3275	3.5
3285	2.0
3300	2.0
3301	4.5
3316	1.0
3317	3.0
3324	1.0
3328	4.0
3334	3.5
3354	0.5
3355	4.0
3361	3.5
3362	4.5
3364	3.5
3365	3.0
3384	4.0
3386	4.0
3387	2.5
3391	1.0
3394	2.5
3408	4.0
3409	2.0
3418	3.0
3421	4.0
3426	2.0
3429	3.0
3430	2.0
3435	3.0
3438	2.0
3439	2.0
3440	2.0
3441	2.0
3444	2.0
3448	3.0
3450	3.0
3452	3.0
3467	2.0
3468	4.0
3471	3.0
3479	2.0
3481	3.0
3483	3.5
3489	3.5
3494	3.0
3498	4.0
3499	3.0
3500	2.0
3504	4.0
3505	3.0
3507	4.0
3508	3.5
3513	2.0
3516	2.5
3526	3.0
3527	5.0
3529	3.5
3534	2.5
3538	3.0
3545	4.0
3550	2.5
3551	3.0
3578	3.5
3593	1.0
3614	2.0
3618	3.0
3623	4.0
3624	4.0
3629	4.0
3635	3.5
3638	1.5
3639	3.0
3649	3.0
3654	3.5
3671	4.5
3681	4.5
3682	3.0
3683	3.5
3685	4.0
3686	3.5
3697	3.0
3698	4.0
3699	3.0
3702	3.5
3703	5.0
3704	4.0
3705	3.5
3706	4.5
3707	3.5
3717	3.0
3723	3.0
3726	4.0
3727	2.0
3730	2.0
3735	3.5
3740	3.5
3742	2.0
3744	2.0
3751	3.0
3752	3.0
3753	1.5
3755	3.0
3763	4.5
3764	3.0
3766	1.0
3769	3.0
3785	4.0
3788	4.0
3793	4.0
3798	3.0
3802	3.0
3809	3.5
3824	1.0
3826	2.5
3827	3.0
3841	3.0
3858	2.0
3863	2.0
3868	5.0
3869	5.0
3879	3.5
3882	2.0
3889	2.0
3893	4.0
3897	4.0
3946	2.0
3948	1.0
3949	3.0
3953	2.0
3968	3.0
3972	4.5
3977	3.5
3978	3.0
3980	1.0
3981	1.0
3984	4.0
3986	2.0
3987	2.0
3988	3.5
3994	1.0
3996	4.0
3997	0.5
3998	2.0
3999	0.5
4002	3.0
4007	5.0
4008	4.0
4010	2.0
4011	5.0
4014	2.5
4015	3.5
4016	4.0
4018	4.0
4022	3.5
4023	2.0
4025	1.0
4027	3.0
4030	1.0
4034	3.5
4041	3.0
4056	2.0
4069	1.5
4084	4.0
4085	4.0
4121	3.0
4133	2.0
4148	3.0
4159	3.0
4161	3.0
4174	2.5
4205	3.0
4207	2.5
4223	2.0
4224	2.5
4226	4.0
4228	3.0
4232	4.0
4235	3.0
4239	3.5
4246	4.0
4254	1.0
4262	5.0
4263	2.5
4270	4.5
4280	2.0
4285	3.0
4299	2.0
4305	2.0
4306	4.5
4308	1.0
4321	2.5
4326	4.0
4327	3.0
4329	4.0
4333	2.0
4339	3.0
4343	3.5
4344	4.0
4351	3.5
4356	3.0
4361	4.0
4366	1.0
4367	3.0
4368	2.0
4369	1.0
4370	2.5
4386	1.0
4387	2.5
4388	2.0
4406	2.5
4446	1.0
4447	3.5
4467	3.5
4487	3.5
4488	3.0
4489	3.5
4492	2.0
4499	5.0
4506	1.5
4508	2.0
4531	5.0
4544	2.0
4545	3.0
4553	3.5
4558	3.5
4564	2.0
4571	2.5
4572	3.5
4613	4.0
4621	3.0
4623	3.5
4638	2.5
4641	2.0
4642	2.0
4643	2.0
4654	2.5
4661	3.5
4662	2.5
4673	3.0
4677	2.0
4681	4.0
4682	2.0
4701	4.0
4703	2.5
4710	3.5
4718	1.0
4719	2.5
4720	5.0
4728	2.0
4733	3.0
4734	3.5
4735	2.0
4744	2.0
4748	1.0
4756	2.5
4757	3.0
4776	5.0
4799	4.0
4815	1.5
4816	4.5
4844	2.5
4846	4.0
4848	4.5
4855	3.5
4857	2.0
4874	2.5
4878	3.5
4881	3.5
4886	4.0
4887	3.0
4889	4.0
4890	2.5
4896	2.0
4901	4.0
4914	3.0
4941	2.0
4954	3.0
4963	2.5
4971	2.0
4973	4.5
4975	2.5
4979	2.0
4980	4.0
4992	2.0
4993	3.0
4995	4.0
5008	3.5
5009	2.0
5010	4.5
5013	4.5
5015	2.5
5017	3.0
5026	4.0
5027	3.0
5040	4.0
5047	0.5
5049	4.5
5055	2.0
5060	2.0
5093	1.5
5094	1.0
5146	4.5
5218	3.0
5219	2.5
5247	3.0
5254	4.0
5266	3.5
5282	2.0
5292	4.5
5293	2.0
5312	1.0
5313	2.0
5349	1.5
5364	2.0
5378	3.0
5388	2.5
5400	2.5
5414	2.0
5415	1.5
5418	4.5
5420	2.0
5438	2.0
5444	3.5
5445	3.0
5459	3.5
5463	2.0
5464	3.5
5479	2.0
5481	3.0
5500	3.0
5504	2.0
5507	2.0
5523	1.0
5530	2.0
5541	4.5
5548	2.0
5553	3.0
5574	4.0
5608	3.0
5609	1.0
5613	2.0
5617	3.5
5618	5.0
5621	1.0
5630	2.5
5668	2.0
5669	4.0
5679	4.5
5690	1.5
5693	2.0
5782	4.0
5784	2.0
5803	1.5
5809	2.0
5810	2.5
5816	1.0
5843	2.0
5872	3.0
5876	2.5
5878	2.0
5882	3.0
5900	2.5
5902	2.5
5903	4.5
5945	3.0
5952	3.0
5956	3.5
5971	5.0
5989	3.5
5991	5.0
6001	3.0
6003	3.5
6016	4.0
6059	3.0
6104	4.5
6156	2.0
6157	0.5
6166	1.0
6242	3.5
6250	2.0
6263	3.0
6281	2.5
6283	4.0
6286	3.5
6287	2.0
6290	3.0
6291	1.0
6294	2.0
6297	2.0
6323	3.0
6333	4.5
6350	4.5
6365	3.5
6367	1.0
6373	2.0
6377	5.0
6378	3.5
6379	1.0
6383	2.5
6428	2.0
6436	3.0
6440	3.5
6502	2.0
6503	4.0
6534	2.0
6535	2.0
6537	2.0
6538	3.0
6539	5.0
6541	1.0
6548	4.0
6564	2.5
6565	1.0
6566	2.0
6567	3.5
6595	2.5
6615	3.0
6617	1.5
6618	3.5
6659	3.5
6662	2.0
6664	4.5
6708	3.5
6709	4.0
6711	2.0
6721	4.0
6754	4.0
6773	4.0
6787	3.5
6793	1.0
6796	3.5
6800	2.0
6807	4.0
6808	4.0
6810	3.0
6832	1.0
6857	4.5
6863	3.5
6870	5.0
6873	4.5
6874	5.0
6879	3.0
6888	5.0
6934	3.0
6936	0.5
6942	2.5
6944	3.0
6952	2.0
6953	1.5
6957	4.5
6959	1.0
6966	3.0
6974	3.0
6979	2.5
6996	1.5
7000	4.0
7004	2.5
7007	4.5
7008	1.5
7013	2.5
7017	2.0
7018	3.5
7022	4.0
7027	3.5
7045	3.0
7046	4.5
7060	3.0
7072	4.5
7075	2.0
7090	5.0
7099	4.5
7101	2.5
7123	3.0
7143	2.5
7147	4.0
7149	3.0
7153	2.5
7154	2.5
7156	2.0
7161	1.0
7162	3.0
7163	1.0
7215	4.0
7228	2.0
7254	2.0
7317	4.0
7318	4.5
7323	2.0
7325	2.0
7347	2.0
7348	5.0
7360	3.0
7361	2.0
7367	3.0
7371	4.0
7373	4.0
7376	2.0
7381	1.0
7438	5.0
7439	2.0
7445	5.0
7454	2.0
7458	2.5
7460	3.0
7482	4.0
7502	4.0
7569	3.5
7618	3.5
7698	3.5
7980	3.0
7981	5.0
8253	4.0
8337	2.5
8340	3.5
8360	4.0
8361	3.0
8368	3.0
8370	5.0
8371	3.0
8372	0.5
8373	3.0
8464	3.0
8491	3.0
8526	1.5
8529	3.0
8581	3.0
8604	3.5
8607	3.0
8622	3.5
8623	3.0
8633	1.5
8636	3.5
8640	2.0
8644	4.5
8665	4.5
8666	1.0
8781	4.0
8798	3.0
8810	1.5
8860	2.5
8861	4.0
8865	2.5
8874	3.5
8907	2.0
8917	4.5
8947	3.0
8958	2.5
8961	3.0
8969	1.5
8972	3.5
8974	3.5
8977	1.5
8983	2.0
8984	2.0
8985	2.5
26242	4.0
26614	2.5
26662	2.5
26776	4.5
27317	2.5
27611	2.5
27660	3.0
27706	4.0
27728	2.0
27731	1.5
27741	3.0
27773	5.0
27808	2.0
27821	2.0
27831	4.0
27846	1.5
30707	4.5
30749	2.5
30793	3.5
30812	3.0
30816	0.5
30825	3.5
30850	2.0
31184	4.0
31420	3.5
31658	3.0
31685	3.0
31696	5.0
31804	4.0
31878	5.0
32019	2.0
32029	2.5
32031	4.0
32587	5.0
33004	3.0
33085	2.0
33158	1.0
33162	0.5
33166	4.0
33437	2.0
33493	1.5
33499	1.0
33615	4.0
33679	5.0
33794	4.5
33834	1.0
33836	1.0
34048	3.0
34072	3.5
34150	3.0
34162	1.5
34319	0.5
34336	3.0
34405	5.0
34437	2.5
34520	3.0
34534	3.5
36401	3.0
36519	4.5
36527	3.0
36529	4.0
36535	3.5
37240	3.5
37380	1.0
37382	3.0
37386	1.0
37720	4.0
37727	1.5
37729	4.0
37733	3.5
37741	2.0
37830	2.0
38038	5.0
38061	4.0
39292	4.0
39414	1.5
39435	1.5
39444	2.5
40278	3.5
40339	1.0
40583	3.0
40614	2.0
40815	3.5
40819	3.0
41285	2.0
41566	1.0
41569	4.0
41571	3.0
41716	3.5
41863	3.0
41997	3.5
42002	1.0
42004	2.5
42011	3.0
42632	2.5
42718	3.5
42734	4.0
42738	3.5
43396	2.0
43560	1.0
43928	1.5
43936	2.0
44004	1.5
44022	3.5
44191	5.0
44195	4.0
44199	4.0
44665	4.0
44694	2.0
44788	3.5
44972	2.5
45081	3.5
45186	2.0
45210	3.0
45431	3.5
45447	1.0
45499	4.5
45517	2.5
45666	2.0
45672	3.0
45720	3.0
45722	4.0
45728	4.0
45732	2.0
45880	2.5
46322	3.0
46530	1.0
46578	5.0
46723	2.0
46948	3.0
46972	2.0
46976	3.0
47044	3.5
47099	2.0
47200	2.0
47610	3.5
47629	4.5
47644	3.0
47997	3.0
47999	4.0
48043	2.0
48304	4.0
48385	4.0
48394	2.0
48516	4.0
48738	3.5
48774	2.5
48780	3.5
48783	4.0
48982	4.5
48997	4.0
49272	4.5
49274	4.0
49278	4.0
49530	4.0
49651	3.5
49822	3.0
49824	3.0
50068	3.5
50685	2.0
50794	2.5
50872	4.5
50912	3.0
51077	2.0
51080	2.5
51086	2.5
51091	3.5
51255	5.0
51540	3.0
51662	3.5
51935	3.5
52042	3.5
52281	4.0
52328	3.0
52458	3.5
52722	1.0
52885	2.5
52952	3.0
52973	2.0
53121	3.0
53125	4.0
53129	4.5
53318	2.0
53322	3.0
53464	3.0
53519	3.5
53550	2.0
53894	3.0
53953	3.0
53956	3.5
53972	3.5
53996	5.0
54001	1.5
54190	3.5
54259	3.0
54272	4.0
54281	3.5
54286	5.0
54736	4.0
54881	3.5
54995	4.0
54997	3.0
54999	5.0
55094	3.0
55118	4.0
55232	3.5
55247	2.5
55269	2.0
55276	4.0
55282	3.0
55290	4.0
55363	2.0
55442	2.0
55765	4.0
55820	5.0
55830	2.5
55908	4.0
55995	3.5
56145	2.0
56152	2.0
56156	1.5
56171	2.0
56174	3.5
56251	3.5
56367	3.5
56587	3.0
56715	3.5
56757	2.0
56775	2.5
56782	3.0
56788	3.0
57368	4.0
57528	5.0
57640	4.5
57669	4.0
58025	4.0
58103	3.0
58295	3.5
58299	4.0
58559	4.5
58803	2.0
59018	2.0
59103	3.0
59126	3.0
59315	4.0
59369	4.5
59387	2.0
59615	3.0
59784	4.0
60040	4.0
60069	4.5
60072	4.5
60074	3.5
60161	3.5
60684	4.5
60766	2.0
60937	3.0
61132	4.5
61323	4.0
62081	3.5
62374	4.0
62376	2.0
62434	4.0
62849	3.5
62956	3.5
62999	4.0
63062	4.0
63072	2.5
63082	4.0
63113	3.0
63859	3.5
63876	2.5
63992	2.5
64030	2.0
64497	2.0
64575	3.0
64614	4.0
64620	3.5
64622	2.5
64716	2.0
64839	2.5
64957	3.5
64969	2.0
64983	4.0
65216	3.0
65261	3.0
65514	3.5
65642	3.5
65682	3.0
66097	3.5
66171	3.0
66297	3.0
66665	2.0
66934	2.5
67197	3.5
67408	3.0
67997	4.0
68073	3.5
68157	4.5
68159	4.0
68319	4.0
68358	4.0
68791	3.5
68793	3.5
68848	3.0
68952	3.0
68954	4.0
69122	4.0
69306	3.5
69481	4.5
69526	4.0
69640	3.0
69644	3.5
69757	2.0
69784	3.0
69844	2.5
70286	4.5
70293	3.5
70336	4.0
71057	3.5
71135	3.0
71156	3.5
71211	3.0
71254	2.5
71264	2.5
71282	2.5
71464	3.5
71520	2.5
71530	3.5
71535	4.0
71579	2.5
71745	2.0
71838	3.5
72011	4.0
72378	3.5
72731	2.5
72733	3.0
72737	3.5
72998	4.5
73017	4.0
73023	3.0
73268	3.5
73321	3.5
73344	3.5
74458	4.0
74545	4.0
74789	3.0
74795	4.0
76093	4.0
76175	3.0
76251	4.0
77455	3.5
77561	4.0
77658	2.0
77866	3.0
78105	3.0
78209	2.5
78499	3.5
78637	3.5
79008	4.0
79057	3.5
79091	3.0
79132	4.5
79185	3.0
79293	4.0
79357	2.0
79592	4.5
79695	4.5
79702	3.5
80219	4.0
80463	4.0
80489	3.5
80906	4.0
81229	5.0
81564	3.5
81591	2.0
81782	4.0
81834	2.0
81845	4.0
81847	3.5
81932	3.5
82459	4.0
82461	3.0
83349	3.5
83613	3.5
84392	4.0
84601	3.5
84772	4.0
84944	4.0
84954	3.5
85131	2.5
85414	3.5
85510	3.0
85774	2.0
86190	2.0
86332	4.0
86345	4.0
86347	4.0
86377	4.0
86880	3.5
86911	3.0
87222	4.0
87232	4.0
87306	3.0
87430	2.0
87485	3.0
87520	3.5
88125	3.5
88129	2.0
88140	3.5
88744	3.5
88810	2.5
89470	3.0
89492	4.0
89745	4.5
89753	3.0
89774	4.0
89804	4.0
89864	2.5
89904	4.5
90746	2.5
90866	3.0
91077	2.5
91500	2.0
91529	4.0
91535	3.5
91542	4.0
91630	4.0
91658	4.0
92259	3.0
92535	3.5
93840	4.0
94777	3.5
94864	3.5
94959	4.5
95167	2.5
95441	3.5
95510	4.0
95875	4.0
96079	4.5
96610	4.5
96737	3.5
97304	4.0
97306	3.5
97752	3.0
97913	2.5
97921	2.0
97923	3.5
97938	4.0
98154	2.5
98809	4.0
98961	3.5
99114	5.0
101864	3.0
102123	3.5
102125	4.0
102445	4.0
102903	3.5
103042	3.5
103228	4.0
103249	4.0
103253	3.5
103335	3.0
103341	4.0
103772	3.0
104841	3.0
104879	3.0
105504	2.5
105844	2.5
106002	3.0
106072	3.5
106100	4.0
106487	2.0
106489	4.0
106782	4.5
106916	2.5
106918	3.0
106920	3.0
108932	4.0
109374	5.0
109487	3.5
110102	4.0
111362	4.0
111759	4.5
112183	4.5
112556	4.0
112623	2.5
112852	4.0
116797	3.5
