1	4.0
6	5.0
9	3.0
10	3.0
16	4.0
19	0.5
21	2.0
32	3.5
34	1.0
44	2.0
47	4.0
50	3.0
70	4.0
88	2.0
95	3.0
104	4.0
112	4.0
135	2.0
145	4.0
150	4.0
153	2.0
160	3.0
161	3.0
165	3.5
172	3.0
173	3.0
180	5.0
196	2.0
198	5.0
204	3.0
208	2.0
223	5.0
231	5.0
236	3.0
256	1.0
260	5.0
267	2.0
288	4.0
292	3.0
293	3.0
296	4.0
315	2.0
316	3.0
319	3.0
327	2.0
329	4.0
333	2.0
338	3.0
344	2.0
349	3.0
353	2.0
355	2.0
356	3.0
357	3.0
366	2.0
367	3.0
368	3.0
370	2.0
377	4.0
379	3.0
380	4.0
413	3.0
420	2.0
431	3.0
432	2.0
434	3.0
440	3.0
441	4.0
442	4.0
449	3.0
457	3.0
466	2.0
474	3.0
480	5.0
485	3.0
493	2.0
494	3.0
500	1.0
504	3.0
516	3.0
520	2.0
527	4.0
541	5.0
542	1.0
543	3.0
548	3.0
553	3.0
555	3.0
585	3.0
586	1.0
587	1.0
589	4.0
592	2.0
593	4.0
597	1.0
608	3.0
637	1.0
648	2.0
674	2.0
708	1.0
733	4.0
736	3.5
737	1.0
741	3.0
743	2.0
745	3.0
750	4.0
765	1.0
778	4.0
780	4.0
784	2.0
785	3.0
786	2.0
788	2.0
799	4.0
805	3.0
832	3.0
849	3.0
858	3.0
924	3.0
968	5.0
996	3.0
999	3.0
1020	3.0
1027	3.0
1036	5.0
1037	1.0
1047	4.0
1061	3.0
1080	3.0
1088	1.0
1089	3.0
1090	4.0
1092	3.0
1097	5.0
1101	3.0
1125	2.0
1127	5.0
1129	5.0
1148	3.0
1196	5.0
1198	5.0
1199	4.0
1200	4.0
1201	3.0
1206	3.0
1208	3.0
1210	5.0
1213	5.0
1214	5.0
1215	3.0
1220	3.0
1222	4.0
1223	3.0
1231	4.0
1240	5.0
1250	3.0
1253	3.0
1257	4.0
1261	3.0
1262	3.0
1263	3.0
1265	3.0
1266	3.0
1270	3.5
1274	3.0
1275	3.0
1276	3.0
1278	3.0
1285	3.0
1291	5.0
1293	3.0
1297	4.0
1301	3.0
1320	4.0
1321	3.0
1342	2.0
1343	3.0
1345	4.0
1347	3.0
1350	3.0
1356	4.0
1370	4.0
1371	2.0
1372	2.0
1373	2.0
1374	3.0
1375	3.0
1376	3.0
1377	2.0
1378	3.0
1379	3.0
1380	1.0
1387	4.0
1388	3.0
1391	3.0
1396	3.0
1407	3.0
1431	2.0
1466	3.0
1476	2.0
1485	3.0
1500	4.0
1513	2.0
1515	3.0
1517	3.0
1518	3.0
1527	4.0
1544	3.0
1552	4.0
1562	2.0
1573	4.0
1580	2.0
1584	3.0
1588	2.0
1590	2.0
1597	2.0
1603	3.0
1608	3.0
1610	3.0
1617	3.0
1625	4.0
1639	4.0
1641	3.0
1644	2.0
1653	3.0
1663	3.0
1665	2.0
1674	4.0
1676	4.0
1682	4.0
1690	3.0
1722	3.0
1726	3.0
1729	2.0
1732	4.0
1747	3.0
1748	4.0
1762	3.0
1769	3.0
1777	5.0
1779	2.5
1792	3.0
1831	3.0
1876	3.0
1882	3.0
1883	3.0
1894	3.0
1909	3.0
1911	2.0
1912	3.0
1917	4.0
1918	3.0
1923	5.0
1954	5.0
1957	3.0
1961	3.0
1968	5.0
1982	5.0
1994	3.0
2000	5.0
2001	4.0
2003	5.0
2005	4.0
2006	3.0
2009	3.0
2011	3.0
2012	3.0
2013	3.0
2028	5.0
2034	3.0
2058	3.0
2078	3.0
2083	3.0
2088	1.0
2100	3.0
2105	3.0
2115	4.0
2126	3.0
2134	4.0
2160	3.0
2167	3.0
2174	3.0
2194	3.0
2232	3.0
2245	3.0
2273	4.0
2278	3.0
2288	4.0
2291	2.0
2294	3.0
2302	3.0
2311	3.0
2313	3.0
2321	3.0
2329	3.0
2334	2.0
2335	3.0
2338	2.0
2353	3.0
2355	3.0
2366	3.0
2367	2.0
2369	1.0
2371	3.0
2376	3.0
2377	2.0
2378	3.0
2379	2.0
2391	3.0
2393	2.0
2402	3.0
2403	3.0
2404	1.0
2405	3.0
2406	3.0
2407	2.0
2409	3.0
2410	3.0
2411	2.0
2412	2.0
2416	3.0
2421	2.0
2423	3.0
2427	3.0
2428	3.0
2455	3.0
2470	3.0
2471	2.0
2478	3.0
2490	3.0
2502	4.0
2527	3.0
2528	3.0
2529	3.0
2533	3.0
2539	3.0
2542	3.0
2567	4.0
2571	5.0
2572	3.5
2580	3.0
2599	3.0
2617	3.0
2628	4.0
2640	3.0
2641	3.0
2642	3.0
2662	3.0
2664	3.0
2671	2.0
2672	4.0
2683	3.0
2694	3.0
2700	2.0
2701	2.0
2706	5.0
2710	4.0
2716	4.0
2717	3.0
2718	4.0
2722	3.0
2723	3.0
2761	3.0
2762	4.0
2770	4.0
2791	4.0
2794	2.0
2795	3.0
2797	2.0
2808	2.0
2836	4.0
2858	3.0
2871	3.0
2890	4.0
2916	4.0
2918	3.0
2942	2.0
2944	3.0
2947	3.0
2948	3.0
2949	3.0
2959	3.0
2985	5.0
2986	3.0
2987	3.0
2989	3.0
2991	3.0
2993	3.0
2995	2.0
2997	3.0
3008	3.5
3020	4.0
3032	3.0
3033	1.0
3039	4.0
3052	4.0
3060	3.0
3062	3.0
3082	3.0
3087	3.0
3101	3.0
3104	5.0
3114	3.0
3146	2.0
3173	3.0
3175	3.0
3247	2.0
3253	3.0
3254	3.0
3256	3.0
3258	2.0
3300	3.0
3301	3.0
3354	3.0
3386	3.0
3408	3.0
3418	3.0
3421	5.0
3448	3.0
3452	3.0
3471	5.0
3481	3.0
3499	3.0
3527	2.0
3552	3.0
3555	3.0
3578	3.0
3581	3.0
3593	2.0
3608	1.0
3617	4.0
3623	4.0
3624	3.0
3635	3.0
3638	3.0
3654	3.0
3671	4.0
3682	3.0
3697	3.0
3698	4.0
3701	3.5
3702	3.0
3703	4.0
3704	3.0
3717	3.0
3740	4.0
3744	3.0
3745	3.0
3751	3.0
3752	4.0
3793	3.0
3802	2.5
3809	3.0
3826	2.0
3836	4.0
3868	3.0
3879	3.0
3927	3.0
3948	3.0
3968	2.0
3977	2.0
3981	3.0
3984	3.0
3985	3.0
3986	3.0
3994	4.0
4002	4.0
4011	4.0
4015	3.0
4018	2.0
4025	3.0
4034	4.0
4041	2.0
4084	3.0
4085	3.0
4102	3.0
4105	3.0
4128	4.0
4161	3.0
4214	4.0
4220	3.0
4223	3.0
4262	3.0
4270	3.0
4306	4.0
4310	2.0
4343	3.0
4344	3.0
4351	3.0
4369	2.0
4370	4.0
4387	3.0
4446	2.0
4489	4.0
4526	3.0
4533	3.0
4544	2.0
4553	3.0
4558	1.0
4571	4.0
4621	2.0
4623	3.0
4638	3.0
4643	3.0
4701	4.0
4734	5.0
4735	3.0
4776	4.0
4816	3.0
4855	4.0
4865	2.0
4866	3.0
4886	3.0
4887	4.0
4890	3.0
4901	3.0
4958	3.0
4963	3.0
4979	0.5
4980	3.0
4993	3.0
5010	4.0
5027	3.0
5049	4.0
5055	3.0
5060	3.0
5094	2.0
5110	3.0
5152	3.0
5171	2.0
5218	3.0
5219	2.0
5237	3.0
5254	3.0
5266	3.0
5292	4.0
5323	1.0
5349	4.0
5377	3.0
5378	4.0
5400	3.0
5401	4.0
5410	3.0
5418	4.0
5419	2.0
5420	4.0
5445	4.0
5459	3.0
5463	3.0
5478	3.0
5481	3.0
5500	3.0
5502	4.0
5508	3.0
5541	3.0
5574	3.0
5630	3.0
5679	2.0
5785	4.0
5833	3.0
5872	3.0
5903	3.0
5944	2.0
5956	3.0
5957	3.0
5959	3.0
6156	3.0
6188	3.0
6213	3.0
6238	3.0
6250	3.0
6264	3.0
6281	3.0
6294	3.0
6305	2.0
6323	2.0
6333	4.0
6365	4.0
6373	3.0
6377	4.0
6378	4.0
6502	4.0
6503	2.0
6534	2.0
6537	4.0
6539	3.0
6541	2.0
6548	3.0
6564	2.0
6595	3.0
6618	3.0
6659	3.0
6662	2.0
6664	4.0
6709	3.0
6731	4.0
6754	3.0
6755	4.0
6764	3.0
6787	3.0
6796	3.0
6808	3.0
6863	3.0
6874	4.0
6893	3.0
6934	4.0
6936	3.0
6957	4.0
6959	3.0
6979	3.0
7001	4.0
7004	1.0
7022	4.0
7163	3.0
7235	1.0
7254	4.0
7293	3.0
7325	3.0
7360	4.0
7361	3.0
7373	3.0
7376	3.0
7387	5.0
7438	3.0
7439	3.0
7445	3.0
7454	3.0
7482	3.0
7569	3.0
7649	3.0
7802	5.0
7980	3.0
8360	4.0
8361	4.0
8371	2.0
8376	4.0
8493	3.0
8622	5.0
8623	3.0
8633	3.0
8636	5.0
8641	4.0
8644	3.0
8665	4.0
8798	4.0
8807	3.0
8810	1.0
8860	4.0
8861	3.0
8865	3.0
8870	3.0
8874	4.0
8917	2.0
8957	2.0
8961	4.0
8968	3.0
8972	3.0
8983	2.0
8984	3.0
8985	3.0
26242	3.0
27611	5.0
27660	4.0
27801	3.0
30822	2.0
30825	3.0
31420	3.0
31696	2.0
31878	3.0
32029	3.0
32031	3.0
32587	4.0
32596	3.0
33004	3.0
33437	4.0
33493	4.0
33679	3.0
33794	3.0
33834	4.0
34048	4.0
34150	2.0
34162	3.0
34319	3.0
34323	0.5
34334	2.0
34405	3.0
35836	4.0
35957	3.0
36519	3.0
36529	4.0
37380	2.0
37386	2.0
37731	2.0
38061	4.0
39715	2.0
41569	3.0
42718	3.0
43928	0.5
44191	5.0
44199	4.0
44665	4.0
44761	3.0
44828	3.0
45186	3.0
45447	3.0
45499	3.0
45722	3.0
45728	5.0
46530	3.0
47044	3.0
47997	3.0
48385	4.0
48516	4.0
48774	4.5
49272	2.0
49278	3.0
50872	3.0
51255	3.0
51412	2.5
52281	4.0
52328	4.0
52722	3.0
53000	3.5
53464	3.0
53519	3.0
53953	3.0
53972	3.5
53996	3.5
54272	4.0
54286	4.5
54503	4.5
54995	4.0
55232	3.0
56145	5.0
56174	4.0
56801	2.0
56921	4.0
57368	4.0
57640	3.5
58559	5.0
58998	4.0
59315	4.0
59615	3.5
60037	2.5
60069	4.5
60072	4.0
60074	3.5
60161	2.5
60756	3.5
60760	4.0
60937	2.5
61024	4.0
61132	3.5
61248	2.5
61350	3.0
62081	4.0
62394	2.0
62434	5.0
62849	4.0
63131	3.0
63859	4.0
64030	2.5
66934	3.5
67408	3.5
68237	4.0
70286	4.5
71135	3.0
