6	4.0
10	3.0
19	2.0
32	4.0
36	4.0
44	4.0
47	5.0
50	5.0
70	4.0
76	3.0
95	3.0
104	4.5
110	4.0
145	3.0
150	4.0
161	4.0
163	4.0
165	4.0
168	4.0
170	4.0
172	3.5
180	3.5
185	3.0
188	4.0
196	3.0
198	4.0
204	3.0
208	2.0
215	4.0
216	3.0
223	3.5
227	3.0
231	3.0
253	4.0
260	4.5
288	3.5
292	4.0
293	5.0
296	4.0
300	4.0
316	3.0
318	4.5
329	3.0
333	4.0
337	4.0
344	3.0
349	4.0
353	3.5
356	4.5
364	3.0
367	3.0
370	3.0
377	3.0
379	3.0
380	4.0
382	3.0
383	3.0
420	3.0
423	3.0
432	2.0
438	3.0
442	4.0
454	4.0
457	4.0
464	3.0
465	4.0
466	3.0
480	4.0
485	3.0
489	2.0
508	4.0
522	4.0
527	4.0
541	4.0
544	3.0
547	4.0
548	3.0
552	3.0
553	4.0
555	4.5
586	3.0
587	4.0
589	3.5
590	3.0
592	3.5
593	4.0
608	4.5
647	4.0
648	4.0
653	4.0
688	2.0
692	2.0
704	2.0
707	2.0
733	4.5
736	4.0
737	2.0
741	4.0
742	3.0
743	2.0
762	3.0
780	3.0
782	3.0
784	2.0
785	4.5
786	3.0
798	3.0
799	4.0
802	4.0
805	4.0
832	4.0
849	2.0
858	4.0
886	3.0
924	4.0
941	4.0
990	3.0
996	4.0
1020	4.0
1036	5.0
1037	3.0
1047	4.0
1061	4.0
1080	4.0
1089	4.0
1090	5.0
1100	4.0
1101	4.0
1127	4.0
1129	4.0
1136	4.0
1193	3.5
1196	5.0
1198	4.0
1200	5.0
1208	4.0
1210	4.0
1214	4.0
1215	2.5
1216	3.0
1218	4.0
1222	4.0
1233	4.0
1240	4.0
1241	4.0
1242	4.0
1246	4.0
1249	4.0
1255	3.0
1258	4.0
1259	4.0
1261	3.5
1263	4.0
1270	4.0
1274	4.0
1275	4.0
1291	3.5
1320	3.0
1339	3.0
1346	3.0
1347	4.0
1370	4.0
1378	4.0
1380	3.0
1381	1.0
1382	3.0
1385	3.0
1387	4.0
1391	3.0
1393	4.0
1407	4.0
1408	5.0
1431	3.0
1432	3.0
1438	3.0
1466	4.0
1479	3.0
1485	3.0
1488	4.0
1499	1.0
1513	2.5
1517	4.0
1527	5.0
1544	3.0
1552	3.0
1573	3.5
1580	3.0
1586	4.0
1588	2.0
1589	2.0
1597	4.0
1604	3.0
1609	3.0
1610	4.0
1614	3.0
1616	4.0
1619	4.0
1625	4.0
1627	4.0
1639	3.5
1644	2.0
1645	4.0
1653	3.0
1655	3.0
1673	4.0
1676	4.0
1680	4.0
1681	3.0
1682	3.0
1690	3.5
1693	4.0
1704	5.0
1717	3.0
1721	4.0
1726	3.0
1727	2.0
1732	4.0
1748	4.0
1754	4.0
1769	4.0
1777	4.0
1779	3.0
1784	4.0
1792	4.0
1799	4.0
1801	4.0
1805	3.0
1831	2.0
1833	4.0
1835	5.0
1862	2.0
1876	4.0
1884	4.0
1892	4.0
1907	4.0
1909	3.0
1912	4.0
1917	4.0
1918	3.0
1927	4.0
1961	5.0
1991	4.0
1994	4.0
2000	4.0
2001	3.0
2004	3.0
2006	4.0
2021	4.0
2028	5.0
2042	3.0
2058	4.0
2060	3.0
2082	3.0
2105	4.0
2115	4.0
2122	2.0
2126	2.0
2161	4.0
2193	4.0
2194	4.0
2231	4.0
2268	4.0
2273	4.0
2278	4.0
2279	2.0
2291	3.0
2296	3.0
2302	3.5
2311	3.5
2320	4.0
2322	3.0
2329	5.0
2334	4.0
2340	4.0
2344	4.0
2353	4.0
2355	4.0
2371	4.0
2396	4.0
2401	4.0
2402	4.0
2403	4.0
2409	3.0
2412	2.0
2420	3.0
2421	2.0
2424	4.0
2427	4.0
2450	2.0
2468	3.0
2473	3.0
2474	4.0
2476	4.0
2478	3.0
2485	3.0
2490	4.0
2502	4.0
2514	2.0
2519	2.0
2540	4.0
2542	4.0
2571	5.0
2600	4.0
2605	3.0
2617	4.0
2628	3.5
2671	4.0
2672	4.0
2683	4.0
2688	4.0
2694	3.0
2699	3.0
2700	4.0
2706	4.0
2710	4.0
2712	1.0
2716	4.0
2719	4.0
2720	1.5
2722	3.0
2762	5.0
2764	3.0
2769	3.0
2772	3.0
2791	4.0
2797	3.0
2803	3.0
2806	3.0
2808	4.0
2815	3.0
2827	3.0
2840	4.0
2841	4.0
2858	4.0
2860	3.0
2871	3.0
2872	4.0
2890	3.0
2906	3.0
2916	4.0
2942	3.0
2959	4.5
2987	3.0
2995	2.0
3000	3.0
3005	3.0
3033	4.0
3039	4.0
3052	3.0
3053	4.0
3107	3.0
3113	3.0
3114	4.0
3146	3.0
3147	5.0
3148	4.0
3160	4.0
3173	4.0
3175	4.0
3190	3.0
3198	4.0
3203	4.0
3208	3.0
3250	4.0
3253	4.0
3254	4.0
3255	3.5
3256	4.0
3257	3.0
3263	3.0
3265	4.0
3267	3.0
3275	4.5
3298	4.0
3300	4.0
3301	3.0
3328	4.0
3354	3.0
3361	3.0
3387	3.0
3391	2.0
3408	3.5
3438	3.0
3441	4.0
3444	4.0
3448	3.0
3452	3.0
3471	3.5
3479	4.0
3481	4.0
3483	3.0
3489	3.0
3510	4.0
3513	4.0
3527	4.0
3534	3.0
3535	4.0
3555	4.0
3576	4.0
3578	5.0
3593	2.0
3615	4.0
3616	3.0
3623	3.0
3624	3.0
3698	4.0
3726	3.5
3740	4.0
3744	2.0
3745	4.0
3751	2.0
3752	3.0
3753	4.0
3755	4.0
3785	3.0
3793	4.0
3798	3.0
3826	2.0
3863	1.0
3868	4.0
3879	3.0
3882	4.0
3889	3.0
3895	2.0
3896	4.0
3901	4.0
3915	3.5
3916	4.0
3948	3.5
3949	1.5
3950	4.0
3968	3.0
3969	4.0
3972	3.0
3977	3.0
3979	3.0
3980	4.0
3981	3.0
3986	3.0
3994	4.0
3996	4.0
4007	4.0
4008	3.5
4011	4.0
4015	2.0
4016	3.0
4019	4.0
4022	4.0
4025	3.0
4033	4.0
4034	2.0
4047	4.0
4052	3.0
4054	4.0
4066	4.0
4084	3.0
4085	4.0
4091	3.0
4102	5.0
4103	4.0
4105	3.0
4121	4.0
4128	3.5
4149	2.0
4155	4.0
4159	2.0
4161	3.0
4207	4.0
4223	4.0
4224	2.0
4226	5.0
4232	3.0
4246	4.0
4247	3.0
4262	4.0
4265	4.0
4270	3.0
4299	4.0
4305	4.0
4306	4.0
4310	4.0
4351	4.0
4366	4.0
4367	3.0
4369	3.5
4370	2.0
4372	4.0
4383	3.5
4387	2.0
4446	4.0
4447	3.5
4448	4.0
4487	2.0
4488	4.0
4526	3.0
4577	3.0
4613	3.0
4624	4.0
4643	3.0
4678	4.0
4682	4.0
4701	2.0
4718	4.0
4720	4.0
4725	3.5
4728	2.0
4734	3.5
4735	1.0
4756	3.0
4792	3.0
4823	4.0
4846	4.0
4865	3.0
4866	4.0
4874	4.0
4876	3.0
4878	3.0
4886	4.0
4887	3.0
4896	3.5
4899	2.0
4901	3.5
4951	3.5
4963	4.0
4974	4.0
4975	3.0
4980	3.0
4993	5.0
4995	4.0
5010	5.0
5014	4.0
5015	4.0
5026	3.0
5047	4.0
5049	3.5
5055	4.0
5064	3.0
5065	3.5
5093	3.0
5108	4.0
5110	3.5
5127	4.0
5146	3.0
5152	4.0
5171	3.0
5218	4.0
5219	3.5
5254	2.0
5266	3.0
5267	4.0
5283	3.0
5293	3.0
5294	4.0
5313	3.0
5323	2.0
5349	4.0
5378	4.0
5379	3.5
5387	3.0
5388	4.0
5391	3.0
5400	3.5
5401	4.0
5418	4.0
5420	3.0
5444	4.0
5445	4.0
5449	4.0
5459	3.0
5463	3.0
5464	4.0
5479	4.0
5481	3.5
5500	4.0
5502	4.0
5507	3.0
5522	3.0
5528	3.0
5530	2.5
5541	4.0
5574	3.0
5609	3.0
5611	3.0
5621	3.0
5630	3.5
5668	4.0
5669	4.0
5679	4.5
5784	3.5
5803	4.0
5810	3.0
5816	3.5
5833	3.0
5872	4.0
5881	2.0
5882	4.0
5903	4.0
5944	3.0
5952	5.0
5954	4.0
5955	4.0
5956	1.0
5957	4.0
5959	3.5
5989	4.0
6006	2.5
6058	3.0
6059	4.0
6155	3.5
6157	3.0
6187	4.0
6188	4.0
6213	4.0
6218	3.5
6242	3.0
6250	2.5
6263	4.0
6264	2.5
6281	3.5
6287	3.0
6294	3.5
6322	4.0
6323	4.0
6333	4.0
6365	4.0
6373	4.0
6377	4.0
6378	4.0
6383	2.0
6502	3.0
6503	2.0
6534	3.5
6535	3.0
6537	2.5
6539	3.0
6541	3.5
6548	3.0
6564	3.5
6617	3.5
6711	4.5
6754	3.5
6755	1.5
6764	4.0
6807	4.0
6808	4.5
6857	4.0
6862	3.5
6873	2.0
6874	3.5
6879	4.0
6887	4.0
6888	3.0
6934	4.5
6942	4.0
6947	4.0
6950	3.5
6952	3.5
6957	4.0
7022	4.0
7090	4.0
7143	4.5
7147	4.0
7149	4.0
7153	5.0
7154	3.5
7162	3.5
7163	3.0
7254	4.0
7263	4.0
7293	4.0
7317	3.5
7325	3.5
7347	3.5
7348	4.0
7360	3.5
7361	3.0
7366	3.5
7373	3.5
7376	3.0
7438	4.0
7439	3.0
7444	3.5
7445	4.0
7454	2.5
7458	3.5
7981	4.0
8340	4.0
8360	4.0
8361	3.5
8368	3.5
8371	3.5
8501	3.5
8526	3.0
8528	3.5
8529	3.0
8533	4.0
8622	4.0
8636	3.5
8638	4.0
8644	3.5
8665	4.0
8781	4.0
8784	4.0
8798	3.5
8810	3.5
8860	2.0
8861	3.0
8865	3.5
8866	3.5
8870	3.5
8874	4.0
8907	3.5
8908	4.0
8914	3.5
8916	3.5
8937	4.0
8947	3.0
8949	3.5
8950	4.0
8957	3.5
8961	4.0
8969	3.5
8970	4.0
8981	4.0
8983	4.0
8984	3.0
8985	3.5
27660	4.0
27741	4.0
27773	4.0
27788	4.0
27801	3.0
27808	4.0
27822	3.0
27831	4.0
30707	4.0
30749	4.0
30793	3.5
30810	3.5
30822	4.0
30898	4.0
31225	4.0
31410	4.0
31420	3.5
31427	3.0
31685	3.5
31696	4.0
31878	3.5
32017	2.5
32031	3.0
32587	3.0
32598	3.5
33004	3.5
33158	3.5
33162	3.5
33166	4.0
33437	3.5
33493	4.5
33615	4.0
33646	4.0
33660	4.0
33679	3.5
33794	4.0
33834	2.0
34048	3.5
34150	3.5
34162	4.0
34319	3.5
34336	3.5
34405	4.0
34437	2.0
34534	4.0
35836	4.0
35957	3.5
36517	3.5
36525	4.0
36529	4.0
37380	3.5
37729	3.0
37731	4.0
37733	3.5
38061	4.0
38798	4.0
39446	3.5
40278	3.5
40581	3.0
40732	4.0
40815	3.5
41569	4.0
41571	3.5
41716	3.5
41997	3.5
42011	3.0
42738	3.5
44022	3.0
44191	4.0
44195	3.5
44397	2.0
44665	4.5
44972	2.5
45081	3.5
45186	3.5
45210	4.0
45431	3.5
45442	2.5
45499	4.0
45501	2.5
45668	3.5
45672	3.5
45722	3.0
45728	4.0
45730	3.5
45732	3.0
46322	4.0
46335	3.0
46530	2.5
46965	2.5
46970	4.0
46974	3.5
46976	4.0
47099	4.0
47200	4.0
47518	3.0
47610	3.5
47640	3.5
47644	4.0
47997	3.5
48385	3.5
48516	4.0
48738	3.5
48780	3.5
48783	3.5
49272	3.5
49278	3.5
49286	3.5
49396	3.5
49530	4.0
49822	3.5
50068	4.0
50794	4.0
51077	3.0
51084	3.5
51255	4.0
51662	4.5
51935	4.0
52245	3.5
52328	4.0
52722	4.0
