1	4.0
2	4.0
6	4.5
12	2.5
18	4.5
19	1.0
21	4.0
26	4.0
29	5.0
32	4.5
39	4.0
44	2.0
47	5.0
50	4.0
70	4.0
81	3.5
110	4.0
141	4.5
151	3.5
153	2.0
160	1.0
163	4.0
168	2.5
170	2.0
173	1.0
180	4.5
186	2.0
188	4.0
198	4.0
208	1.5
222	3.5
223	4.5
224	3.5
231	3.0
234	3.5
235	3.5
252	3.0
253	3.5
260	4.5
266	4.0
290	4.0
296	5.0
316	3.0
318	5.0
327	4.0
339	3.5
344	2.5
345	4.0
349	3.5
356	4.0
357	4.5
364	3.0
367	3.5
370	1.5
380	3.0
382	3.0
413	3.5
426	2.5
434	2.0
442	3.0
444	3.5
468	4.0
480	4.0
485	3.5
493	3.0
497	4.0
500	3.5
509	3.0
517	3.0
520	2.0
527	4.5
541	5.0
550	4.0
551	5.0
587	3.0
588	3.5
589	2.5
590	2.5
592	3.5
595	3.0
597	4.0
608	5.0
616	4.0
648	3.0
653	1.5
707	4.0
708	4.5
718	4.5
720	5.0
724	2.0
733	3.0
736	4.0
741	4.5
750	5.0
761	2.5
762	2.0
778	5.0
783	4.0
852	3.5
858	5.0
923	5.0
924	3.5
1036	4.5
1059	5.0
1073	4.0
1079	4.5
1080	4.5
1089	5.0
1090	4.0
1120	4.0
1126	4.0
1127	3.5
1129	2.5
1136	4.0
1175	5.0
1193	5.0
1196	4.5
1197	4.5
1198	3.0
1199	5.0
1200	5.0
1206	5.0
1208	5.0
1210	4.5
1214	5.0
1215	3.0
1216	4.0
1220	4.5
1221	4.5
1222	5.0
1223	5.0
1224	4.0
1237	5.0
1240	3.5
1241	4.0
1246	5.0
1249	5.0
1250	4.0
1252	5.0
1255	5.0
1258	5.0
1259	5.0
1265	4.0
1270	2.5
1274	4.5
1275	3.5
1279	4.0
1281	4.0
1291	2.0
1307	4.0
1320	3.5
1321	3.0
1339	4.5
1342	3.0
1345	4.5
1346	2.0
1347	2.5
1356	3.5
1374	2.0
1376	2.5
1377	2.5
1380	4.0
1391	4.0
1392	4.0
1393	3.0
1396	5.0
1405	3.0
1409	3.0
1464	4.5
1476	4.0
1485	4.0
1500	4.0
1513	2.0
1527	4.5
1544	2.5
1552	4.5
1562	1.5
1566	2.0
1573	3.5
1580	4.0
1584	3.0
1587	1.0
1588	3.5
1589	3.5
1590	4.0
1591	3.0
1605	4.0
1606	2.5
1610	3.5
1617	4.0
1625	4.5
1627	3.0
1641	4.5
1644	2.0
1645	4.0
1648	3.5
1653	4.0
1672	4.5
1680	4.0
1682	4.5
1690	4.5
1707	2.0
1711	4.5
1717	1.0
1730	2.0
1731	2.5
1732	4.5
1747	5.0
1748	4.5
1779	3.5
1784	5.0
1805	4.5
1862	1.5
1884	4.5
1885	4.0
1894	4.0
1907	4.0
1909	3.0
1917	3.0
1918	3.0
1920	4.0
1921	4.5
1923	4.0
1961	4.5
1967	4.0
1968	4.0
1974	2.0
1994	4.0
2000	3.5
2001	3.0
2002	2.5
2003	4.0
2004	3.0
2005	4.0
2006	3.0
2011	2.5
2012	2.0
2019	5.0
2021	4.0
2028	4.0
2053	1.5
2054	2.0
2094	2.5
2100	3.5
2108	4.0
2115	3.0
2116	2.5
2118	4.0
2122	1.5
2124	3.0
2134	3.5
2143	4.0
2150	4.0
2153	3.0
2161	3.5
2167	3.5
2174	3.5
2193	4.5
2194	4.0
2231	4.0
2232	4.0
2278	4.5
2279	1.5
2282	4.5
2288	2.5
2291	4.0
2294	4.0
2296	4.0
2311	2.0
2321	4.0
2322	2.0
2325	4.5
2328	2.0
2336	4.5
2338	1.0
2353	4.5
2355	4.0
2369	3.5
2371	3.0
2378	2.5
2379	2.0
2380	2.0
2381	2.0
2382	1.5
2387	2.5
2394	3.0
2407	3.0
2408	2.0
2421	3.0
2422	2.0
2428	2.0
2455	3.5
2467	4.0
2470	3.5
2471	2.5
2478	3.0
2496	4.0
2502	5.0
2513	2.0
2539	4.0
2542	5.0
2567	3.5
2571	4.5
2572	4.5
2580	4.0
2598	3.5
2600	5.0
2617	3.5
2628	3.0
2640	2.0
2671	4.0
2699	3.0
2700	3.0
2706	4.0
2707	4.0
2710	1.5
2716	2.0
2717	2.0
2723	2.0
2762	5.0
2788	4.5
2797	3.5
2806	3.0
2822	4.5
2826	2.0
2843	5.0
2857	4.0
2858	4.5
2890	4.5
2908	5.0
2916	3.5
2918	4.5
2950	3.0
2959	4.5
2968	4.0
2976	4.5
2985	3.0
2986	1.5
2987	3.5
2995	2.5
2997	4.5
3000	4.5
3020	5.0
3033	4.5
3045	3.0
3052	4.0
3066	4.0
3081	4.0
3087	3.5
3108	4.5
3146	0.5
3147	4.5
3148	4.0
3175	4.0
3181	4.5
3186	4.5
3250	4.0
3252	4.0
3253	3.0
3255	4.0
3256	4.0
3262	4.0
3264	4.0
3268	0.5
3275	5.0
3285	3.0
3300	2.0
3317	4.0
3324	4.5
3328	4.5
3386	3.0
3408	3.0
3409	2.5
3418	4.0
3438	2.0
3448	4.0
3450	4.0
3479	2.5
3481	4.5
3489	4.0
3512	3.0
3513	3.0
3515	4.0
3519	3.0
3527	3.0
3534	3.0
3535	3.0
3555	1.5
3569	5.0
3578	3.5
3593	0.5
3617	3.5
3623	2.5
3698	3.5
3701	3.0
3702	3.0
3703	3.0
3709	2.0
3717	2.5
3740	4.0
3745	3.5
3751	4.0
3752	3.5
3755	4.0
3793	4.0
3809	4.0
3825	2.5
3827	3.0
3858	4.5
3864	3.0
3868	3.0
3869	2.0
3897	3.5
3932	3.0
3946	3.5
3948	4.0
3950	4.5
3952	4.0
3967	3.0
3977	2.5
3979	2.0
3980	3.5
3981	3.0
3986	2.5
3993	4.5
3994	3.5
3996	5.0
3997	3.0
4011	3.5
4014	4.0
4015	3.5
4017	4.0
4018	3.5
4019	4.0
4022	4.5
4025	2.5
4027	4.5
4029	4.0
4030	3.0
4033	3.5
4034	4.0
4036	5.0
4056	4.0
4085	4.0
4091	3.5
4105	4.0
4121	3.0
4128	4.0
4148	4.0
4223	1.5
4226	5.0
4246	3.5
4248	4.0
4267	2.0
4270	2.5
4299	3.5
4305	1.5
4306	4.5
4308	4.5
4317	2.5
4321	2.5
4343	3.0
4344	1.0
4367	2.0
4370	2.0
4372	3.5
4383	4.0
4396	3.5
4446	4.0
4447	4.0
4480	2.0
4526	2.0
4553	4.0
4558	2.0
4571	4.0
4621	2.0
4624	4.5
4638	1.5
4639	3.5
4641	4.0
4643	2.5
4678	4.0
4700	3.0
4718	3.0
4720	4.5
4734	4.0
4735	2.0
4741	4.0
4756	2.0
4799	4.0
4823	4.0
4848	5.0
4865	4.5
4874	4.0
4886	4.0
4896	3.0
4901	3.0
4911	4.0
4958	2.5
4963	3.5
4973	5.0
4974	2.0
4979	3.0
4980	3.5
4993	4.5
5004	4.5
5013	5.0
5026	4.0
5055	3.0
5128	2.0
5151	3.0
5152	4.5
5159	3.0
5171	3.0
5218	4.0
5219	3.0
5222	4.5
5247	3.5
5254	2.5
5266	4.0
5308	3.0
5349	2.5
5377	3.0
5378	2.5
5400	4.0
5414	3.5
5419	2.5
5444	4.5
5445	4.0
5452	1.5
5459	2.0
5463	2.0
5479	4.5
5502	3.5
5507	1.0
5530	4.0
5541	3.0
5618	5.0
5669	4.5
5679	3.5
5784	3.0
5881	4.5
5952	4.0
5971	4.5
6104	4.5
6157	2.0
6281	4.0
6333	4.0
6365	3.5
6502	4.5
6537	2.0
6624	4.0
6662	3.5
6774	5.0
6793	3.0
6796	3.5
