1	4.0
2	2.0
3	3.0
10	3.0
12	2.0
16	4.0
19	2.0
21	4.0
24	2.0
31	2.5
34	3.0
39	3.0
44	2.0
47	4.0
48	2.0
50	4.0
60	3.0
62	2.0
63	2.0
69	3.0
76	2.0
88	3.0
89	2.5
93	1.0
101	2.0
104	4.0
111	3.5
122	3.0
125	3.0
150	3.0
153	2.0
160	2.0
165	3.0
170	2.5
173	1.0
180	3.0
185	2.5
186	2.0
191	2.0
196	2.0
198	2.0
208	2.0
216	4.0
223	4.0
231	5.0
237	2.0
248	2.0
250	2.0
256	1.5
260	3.0
267	1.5
275	3.0
276	2.0
291	2.0
292	2.5
296	5.0
300	3.0
303	3.0
316	3.0
317	2.0
318	5.0
327	1.5
329	3.0
333	3.0
339	3.0
344	3.0
355	3.0
356	4.0
357	2.0
361	3.0
362	2.0
364	4.0
367	3.0
368	3.0
370	2.5
377	3.0
379	2.0
380	3.0
393	1.0
410	3.0
413	2.0
419	1.5
432	2.0
435	2.5
440	2.0
441	3.0
442	3.0
455	2.0
473	1.0
480	4.0
485	2.0
489	2.0
500	4.0
502	1.5
505	1.0
508	4.0
516	3.0
520	2.0
529	4.0
532	2.0
533	2.0
536	2.0
543	1.0
546	1.5
551	2.0
553	3.0
569	2.0
585	3.0
586	2.5
588	4.0
589	4.0
592	3.0
593	4.0
594	3.0
595	3.0
596	3.0
608	4.0
648	3.0
656	2.0
663	4.0
671	4.0
673	2.0
688	1.5
694	1.5
700	2.0
709	3.0
719	2.5
724	2.0
725	3.0
733	3.0
736	2.5
737	2.0
743	2.0
745	3.0
747	1.0
761	2.0
762	2.0
765	2.0
780	3.0
784	3.0
785	4.0
786	3.0
788	2.5
799	2.0
801	1.0
802	2.5
805	3.0
818	2.0
829	2.0
833	3.0
840	2.0
842	2.0
852	3.0
858	5.0
912	4.0
919	4.0
924	2.0
954	3.0
999	2.5
1005	2.0
1022	2.0
1025	3.0
1027	2.5
1028	4.0
1029	3.0
1031	2.0
1032	3.0
1042	3.0
1061	4.0
1064	1.5
1073	4.0
1080	4.0
1089	4.5
1090	4.0
1091	1.0
1097	3.0
1101	3.0
1120	3.0
1126	2.0
1136	4.0
1148	3.0
1193	5.0
1196	4.0
1197	3.0
1198	4.0
1203	4.0
1207	4.0
1210	4.0
1215	3.0
1219	4.0
1220	3.5
1221	5.0
1222	4.0
1223	3.0
1240	3.0
1257	2.0
1258	3.0
1265	4.0
1270	4.0
1271	3.0
1277	3.0
1278	5.0
1282	3.0
1288	4.0
1291	3.0
1302	3.0
1356	3.0
1358	3.5
1377	2.5
1380	3.0
1387	3.0
1390	3.0
1393	3.0
1405	3.0
1407	3.0
1445	2.0
1449	3.0
1457	2.0
1461	3.0
1465	4.0
1468	2.0
1476	3.5
1485	3.0
1503	2.0
1513	2.0
1517	4.0
1527	2.0
1544	3.0
1550	2.0
1552	3.0
1562	2.0
1566	3.0
1580	3.0
1584	3.0
1591	2.0
1597	2.0
1608	3.0
1609	3.0
1625	4.0
1639	3.0
1645	2.0
1663	3.0
1673	3.0
1676	2.0
1680	2.0
1681	2.0
1682	3.0
1689	2.0
1717	2.0
1721	2.0
1722	3.0
1729	5.0
1732	4.0
1747	3.0
1753	3.0
1777	3.0
1784	3.0
1805	4.0
1810	3.0
1827	4.0
1831	2.0
1855	2.0
1876	2.0
1883	2.0
1884	2.0
1892	3.0
1895	2.0
1909	3.0
1911	2.0
1914	3.0
1917	2.5
1920	1.5
1923	4.0
1947	2.0
1954	3.0
1968	3.0
2000	3.0
2001	3.0
2005	3.0
2011	3.0
2012	2.0
2018	2.0
2023	3.0
2027	2.0
2028	4.0
2042	2.0
2046	2.0
2053	1.5
2054	2.0
2064	4.0
2078	3.0
2080	3.0
2081	2.0
2082	3.0
2088	2.0
2089	2.0
2090	2.0
2096	3.0
2109	4.0
2111	2.0
2115	3.0
2124	3.0
2133	2.0
2137	2.5
2141	4.0
2153	2.0
2155	3.0
2161	2.0
2162	1.0
2163	1.0
2169	2.0
2170	2.0
2174	4.0
2194	3.0
2249	2.0
2253	1.5
2273	3.0
2291	2.0
2300	3.0
2301	3.0
2306	2.0
2325	3.0
2335	3.0
2353	3.0
2359	4.0
2378	3.0
2379	2.0
2380	2.0
2381	2.0
2382	1.5
2383	2.0
2387	3.0
2393	2.5
2395	3.0
2406	3.0
2407	2.0
2409	3.0
2410	2.5
2411	2.0
2412	2.0
2413	3.0
2416	3.0
2421	2.0
2423	4.0
2447	3.0
2450	1.5
2473	2.0
2478	2.5
2492	3.0
2502	4.0
2567	2.0
2571	4.0
2572	2.0
2581	1.0
2599	4.0
2605	2.5
2616	3.0
2617	3.0
2628	2.0
2657	3.0
2683	2.0
2694	3.0
2700	4.0
2701	2.0
2706	4.0
2710	2.0
2712	2.0
2716	4.0
2717	2.0
2720	1.5
2723	3.0
2746	2.0
2747	3.0
2759	1.5
2762	4.0
2763	3.0
2788	3.5
2791	4.0
2792	1.5
2794	2.0
2795	3.0
2797	3.0
2805	2.0
2840	4.0
2841	4.0
2857	2.0
2858	4.0
2877	2.0
2890	4.0
2891	2.0
2915	3.0
2916	3.0
2918	3.5
2947	4.0
2948	3.0
2953	2.0
2959	5.0
2985	3.0
2987	4.0
2991	3.0
2997	3.0
3005	3.0
3020	3.0
3033	2.0
3039	3.0
3052	4.0
3081	3.0
3082	2.0
3087	4.0
3108	3.0
3113	2.0
3114	4.0
3147	4.0
3156	1.0
3174	3.0
3175	1.0
3177	3.0
3178	2.5
3243	1.0
3247	2.0
3253	3.0
3254	2.0
3255	3.0
3263	3.0
3271	4.0
3273	1.5
3301	3.0
3316	2.0
3324	3.0
3326	2.0
3327	4.0
3361	3.0
3386	4.0
3388	2.0
3396	4.0
3397	3.0
3398	4.0
3409	1.0
3421	4.0
3438	2.5
3450	3.0
3461	3.0
3481	2.0
3484	2.5
3524	3.0
3526	3.0
3535	3.0
3552	5.0
3578	3.0
3591	2.0
3608	4.0
3617	3.0
3623	2.0
3624	2.5
3633	3.0
3635	3.0
3638	2.5
3671	5.0
3698	3.0
3717	3.0
3740	2.0
3752	3.0
3755	2.0
3785	3.0
3793	3.0
3809	3.0
3827	2.0
3861	2.0
3863	2.0
3865	3.0
3868	5.0
3869	3.0
3882	3.0
3893	1.0
3911	4.0
3916	3.0
3943	4.0
3948	4.0
3949	2.5
3968	2.0
3977	2.0
3979	2.0
3980	3.0
3986	3.0
3988	1.0
3994	4.0
3996	2.0
3997	1.0
4002	3.0
4011	5.0
4015	2.0
4022	3.5
4027	4.0
4029	2.0
4040	1.0
4085	3.0
4104	2.0
4121	1.0
4124	2.0
4148	4.0
4149	1.5
4158	2.0
4215	2.0
4226	4.5
4239	4.0
4246	3.0
4247	2.0
4255	1.5
4270	2.0
4306	3.0
4308	3.0
4321	2.0
4333	4.0
4344	3.0
4369	2.0
4388	2.5
4483	1.0
4487	3.0
4489	3.0
4499	3.5
4545	2.0
4558	3.0
4571	2.0
4621	4.0
4623	3.0
4638	2.0
4678	2.0
4679	3.0
4701	2.0
4718	2.0
4728	2.0
4734	3.0
4816	2.0
4886	4.0
4890	3.0
4963	4.0
4974	2.5
4975	2.0
4979	3.0
4980	2.0
4993	3.0
5047	1.0
5065	3.0
5072	2.0
5102	2.0
5103	3.0
5110	4.0
5111	2.0
5265	2.0
5283	3.0
5292	4.0
5293	3.0
5303	2.0
5308	2.0
5349	4.0
5378	3.0
5401	3.0
5445	4.0
5459	2.0
5464	4.0
5502	4.0
5541	3.0
5669	3.0
5679	3.0
5785	3.0
5902	3.5
5945	2.5
5952	3.5
5956	5.0
5989	4.0
6157	2.0
6166	2.0
6188	5.0
6333	3.5
6365	2.0
6534	3.5
6586	3.0
6615	3.5
6796	3.5
6874	4.5
6934	1.5
6947	2.0
7386	3.0
7438	4.0
7458	2.5
8387	0.5
