1	4.0
2	1.5
3	2.0
5	2.0
6	4.0
7	1.5
9	2.0
10	3.0
11	4.5
12	1.0
14	2.5
15	2.0
16	3.5
18	2.5
19	1.0
20	2.0
21	3.5
22	3.0
23	2.0
25	3.0
27	3.0
31	1.5
32	3.5
34	4.0
36	4.5
39	3.5
42	3.0
44	1.0
45	3.5
46	2.0
47	3.5
50	4.0
52	2.5
57	2.5
62	2.0
63	1.5
64	1.5
69	3.0
70	3.0
71	1.0
72	3.5
74	2.0
78	2.5
81	2.5
88	1.5
89	2.0
92	1.5
93	1.5
94	4.0
95	2.0
100	3.0
101	3.5
102	1.5
103	2.5
104	3.0
110	3.5
111	5.0
112	2.0
118	1.5
122	2.5
125	4.0
132	1.5
141	2.0
144	3.0
145	2.5
147	2.0
150	4.0
151	2.5
153	2.5
157	2.5
158	2.0
159	2.5
160	1.5
161	3.0
163	3.0
164	2.5
165	2.0
166	0.5
168	2.0
170	2.0
172	1.5
173	2.0
174	1.0
175	2.0
176	3.5
177	3.0
180	3.0
181	1.5
185	2.0
186	1.5
187	2.5
188	2.0
190	3.0
193	1.5
195	2.0
196	1.5
198	2.5
204	2.5
208	2.0
215	4.5
216	3.0
222	3.0
223	3.5
224	2.5
225	1.5
227	2.0
230	3.5
231	2.5
234	1.5
235	4.5
236	2.0
246	5.0
247	4.0
253	2.0
259	2.0
260	4.0
266	2.0
273	2.0
275	1.5
276	1.5
288	4.0
291	1.5
292	1.5
293	3.5
296	5.0
300	4.0
302	3.0
303	2.0
305	1.5
315	2.0
316	2.0
318	4.0
319	2.5
322	3.0
327	2.0
328	3.0
329	2.5
330	2.0
332	1.5
333	3.0
337	2.5
339	3.0
344	3.0
346	2.0
347	2.5
348	3.0
349	2.5
352	3.5
353	2.5
355	2.0
356	4.5
357	3.0
358	2.5
360	2.0
361	3.0
364	3.0
366	3.0
367	2.5
368	3.0
370	2.0
371	3.0
372	3.0
373	3.0
377	4.0
378	2.0
379	2.5
380	2.5
382	3.0
383	3.5
384	3.0
387	1.5
393	1.5
405	1.0
407	2.5
410	3.0
413	1.5
415	2.0
420	2.0
422	2.5
426	2.5
428	3.5
429	2.5
431	3.0
433	2.0
434	2.0
436	1.5
438	2.5
440	3.5
441	4.0
442	3.0
444	2.0
450	2.5
451	3.0
453	2.5
454	2.5
457	3.0
459	2.0
461	3.0
464	2.0
466	1.5
467	2.0
471	3.0
472	3.0
473	1.0
474	2.5
475	2.5
479	2.0
480	3.5
481	3.0
482	2.0
485	2.0
489	1.5
490	3.0
492	2.5
493	3.0
494	3.0
500	2.0
502	2.0
504	2.0
507	3.5
508	3.5
511	1.5
514	3.0
517	2.0
518	2.0
519	1.5
520	2.0
521	2.0
522	2.0
527	4.0
532	2.5
533	2.0
535	5.0
539	3.0
540	1.5
541	5.0
542	2.5
543	2.0
544	1.5
547	2.0
548	2.5
550	1.5
551	3.0
552	2.5
553	3.0
555	4.5
556	3.0
562	4.0
574	2.5
575	1.5
585	3.0
586	3.0
587	3.5
588	3.0
589	4.0
590	4.0
592	2.5
593	5.0
595	4.5
597	4.0
599	5.0
605	2.5
608	5.0
610	3.0
611	1.0
612	3.0
616	2.5
627	2.5
628	3.0
637	2.0
639	2.5
648	2.5
653	2.0
661	2.5
662	2.0
663	3.0
671	2.0
673	1.5
674	3.0
694	1.5
697	3.0
700	2.5
707	2.0
708	3.0
714	3.5
719	2.5
724	2.0
725	2.5
731	2.0
733	3.0
735	3.0
736	1.5
737	1.5
742	1.5
747	2.0
748	2.5
750	3.5
761	3.0
762	2.0
778	4.0
780	3.0
782	2.0
783	2.5
784	2.5
785	3.0
786	2.0
788	1.5
799	3.0
800	3.0
802	2.0
804	3.5
805	2.0
809	1.5
818	2.0
830	1.5
832	2.5
833	1.5
835	2.5
836	2.0
839	1.5
840	1.5
842	1.5
849	3.0
852	3.5
858	5.0
866	4.0
879	3.0
880	1.0
886	1.5
891	1.5
898	5.0
899	5.0
903	5.0
904	3.5
909	5.0
910	5.0
911	4.0
912	4.0
913	3.5
919	5.0
921	2.5
922	5.0
923	5.0
940	5.0
942	3.0
946	3.5
950	4.5
951	5.0
955	4.5
968	5.0
990	2.0
996	2.0
998	2.5
999	2.0
1004	2.0
1025	2.5
1027	2.5
1032	3.0
1034	2.5
1036	4.0
1037	1.5
1042	4.5
1043	2.5
1047	2.0
1057	4.0
1059	2.5
1060	3.5
1061	3.0
1069	3.5
1073	4.0
1077	3.5
1078	3.0
1079	3.5
1080	3.0
1084	5.0
1086	3.5
1088	2.0
1089	4.0
1090	3.5
1091	2.0
1092	2.5
1093	2.5
1094	3.5
1095	3.5
1097	4.5
1100	2.0
1101	2.5
1103	5.0
1120	3.5
1128	2.5
1129	3.0
1130	3.5
1136	3.0
1167	2.0
1171	2.5
1179	3.5
1183	2.0
1186	3.5
1189	4.0
1193	4.5
1196	4.0
1197	4.5
1198	5.0
1199	4.5
1200	4.0
1201	5.0
1203	4.0
1206	3.5
1207	4.0
1208	5.0
1209	4.5
1210	3.0
1212	5.0
1213	5.0
1214	4.0
1215	3.0
1218	3.5
1219	5.0
1220	3.5
1221	4.0
1222	3.5
1225	5.0
1227	5.0
1228	4.5
1230	5.0
1231	3.5
1234	4.5
1240	3.5
1241	3.5
1242	3.0
1244	4.0
1245	3.5
1246	2.0
1247	5.0
1252	4.5
1253	4.0
1254	3.5
1255	3.0
1256	5.0
1257	3.0
1258	4.0
1259	4.0
1261	3.5
1263	4.0
1265	5.0
1266	4.5
1268	2.5
1270	5.0
1274	2.5
1275	3.0
1276	4.0
1279	3.0
1281	4.0
1283	3.0
1285	4.0
1288	4.0
1290	3.0
1291	3.0
1295	3.5
1297	3.5
1301	4.0
1302	3.0
1304	4.0
1307	4.0
1320	2.5
1321	4.0
1330	1.5
1333	4.0
1334	3.0
1337	3.0
1339	3.0
1340	5.0
1342	2.5
1343	3.5
1345	3.5
1346	2.5
1347	3.5
1352	1.5
1356	3.5
1359	1.5
1361	4.0
1370	3.5
1372	2.5
1373	2.0
1374	4.0
1375	2.5
1376	3.0
1377	3.0
1378	3.0
1379	2.5
1380	3.0
1382	2.0
1385	3.0
1387	5.0
1391	3.0
1392	3.0
1393	3.5
1394	3.5
1396	3.0
1405	3.0
1407	3.5
1408	3.0
1409	2.0
1422	2.0
1427	2.0
1432	2.0
1440	2.0
1441	2.5
1449	3.5
1457	2.5
1459	2.5
1460	1.5
1461	2.0
1464	4.0
1465	3.0
1466	4.0
1468	2.0
1476	3.0
1479	2.0
1483	3.0
1484	2.5
1485	3.0
1488	2.5
1497	1.0
1498	2.5
1499	1.5
1500	3.5
1503	1.5
1513	3.0
1517	3.0
1518	3.0
1526	1.5
1527	2.5
1541	2.0
1544	1.5
1550	3.0
1552	2.0
1556	1.0
1562	1.0
1569	3.0
1573	3.0
1580	3.0
1584	3.5
1587	3.5
1588	2.5
1589	3.5
1590	2.0
1591	1.5
1593	2.0
1594	3.5
1597	2.5
1600	2.5
1603	2.0
1604	2.5
1605	1.5
1606	2.0
1608	2.5
1609	2.0
1610	3.0
1611	2.5
1614	2.5
1615	2.0
1616	2.5
1617	4.5
1620	2.0
1623	1.0
1625	3.0
1627	2.0
1629	3.0
1635	4.0
1639	4.0
1644	1.5
1645	2.5
1647	2.5
1648	3.0
1653	3.0
1655	1.0
1658	3.5
1663	3.0
1672	3.5
1673	5.0
1676	4.0
1680	2.5
1682	3.5
1687	1.5
1689	1.5
1690	3.0
1693	3.0
1699	2.5
1701	3.5
1702	2.0
1704	3.5
1711	2.5
1717	3.0
1719	4.0
1721	4.0
1722	2.5
1726	2.0
1729	4.5
1732	3.5
1747	2.5
1748	3.5
1752	2.0
1753	2.5
1754	2.0
1760	2.0
1762	2.0
1769	2.0
1777	3.0
1783	2.0
1784	3.5
1785	3.0
1792	2.0
1794	3.0
1799	2.0
1801	2.5
1804	2.5
1805	3.0
1806	2.0
1810	3.5
1816	3.5
1821	2.0
1827	2.5
1831	1.5
1834	3.0
1835	2.0
1836	2.5
1840	3.0
1841	2.0
1845	4.0
1858	2.0
1862	0.5
1866	1.5
1875	3.0
1882	1.5
1883	3.0
1884	2.5
1885	3.0
1888	2.5
1889	3.0
1892	2.5
1894	2.0
1895	2.0
1907	2.5
1912	3.5
1916	3.5
1917	2.5
1918	2.0
1920	2.5
1923	5.0
1924	2.5
1945	3.0
1952	4.0
1955	4.0
1958	3.5
1961	2.5
1964	4.0
1965	3.5
1966	3.0
1967	3.0
1968	4.0
1969	1.5
1970	3.0
1971	2.0
1972	2.0
1973	1.0
1974	2.5
1975	2.0
1976	3.0
1977	1.5
1978	1.5
1979	1.5
1980	1.5
1981	1.0
1982	4.0
1983	2.5
1984	2.0
1985	2.5
1986	1.5
1991	3.0
1992	1.5
1994	3.5
1995	2.0
1997	4.0
2000	3.5
2001	3.0
2002	2.5
2003	3.0
2004	3.5
2005	3.0
2006	3.0
2011	3.0
2012	2.5
2020	3.0
2021	2.5
2023	2.5
2026	2.0
2027	1.5
2028	3.5
2033	2.5
2036	2.0
2042	2.0
2048	3.0
2054	2.5
2058	2.5
2060	3.0
2064	4.0
2065	3.5
2066	3.0
2072	3.5
2076	5.0
2077	3.0
2081	4.0
2082	2.5
2083	2.5
2087	3.0
2088	2.5
2089	2.5
2091	2.5
2093	2.5
2094	3.5
2096	4.0
2097	3.0
2100	3.0
2106	1.5
2107	2.5
2108	3.0
2109	3.0
2110	3.0
2111	3.5
2112	3.0
2114	3.0
2115	2.5
2118	3.5
2119	1.0
2120	1.5
2121	2.5
2122	1.5
2124	2.0
2125	2.5
2126	2.5
2130	3.0
2133	2.0
2134	2.5
2139	3.0
2140	3.5
2141	2.5
2143	2.5
2144	3.0
2145	3.0
2146	2.5
2148	3.0
2149	1.5
2153	1.0
2155	3.0
2159	4.0
2160	4.0
2161	3.0
2162	1.5
2165	4.0
2167	3.0
2169	2.0
2174	3.0
2186	3.5
2188	2.0
2193	3.0
2194	3.5
2195	2.5
2206	3.5
2231	3.0
2241	2.0
2243	4.0
2245	4.0
2247	3.5
2248	4.0
2249	2.5
2252	2.0
2253	1.5
2261	3.0
2262	2.5
2265	0.5
2266	2.5
2268	3.0
2269	2.0
2272	3.0
2273	3.0
2278	3.0
2279	2.0
2280	2.5
2282	2.5
2287	3.0
2288	4.0
2289	4.0
2290	2.5
2291	3.0
2294	2.5
2300	4.0
2301	3.0
2302	2.5
2313	3.5
2315	2.0
2316	2.0
2318	4.0
2320	2.0
2321	4.0
2322	1.5
2324	2.0
2325	3.0
2327	2.0
2328	2.0
2329	3.0
2333	3.5
2335	2.0
2337	4.0
2338	1.5
2340	3.5
2346	3.0
2348	3.0
2352	3.0
2353	2.5
2355	3.0
2356	2.0
2359	2.5
2366	5.0
2367	2.0
2369	2.5
2371	2.5
2372	2.0
2373	2.0
2375	2.0
2376	1.5
2377	3.0
2378	2.0
2379	2.0
2380	2.0
2381	1.5
2382	1.5
2387	3.0
2389	1.5
2391	3.5
2393	2.5
2395	4.0
2396	5.0
2401	3.5
2402	2.0
2403	3.0
2404	1.5
2405	2.0
2406	4.0
2407	2.5
2410	2.0
2411	2.5
2412	1.5
2413	2.5
2414	2.5
2416	2.0
2418	2.5
2420	4.0
2421	2.0
2422	2.0
2423	3.0
2424	3.0
2427	3.0
2428	2.0
2431	1.5
2432	2.0
2433	2.5
2435	2.0
2439	4.0
2443	3.0
2445	1.5
2447	2.5
2450	2.0
2453	3.0
2455	4.0
2456	1.5
2457	3.0
2458	1.5
2459	4.0
2460	3.5
2463	2.5
2468	2.0
2469	3.0
2470	2.5
2471	2.0
2474	3.5
2478	3.0
2485	2.5
2488	4.0
2490	3.0
2496	3.0
2500	1.5
2502	3.5
2504	2.0
2505	1.0
2506	1.5
2511	4.0
2513	2.5
2514	1.5
2517	2.5
2518	3.0
2519	2.5
2528	3.0
2529	3.5
2530	3.0
2531	3.0
2532	3.0
2533	3.0
2539	3.0
2540	3.0
2541	3.0
2542	3.0
2548	2.0
2551	4.0
2555	0.5
2558	2.0
2560	3.0
2561	2.5
2563	2.5
2567	2.0
2568	2.5
2571	4.0
2572	3.0
2580	3.0
2581	3.0
2583	3.0
2587	2.5
2594	3.5
2596	2.0
2598	2.5
2599	4.0
2600	3.0
2605	2.0
2606	1.5
2613	3.0
2615	2.0
2616	3.0
2617	3.0
2622	2.5
2625	2.5
2628	2.0
2629	2.0
2633	3.0
2640	4.0
2641	3.5
2642	1.5
2643	1.5
2644	4.0
2654	3.5
2657	3.0
2660	3.0
2662	4.0
2668	2.0
2671	3.0
2683	2.5
2686	2.5
2687	3.0
2688	2.0
2690	3.0
2692	3.5
2693	3.0
2694	2.0
2699	3.0
2700	3.5
2701	1.0
2702	3.5
2706	3.0
2707	2.0
2710	3.5
2712	4.0
2713	3.0
2716	5.0
2717	2.0
2718	3.0
2719	1.5
2720	2.0
2722	2.5
2723	3.5
2724	3.0
2725	3.5
2726	4.5
2731	5.0
2735	2.0
2739	4.0
2746	2.0
2750	3.5
2752	2.5
2759	3.0
2762	3.0
2763	2.0
2770	3.5
2771	2.0
2772	1.5
2782	3.0
2787	2.5
2791	3.5
2793	1.5
2794	2.0
2795	3.5
2796	3.0
2797	3.0
2798	2.0
2799	2.0
2802	2.5
2803	2.5
2804	3.5
2805	2.5
2806	1.0
2808	2.0
2815	2.0
2822	2.0
2826	1.5
2827	1.5
2828	2.0
2829	2.0
2836	2.0
2840	1.0
2841	3.0
2858	4.5
2860	2.0
2861	2.0
2863	4.0
2866	3.5
2867	3.5
2871	3.5
2872	3.5
2875	2.5
2883	3.5
2888	2.0
2889	2.0
2890	4.5
2891	2.0
2900	2.0
2901	2.5
2902	3.0
2903	2.0
2905	3.0
2906	2.0
2907	1.0
2908	4.5
2912	3.5
2915	3.5
2916	3.5
2917	4.0
2918	3.5
2926	3.0
2932	5.0
2935	4.0
2936	4.0
2937	3.0
2942	1.5
2944	3.0
2946	2.5
2947	3.5
2948	3.0
2949	3.0
2952	4.0
2953	2.0
2956	2.5
2959	4.5
2961	2.0
2968	3.0
2973	4.0
2976	3.5
2978	1.5
2985	3.5
2986	2.5
2987	3.0
2988	3.5
2989	3.0
2990	2.5
2991	2.0
2993	3.0
2995	2.5
2997	5.0
3000	2.5
3004	1.5
3005	2.5
3006	4.0
3007	3.5
3016	3.5
3017	2.0
3018	4.0
3019	2.5
3020	2.0
3024	3.0
3030	3.5
3033	2.0
3039	3.5
3040	3.0
3044	3.5
3052	2.5
3070	3.0
3072	3.5
3078	2.0
3081	3.0
3082	2.5
3087	2.0
3091	4.5
3093	4.5
3099	3.5
3101	2.5
3102	2.5
3104	3.0
3107	3.0
3108	3.0
3113	1.5
3114	4.0
3120	2.0
3125	2.0
3129	3.0
3130	2.0
3145	3.0
3146	2.0
3147	3.0
3148	2.5
3152	4.0
3160	5.0
3167	5.0
3168	3.0
3173	3.0
3174	3.5
3175	3.0
3176	4.0
3177	2.0
3178	2.5
3182	3.5
3185	2.0
3186	3.0
3189	3.0
3190	2.0
3203	3.5
3206	2.0
3208	2.0
3210	3.0
3219	2.0
3225	1.5
3243	1.5
3246	4.5
3249	2.0
3252	2.5
3253	3.0
3254	2.0
3255	3.5
3256	2.5
3257	2.5
3258	3.0
3259	2.0
3261	3.0
3262	3.0
3263	3.0
3264	2.0
3265	3.0
3266	3.0
3267	3.0
3270	2.0
3272	2.0
3273	2.0
3274	2.0
3275	1.5
3285	2.5
3286	2.0
3298	3.0
3299	1.0
3300	3.0
3301	3.0
3308	2.5
3316	3.0
3317	4.0
3324	2.0
3325	1.0
3326	1.5
3327	3.0
3328	3.0
3354	1.5
3355	2.0
3361	3.5
3362	3.5
3363	4.5
3364	4.0
3365	4.5
3384	2.5
3386	5.0
3387	1.5
3388	2.0
3394	1.5
3396	3.5
3397	3.0
3398	3.0
3408	3.0
3409	2.0
3418	4.0
3421	4.0
3422	3.0
3424	5.0
3426	3.0
3436	2.5
3438	2.5
3439	1.5
3440	1.5
3448	2.0
3450	2.0
3452	1.5
3466	3.0
3476	3.0
3477	1.5
3478	2.5
3480	3.5
3481	4.0
3484	1.0
3489	2.0
3494	2.5
3499	3.5
3504	4.0
3505	2.5
3510	3.0
3512	3.0
3513	2.0
3521	3.0
3525	3.0
3526	3.5
3527	3.0
3529	2.5
3534	2.5
3535	3.5
3536	2.5
3543	3.5
3545	3.0
3546	3.5
3551	2.5
3552	3.0
3554	3.0
3555	2.0
3556	3.5
3557	2.0
3565	2.0
3566	2.5
3576	2.0
3578	3.0
3591	3.0
3593	0.5
3594	2.0
3608	3.5
3614	3.0
3615	2.0
3616	2.0
3617	2.5
3618	2.0
3623	2.5
3624	2.5
3633	4.0
3635	3.5
3638	2.0
3639	3.0
3649	2.5
3660	2.5
3671	3.5
3676	3.0
3683	4.0
3685	3.0
3686	3.0
3693	3.0
3697	2.0
3698	2.5
3702	3.0
3703	4.0
3704	3.0
3705	2.5
3706	4.5
3707	2.0
3708	2.5
3709	2.5
3710	2.0
3712	3.5
3717	2.0
3726	3.0
3727	3.5
3728	3.0
3729	2.5
3730	4.5
3735	4.0
3740	3.0
3741	4.5
3744	2.5
3747	2.5
3751	2.5
3752	2.0
3753	1.5
3754	2.0
3755	2.5
3760	3.0
3763	3.0
3764	2.0
3770	2.0
3773	3.0
3784	2.5
3785	2.0
3786	3.0
3788	3.5
3791	2.0
3793	3.0
3794	3.5
3798	2.5
3802	2.0
3809	2.0
3812	2.0
3814	3.5
3821	1.5
3825	2.0
3826	2.0
3827	2.0
3835	2.0
3841	2.0
3852	2.5
3857	1.0
3858	3.0
3861	3.0
3863	3.0
3865	3.0
3868	3.0
3869	2.5
3882	2.5
3889	1.0
3893	3.5
3895	1.0
3896	3.5
3897	5.0
3901	1.5
3908	1.5
3909	2.0
3910	4.0
3911	3.0
3916	2.5
3917	3.0
3918	3.0
3919	1.0
3925	3.0
3928	3.5
3930	3.0
3943	3.5
3946	2.5
3948	2.5
3949	3.0
3950	2.5
3952	3.0
3953	2.5
3968	3.0
3969	1.5
3973	1.5
3977	2.0
3978	1.5
3979	2.0
3981	2.0
3983	4.0
3984	2.5
3986	2.0
3987	3.0
3988	2.0
3993	2.5
3994	3.5
3996	3.0
3998	2.0
4002	3.0
4003	2.5
4005	3.0
4006	2.5
4007	2.5
4008	2.5
4009	3.0
4011	2.5
4015	3.0
4016	2.0
4017	2.5
4018	2.0
4020	3.0
4022	4.5
4023	3.5
4025	3.0
4027	3.0
4029	3.5
4030	2.0
4031	2.5
4034	3.5
4036	2.5
4037	4.0
4039	2.5
4040	2.0
4041	3.0
4054	2.5
4055	4.0
4056	2.5
4061	3.0
4062	3.0
4066	3.0
4067	1.5
4068	2.5
4069	1.5
4077	3.0
4079	3.0
4080	2.0
4084	2.5
4085	3.0
4086	3.0
4091	2.5
4102	2.5
4104	2.0
4105	4.0
4121	3.0
4128	3.0
4132	2.0
4133	2.0
4143	1.0
4148	3.5
4149	1.5
4153	2.0
4155	2.0
4158	2.0
4159	1.5
4161	2.5
4167	3.0
4205	2.5
4207	2.0
4210	3.0
4214	2.5
4215	2.0
4218	3.5
4220	2.5
4223	2.5
4224	2.0
4226	4.0
4228	2.5
4232	3.0
4234	2.0
4238	2.0
4239	3.5
4246	2.5
4247	2.0
4248	3.0
4251	2.5
4255	1.0
4262	2.5
4265	1.0
4267	1.5
4270	2.0
4275	3.0
4276	4.0
4280	2.5
4285	2.5
4299	3.0
4305	2.0
4306	2.5
4308	3.0
4310	2.0
4317	1.5
4321	3.0
4322	3.0
4326	3.0
4329	3.5
4333	3.0
4340	2.0
4343	2.0
4344	2.5
4345	3.0
4349	4.0
4351	3.5
4361	4.0
4367	2.0
4368	2.0
4369	3.0
4370	3.0
4372	2.0
4378	3.0
4386	2.0
4387	2.0
4388	2.0
4410	4.0
4432	4.5
4437	2.5
4446	1.5
4447	2.5
4448	2.0
4450	3.5
4452	3.0
4464	5.0
4465	3.0
4467	3.5
4477	2.0
4480	3.0
4487	1.5
4489	3.5
4492	2.5
4498	2.0
4499	3.0
4502	2.0
4509	2.5
4519	2.0
4526	2.0
4531	2.5
4533	3.0
4541	2.5
4544	2.0
4545	2.5
4553	3.0
4558	3.0
4563	1.5
4571	3.0
4572	2.0
4577	3.5
4587	3.0
4621	3.0
4623	3.0
4624	3.0
4638	2.5
4639	2.0
4641	3.0
4642	3.5
4643	2.0
4649	4.5
4654	2.0
4661	3.0
4673	2.5
4676	2.0
4677	2.0
4678	3.0
4679	3.0
4681	2.0
4686	1.0
4699	1.5
4700	2.0
4701	2.5
4718	3.0
4719	2.5
4720	2.5
4723	2.5
4728	2.0
4732	2.0
4733	2.0
4734	2.5
4735	2.0
4744	2.5
4745	2.0
4757	2.0
4776	2.5
4792	2.5
4799	3.0
4814	1.5
4815	3.0
4816	2.0
4821	3.0
4823	2.5
4844	2.0
4848	4.0
4855	3.5
4865	2.5
4866	2.0
4873	2.5
4874	2.0
4876	1.5
4878	4.0
4881	3.0
4886	2.5
4887	1.5
4889	3.5
4890	2.0
4896	4.0
4901	2.5
4903	3.5
4915	2.5
4932	3.5
4941	2.5
4951	2.0
4956	3.5
4958	1.0
4963	3.5
4973	4.0
4974	2.5
4975	3.5
4979	5.0
4980	3.0
4992	2.5
4993	4.5
4994	3.0
4995	2.0
5009	3.5
5010	4.0
5013	2.0
5014	2.0
5015	4.0
5016	1.5
5025	2.5
5026	3.0
5027	2.0
5039	2.5
5040	2.0
5049	2.5
5055	2.5
5060	5.0
5065	2.0
5066	2.5
5074	2.5
5081	3.0
5092	2.0
5093	2.0
5094	1.0
5102	2.0
5105	3.5
5110	2.5
5151	2.5
5152	1.5
5159	2.5
5171	1.5
5219	2.0
5220	2.0
5222	3.0
5225	3.0
5247	3.0
5254	3.5
5265	2.0
5266	3.0
5267	2.0
5283	2.0
5293	2.5
5294	3.0
5296	1.5
5298	2.5
5299	1.5
5303	5.0
5308	3.0
5309	2.0
5312	2.0
5313	2.5
5323	1.0
5329	3.0
5349	3.0
5363	1.5
5364	3.0
5377	4.0
5378	2.0
5388	3.0
5391	3.0
5400	2.5
5401	2.0
5414	1.5
5418	3.5
5419	1.5
5421	3.0
5438	2.0
5445	3.0
5449	1.5
5450	3.0
5459	1.0
5463	1.0
5464	2.5
5477	3.0
5478	3.0
5481	2.0
5500	3.0
5502	4.0
5504	3.5
5505	2.5
5506	2.0
5507	1.5
5508	3.0
5524	2.5
5528	3.0
5530	2.0
5540	3.0
5541	3.0
5553	3.0
5564	1.5
5568	2.5
5572	3.0
5574	2.5
5577	3.5
5582	1.5
5613	3.0
5617	2.5
5620	2.0
5630	2.5
5649	2.5
5650	3.0
5666	1.5
5669	3.0
5673	4.0
5679	2.0
5685	3.0
5693	3.5
5707	2.5
5712	5.0
5784	1.0
5785	3.0
5791	2.5
5792	3.0
5809	4.0
5810	3.0
5812	3.0
5816	3.0
5833	3.0
5843	2.0
5853	2.0
5872	2.0
5879	1.0
5881	3.5
5893	3.0
5900	1.0
5902	5.0
5903	1.5
5942	2.0
5944	2.0
5945	2.5
5952	4.5
5954	3.5
5956	2.5
5957	3.0
5959	3.5
5969	2.0
5970	2.5
5989	3.5
5991	3.5
5992	2.5
6001	3.5
6003	3.0
6006	2.5
6016	4.0
6058	3.0
6059	2.0
6062	3.0
6093	2.5
6155	2.0
6156	2.0
6157	3.0
6166	2.0
6187	1.5
6188	3.5
6212	2.0
6214	4.0
6218	3.0
6223	2.0
6238	2.0
6250	1.5
6263	2.0
6264	2.5
6281	2.0
6287	1.5
6290	3.0
6294	1.5
6296	2.5
6297	2.0
6301	4.0
6322	3.5
6323	2.5
6331	3.0
6333	3.5
6338	1.5
6365	2.5
6367	3.0
6373	2.0
6377	4.0
6378	2.5
6379	2.0
6380	4.0
6383	1.5
6440	3.5
6482	1.0
6484	3.0
6502	3.5
6503	1.5
6534	2.5
6537	2.5
6538	2.5
6539	3.5
6541	1.0
6548	2.0
6550	1.0
6552	3.5
6565	3.0
6566	1.5
6567	2.0
6586	1.5
6587	2.0
6595	2.5
6615	1.5
6617	3.0
6620	3.5
6636	3.5
6659	3.5
6664	2.0
6695	2.0
6707	3.0
6708	3.5
6709	2.5
6711	5.0
6731	3.0
6754	1.5
6764	3.0
6773	3.0
6774	4.0
6787	3.5
6796	3.5
6800	1.5
6810	2.0
6820	2.5
6862	2.0
6863	3.0
6867	3.5
6870	3.0
6873	3.0
6874	4.0
6879	3.0
6880	1.0
6881	2.0
6888	1.5
6890	3.5
6934	2.0
6936	3.0
6942	3.0
6944	3.0
6947	2.5
6950	2.5
6952	1.5
6953	3.5
6957	3.0
6959	2.0
6966	3.0
6974	3.0
6979	3.5
6993	4.0
6996	1.5
7000	2.5
7001	3.5
7004	3.0
7007	3.0
7017	2.0
7018	3.0
7022	3.5
7027	3.0
7028	4.0
7036	2.0
7044	4.0
7046	2.5
7064	5.0
7073	3.0
7101	3.0
7102	2.5
7104	2.5
7121	3.0
7123	3.0
7132	3.0
7137	3.5
7139	3.5
7143	2.0
7147	3.5
7149	3.0
7150	2.5
7153	4.5
7154	2.0
7156	3.5
7160	4.0
7161	2.0
7162	2.5
7163	1.0
7173	2.0
7215	3.5
7228	1.5
7235	2.0
7254	2.5
7255	2.0
7265	3.5
7285	2.5
7293	2.5
7317	3.0
7325	2.0
7346	2.5
7347	2.0
7348	3.0
7360	3.0
7361	5.0
7362	2.0
7366	2.0
7367	1.5
7369	2.0
7373	3.0
7376	3.0
7380	3.0
7381	1.0
7387	5.0
7419	4.0
7438	3.5
7439	2.5
7444	3.0
7445	2.0
7451	3.0
7454	1.0
7458	2.0
7460	3.0
7482	3.0
7569	2.5
7570	1.5
7618	2.0
7701	1.5
7802	3.5
7934	3.0
7980	3.0
7983	3.0
8042	4.0
8169	1.5
8360	1.5
8361	1.5
8366	2.5
8368	3.0
8371	2.5
8372	2.0
8373	1.0
8376	1.5
8464	3.0
8493	3.0
8507	4.5
8528	2.5
8529	3.0
8531	1.0
8533	3.0
8614	3.0
8622	3.5
8623	3.0
8633	3.0
8636	4.0
8638	4.0
8640	1.5
8641	3.0
8643	2.0
8644	2.0
8645	3.0
8665	2.5
8666	1.0
8781	2.5
8783	2.5
8784	3.5
8798	3.0
8807	2.5
8810	1.0
8814	1.5
8860	3.0
8861	1.5
8865	2.0
8866	1.5
8870	1.5
8874	4.0
8910	3.5
8916	2.5
8917	2.5
8937	3.0
8947	1.5
8948	2.5
8949	4.0
8957	2.5
8958	2.5
8961	4.0
8965	4.0
8966	2.5
8968	2.0
8969	1.0
8970	2.5
8972	2.5
8974	2.0
8977	1.5
8981	3.0
8984	2.5
8985	1.5
26133	4.0
26555	3.0
26680	3.0
26729	3.5
27317	3.5
27592	4.0
27660	2.5
27706	2.5
27773	4.5
27788	2.0
27801	2.0
27808	3.5
27822	2.5
27831	2.0
27838	3.0
27846	2.5
27873	4.0
27904	3.5
30707	4.0
30749	3.5
30793	2.0
30810	2.5
30812	3.0
30820	3.0
30822	3.0
30825	2.0
30894	1.5
30898	3.5
31221	1.5
31225	2.5
31420	2.0
31685	3.0
31696	3.0
31878	3.0
32017	1.5
32019	1.5
32029	2.0
32296	1.5
32587	4.0
32596	2.5
32598	3.0
33004	2.5
33085	1.5
33154	4.0
33158	1.5
33164	1.0
33166	3.0
33437	2.5
33493	2.5
33499	1.0
33646	1.5
33660	3.0
33669	3.0
33679	3.0
33794	3.5
33834	2.0
33836	1.5
33880	2.5
34048	3.5
34072	3.0
34150	1.5
34153	3.5
34162	2.5
34271	2.5
34319	1.5
34323	3.5
34332	3.5
34336	2.0
34338	2.5
34405	3.0
34437	3.5
34520	1.5
34528	3.0
34534	2.5
34542	4.0
35836	3.5
35957	3.0
36401	1.5
36517	3.5
36519	1.5
36525	2.5
36529	2.0
37380	0.5
37382	3.0
37384	2.5
37386	2.5
37727	1.0
37729	3.0
37733	3.5
37741	2.5
38038	2.5
38061	4.0
38304	4.0
38798	3.5
38886	4.0
39183	3.5
39231	2.0
39292	3.0
39381	3.0
39414	3.5
39444	3.5
39446	1.0
39715	1.0
40278	3.0
40339	2.0
40581	3.0
40583	3.0
40614	1.5
40629	3.5
40732	4.0
40815	3.5
40819	3.0
40826	2.0
41285	3.5
41566	2.0
41569	4.5
41573	2.5
41716	2.5
41997	4.0
42002	1.5
42004	2.5
42007	1.5
42011	2.0
42632	4.0
42718	3.0
42723	3.0
42725	2.5
42738	2.5
43679	2.0
43836	1.5
43871	2.5
43919	1.0
43936	2.0
44004	1.0
44191	3.0
44193	2.0
44195	3.0
44199	3.0
44397	2.5
44665	2.0
44694	4.0
44709	2.5
44761	3.0
44788	3.0
44828	3.0
44972	1.5
44974	3.5
45028	3.0
45186	3.0
45210	4.0
45431	2.5
45447	2.0
45499	2.5
45501	2.0
45517	2.0
45666	1.0
45668	3.0
45672	1.5
45720	2.5
45722	3.0
45728	3.5
45730	1.5
45880	4.0
45928	3.0
45950	2.5
46335	3.0
46530	2.0
46578	3.5
46723	2.0
46850	2.5
46948	3.0
46965	1.0
46967	1.5
46970	1.5
46972	2.0
46976	3.0
47044	3.5
47099	2.0
47200	2.0
47423	2.5
47518	2.5
47610	2.0
47629	2.5
47640	2.0
47644	2.0
47997	3.0
47999	3.0
48043	3.0
48082	2.5
48142	2.0
48322	3.0
48385	3.0
48394	4.0
48516	4.5
48696	4.0
48738	3.0
48774	3.0
48780	3.0
48783	3.0
48877	2.5
49272	3.5
49278	2.0
49286	3.0
49396	2.5
49530	2.5
49651	2.5
49822	3.0
49824	2.0
49932	2.0
49961	2.5
50068	3.5
50442	1.5
50685	3.0
50794	3.0
50798	0.5
50872	4.0
50912	3.0
51077	0.5
51080	3.5
51084	3.0
51091	3.0
51255	3.5
51412	1.5
51540	4.0
51662	2.0
51931	2.0
51935	2.0
52241	3.5
52245	2.5
52281	5.0
52328	4.5
52458	2.5
52722	2.5
52973	3.0
52975	3.5
53000	2.0
53121	2.5
53123	4.0
53125	3.0
53129	2.0
53318	2.0
53322	2.5
53464	1.5
53519	3.5
53894	3.0
53953	2.0
53972	2.0
53996	1.5
54001	3.0
54004	1.5
54190	2.0
54259	3.0
54272	3.0
54281	1.5
54286	2.5
54503	3.5
54648	1.0
54736	2.5
54881	4.0
54995	3.0
54997	4.0
54999	2.0
55052	2.5
55118	2.5
55232	1.0
55247	3.5
55267	3.0
55269	2.5
55276	4.0
55280	2.0
55282	2.0
55290	3.5
55363	4.5
55442	3.0
55577	1.5
55765	3.0
55805	3.5
55820	3.5
55830	2.0
55995	3.0
56145	3.5
56152	2.0
56174	2.5
56333	3.5
56367	4.0
56757	2.5
56775	2.0
56782	2.5
56788	2.5
56805	3.0
56949	2.0
57274	3.5
57368	3.5
57528	2.0
57640	2.0
57669	4.0
58025	2.0
58047	3.0
58162	2.0
58293	2.0
58295	3.0
58559	4.0
58998	4.0
59018	3.5
59022	1.5
59126	2.5
59315	3.5
59369	1.5
59421	2.0
59615	1.5
59725	1.0
59784	3.0
59900	1.5
60037	0.5
60040	3.0
60072	2.0
60074	3.0
60126	2.0
60397	1.0
60684	4.5
60756	2.0
60760	3.0
60937	2.0
60950	3.0
61024	3.0
61132	2.5
61240	4.5
61248	1.5
61323	2.5
61729	3.5
62081	2.0
62155	4.0
62434	2.5
62849	2.0
63062	2.0
63072	2.5
63082	3.0
63113	3.0
63131	3.5
63876	4.0
63992	1.5
64030	2.5
64575	2.5
64614	2.0
64620	3.5
64622	2.0
64839	4.0
64957	2.0
64969	2.0
65088	2.0
65130	2.0
66097	4.0
66171	3.0
66203	2.5
66509	3.5
66665	3.5
66934	3.5
67087	2.5
67197	3.5
67255	2.5
67408	2.0
67734	4.0
68135	2.5
68157	4.5
68159	3.0
68205	3.0
68237	4.0
68319	1.0
68358	4.0
68554	2.0
68791	1.0
68793	2.0
68848	4.5
68952	3.0
68954	3.0
69122	3.0
69134	3.5
69306	2.5
69406	2.0
69481	3.5
69526	1.0
69640	2.0
69757	4.0
69784	2.5
69844	4.0
69951	3.0
70183	2.0
70286	4.5
70293	3.5
70336	2.0
71211	3.5
71254	2.0
71264	3.0
71379	3.5
71464	4.0
71518	2.5
71520	3.0
71530	2.0
71535	3.0
71579	3.5
71745	4.0
71838	1.5
72011	4.0
72226	3.0
72378	2.5
72395	3.0
72641	1.5
72731	1.5
72998	3.5
73017	2.5
73023	3.5
73266	2.5
73268	3.5
73321	3.0
74458	3.0
74545	2.5
74789	2.0
76077	3.0
76093	4.0
76175	1.5
76251	4.5
76293	2.0
77455	4.0
77561	3.0
77866	2.5
78039	4.0
78105	2.0
78209	3.0
78469	3.0
78499	3.5
78574	3.5
78637	3.0
79008	3.0
79057	3.0
79091	3.0
79132	5.0
79185	2.0
79242	2.5
79293	2.5
79592	3.0
79695	2.5
79702	4.0
80219	3.5
80463	4.5
80489	3.5
80549	3.0
80906	4.0
80969	3.5
81229	3.0
81537	2.0
81562	2.5
81564	2.5
81591	3.5
81782	2.0
81834	4.0
81845	2.5
81932	3.5
82202	1.5
82459	4.5
82461	2.0
83134	3.0
83349	2.5
83613	2.0
84374	2.0
84392	2.5
84601	2.0
84772	2.5
84954	3.0
85131	1.5
85414	3.5
85510	3.5
86190	3.0
86320	3.0
86332	3.0
86345	4.0
86347	3.5
86833	3.5
86880	2.0
86882	3.0
86898	2.5
86911	2.0
87232	3.0
87306	5.0
87430	1.5
87485	2.5
87520	2.0
87869	3.0
88125	4.0
88129	4.0
88140	3.5
88163	2.0
88405	3.0
88744	3.0
89470	4.0
89492	3.0
89753	2.5
89774	3.0
89864	3.5
89904	3.0
90746	2.5
90866	3.0
91077	3.0
91630	4.0
91658	2.5
92420	2.5
