1	3.5
2	3.5
6	4.0
21	3.5
31	3.5
32	4.0
47	4.0
50	4.5
70	3.0
110	5.0
145	4.0
158	4.0
161	4.0
163	4.0
165	4.0
170	3.5
236	4.0
280	4.0
293	5.0
296	4.0
318	4.0
350	4.0
356	4.0
357	4.5
364	4.0
367	4.0
368	4.0
377	3.0
420	3.5
434	3.0
454	4.0
457	4.0
466	4.0
485	3.5
500	4.0
527	4.0
539	4.0
555	3.0
586	4.0
588	4.0
589	4.0
593	4.0
595	4.0
597	4.5
605	4.0
628	3.5
648	4.0
673	3.5
733	4.0
737	3.0
743	2.5
762	3.5
780	3.5
784	3.0
786	4.0
802	3.5
832	4.0
836	3.5
912	4.0
924	2.0
1036	4.5
1088	4.0
1089	4.0
1100	1.5
1101	4.5
1136	3.0
1183	3.0
1198	5.0
1201	3.5
1203	4.5
1213	3.5
1240	5.0
1262	4.0
1265	4.5
1291	4.5
1307	4.0
1370	4.5
1385	4.0
1393	4.5
1407	3.5
1485	4.0
1527	4.0
1552	4.0
1562	2.5
1573	4.0
1580	3.5
1584	4.0
1597	4.0
1608	4.0
1616	3.5
1625	4.5
1645	4.0
1653	4.5
1682	3.5
1687	4.0
1693	4.0
1704	4.0
1707	3.0
1721	4.0
1801	3.5
1831	3.5
1882	3.5
1895	3.0
1907	3.5
1917	4.0
1918	4.0
1923	3.0
1961	4.5
2000	5.0
2001	4.0
2002	4.0
2028	3.5
2058	4.0
2115	5.0
2167	4.0
2231	4.0
2268	4.0
2273	4.5
2278	4.0
2291	4.5
2294	3.5
2329	5.0
2335	3.0
2340	4.5
2353	4.5
2396	4.0
2403	4.0
2424	3.5
2443	4.0
2471	2.5
2490	5.0
2502	3.5
2539	4.0
2541	4.0
2571	5.0
2572	3.5
2581	3.5
2606	3.5
2671	4.0
2692	4.0
2694	4.0
2706	3.5
2722	3.0
2724	4.0
2762	4.5
2771	4.0
2805	3.5
2808	3.5
2860	4.0
2888	3.0
2890	3.5
2916	4.0
2953	3.5
2959	4.0
2978	4.0
2987	4.0
3033	3.5
3081	3.5
3104	4.0
3114	4.0
3146	3.0
3147	4.5
3160	3.0
3176	4.0
3178	3.5
3225	3.5
3246	2.5
3256	3.5
3257	3.5
3263	3.5
3275	3.5
3301	4.0
3316	2.5
3408	4.5
3452	3.5
3481	4.0
3483	4.0
3534	3.5
3578	4.5
3594	3.5
3615	3.5
3616	3.5
3623	4.0
3624	3.5
3646	3.0
3705	3.5
3717	4.0
3744	3.5
3745	4.0
3751	4.0
3752	3.0
3753	4.0
3793	3.5
3826	3.5
3861	4.0
3868	4.5
3869	4.0
3948	3.0
3968	3.0
3977	3.0
3996	3.0
3999	3.5
4011	4.0
4014	4.0
4018	4.0
4019	4.0
4022	3.5
4025	3.5
4034	3.5
4069	3.5
4085	4.0
4155	4.0
4161	2.0
4224	3.5
4226	4.5
4299	4.5
4306	4.5
4308	3.0
4310	4.0
4317	3.5
4343	2.5
4344	3.0
4361	4.0
4366	3.5
4369	3.5
4370	4.0
4372	4.0
4447	3.0
4448	4.0
4639	4.0
4643	3.5
4673	4.0
4699	4.0
4701	4.0
4718	3.5
4720	4.5
4728	4.5
4734	2.0
4776	2.5
4816	2.0
4823	4.0
4848	3.0
4866	4.0
4878	4.5
4886	4.5
4890	3.5
4899	3.5
4901	4.0
4963	4.5
4990	3.0
4992	4.0
4993	4.5
4995	4.5
5064	4.0
5151	4.0
5218	5.0
5219	4.0
5222	3.0
5293	4.0
5296	3.0
5313	3.5
5349	4.0
5377	3.5
5389	3.5
5414	3.5
5418	5.0
5444	3.5
5445	4.0
5507	3.5
5530	3.5
5541	4.0
5574	4.0
5620	3.0
5784	3.5
5809	3.5
5810	4.0
5881	2.5
5882	4.0
5900	3.5
5902	3.0
5903	3.5
5942	3.0
5943	3.5
5957	3.5
5989	4.0
6006	3.5
6016	3.5
6058	4.0
6155	4.0
6156	3.5
6157	3.5
6188	4.0
6218	3.0
6264	3.5
6266	3.5
6281	4.0
6287	3.5
6323	4.0
6365	4.0
6373	3.5
6377	4.5
6378	4.0
6484	3.0
6502	4.0
6534	3.5
6539	5.0
6548	4.0
6550	3.0
6708	3.0
6711	4.0
6764	3.5
6863	3.5
6870	4.0
6873	3.0
6874	3.0
6879	4.0
6934	3.5
6942	5.0
6953	4.5
7017	4.0
7150	3.0
7162	4.5
7163	3.0
7173	2.5
7254	4.0
7293	4.0
7317	3.0
7325	3.0
7346	4.5
7360	4.0
7361	3.5
7362	3.5
7371	5.0
7373	3.0
7376	3.0
7438	3.5
7439	3.5
7444	3.5
7445	5.0
7454	3.5
7458	3.5
8360	3.5
8361	3.5
8372	2.5
8376	2.5
8528	2.5
8531	3.0
8533	4.0
8581	4.0
8622	4.0
8644	4.0
8665	5.0
8666	2.0
8784	3.5
8798	4.0
8860	3.5
8866	3.5
8874	4.0
8907	3.0
8957	4.5
8961	4.0
8972	4.0
8981	4.0
8984	3.5
27706	3.0
27788	4.0
27904	3.0
30749	5.0
31685	4.5
32029	3.0
32031	3.5
32587	4.5
33004	3.5
33166	4.5
33499	3.0
33615	3.5
33679	3.0
33794	3.5
33836	2.0
34048	2.5
34162	4.0
34319	4.0
34405	4.0
34532	4.0
34534	4.0
35836	3.0
36401	2.5
36519	4.0
36529	3.5
37731	4.0
37733	2.5
38038	2.0
41285	3.5
41997	3.0
42718	3.5
42723	1.0
42734	4.0
43679	3.0
44004	3.5
44022	3.0
44191	4.5
44193	3.0
44665	4.0
45186	4.5
45431	3.5
45447	3.0
45501	4.0
45517	4.0
45672	3.5
45722	4.5
47200	3.0
47610	4.0
47997	1.5
48304	3.5
48385	4.0
48516	4.0
48774	4.0
48780	5.0
49272	4.5
49274	3.5
49278	3.5
49530	4.5
50794	3.5
50798	2.0
50872	4.5
51077	3.0
51084	3.5
51255	4.0
51540	3.5
51662	4.0
51935	4.0
52604	3.5
52973	4.0
53000	4.0
53121	2.5
53125	3.5
53129	3.0
53322	2.5
53972	3.5
53996	4.0
54259	4.5
54286	5.0
54503	4.0
54648	4.0
54736	3.5
54997	3.5
54999	2.5
55276	3.0
55290	4.0
55765	4.0
55820	2.5
56145	2.5
56152	3.0
56156	3.5
56174	3.0
56587	4.0
56782	2.0
56949	2.5
57368	3.0
57528	4.0
58047	4.0
58103	3.0
58295	3.0
58559	4.5
58998	4.0
59315	4.0
59369	4.5
59421	3.5
59615	3.5
59784	5.0
59900	3.0
60040	3.5
60069	4.0
60072	3.5
60074	3.5
60126	3.0
60397	1.5
61132	2.5
61248	4.0
61729	3.5
62081	3.0
62374	4.0
62394	2.5
62434	2.5
63082	3.0
63113	4.0
63131	3.0
63859	4.0
64030	2.0
64614	2.5
64716	3.5
64957	3.5
64969	3.0
64983	4.0
65088	3.5
65216	3.5
65230	3.5
66171	2.5
66203	4.0
67087	3.0
67197	3.0
67408	3.0
67923	3.5
68135	3.5
68157	2.5
68159	3.5
68205	1.0
68358	3.5
68554	2.5
68791	3.0
68952	2.5
69122	4.5
69306	3.5
69406	3.5
69526	3.5
69644	3.5
69784	2.0
70183	4.5
71254	2.0
71264	3.5
71530	2.5
71535	3.5
71838	4.0
72378	3.5
72998	5.0
73017	2.0
74795	4.0
76093	4.0
77561	3.0
79091	4.0
79132	4.5
79185	3.5
79695	3.0
80463	4.0
80489	3.5
81229	3.5
81788	4.0
81847	4.5
81932	3.0
84152	4.0
84374	3.0
84392	3.5
84601	3.5
84944	3.0
85414	4.0
86880	3.0
86911	3.0
87520	3.0
87869	3.5
88163	4.0
88405	4.0
90405	3.5
95167	5.0
97913	3.0
106696	3.5
106920	4.0
112175	4.0
