1	4.0
3	4.0
6	4.0
11	4.0
17	2.5
19	4.0
32	4.0
34	4.0
47	4.5
50	4.5
69	4.0
70	3.5
76	3.5
85	4.0
94	4.5
95	3.0
100	2.5
104	3.5
105	4.0
110	4.5
111	3.0
112	4.0
135	4.0
141	4.0
150	4.0
153	2.5
161	4.5
165	4.0
168	4.0
173	3.0
174	1.0
180	4.5
186	4.0
188	2.0
193	2.0
208	4.0
216	3.0
223	5.0
231	4.0
237	4.5
252	4.0
260	5.0
273	3.0
288	1.0
292	4.0
293	5.0
296	5.0
303	4.0
316	4.0
317	4.0
318	4.5
329	4.0
332	3.5
333	3.5
337	4.5
340	3.5
344	4.0
349	4.0
350	4.0
353	4.0
356	4.0
357	4.0
364	4.5
367	3.0
370	3.5
377	3.0
380	4.5
383	4.0
413	3.0
420	4.0
427	2.0
432	3.0
434	3.5
435	2.5
440	4.5
442	4.0
454	3.5
457	4.0
468	1.0
474	4.0
480	3.0
485	4.0
500	3.5
520	3.5
524	4.0
527	4.5
529	4.0
541	3.5
551	2.0
552	3.5
553	4.0
565	2.5
586	3.0
589	4.5
590	3.5
592	4.5
593	4.5
597	3.5
608	4.5
648	3.0
653	4.0
678	3.0
708	4.0
719	3.5
724	3.5
733	4.5
741	3.5
743	2.5
748	4.0
750	3.0
778	3.5
780	4.0
785	4.0
786	3.5
799	4.0
800	4.5
802	4.0
805	4.0
839	2.5
849	3.5
852	4.0
858	3.5
919	3.5
924	3.0
941	4.0
953	4.0
954	4.0
1020	4.0
1027	4.0
1028	4.5
1031	4.0
1033	4.0
1036	4.0
1037	3.0
1047	4.0
1049	4.0
1061	3.5
1089	4.0
1090	3.5
1094	3.5
1097	4.0
1101	4.0
1125	4.0
1127	4.5
1136	3.5
1167	4.0
1196	5.0
1197	4.5
1198	5.0
1200	4.0
1201	4.5
1206	4.0
1207	5.0
1208	4.0
1209	4.5
1210	5.0
1214	5.0
1215	4.0
1216	3.0
1219	4.5
1220	4.0
1222	4.5
1225	4.5
1226	3.5
1233	3.5
1240	4.5
1242	4.0
1246	5.0
1249	3.0
1253	4.5
1258	4.5
1259	4.0
1261	4.0
1263	2.0
1265	4.5
1266	4.5
1270	4.5
1272	5.0
1274	2.5
1275	3.0
1282	2.0
1283	4.0
1291	5.0
1298	1.0
1302	4.5
1304	4.0
1307	4.0
1320	3.5
1343	3.5
1345	4.0
1347	3.5
1356	4.5
1357	4.5
1358	5.0
1370	4.0
1371	3.0
1372	4.5
1373	3.5
1374	4.5
1375	4.0
1376	4.0
1377	3.0
1387	5.0
1391	2.5
1393	4.5
1407	3.5
1409	4.0
1410	2.5
1411	3.5
1432	3.5
1464	4.5
1466	2.0
1476	4.0
1479	4.0
1485	3.5
1500	4.0
1517	3.5
1527	5.0
1552	3.0
1562	2.0
1573	1.0
1580	4.0
1584	4.0
1589	4.0
1590	4.0
1608	4.0
1610	3.5
1614	4.0
1617	4.0
1620	3.5
1639	4.5
1641	4.0
1644	3.0
1645	3.5
1653	4.0
1660	4.5
1674	4.0
1676	4.0
1682	4.0
1690	2.0
1694	2.5
1704	4.5
1711	4.0
1719	4.0
1726	3.5
1729	3.5
1732	4.5
1747	1.0
1748	4.0
1779	3.0
1784	4.0
1834	5.0
1835	4.0
1845	4.0
1873	4.0
1883	2.0
1894	4.0
1909	4.0
1911	4.0
1912	4.0
1917	4.0
1921	4.0
1923	4.0
1947	3.5
1954	5.0
1961	4.5
1962	1.0
1967	4.0
1968	4.0
1994	4.0
1997	4.5
2000	4.0
2001	4.0
2002	4.0
2003	3.5
2006	4.5
2011	4.5
2012	4.5
2019	5.0
2021	2.5
2028	5.0
2054	3.5
2058	4.0
2060	4.0
2087	4.5
2089	4.0
2100	4.5
2105	3.0
2109	4.0
2111	4.0
2115	4.5
2118	4.0
2125	4.0
2140	4.0
2141	4.0
2161	4.0
2167	4.5
2174	4.5
2193	4.0
2194	4.0
2232	2.0
2268	4.0
2273	4.0
2278	4.5
2288	4.5
2291	4.5
2297	2.5
2302	4.5
2321	4.0
2324	4.5
2325	3.5
2329	4.5
2333	2.0
2335	4.5
2338	2.0
2371	4.0
2378	4.0
2393	3.5
2401	4.0
2402	3.5
2403	4.5
2404	3.5
2405	4.0
2406	4.0
2407	4.0
2409	3.5
2410	4.0
2411	4.0
2420	4.5
2421	3.5
2422	4.0
2423	4.0
2427	2.5
2431	3.5
2455	3.5
2468	3.5
2470	4.0
2476	4.0
2478	4.0
2501	4.5
2502	4.0
2517	3.0
2542	3.5
2549	3.5
2571	5.0
2598	4.0
2605	4.0
2628	4.0
2640	4.0
2657	1.5
2662	4.5
2664	3.5
2683	4.0
2692	4.0
2699	3.0
2700	4.5
2706	3.0
2707	4.0
2712	4.0
2713	4.0
2716	5.0
2717	3.5
2723	4.0
2728	4.0
2746	2.5
2761	3.5
2762	4.5
2791	4.0
2797	4.0
2803	4.0
2826	4.5
2858	2.5
2872	3.0
2881	4.0
2889	4.5
2890	4.0
2905	4.0
2918	3.5
2921	4.0
2922	4.0
2926	3.0
2944	4.0
2951	4.0
2959	5.0
2985	4.0
2987	3.5
2997	4.0
3000	4.5
3030	4.0
3033	4.5
3034	4.0
3052	3.5
3071	4.5
3072	2.5
3081	4.5
3087	4.5
3091	3.5
3098	5.0
3100	4.0
3105	4.5
3107	4.0
3108	4.0
3114	4.5
3147	4.0
3160	4.5
3175	4.5
3252	4.5
3256	4.0
3263	4.0
3269	4.0
3275	5.0
3296	4.0
3300	4.0
3328	4.5
3354	3.0
3355	3.5
3360	4.5
3361	4.5
3388	4.0
3421	4.0
3438	4.0
3444	4.0
3448	4.0
3450	5.0
3461	4.0
3471	4.5
3479	4.0
3481	3.5
3494	4.0
3508	4.0
3513	4.0
3526	4.5
3527	4.0
3552	4.0
3578	5.0
3671	3.5
3681	4.5
3686	4.0
3697	3.5
3698	4.0
3702	4.0
3703	4.0
3704	4.0
3744	4.0
3751	4.5
3752	3.5
3755	4.0
3793	5.0
3809	4.0
3826	2.5
3827	4.0
3852	3.5
3863	2.5
3868	4.5
3896	3.0
3916	4.5
3948	2.0
3968	3.5
3972	4.5
3978	4.0
3993	3.5
3994	5.0
3996	5.0
3997	2.5
3998	3.0
4002	4.0
4006	2.5
4014	4.0
4022	4.5
4027	4.5
4084	3.5
4085	4.0
4105	4.0
4214	3.5
4226	4.5
4306	4.5
4308	1.0
4321	4.0
4322	4.5
4326	4.5
4327	4.5
4344	4.0
4443	4.5
4446	4.0
4499	4.5
4509	4.0
4533	3.0
4546	3.5
4553	4.0
4571	4.0
4616	4.0
4642	2.5
4678	4.0
4679	3.5
4681	1.0
4719	3.5
4720	4.0
4734	4.0
4776	3.5
4855	4.0
4865	4.0
4874	4.0
4878	4.0
4881	3.5
4886	4.5
4890	3.0
4896	4.0
4903	3.5
4941	4.0
4973	4.0
4975	4.0
4979	3.5
4993	4.5
4995	4.5
5010	4.0
5015	4.5
5026	4.5
5047	3.5
5049	4.0
5055	3.5
5065	3.0
5110	3.0
5146	5.0
5152	4.5
5218	4.5
5254	4.5
5291	3.0
5292	4.5
5294	4.5
5303	3.5
5308	4.0
5349	4.5
5378	5.0
5388	3.5
5418	5.0
5420	4.5
5445	4.0
5459	4.0
5463	2.0
5481	3.5
5502	4.5
5506	4.0
5617	5.0
5618	4.0
5630	4.0
5679	4.0
5782	4.0
5816	4.5
5881	2.5
5903	4.5
5943	3.5
5944	3.0
5952	5.0
5955	3.5
6059	3.5
6157	2.0
6213	3.5
6250	2.0
6263	4.0
6281	3.5
6294	3.0
6303	4.0
6333	5.0
6365	3.0
6373	4.0
6377	3.5
6378	4.0
6428	4.0
6440	3.5
6461	4.5
6502	3.0
6534	2.0
6537	4.5
6539	5.0
6541	2.0
6565	4.0
6618	4.5
6659	3.0
6663	4.0
6664	4.0
6754	4.0
6755	3.0
6863	3.5
6870	4.5
6874	5.0
6934	3.5
6947	4.5
6952	3.0
6957	3.5
6966	4.0
7046	4.0
7090	4.5
7143	4.0
7147	4.5
7153	4.5
7160	4.5
7293	4.0
7318	3.0
7361	5.0
7373	4.5
7438	4.5
7445	4.0
7454	4.0
7458	3.0
7482	3.5
7502	5.0
7649	5.0
7757	3.5
7766	3.5
7925	3.0
8132	4.5
8169	4.5
8360	4.0
8361	4.0
8368	5.0
8370	4.5
8371	2.0
8376	4.0
8528	4.0
8529	4.5
8596	4.5
8623	4.5
8636	5.0
8641	3.5
8644	4.5
8665	4.0
8690	4.5
8783	4.0
8784	3.5
8798	4.0
8810	2.5
8814	3.5
8874	5.0
8908	4.0
8914	4.0
8917	4.5
8949	4.5
8950	5.0
8957	4.5
8961	5.0
8983	3.5
8985	3.0
26133	5.0
26555	4.0
27266	3.5
27706	4.5
27741	4.5
27773	4.0
27788	4.5
27904	3.0
30707	4.0
30793	5.0
30810	4.0
31225	4.0
31410	4.0
31427	3.5
31804	4.0
31878	5.0
32587	4.0
33004	4.0
33162	4.0
33493	5.0
33660	4.0
33794	4.5
34048	3.5
34153	3.5
34162	3.5
34332	4.0
34405	5.0
34532	3.5
34534	3.0
35836	4.0
36401	4.0
37727	4.0
37733	4.5
39446	3.5
40583	3.5
40815	4.5
41566	4.5
41569	3.0
41997	4.5
43836	2.5
43928	2.5
43936	4.0
44191	4.0
44397	2.0
45081	3.0
45447	4.5
45499	5.0
45722	3.5
45728	3.5
45730	4.0
45732	4.0
46322	5.0
46530	4.5
46970	3.5
46976	4.0
47610	4.5
48394	4.0
48516	5.0
48738	3.0
48780	5.0
48783	3.0
49651	4.5
50068	3.0
51255	4.5
51662	4.5
51709	3.0
52281	3.0
52435	5.0
52722	3.5
52973	3.0
53125	3.5
53519	3.0
53953	4.5
53996	5.0
54001	5.0
54259	4.5
54286	4.0
54997	5.0
55094	3.5
55765	3.5
55820	4.0
55830	2.0
55908	3.0
55995	4.0
56145	4.0
56171	3.0
56174	4.0
56949	3.5
57528	5.0
57640	3.5
57669	3.5
58105	3.5
58162	4.0
58299	4.0
58559	4.0
59103	4.0
59315	4.0
59369	4.0
59501	4.5
59615	3.0
59784	4.0
59900	3.0
60037	4.0
60040	4.0
60072	3.5
60074	4.0
60126	4.0
60487	5.0
60684	4.5
60756	3.0
60760	4.0
61132	4.0
61729	4.5
62376	3.5
63062	4.0
63072	2.0
64497	2.5
64614	4.5
64839	3.5
65514	4.0
66934	5.0
67255	4.0
68157	4.5
68237	5.0
68319	4.0
68358	5.0
68554	3.5
69122	3.5
69134	3.0
69481	4.0
69526	4.5
69757	3.0
69844	4.5
69951	3.0
70286	3.5
70336	3.5
71057	4.0
71135	4.5
71156	3.0
71530	4.0
71535	3.5
71838	3.5
71899	3.0
72998	4.5
73017	4.5
73268	4.0
73321	4.0
74458	4.0
74795	3.5
76251	4.0
77561	2.5
77658	4.5
78469	4.0
79057	3.0
79091	4.0
79132	4.5
79592	3.0
79695	4.5
80219	4.0
81229	5.0
81564	4.5
81591	3.0
81834	5.0
81845	4.5
81932	4.0
82459	4.5
83134	4.0
84772	4.0
85131	2.5
86320	3.0
86332	3.5
87232	4.0
87306	4.0
87430	4.0
87520	4.0
87869	3.5
88125	5.0
88140	2.0
89470	4.0
89745	5.0
91500	4.0
91529	4.5
91542	4.0
91630	4.0
92420	4.0
94777	4.0
94864	2.5
95088	4.0
95167	4.0
95441	3.0
95510	3.5
95875	4.0
96079	4.0
96610	4.0
96737	5.0
97306	4.0
97913	4.5
98809	4.0
98961	2.5
99114	5.0
101864	4.0
102123	3.5
102125	4.5
102445	5.0
103042	4.0
103141	4.0
103228	2.5
103249	3.5
103253	4.0
103335	4.5
103341	4.0
103772	3.5
104841	4.0
104913	4.5
106002	2.5
106072	4.5
106489	4.0
106782	3.0
106918	4.0
108932	4.0
109374	4.0
110102	5.0
111362	4.0
111759	4.0
112852	4.5
