1	3.5
2	2.5
3	2.5
6	5.0
10	3.0
11	3.0
16	4.5
21	3.0
31	2.5
32	4.5
39	0.5
42	2.0
45	3.0
47	4.5
50	3.5
70	3.0
95	1.5
97	4.0
101	4.0
104	2.0
110	3.0
111	4.5
112	2.0
123	5.0
141	3.0
145	2.0
150	3.5
153	2.0
158	3.0
163	4.0
165	2.5
170	2.0
173	1.5
175	5.0
180	4.0
193	1.0
204	1.0
208	1.5
215	4.5
223	4.0
231	3.5
260	4.0
265	2.5
288	4.0
293	4.0
296	5.0
316	3.0
318	4.5
333	2.0
344	2.5
353	1.0
356	4.5
358	2.5
366	1.5
367	1.0
372	2.5
377	1.5
380	2.0
393	0.5
414	1.5
423	1.0
431	4.0
434	2.0
440	2.0
441	3.5
442	2.0
446	4.0
457	3.0
485	1.5
493	4.0
500	2.5
508	4.0
509	3.5
520	2.5
527	5.0
529	4.0
532	2.0
539	2.5
541	3.5
546	1.0
551	4.0
586	2.0
587	1.5
588	2.0
589	3.5
592	4.0
593	4.0
597	2.5
608	4.5
648	4.0
671	4.0
720	3.0
733	1.0
736	2.5
741	4.0
750	5.0
778	4.0
780	2.5
785	3.0
788	1.5
842	1.0
858	5.0
903	4.0
904	4.0
912	3.5
919	4.0
923	3.0
924	4.0
928	3.5
930	4.5
1036	3.5
1059	5.0
1060	3.5
1073	2.0
1080	4.0
1089	5.0
1090	4.0
1091	1.0
1095	4.0
1100	1.5
1129	2.0
1136	4.5
1178	3.5
1190	2.5
1193	5.0
1196	4.0
1198	4.0
1199	3.5
1200	4.0
1201	4.5
1206	5.0
1207	4.0
1208	4.5
1209	4.5
1210	4.0
1211	4.0
1213	4.0
1214	3.5
1215	4.0
1217	4.5
1219	4.0
1220	2.5
1221	5.0
1222	5.0
1225	4.5
1227	4.5
1228	4.0
1230	3.5
1231	3.5
1240	4.0
1244	4.0
1245	4.5
1246	4.0
1247	3.5
1252	4.5
1258	4.5
1260	4.0
1263	3.5
1265	4.0
1266	4.5
1267	3.0
1270	2.5
1272	4.5
1274	4.5
1276	3.5
1282	3.0
1287	3.0
1288	4.0
1293	4.0
1298	2.0
1305	3.5
1342	2.5
1347	4.0
1348	3.0
1354	3.5
1358	4.0
1377	2.5
1387	2.0
1391	4.0
1393	2.5
1394	3.0
1396	3.0
1401	4.0
1405	2.5
1407	1.5
1431	1.0
1442	2.0
1464	4.5
1466	3.5
1485	3.0
1527	2.0
1544	2.5
1552	2.0
1556	0.5
1573	2.0
1580	3.5
1584	4.0
1597	3.5
1610	3.0
1617	4.0
1625	4.5
1627	2.5
1635	4.0
1639	4.0
1645	4.0
1663	4.0
1673	4.0
1676	2.0
1682	4.0
1699	3.5
1704	4.0
1717	0.5
1721	2.0
1729	4.5
1730	4.5
1732	4.5
1735	4.0
1748	3.0
1772	1.0
1809	4.5
1840	3.5
1862	2.0
1883	2.0
1884	4.0
1909	4.0
1917	0.5
1921	4.0
1923	4.0
1945	3.5
1952	4.0
1953	3.5
1954	4.0
1961	4.0
1968	3.5
1969	2.0
1974	2.0
1979	1.0
1980	1.0
1982	3.0
1983	2.0
1991	2.0
2000	2.0
2001	2.5
2002	2.0
2003	2.0
2004	1.0
2010	3.0
2011	3.0
2012	2.5
2019	4.0
2028	4.5
2054	2.0
2064	4.5
2076	4.0
2115	3.0
2122	2.0
2133	2.0
2160	4.0
2161	3.0
2167	2.5
2174	4.0
2176	3.5
2212	2.0
2231	4.0
2243	4.5
2273	2.0
2278	4.0
2279	1.0
2291	4.0
2302	2.0
2315	1.0
2320	2.5
2321	4.0
2329	4.0
2336	4.0
2348	4.0
2353	3.0
2357	3.0
2360	4.5
2375	3.0
2378	2.0
2387	2.0
2395	5.0
2409	3.0
2410	2.0
2411	1.0
2412	1.0
2420	2.0
2423	2.0
2470	2.0
2502	4.0
2505	3.0
2539	2.0
2542	3.0
2571	5.0
2572	3.0
2580	3.0
2596	2.5
2599	3.0
2606	2.0
2617	1.0
2628	3.0
2644	4.0
2692	3.5
2700	4.0
2702	3.0
2706	2.5
2710	3.5
2712	5.0
2716	3.0
2717	3.0
2729	4.0
2730	4.0
2731	4.5
2732	4.0
2762	4.0
2797	2.5
2804	5.0
2808	1.5
2810	4.0
2840	2.5
2857	2.5
2858	4.0
2859	3.5
2860	3.0
2871	3.5
2890	3.5
2908	3.5
2918	2.5
2952	4.5
2953	1.5
2959	4.5
2966	4.0
2973	4.5
2995	1.0
2997	5.0
3000	5.0
3005	2.5
3006	5.0
3030	5.0
3033	4.0
3040	2.5
3052	3.5
3070	3.0
3087	3.0
3089	4.0
3091	2.5
3105	4.0
3114	3.0
3147	4.5
3160	4.0
3173	3.0
3174	4.0
3176	4.0
3178	3.0
3186	3.0
3213	4.0
3246	5.0
3253	3.0
3262	4.5
3264	2.0
3265	4.0
3271	4.0
3273	0.5
3285	3.0
3300	0.5
3317	3.5
3328	2.0
3355	2.5
3362	3.0
3386	4.0
3408	1.0
3409	0.5
3424	4.5
3450	3.0
3468	4.0
3470	3.5
3481	4.0
3489	3.0
3504	4.5
3527	3.0
3535	3.5
3556	3.0
3569	4.0
3578	4.0
3608	4.0
3623	1.0
3671	4.0
3681	4.0
3683	3.5
3693	2.0
3698	2.0
3708	2.0
3717	3.5
3735	4.0
3741	3.5
3742	3.5
3744	1.0
3751	4.0
3755	3.0
3786	2.0
3791	2.0
3793	3.0
3863	3.0
3869	1.0
3897	3.0
3910	4.0
3911	4.0
3916	4.0
3918	1.0
3948	2.5
3949	5.0
3967	4.0
3973	1.0
3977	1.5
3986	1.0
3994	3.0
3996	4.5
4007	3.5
4011	4.0
4019	4.5
4021	4.5
4022	4.0
4025	1.5
4027	5.0
4034	4.0
4052	3.0
4084	3.0
4085	3.0
4105	4.0
4144	4.5
4210	3.0
4214	3.0
4223	4.0
4226	4.0
4235	3.5
4239	2.0
4251	3.5
4262	4.0
4270	1.0
4299	0.5
4306	2.0
4308	3.0
4321	3.0
4334	4.0
4344	2.5
4345	3.0
4369	1.5
4370	4.5
4446	3.0
4448	2.0
4450	3.0
4452	3.5
4545	2.0
4571	2.0
4623	3.0
4641	3.0
4678	3.5
4679	3.5
4718	2.0
4733	3.0
4734	3.5
4741	3.5
4776	3.0
4816	3.5
4848	5.0
4855	3.0
4874	4.0
4876	2.0
4878	3.0
4881	4.5
4896	3.5
4899	0.5
4914	4.0
4928	3.5
4963	3.5
4975	4.0
4979	5.0
4980	2.0
4993	3.5
4995	3.0
5009	3.0
5010	3.5
5015	3.0
5051	4.0
5055	3.0
5159	3.0
5225	4.0
5283	2.0
5291	3.5
5298	3.5
5325	4.5
5349	3.0
5378	4.0
5388	2.0
5417	4.0
5418	4.0
5438	1.0
5445	4.0
5446	3.5
5459	3.0
5464	4.0
5502	2.5
5507	1.0
5528	3.5
5574	1.5
5608	4.5
5618	4.0
5669	4.5
5673	5.0
5679	3.0
5690	4.0
5782	4.0
5816	3.0
5878	4.0
5902	5.0
5952	3.5
5954	4.5
5956	3.5
5959	3.5
5989	4.0
5995	3.5
6003	4.0
6016	4.5
6058	1.0
6059	2.5
6188	3.0
6281	3.0
6286	3.5
6291	4.0
6333	3.0
6350	3.5
6365	4.5
6440	4.5
6484	2.5
6502	3.5
6539	1.5
6541	1.0
6620	4.0
6624	0.5
6669	5.0
6708	4.0
6711	5.0
6721	2.5
6774	3.0
6787	4.5
6796	3.0
6807	4.0
6857	3.0
6870	4.5
6874	4.5
6890	3.5
6934	4.5
6936	3.0
6947	4.0
6953	3.5
6957	2.0
6986	3.0
7022	3.0
7090	3.5
7143	4.0
7147	4.0
7153	4.0
7160	3.5
7254	4.0
7256	3.5
7325	2.5
7361	5.0
7371	4.5
7438	4.5
7445	3.5
7451	3.0
7482	4.0
7502	4.5
7766	4.0
7836	3.0
7925	3.5
7981	3.5
8014	4.0
8340	3.5
8370	4.5
8376	4.5
8464	4.5
8528	2.5
8530	4.0
8533	2.5
8622	4.5
8638	4.0
8641	2.0
8644	4.0
8665	4.0
8783	4.5
8784	3.5
8798	4.5
8810	2.0
8874	3.5
8910	4.5
8914	4.5
8947	3.0
8949	4.0
8950	3.5
8958	4.5
8961	3.5
8984	3.0
25771	3.5
26131	4.5
26662	3.5
26776	4.0
27266	5.0
27317	4.0
27592	4.0
27660	4.5
27721	3.5
27728	2.0
27741	4.5
27773	4.0
27808	4.0
27846	4.5
30707	4.5
30749	4.5
30803	4.0
30810	3.5
30812	3.5
30820	4.5
30825	3.5
31225	3.0
31410	3.5
31658	4.0
32587	4.5
33004	3.5
33154	4.0
33166	4.0
33493	4.0
33679	3.5
33794	4.0
33880	4.0
34162	3.0
34271	3.5
34319	0.5
34338	4.5
34405	4.5
34437	3.5
34528	4.0
35836	3.5
35957	3.0
36517	4.0
37240	4.0
37733	2.5
37741	4.0
38886	3.5
39183	4.5
39292	4.0
39446	3.0
40278	3.5
40583	3.0
40815	3.0
41285	4.5
41997	4.0
42632	4.0
42723	3.5
42725	3.5
44191	3.0
44195	3.0
44199	4.0
44555	4.0
44694	4.0
44761	4.0
44788	3.5
45186	3.5
45210	2.0
45722	2.5
45928	4.0
45950	4.5
46322	2.5
46578	3.0
46723	3.5
46970	3.0
46976	3.5
47044	4.0
47099	4.0
47610	4.5
47997	3.5
48043	4.5
48082	4.5
48385	3.5
48394	3.5
48516	3.5
48774	3.0
48780	3.5
49272	3.5
49274	2.5
49822	3.5
49932	3.5
50068	3.0
50912	4.0
51255	3.0
51540	4.0
51662	4.5
52281	4.5
52885	4.0
52973	3.5
53000	3.5
53322	3.5
53519	4.0
53550	3.0
53894	4.5
53953	2.5
53996	3.0
54272	3.5
54286	4.0
54503	3.5
54736	4.0
54881	3.5
54995	4.5
54997	4.5
55118	3.5
55247	4.0
55269	3.0
55276	3.5
55363	4.5
55765	4.0
55820	5.0
55908	3.0
56174	3.5
56333	3.0
56367	4.5
56587	2.5
56715	3.5
56782	4.0
56801	1.0
57368	3.5
57669	4.0
58295	3.0
58559	4.5
58803	2.5
59315	4.0
59369	3.0
60040	3.0
60074	3.0
60684	4.5
61132	3.5
61240	4.5
61323	3.0
62394	1.0
62511	5.0
63082	3.5
63876	4.0
64034	4.0
64614	2.0
64620	3.5
64839	3.5
64957	4.5
65130	3.5
65514	2.0
68157	3.5
68237	4.0
68358	4.0
68791	3.0
69122	3.5
69306	2.5
69481	4.0
69526	2.0
69640	3.5
70286	3.5
71535	4.0
72011	3.5
72720	4.5
72998	4.0
73017	4.0
74458	4.0
74795	1.0
76251	3.5
77561	4.0
77866	3.0
78574	4.0
79008	3.5
79132	4.0
80219	4.5
80463	4.0
80489	3.5
80906	4.5
81229	3.5
81562	4.0
81591	4.5
81782	1.5
81845	4.5
81932	4.0
82459	3.5
82461	3.5
84152	4.0
84954	3.5
85414	3.5
85774	4.0
86332	4.0
86345	5.0
86347	5.0
86377	5.0
86882	4.0
86911	3.5
87232	3.5
87306	3.5
87520	2.0
88129	3.5
88140	4.0
88744	4.0
89470	3.5
89492	4.0
89745	4.0
89753	4.0
89804	4.0
91500	3.5
91529	4.5
91535	4.0
91542	4.0
91630	3.5
91658	4.5
92535	4.5
94777	3.5
94864	3.0
94959	3.5
95088	3.5
95441	3.0
95510	3.0
95875	3.5
96079	3.0
96610	3.0
96737	3.0
96821	4.5
97304	3.0
97306	3.5
97923	3.5
98154	4.0
98809	3.5
98961	3.5
99114	4.5
101864	3.5
102125	4.0
102445	4.0
102903	3.5
103042	4.0
103249	3.0
103253	2.5
104841	2.0
104913	3.5
105504	2.0
105844	4.5
106002	3.5
106072	4.5
106487	3.5
106782	3.5
106916	3.0
109374	4.0
109487	4.0
110102	3.5
111759	3.5
112183	4.5
112852	3.5
116797	4.0
