1	3.0
2	2.5
18	4.0
21	3.5
25	5.0
29	5.0
32	5.0
34	2.0
36	5.0
47	5.0
50	5.0
69	4.0
73	5.0
82	5.0
85	4.0
110	4.5
117	4.5
132	3.0
150	4.0
153	0.5
154	2.0
162	4.0
176	3.0
188	2.0
190	2.0
209	5.0
213	5.0
214	5.0
215	4.5
223	2.0
224	5.0
235	3.5
246	4.0
260	4.5
265	4.5
288	4.0
290	5.0
293	5.0
296	5.0
306	5.0
307	4.0
308	4.0
318	5.0
319	3.0
322	3.5
326	5.0
337	4.0
345	5.0
356	2.0
357	4.0
358	3.0
364	1.0
380	3.5
457	4.0
480	3.0
482	4.0
491	4.0
497	5.0
509	5.0
515	4.0
521	5.0
527	4.0
535	4.0
541	5.0
551	4.0
555	5.0
588	3.0
589	5.0
590	4.5
592	2.0
593	4.0
599	2.0
608	3.0
627	4.0
648	4.0
661	4.0
678	5.0
714	4.5
720	4.5
735	5.0
745	5.0
750	5.0
778	4.0
780	1.0
784	1.0
800	4.5
858	4.0
899	1.0
904	4.0
905	1.0
908	4.0
909	4.0
912	5.0
916	4.0
919	4.0
923	3.0
924	2.0
947	5.0
954	4.0
969	4.0
998	3.0
1036	4.0
1059	4.5
1060	3.5
1080	2.0
1089	4.0
1090	4.5
1120	4.0
1127	3.0
1131	5.0
1132	5.0
1136	5.0
1148	5.0
1150	4.0
1173	5.0
1175	5.0
1179	4.0
1183	3.0
1192	2.0
1193	5.0
1196	5.0
1197	5.0
1198	5.0
1199	5.0
1200	5.0
1203	5.0
1204	5.0
1206	5.0
1207	4.0
1208	5.0
1210	3.5
1213	5.0
1214	4.0
1215	2.0
1219	3.5
1221	4.0
1222	2.5
1223	4.0
1225	5.0
1234	4.0
1240	4.0
1242	1.5
1243	4.0
1245	5.0
1246	5.0
1247	4.0
1250	3.0
1252	4.0
1254	5.0
1256	0.5
1258	5.0
1259	4.5
1261	0.5
1262	3.0
1263	3.0
1265	5.0
1266	4.0
1267	5.0
1270	4.0
1273	3.0
1274	2.5
1275	3.5
1276	5.0
1278	4.0
1291	2.0
1293	5.0
1295	2.0
1299	4.0
1303	4.0
1304	4.0
1307	5.0
1333	2.5
1345	4.0
1347	4.0
1357	2.0
1358	5.0
1365	5.0
1371	3.5
1374	4.5
1375	3.0
1376	5.0
1380	4.5
1387	4.0
1393	4.0
1394	4.0
1411	0.5
1416	4.0
1441	4.0
1449	3.0
1500	2.0
1527	2.5
1544	3.0
1584	3.5
1617	4.0
1639	2.0
1641	5.0
1653	4.0
1673	3.5
1674	4.0
1682	4.0
1690	2.0
1693	4.0
1704	3.0
1713	4.0
1721	0.5
1730	4.0
1732	4.0
1784	3.0
1834	4.0
1884	4.0
1900	4.5
1921	5.0
1923	1.5
1939	3.0
1945	3.0
1950	4.0
1952	4.0
1957	2.5
1961	4.0
1968	5.0
1997	5.0
2000	3.5
2019	3.0
2021	2.5
2028	3.0
2041	3.0
2064	4.0
2114	1.0
2144	4.0
2146	4.0
2160	4.0
2186	4.0
2194	4.0
2203	3.0
2205	3.0
2268	3.0
2269	1.0
2288	4.5
2302	5.0
2314	4.5
2324	5.0
2329	5.0
2330	4.0
2334	3.0
2336	4.0
2340	2.0
2352	4.0
2353	5.0
2359	5.0
2366	2.5
2367	2.5
2393	4.0
2396	4.5
2406	3.0
2423	0.5
2427	5.0
2431	4.0
2459	4.0
2467	5.0
2478	4.0
2490	2.0
2502	4.5
2505	4.0
2529	5.0
2539	3.0
2542	4.0
2553	3.0
2571	4.5
2579	5.0
2587	2.0
2599	4.0
2617	2.0
2622	4.0
2628	2.0
2657	5.0
2676	4.0
2686	4.0
2688	3.0
2692	5.0
2699	3.0
2700	4.0
2701	3.0
2702	4.0
2706	2.0
2710	4.0
2723	4.5
2729	4.0
2739	5.0
2761	5.0
2762	5.0
2770	3.0
2791	3.0
2795	2.0
2804	3.0
2819	4.0
2858	5.0
2871	3.5
2872	4.0
2890	5.0
2905	3.0
2918	5.0
2947	3.0
2948	4.0
2949	5.0
2959	5.0
2968	3.5
2987	3.0
2993	4.0
2997	4.0
3006	5.0
3052	2.5
3077	5.0
3095	3.0
3105	4.0
3114	3.5
3147	5.0
3148	3.0
3160	4.0
3169	4.0
3174	5.0
3175	4.0
3182	5.0
3186	3.0
3198	4.5
3200	3.0
3204	4.0
3213	3.0
3260	5.0
3271	5.0
3285	4.0
3328	5.0
3362	5.0
3365	2.0
3386	5.0
3408	3.5
3424	5.0
3429	4.0
3448	4.0
3499	4.5
3503	0.5
3504	4.0
3521	5.0
3526	5.0
3535	5.0
3538	3.0
3556	5.0
3576	3.5
3578	2.0
3623	2.0
3634	3.5
3649	3.0
3683	4.0
3706	5.0
3730	4.0
3735	5.0
3751	5.0
3753	2.0
3785	4.0
3793	2.5
3897	2.0
3949	4.5
3978	2.0
3994	4.5
3996	4.0
4011	3.5
4014	5.0
4021	3.5
4022	4.0
4025	2.5
4027	5.0
4030	2.0
4033	4.0
4034	4.0
4103	1.0
4161	5.0
4226	5.0
4239	5.0
4255	2.0
4262	4.0
4270	3.0
4306	2.5
4308	3.0
4321	1.5
4369	2.0
4370	2.0
4467	4.0
4638	3.0
4642	4.0
4720	4.5
4776	3.0
4848	3.0
4865	4.0
4873	5.0
4876	3.0
4878	4.5
4881	5.0
4886	4.0
4887	1.0
4896	3.0
4956	2.0
4963	3.0
4967	4.5
4970	2.0
4973	4.0
4979	5.0
4993	5.0
4995	4.0
5009	4.0
5010	2.0
5013	4.0
5015	4.0
5064	3.0
5074	4.0
5120	3.0
5135	4.0
5146	3.0
5225	3.0
5265	3.0
5294	5.0
5299	4.5
5319	4.0
5349	4.5
5377	3.0
5378	2.5
5379	4.5
5387	2.0
5388	3.0
5417	5.0
5445	3.5
5449	2.0
5528	3.0
5618	5.0
5669	5.0
5673	5.0
5679	4.0
5690	4.0
5782	4.5
5791	4.0
5810	3.0
5816	3.5
5902	4.5
5944	4.0
5945	2.0
5952	5.0
5954	4.5
5989	3.0
5991	3.0
5995	4.5
6016	4.5
6062	4.5
6104	2.5
6218	4.0
6235	2.0
6242	3.0
6331	4.0
6333	2.5
6365	5.0
6377	4.0
6378	2.0
6385	5.0
6461	4.5
6502	3.0
6534	4.5
6539	3.0
6552	4.5
6565	2.5
6617	3.0
6639	4.5
6650	4.5
6669	0.5
6709	3.0
6711	4.0
6754	3.5
6755	3.5
6773	4.0
6786	5.0
6787	4.0
6791	5.0
6796	4.0
6807	4.5
6820	1.5
6870	4.5
6874	0.5
6934	4.0
6953	5.0
6957	2.5
7034	3.5
7090	5.0
7139	3.0
7143	2.5
7147	2.5
7153	5.0
7156	5.0
7256	4.5
7361	4.5
7373	4.0
7419	4.5
7438	0.5
7458	3.0
7560	3.5
7566	5.0
7669	4.5
8014	4.5
8337	3.0
8360	2.0
8368	3.5
8464	4.5
8622	5.0
8636	4.0
8784	4.5
8807	3.0
8810	3.0
8827	4.0
8873	3.0
8874	2.0
8910	5.0
8917	2.5
8950	4.5
8957	3.5
8958	4.5
8961	4.5
8966	4.5
8970	4.0
8981	3.5
9018	5.0
26242	3.5
26662	3.0
26776	4.0
27611	5.0
27773	3.5
27788	4.0
27846	5.0
30707	4.5
30749	3.5
30793	4.0
31694	2.5
31878	4.0
32587	4.0
32596	3.5
33154	4.5
33166	4.5
33171	4.0
33493	3.0
33794	4.5
34150	4.0
34405	4.0
35836	4.5
36517	4.5
36529	5.0
36535	2.0
37240	5.0
38886	2.5
39183	4.5
39292	5.0
40278	4.5
40583	4.0
40815	4.0
41566	3.0
41569	4.0
41997	3.5
44191	4.5
44195	5.0
44665	4.5
44709	4.5
44761	4.5
45499	2.5
45720	3.5
45722	4.0
45950	3.5
46530	3.0
46578	5.0
46723	3.0
46972	1.0
46976	5.0
47099	4.5
47629	3.0
48043	5.0
48082	4.0
48304	2.0
48385	0.5
48394	5.0
48516	4.0
48738	4.5
48780	5.0
48783	4.5
49272	4.5
49530	4.5
49772	4.5
49822	3.5
50068	4.0
50601	3.0
50872	3.0
51077	2.0
51080	4.0
51086	3.5
51091	2.5
51540	4.5
51662	3.5
52722	3.5
52973	3.0
53123	3.5
53125	3.5
53464	4.0
53993	4.0
53996	3.5
54001	4.0
54190	4.0
54259	4.5
54272	4.0
54286	4.5
54503	1.5
54736	2.5
54881	4.0
54997	2.0
55052	3.5
55247	5.0
55267	2.0
55269	4.0
55276	4.5
55280	4.5
55290	4.5
55363	4.0
55765	4.5
55820	4.5
56174	4.5
56367	5.0
56607	4.5
56757	4.0
56782	4.0
56788	4.0
56805	0.5
56921	4.0
57640	2.5
57669	5.0
58103	2.5
58154	3.5
58293	1.5
58559	4.5
59018	4.5
59315	4.5
59615	1.0
60069	3.5
60074	4.0
60126	2.5
60684	5.0
61024	3.0
62081	3.5
62155	3.5
63062	4.0
63082	4.5
63113	2.5
64614	4.5
64620	4.0
64716	4.5
64839	4.5
64957	4.5
65130	4.0
66097	3.5
68157	1.0
68358	0.5
69122	4.0
69481	1.5
69951	4.0
70286	4.0
71156	4.5
71520	2.5
71535	4.0
72011	4.0
72998	4.5
76175	3.0
76251	4.0
78039	4.0
79132	4.5
80489	3.0
81591	4.5
81845	4.0
81932	4.0
82459	3.5
85414	4.0
86190	3.5
86332	4.0
87306	3.5
88125	3.5
88140	3.0
89745	5.0
90746	4.0
93840	4.5
94959	4.5
95510	3.0
95875	3.0
96610	4.5
97752	4.5
97921	2.5
97938	4.5
98154	4.0
98809	4.5
102123	3.0
102125	1.5
102445	2.0
109487	5.0
110102	4.5
111362	4.0
111759	3.5
112175	2.0
112290	3.5
112556	3.0
112623	4.0
112852	3.5
