1	4.0
2	4.0
16	4.5
18	4.0
19	3.5
29	4.0
32	4.5
34	3.5
47	4.5
50	4.5
97	4.5
105	4.0
110	4.0
181	1.5
253	4.0
260	5.0
288	3.0
293	4.5
296	5.0
302	4.0
307	5.0
318	4.5
344	4.0
356	4.5
357	4.0
364	4.5
367	4.0
377	3.5
454	4.0
465	3.5
466	4.5
475	4.5
480	3.5
527	4.5
551	4.5
555	3.5
586	3.0
588	4.5
593	4.5
595	4.0
608	4.5
616	4.5
648	4.0
661	4.0
665	5.0
668	3.5
718	3.5
741	4.0
745	5.0
784	3.5
858	5.0
902	5.0
903	5.0
904	4.5
908	5.0
912	4.5
920	4.0
933	4.0
1005	2.0
1019	4.0
1079	4.0
1080	5.0
1089	4.5
1090	4.0
1097	4.0
1111	4.0
1136	5.0
1148	5.0
1175	5.0
1190	5.0
1193	5.0
1196	5.0
1199	4.0
1201	4.5
1206	5.0
1208	4.5
1209	4.0
1210	5.0
1213	4.5
1216	4.0
1217	4.0
1219	4.5
1221	4.5
1222	4.5
1223	5.0
1232	4.0
1234	4.5
1237	3.0
1250	4.5
1254	4.0
1258	5.0
1263	2.5
1265	4.5
1266	3.5
1270	4.0
1274	4.5
1281	5.0
1285	4.5
1307	4.0
1333	4.5
1343	4.5
1345	4.5
1367	4.0
1391	4.5
1485	4.0
1527	4.0
1569	3.0
1653	4.5
1676	4.0
1682	4.0
1690	4.0
1711	4.0
1721	4.0
1726	2.5
1732	4.0
1753	1.0
1827	3.0
1884	4.5
1921	4.0
1923	3.5
1959	4.0
1961	4.5
2006	4.0
2021	4.0
2023	4.5
2042	2.0
2082	3.0
2118	4.0
2124	4.0
2184	4.0
2203	4.0
2204	4.0
2205	4.0
2206	4.5
2212	3.5
2288	5.0
2291	4.5
2294	4.0
2313	5.0
2324	5.0
2329	5.0
2340	4.5
2359	4.0
2401	4.0
2467	4.5
2476	4.5
2541	3.5
2542	4.5
2571	4.5
2617	2.0
2628	4.0
2671	3.5
2677	4.0
2696	4.0
2700	4.0
2716	4.0
2717	4.0
2729	5.0
2730	5.0
2731	5.0
2762	4.5
2797	3.0
2843	5.0
2858	4.5
2920	5.0
2921	4.5
2924	4.0
2951	4.5
2959	5.0
2966	4.0
2968	4.0
2997	4.5
3000	4.5
3022	4.0
3067	4.0
3081	4.5
3091	4.0
3147	5.0
3174	5.0
3257	3.0
3266	5.0
3271	4.0
3386	4.0
3408	4.0
3418	4.0
3441	4.0
3448	4.0
3462	4.5
3508	4.0
3527	4.0
3556	4.0
3578	4.0
3617	3.0
3681	4.5
3751	4.5
3752	4.0
3827	3.5
3910	4.5
3949	5.0
3967	4.0
3994	4.0
4011	5.0
4019	4.0
4022	4.0
4027	5.0
4144	4.0
4235	4.5
4239	4.0
4262	5.0
4306	4.5
4406	4.0
4563	2.0
4643	3.5
4848	3.5
4865	4.0
4881	4.5
4896	4.0
4914	4.0
4963	4.0
4973	4.5
4993	5.0
5009	4.0
5010	4.0
5026	4.0
5146	3.5
5299	2.0
5378	4.5
5445	2.5
5449	3.0
5506	4.0
5574	2.5
5618	5.0
5669	3.0
5690	4.5
5782	4.5
5796	3.5
5816	4.0
5878	5.0
5903	3.5
5952	5.0
5989	4.5
6016	4.5
6188	3.0
6214	4.5
6286	4.5
6299	3.5
6350	4.0
6365	3.5
6370	5.0
6502	4.0
6538	4.0
6618	3.5
6645	4.0
6711	4.0
6773	5.0
6791	4.0
6796	4.0
6807	3.0
6874	5.0
6890	3.0
6934	3.5
6942	3.5
6952	4.0
6954	4.5
7022	4.0
7116	4.5
7143	4.0
7147	4.0
7153	5.0
7162	4.0
7256	4.0
7317	3.0
7323	4.0
7327	4.0
7346	2.5
7361	4.0
7367	4.0
7438	4.5
7451	2.0
8360	4.0
8368	4.0
8464	3.5
8526	2.0
8528	2.0
8529	4.0
8531	2.5
8604	4.0
8622	3.5
8784	4.0
8810	2.5
8873	4.5
8874	5.0
8970	4.0
8973	4.0
8981	3.5
26776	5.0
27773	5.0
27815	4.0
30707	4.5
30810	3.5
30812	5.0
31658	4.5
31696	3.0
31878	4.0
32031	3.0
33004	3.0
33493	4.0
33499	2.0
33660	4.0
33794	4.0
33903	4.0
34150	4.0
34319	3.5
34334	1.0
34520	2.0
36519	2.5
36529	4.5
37729	4.0
37733	4.5
38038	4.5
39231	4.0
39435	4.0
39446	3.0
39715	2.5
40815	4.0
41566	3.0
41571	4.0
41997	4.0
42718	0.5
42738	2.0
43871	4.0
44191	3.5
44199	4.0
44555	5.0
45447	3.0
45720	4.0
45928	4.0
45950	3.5
46578	4.0
46948	3.0
46974	2.5
47044	1.0
47099	3.5
47629	4.0
48043	3.0
48082	4.5
48385	2.5
48394	4.5
48516	4.0
48738	4.5
48780	2.5
48783	4.0
49272	4.0
49530	4.0
52604	4.0
52973	2.5
53519	4.0
53894	3.0
54001	4.0
54272	4.0
55069	4.5
55247	3.5
55442	4.5
55765	4.0
55820	4.0
55830	4.0
56367	4.0
56757	4.0
57274	4.0
57368	3.0
58303	4.5
58559	4.5
59315	4.0
60074	3.5
60684	3.0
60950	4.0
61323	4.0
62374	3.0
63062	3.5
63082	3.5
64614	4.0
64969	4.0
65130	4.0
68157	4.0
68954	4.0
69122	4.0
69757	4.0
69844	4.0
71282	3.5
71535	4.5
72226	5.0
73344	4.5
74458	4.0
76251	4.5
77561	3.5
79132	4.5
79185	3.5
80219	4.0
80463	4.0
80906	4.5
81834	4.0
82459	3.5
83349	3.5
86898	2.0
88125	4.0
89904	4.5
91542	4.0
92259	4.0
94959	4.5
96821	4.5
98809	5.0
99114	4.0
102125	3.5
104374	4.0
106489	4.5
106920	5.0
109374	4.0
112556	5.0
