1	3.5
2	3.5
3	3.0
6	3.5
8	2.0
10	3.0
15	5.0
18	4.0
19	3.5
23	3.0
24	3.5
26	4.0
29	5.0
31	2.5
32	5.0
34	2.5
39	2.0
44	3.0
47	4.0
48	2.5
50	4.5
54	2.0
62	3.0
65	3.5
70	3.0
89	3.5
93	2.5
95	3.0
104	3.5
107	3.0
110	5.0
111	4.0
117	4.0
135	3.5
141	2.0
150	3.5
151	3.5
153	3.5
158	2.5
160	2.5
161	3.5
163	2.5
165	4.0
166	3.0
169	2.0
170	5.0
173	3.0
185	3.5
196	3.5
203	1.0
204	2.5
208	4.5
216	3.0
231	4.5
234	3.0
239	1.5
252	2.5
253	2.5
256	2.5
257	2.0
260	4.5
266	2.0
267	3.5
276	1.5
277	2.0
288	3.5
292	3.5
293	5.0
296	3.5
303	3.0
313	2.5
315	2.5
316	5.0
317	2.5
318	4.5
325	2.5
333	3.0
339	2.0
344	4.0
349	4.0
353	4.0
356	3.0
362	2.5
364	3.0
367	3.0
368	3.5
374	2.0
377	3.0
379	2.0
380	4.5
405	2.5
407	4.0
410	4.0
414	2.0
419	2.0
423	3.0
426	2.0
429	3.0
432	3.0
434	4.0
435	3.0
440	3.0
442	4.0
454	3.0
455	2.5
457	4.0
464	2.5
466	4.5
473	3.0
474	3.0
480	4.0
485	2.0
494	2.5
497	4.0
500	3.0
502	2.5
504	4.0
517	3.0
519	3.0
520	3.5
524	3.5
527	4.5
531	2.5
533	3.0
539	2.0
541	5.0
542	4.0
543	2.0
547	3.0
548	2.5
552	3.0
553	3.5
558	2.0
575	3.0
586	3.0
587	2.0
588	3.0
589	4.5
590	3.5
592	4.0
593	3.5
594	3.5
595	2.5
596	2.5
597	2.5
610	4.0
616	2.5
631	0.5
647	3.0
648	3.0
653	3.5
671	3.5
673	1.0
688	2.0
692	1.0
694	3.5
700	2.5
719	3.0
724	3.5
733	4.0
741	3.5
750	5.0
761	1.5
778	3.5
780	3.5
783	3.0
784	2.5
785	3.0
786	3.0
788	3.0
799	3.0
802	3.5
809	4.0
832	3.0
836	3.0
837	2.5
849	3.0
852	2.5
858	4.0
861	3.0
866	3.0
879	3.5
904	4.5
908	4.0
912	5.0
913	4.5
919	3.0
923	4.0
924	2.5
930	3.5
934	2.0
940	5.0
941	3.5
968	3.5
986	2.0
1004	2.0
1005	2.0
1007	2.5
1009	2.5
1010	2.5
1011	2.5
1012	2.5
1013	2.0
1015	2.5
1016	2.5
1017	3.0
1018	2.5
1019	3.5
1020	3.5
1022	2.5
1024	2.5
1025	3.0
1027	4.0
1028	3.0
1029	3.0
1030	2.5
1031	2.5
1032	3.0
1033	2.5
1035	3.0
1036	4.0
1047	4.0
1059	4.0
1061	3.0
1064	2.5
1073	3.5
1079	3.5
1080	3.0
1088	2.5
1089	4.0
1091	2.0
1097	3.0
1101	3.0
1127	3.5
1129	4.0
1136	4.5
1175	4.0
1196	4.5
1197	5.0
1198	4.5
1199	5.0
1200	5.0
1201	3.0
1203	3.0
1204	3.5
1206	5.0
1208	2.5
1210	4.5
1214	4.0
1215	5.0
1219	4.5
1220	3.5
1221	4.0
1222	4.5
1224	4.5
1233	4.5
1237	4.0
1240	4.0
1241	4.0
1246	3.5
1247	3.0
1249	4.0
1254	4.0
1259	2.5
1260	4.5
1265	3.0
1266	3.0
1270	3.5
1271	2.0
1274	4.0
1275	4.5
1278	3.5
1282	3.5
1284	4.0
1288	1.0
1291	4.5
1298	3.5
1302	3.0
1307	1.0
1321	3.5
1333	3.5
1334	2.5
1339	4.0
1348	2.5
1355	3.5
1356	3.5
1359	2.0
1367	2.5
1370	3.0
1377	4.0
1380	1.0
1382	2.5
1385	2.5
1387	3.5
1388	3.0
1390	3.5
1391	4.5
1396	3.5
1408	4.0
1409	3.0
1411	5.0
1425	3.5
1431	3.0
1438	1.0
1445	3.0
1460	2.5
1461	2.5
1479	3.0
1485	3.5
1499	1.0
1515	1.0
1517	3.5
1527	5.0
1552	4.0
1556	1.5
1562	0.5
1566	2.5
1573	3.5
1580	4.0
1584	2.5
1586	2.5
1587	4.0
1590	5.0
1591	4.0
1597	3.0
1608	3.0
1610	3.5
1616	3.0
1625	5.0
1626	2.0
1644	0.5
1645	3.5
1646	4.0
1653	5.0
1665	3.0
1676	5.0
1681	2.5
1682	3.0
1687	4.0
1689	5.0
1690	3.0
1702	2.5
1704	4.5
1707	1.5
1721	0.5
1722	3.0
1732	3.5
1747	3.5
1748	4.5
1754	3.5
1772	3.0
1792	3.5
1797	3.5
1801	3.5
1831	1.0
1833	2.5
1835	3.0
1862	1.0
1863	2.5
1873	4.0
1884	3.5
1907	3.0
1909	3.0
1911	2.5
1917	2.0
1918	4.0
1920	3.5
1921	5.0
1923	3.0
1927	3.5
1954	3.0
1961	2.5
1962	2.5
1965	3.5
1967	3.5
1968	3.5
1974	3.0
1975	2.0
1976	2.0
1977	2.0
1978	2.0
1979	2.0
1980	2.0
1981	2.0
1991	2.5
1992	1.0
1993	2.0
2000	4.0
2001	4.0
2002	3.5
2003	3.0
2004	3.5
2005	5.0
2006	4.0
2010	5.0
2011	3.0
2012	3.0
2014	2.5
2015	3.0
2016	2.5
2017	2.5
2018	3.0
2019	4.5
2021	5.0
2028	4.5
2033	2.5
2038	2.0
2042	2.5
2043	3.0
2046	3.0
2048	2.5
2050	3.0
2051	2.5
2053	2.0
2054	3.0
2057	2.5
2058	3.0
2059	2.0
2060	4.0
2072	2.0
2078	2.5
2080	2.5
2081	3.0
2082	2.5
2085	3.0
2087	3.0
2089	3.0
2090	2.5
2091	3.0
2094	3.0
2095	2.5
2096	3.0
2100	2.5
2102	2.5
2105	4.0
2115	4.5
2117	3.5
2121	2.5
2123	1.0
2124	4.0
2133	2.5
2134	3.5
2136	2.5
2137	3.0
2139	3.0
2140	3.5
2141	2.5
2142	2.5
2143	4.0
2153	0.5
2161	4.0
2162	2.0
2167	4.0
2174	3.5
2176	4.0
2193	4.0
2240	3.0
2268	3.0
2273	2.5
2275	2.0
2278	4.5
2291	4.0
2294	3.0
2296	4.0
2301	4.0
2320	3.5
2322	4.0
2325	3.5
2329	4.5
2335	3.5
2353	4.0
2355	3.0
2373	3.0
2375	2.5
2378	3.0
2380	2.5
2382	3.0
2383	3.0
2394	3.0
2395	0.5
2398	2.0
2401	3.0
2402	3.0
2403	3.5
2404	3.0
2405	3.0
2406	3.0
2407	2.5
2409	2.5
2410	3.0
2411	3.0
2412	2.0
2416	2.5
2420	3.5
2421	2.5
2422	2.0
2423	2.5
2428	2.0
2431	3.5
2453	2.0
2454	3.0
2455	2.5
2457	2.5
2470	3.5
2471	3.0
2478	3.0
2490	4.5
2498	3.0
2502	4.0
2528	3.5
2539	3.5
2542	4.5
2548	2.0
2560	2.5
2567	2.0
2571	5.0
2596	4.0
2605	2.5
2616	3.0
2617	3.5
2625	3.0
2628	2.5
2640	2.5
2642	3.0
2683	3.0
2688	3.0
2692	3.5
2694	2.5
2699	2.5
2700	4.0
2701	2.5
2712	3.5
2716	3.5
2717	3.5
2719	2.5
2722	0.5
2723	4.0
2728	4.0
2731	2.5
2735	3.0
2761	4.5
2762	4.0
2763	4.0
2764	3.5
2788	3.5
2791	3.0
2794	2.0
2795	3.0
2797	2.0
2798	1.5
2799	2.0
2815	3.0
2816	2.0
2822	3.5
2826	5.0
2840	3.5
2846	2.0
2858	3.5
2872	3.5
2879	3.0
2890	1.5
2905	4.5
2916	4.0
2918	3.0
2948	3.0
2951	3.5
2953	1.5
2959	5.0
2968	3.0
2985	4.0
2986	2.5
2987	3.5
3000	3.5
3005	3.0
3020	4.5
3030	4.5
3033	4.0
3034	3.0
3052	3.0
3053	4.0
3070	3.5
3071	2.5
3081	4.5
3091	3.5
3105	3.5
3107	3.0
3113	4.0
3159	3.0
3175	2.5
3208	2.5
3213	3.5
3243	3.0
3247	2.0
3248	1.5
3249	3.0
3253	2.5
3254	3.5
3256	4.0
3257	2.0
3258	2.5
3263	2.0
3264	3.0
3266	4.0
3269	2.5
3271	2.5
3275	4.5
3300	4.5
3301	4.0
3316	1.0
3355	5.0
3388	2.5
3396	2.5
3418	2.5
3421	4.0
3438	3.0
3439	3.0
3440	2.5
3448	3.5
3450	3.0
3461	3.0
3471	2.5
3479	3.5
3481	3.0
3483	2.5
3489	3.0
3504	4.0
3510	3.0
3527	4.0
3535	4.5
3552	3.5
3578	5.0
3608	3.0
3617	3.0
3624	3.0
3638	2.5
3639	3.5
3654	3.5
3671	3.5
3672	2.5
3681	3.5
3688	3.0
3697	4.0
3698	4.0
3702	3.5
3704	2.5
3717	3.0
3751	3.0
3753	4.5
3766	3.0
3770	4.0
3785	2.5
3793	4.0
3809	3.0
3825	2.0
3827	3.0
3835	2.0
3857	3.0
3863	2.5
3868	3.5
3869	3.0
3879	2.0
3889	3.0
3896	4.0
3917	3.5
3918	3.5
3946	3.0
3948	3.5
3949	3.5
3955	3.0
3968	2.5
3972	3.5
3979	3.5
3980	3.5
3984	3.0
3994	2.0
3996	1.5
3997	1.5
4002	2.5
4006	3.0
4011	4.5
4016	5.0
4020	3.5
4030	1.0
4041	3.0
4090	1.5
4104	3.5
4105	3.0
4124	3.0
4132	1.5
4133	3.0
4207	1.5
4214	3.5
4223	3.0
4224	2.0
4226	4.0
4238	2.5
4262	3.5
4270	2.5
4275	3.0
4299	3.5
4306	4.5
4308	2.5
4317	2.5
4321	3.0
4343	3.0
4344	4.0
4351	3.0
4367	3.5
4369	1.5
4370	4.0
4387	3.0
4388	2.5
4446	3.0
4448	3.0
4480	3.0
4487	2.5
4502	2.0
4508	3.0
4519	2.5
4533	3.5
4544	3.5
4545	3.0
4558	3.0
4571	3.5
4616	2.5
4621	1.0
4623	4.0
4624	4.0
4638	1.5
4643	3.0
4662	3.0
4673	3.0
4677	1.5
4679	3.0
4699	3.5
4701	2.5
4728	4.0
4734	3.0
4735	0.5
4748	2.0
4787	3.5
4812	2.0
4816	3.5
4846	3.5
4855	2.5
4865	3.5
4873	4.0
4878	3.5
4881	3.0
4887	3.0
4889	3.5
4890	3.5
4896	3.5
4901	4.0
4941	3.5
4951	2.5
4958	3.0
4963	4.0
4975	3.0
4979	4.0
4980	3.0
4993	4.5
5010	4.0
5026	4.5
5039	3.0
5040	4.0
5064	4.0
5065	3.5
5072	1.5
5103	3.0
5110	3.5
5146	2.5
5147	4.5
5218	3.5
5219	2.5
5247	2.0
5254	2.5
5283	3.0
5291	4.0
5303	2.5
5308	1.0
5312	2.5
5349	4.0
5378	2.5
5400	2.5
5418	4.0
5419	3.0
5444	3.0
5445	4.0
5449	4.0
5452	1.0
5459	4.0
5463	0.5
5464	4.0
5481	2.0
5500	3.5
5502	3.5
5540	2.0
5541	4.0
5582	2.0
5618	3.5
5621	3.0
5630	3.5
5679	0.5
5785	2.0
5804	2.0
5809	4.0
5816	3.5
5853	3.0
5902	3.0
5903	4.5
5952	5.0
5956	4.5
5969	2.0
5970	2.0
5989	2.5
5995	4.5
6003	3.0
6016	4.0
6093	3.5
6188	2.5
6213	4.5
6242	0.5
6263	5.0
6287	4.0
6290	0.5
6294	3.0
6333	4.5
6365	4.0
6377	3.5
6482	5.0
6502	2.0
6537	1.5
6539	4.0
6541	3.0
6550	3.0
6564	2.5
6615	2.0
6618	3.5
6659	2.5
6664	3.5
6709	3.5
6754	2.5
6755	3.0
6793	2.5
6794	2.5
6800	2.5
6807	4.0
6857	3.5
6863	3.0
6874	4.0
6888	2.5
6934	4.5
6936	3.5
6942	3.5
6947	4.5
6957	3.0
6966	3.5
6979	3.0
7004	3.0
7007	3.5
7013	4.5
7017	3.5
7022	4.0
7036	3.0
7090	2.5
7102	3.0
7143	4.5
7153	4.5
7164	2.5
7247	3.5
7293	3.5
7317	4.0
7361	3.5
7373	4.5
7376	3.0
7386	2.5
7438	3.0
7439	4.5
7445	3.5
7454	3.0
7458	4.0
7481	3.0
7502	4.5
7570	3.0
7573	3.0
7587	4.5
7701	1.0
7766	4.0
7841	3.0
7842	4.0
7925	4.5
8169	3.0
8360	4.5
8368	3.0
8371	5.0
8376	0.5
8507	4.5
8636	4.5
8640	4.0
8641	2.5
8644	4.5
8665	4.0
8666	2.5
8783	3.5
8810	3.5
8861	3.5
8874	4.5
8917	3.0
8947	1.0
8957	4.0
8961	3.5
8985	2.0
26152	4.0
26242	3.5
26555	3.0
27660	3.5
27706	2.0
27772	2.5
27773	3.5
27788	4.0
27801	4.0
30810	4.0
31696	4.0
31804	4.0
31878	3.0
32587	4.5
33004	4.0
33162	4.5
33437	4.0
33493	4.0
33679	3.5
33794	5.0
34405	4.5
34534	3.0
36529	4.0
36708	4.0
37384	3.0
37733	3.5
37857	3.0
40815	3.0
40819	4.0
41566	4.0
42718	4.5
42723	2.0
42725	3.0
42738	1.0
44191	5.0
44788	3.5
45431	4.0
45447	1.5
45499	2.5
45666	2.5
45722	3.0
45928	4.0
46322	4.0
46530	2.0
47200	5.0
47640	4.0
48043	4.0
48304	4.0
48394	4.5
48516	4.0
48774	4.0
48780	4.0
49272	4.5
49396	3.5
50068	3.5
50794	3.5
51255	4.0
51662	4.5
51935	3.5
53125	4.0
53322	3.5
53972	3.5
53996	4.0
54001	3.5
54259	5.0
54286	4.0
54503	2.0
54999	4.0
55995	4.0
56145	4.0
56156	3.0
56171	3.0
56174	4.0
57528	3.0
57640	4.5
58559	5.0
59022	3.0
59103	5.0
59126	2.5
59315	4.5
59369	4.5
59387	4.0
59501	2.5
59784	3.5
59900	3.0
60037	2.0
60069	4.0
60072	2.5
60074	4.0
60126	3.5
60487	4.0
60684	4.5
61132	3.5
61240	4.0
62376	3.0
62434	4.0
63131	3.5
64839	3.0
64983	3.0
65514	4.0
65682	2.5
66934	2.0
67255	4.5
68157	3.0
68319	3.0
68358	4.5
68791	3.5
69122	5.0
69844	1.5
70286	4.0
70336	2.0
71135	2.5
71254	3.5
71535	3.0
71838	3.5
73017	4.0
73323	4.0
74458	3.5
74510	3.5
76175	2.0
76251	4.5
77455	4.0
77561	3.0
77866	3.5
79132	4.5
79695	3.5
82461	3.5
91542	4.0
