1	3.5
6	3.0
10	2.5
16	2.0
17	1.0
19	2.0
21	2.5
22	2.0
23	1.0
29	2.0
32	4.0
34	4.0
47	5.0
50	4.0
70	1.5
95	2.5
110	0.5
111	2.0
150	2.5
153	2.0
161	2.0
163	0.5
165	2.0
196	2.0
199	4.0
208	0.5
223	1.0
231	2.0
235	2.0
253	3.5
260	5.0
272	3.5
290	3.0
292	1.0
296	5.0
300	2.0
316	2.5
318	4.0
344	3.0
356	1.5
357	1.0
364	3.5
367	3.0
377	1.0
383	2.0
434	1.5
442	2.5
454	1.5
457	1.5
466	1.0
475	3.5
480	4.0
485	2.5
500	1.5
501	3.5
507	3.5
519	1.0
527	3.0
541	5.0
551	3.0
553	2.0
586	1.5
587	1.5
588	3.5
589	4.5
590	2.0
592	4.5
593	3.5
594	4.0
595	1.5
596	4.0
597	1.0
608	2.0
648	2.0
665	3.0
714	2.0
733	2.0
741	4.0
745	4.0
750	5.0
778	2.0
780	1.5
782	2.0
783	3.5
784	2.0
788	1.5
852	1.0
858	3.0
903	2.5
904	2.0
905	2.5
908	3.5
909	3.0
910	4.0
912	4.0
913	2.5
919	2.0
923	4.5
924	3.5
926	2.0
930	3.0
949	4.5
954	2.0
965	3.0
969	3.0
1022	4.0
1027	1.0
1029	4.0
1036	2.0
1041	4.0
1079	3.0
1080	3.5
1086	2.0
1088	1.0
1089	3.0
1090	2.0
1097	3.0
1100	1.5
1101	0.5
1104	3.0
1127	2.5
1136	3.5
1148	4.0
1175	3.0
1176	2.5
1178	4.5
1185	2.5
1188	3.0
1193	5.0
1196	4.5
1197	1.5
1198	4.5
1199	4.0
1200	4.5
1201	4.5
1203	4.5
1204	4.0
1206	5.0
1207	2.5
1208	4.0
1209	4.5
1210	3.5
1212	4.0
1213	2.5
1214	4.5
1215	2.5
1216	2.0
1217	2.5
1219	3.0
1220	3.0
1221	3.0
1222	3.0
1223	3.5
1225	2.5
1227	2.0
1228	2.0
1232	2.0
1233	3.0
1234	2.5
1237	2.0
1240	3.5
1244	0.5
1246	1.5
1247	3.5
1248	4.0
1250	4.5
1251	3.0
1252	2.0
1254	2.5
1256	2.0
1257	1.5
1258	2.0
1260	4.0
1261	3.0
1262	2.5
1263	1.5
1265	2.5
1266	3.5
1267	2.5
1270	3.5
1272	2.5
1274	2.0
1275	2.5
1276	2.5
1278	2.5
1280	3.0
1283	4.0
1284	3.0
1287	3.5
1288	4.5
1291	4.0
1299	3.0
1301	4.0
1304	2.0
1305	4.0
1307	1.5
1320	2.0
1333	1.0
1340	2.5
1343	1.0
1354	1.5
1356	3.0
1358	1.5
1370	2.0
1374	2.0
1377	2.5
1387	2.5
1391	2.5
1394	1.0
1396	1.0
1407	1.5
1446	3.5
1449	1.5
1517	2.5
1527	3.0
1537	2.0
1544	2.5
1573	2.5
1580	3.5
1589	3.0
1590	2.0
1591	1.5
1597	1.5
1608	1.5
1610	2.5
1617	3.5
1627	1.0
1645	2.0
1653	2.0
1676	4.0
1682	2.5
1690	3.0
1704	0.5
1719	3.5
1721	1.5
1729	1.5
1732	2.5
1784	1.5
1884	2.0
1912	1.5
1918	1.5
1921	1.5
1923	1.5
1945	3.5
1946	1.5
1953	2.5
1954	1.0
1961	1.0
1968	3.0
1994	2.0
1997	3.5
2000	1.5
2001	2.0
2002	1.5
2003	4.0
2004	3.5
2010	2.5
2011	3.5
2012	2.5
2018	2.0
2019	3.0
2028	2.5
2048	3.0
2058	1.5
2068	2.0
2076	2.0
2078	4.0
2081	2.5
2096	2.0
2105	1.5
2115	4.0
2118	2.0
2141	3.0
2167	2.5
2174	2.5
2194	1.5
2268	2.5
2278	2.0
2288	4.5
2291	3.0
2300	2.0
2313	4.0
2321	2.0
2329	1.5
2351	3.0
2357	3.5
2360	4.0
2378	2.0
2387	0.5
2394	4.0
2396	4.5
2427	4.5
2433	2.0
2467	4.0
2470	2.0
2474	2.0
2490	1.5
2502	2.0
2529	3.5
2542	2.0
2571	2.5
2617	2.5
2628	1.0
2648	2.5
2664	2.0
2683	2.5
2692	1.5
2706	0.5
2710	0.5
2716	4.0
2722	2.0
2726	2.5
2728	3.0
2729	3.0
2731	2.5
2745	2.5
2761	4.0
2762	1.0
2797	0.5
2843	3.5
2858	2.0
2890	2.0
2905	3.5
2908	2.5
2916	3.5
2920	4.0
2947	3.0
2951	2.0
2959	4.0
2966	2.0
2985	4.5
2986	2.5
2987	2.0
2997	4.0
3000	1.0
3022	3.0
3030	3.0
3034	4.0
3052	0.5
3075	2.0
3081	4.0
3083	3.0
3088	2.5
3089	3.5
3090	3.5
3091	3.0
3108	2.0
3114	3.5
3134	2.5
3159	2.5
3160	3.5
3196	3.5
3253	2.5
3256	1.5
3257	0.5
3266	3.5
3300	3.0
3301	3.0
3307	4.0
3354	2.0
3359	2.5
3386	2.0
3408	1.5
3418	2.0
3421	2.5
3429	3.5
3462	3.5
3467	3.0
3468	4.0
3481	1.0
3489	1.0
3504	2.5
3508	2.0
3527	2.5
3535	4.0
3556	1.5
3578	2.0
3623	2.0
3629	3.5
3671	2.5
3681	5.0
3697	3.0
3702	3.5
3703	3.5
3717	1.0
3730	1.5
3741	3.5
3745	3.5
3751	2.0
3793	1.5
3801	2.0
3910	1.5
3948	2.0
3949	2.0
3977	2.0
3996	3.5
4008	2.0
4011	2.0
4016	3.0
4022	1.5
4027	3.0
4037	1.0
4105	2.0
4226	1.0
4235	3.0
4238	2.0
4306	1.5
4326	2.5
4344	1.5
4361	2.0
4366	3.5
4369	0.5
4370	2.5
4406	2.0
4422	2.0
4446	1.0
4506	3.0
4624	2.5
4638	0.5
4643	2.5
4855	3.0
4878	1.0
4881	2.0
4886	2.5
4963	1.0
4967	3.0
4973	2.5
4993	2.5
4995	1.5
5010	0.5
5013	3.5
5060	3.0
5120	2.0
5177	2.5
5218	2.5
5291	3.0
5349	2.5
5378	2.0
5418	2.0
5444	3.0
5445	1.5
5459	3.0
5603	4.0
5613	1.5
5618	2.0
5630	1.0
5690	2.0
5782	2.0
5792	1.0
5810	1.0
5878	2.0
5882	3.5
5890	2.5
5903	3.5
5952	2.5
5954	2.5
5995	3.0
6016	2.0
6155	1.0
6170	3.0
6197	1.5
6242	2.5
6281	1.0
6291	3.5
6303	2.0
6323	1.0
6333	1.5
6365	1.5
6373	2.5
6377	3.0
6383	1.0
6502	2.5
6534	1.0
6537	2.0
6539	4.0
6552	3.0
6620	2.5
6650	4.0
6662	2.5
6666	2.5
6669	3.0
6711	0.5
6754	3.0
6783	3.5
6787	2.5
6791	2.5
6796	1.0
6807	2.0
6852	2.5
6863	2.0
6870	3.0
6874	1.0
6934	1.0
6947	1.5
6979	3.5
7022	4.0
7034	3.5
7044	3.5
7089	1.0
7116	2.0
7132	2.0
7147	1.0
7153	2.5
7163	1.5
7234	3.0
7323	2.0
7325	1.5
7361	2.0
7371	2.0
7373	2.5
7438	1.0
7460	2.0
7560	2.0
7587	3.0
7700	2.5
7766	2.5
7925	3.0
7934	1.0
7981	3.0
8014	2.5
8128	3.5
8154	2.5
8228	3.0
8340	2.5
8371	4.0
8477	1.0
8507	3.0
8528	1.5
8542	1.5
8636	2.5
8644	2.5
8690	2.5
8781	2.5
8798	1.5
8810	3.0
8865	3.5
8873	1.5
8874	2.5
8950	2.5
8957	1.0
8961	2.5
8966	2.0
8973	2.0
8984	1.0
26084	3.0
26131	4.0
26776	3.5
27611	2.0
27706	1.5
27728	1.5
27741	3.0
27773	2.5
27803	2.5
27815	2.0
30749	2.5
30793	2.5
30812	1.0
31410	3.0
32587	2.0
33166	2.0
33493	1.5
33794	1.5
34048	1.0
34150	1.0
34405	0.5
34437	2.0
37729	4.0
37733	2.0
38038	4.0
38886	2.5
39183	1.5
39292	2.5
39381	2.0
39444	2.0
40339	1.5
40583	2.5
40629	0.5
41569	2.5
42738	3.5
43376	2.5
44022	2.0
44191	3.5
44195	1.5
44204	3.0
44555	4.0
44665	2.0
44694	2.5
45186	1.5
45431	1.5
45447	1.0
45499	2.0
45517	2.5
45722	3.5
46530	1.5
46723	2.0
46965	1.0
46972	1.0
47629	2.5
48043	1.0
48394	4.5
48516	1.5
48774	1.5
48780	1.0
48982	3.5
49272	0.5
49530	1.5
50068	2.0
50872	2.5
51077	2.0
51540	2.0
52042	2.5
52281	1.5
53123	1.0
53125	1.0
53322	1.0
54272	2.0
55052	1.5
55069	3.5
55118	2.0
55247	1.5
55290	2.0
55363	1.0
55442	2.5
55721	4.0
55814	1.5
55820	2.0
56171	1.0
56339	1.5
56782	3.0
56801	2.5
58303	2.5
58559	2.5
59315	2.0
59615	2.0
59784	3.0
60069	2.5
61240	2.0
61323	2.5
63062	1.5
63859	3.0
64614	1.0
65682	3.0
66097	2.5
67255	1.5
67408	2.0
67997	3.5
68237	2.5
68358	2.0
68791	3.0
68954	2.5
69134	3.0
69644	1.5
69951	2.5
71464	2.5
72011	2.0
72226	2.0
72720	1.5
72737	3.0
72998	2.0
73344	2.5
74789	3.0
76093	3.0
76251	1.5
77561	1.5
78499	3.0
78637	1.0
79057	1.5
79091	2.5
79132	1.5
81564	3.0
81591	1.5
81847	2.0
84944	1.5
86880	1.0
87232	3.5
87520	1.0
88744	2.5
91529	1.5
91630	1.5
94864	2.5
99114	1.5
102125	1.5
103141	2.5
103228	1.5
106696	4.0
112852	1.5
