1	4.0
4	3.0
6	4.0
10	3.0
11	4.0
17	3.0
21	4.0
22	2.0
23	1.0
24	2.0
25	4.0
31	2.0
32	3.0
34	3.0
36	5.0
39	4.0
40	3.0
41	3.0
45	4.0
47	4.0
50	4.5
52	4.0
55	4.0
62	2.0
70	4.0
78	4.0
81	2.0
89	4.0
95	1.5
100	2.5
101	4.0
104	3.0
110	4.0
111	4.5
112	4.0
118	3.0
122	2.0
140	2.0
141	3.0
150	4.0
151	3.0
153	1.5
160	1.0
162	4.0
163	4.0
164	3.0
165	2.5
168	1.0
173	1.0
186	3.0
194	4.0
204	0.5
208	1.0
209	2.0
223	4.5
224	3.0
225	2.0
229	3.0
230	3.0
231	3.0
234	1.0
235	4.0
236	3.0
237	3.0
246	5.0
249	3.0
253	3.0
256	1.5
257	1.0
259	2.0
260	4.5
265	4.0
266	2.0
276	2.0
280	3.0
281	4.0
288	3.0
292	2.0
293	4.0
296	4.5
299	4.0
300	4.0
303	2.0
314	3.5
315	1.0
317	1.5
318	5.0
319	4.0
329	2.0
333	2.0
337	4.0
339	3.0
342	4.0
344	3.0
346	3.0
348	4.0
349	2.0
350	3.0
353	4.0
355	1.0
356	3.0
357	3.0
361	3.0
364	4.0
367	3.0
368	3.0
370	3.0
371	2.0
372	2.0
373	4.0
376	3.0
377	3.0
380	3.0
382	3.0
383	4.0
407	1.0
410	3.0
412	3.0
416	1.0
417	4.0
420	1.0
424	2.0
427	0.5
431	3.0
432	2.0
434	2.0
440	4.0
442	1.0
448	3.5
451	3.5
454	2.5
456	4.0
457	4.5
459	2.0
466	2.0
468	3.0
471	3.0
474	4.0
475	4.0
477	4.0
480	3.5
481	2.0
485	2.0
489	1.0
490	2.0
491	2.0
494	1.5
500	3.0
504	1.5
507	3.0
508	4.0
515	3.0
517	1.5
521	2.0
524	2.0
527	5.0
529	4.5
533	2.0
535	4.0
539	2.0
541	4.0
544	1.0
550	1.0
551	4.0
552	2.0
553	3.0
555	2.0
556	3.0
569	2.0
586	2.0
587	2.0
588	4.0
589	4.0
590	4.0
592	4.0
593	5.0
595	4.0
597	4.0
605	3.0
608	4.5
610	3.0
627	4.0
628	2.0
648	3.0
653	2.0
663	3.0
707	1.5
708	3.5
714	3.0
719	2.5
728	3.5
731	0.5
733	4.0
736	2.0
742	2.0
750	5.0
762	0.5
778	4.0
780	3.0
783	3.0
784	2.5
785	4.0
786	2.0
798	1.5
800	4.5
802	3.0
805	3.0
830	3.0
832	3.0
839	2.0
851	4.0
852	3.0
858	5.0
866	4.0
898	3.5
899	3.0
903	3.5
904	4.5
908	4.5
910	4.0
912	5.0
913	4.0
919	3.0
923	5.0
924	4.5
930	3.0
944	4.0
953	5.0
954	3.5
969	4.0
971	3.5
991	3.5
994	4.0
999	1.0
1003	4.0
1012	3.0
1027	3.0
1030	3.0
1035	4.0
1036	4.0
1047	3.0
1050	4.0
1059	3.0
1060	4.0
1061	2.5
1073	3.0
1079	4.0
1080	4.5
1081	4.0
1084	3.5
1088	3.0
1089	4.0
1090	4.5
1092	3.5
1094	4.0
1095	4.0
1097	4.5
1101	2.0
1103	3.0
1104	4.0
1120	4.0
1124	4.0
1127	3.0
1129	3.0
1130	3.0
1135	3.0
1136	5.0
1147	4.0
1171	4.0
1172	4.5
1173	3.0
1175	3.5
1179	3.0
1183	2.0
1186	3.5
1189	4.0
1190	3.0
1193	3.5
1194	3.0
1196	4.5
1197	4.5
1198	4.5
1199	4.0
1200	4.0
1203	4.5
1204	4.0
1206	3.0
1207	5.0
1208	5.0
1210	4.0
1212	3.5
1213	5.0
1214	4.0
1219	4.5
1220	4.5
1221	5.0
1222	3.0
1225	5.0
1228	4.0
1230	4.0
1233	4.0
1234	4.5
1235	4.5
1238	3.5
1240	4.0
1242	4.5
1244	3.5
1245	4.0
1246	4.0
1247	4.0
1248	4.0
1249	4.0
1252	4.5
1253	4.0
1254	4.5
1258	3.0
1259	3.0
1263	4.0
1265	3.0
1266	4.0
1267	4.0
1268	4.0
1270	4.0
1272	3.5
1278	4.0
1282	4.0
1283	3.5
1284	4.5
1285	4.0
1288	5.0
1291	4.0
1292	4.0
1293	4.0
1295	3.0
1297	2.5
1298	3.0
1299	4.0
1302	4.5
1303	3.5
1304	4.0
1307	4.5
1320	1.0
1321	3.0
1327	1.0
1339	2.0
1343	4.0
1344	3.5
1345	2.5
1347	3.0
1350	2.0
1352	4.0
1357	4.0
1358	4.0
1359	2.0
1370	4.0
1372	3.0
1373	2.0
1374	4.0
1375	2.5
1376	4.0
1377	3.0
1380	4.0
1381	1.0
1385	2.0
1387	4.0
1388	1.0
1389	1.0
1391	3.0
1393	3.0
1394	4.5
1396	3.0
1401	2.0
1404	4.0
1405	3.0
1407	4.0
1408	3.0
1409	3.0
1414	4.0
1416	3.0
1422	3.0
1429	2.5
1441	3.0
1449	4.0
1459	2.0
1466	4.0
1476	4.0
1479	0.5
1480	4.0
1485	3.0
1488	3.0
1500	3.0
1517	4.0
1518	4.0
1544	3.0
1552	4.0
1562	1.0
1573	1.5
1580	3.0
1584	3.0
1589	3.0
1591	1.5
1594	3.0
1597	3.0
1608	2.0
1610	4.0
1614	3.5
1617	4.0
1620	3.0
1627	0.5
1633	3.5
1635	3.5
1639	4.0
1641	4.0
1645	2.0
1663	4.0
1673	3.0
1674	3.0
1676	3.0
1682	4.0
1690	2.0
1694	2.0
1701	2.5
1704	4.0
1711	3.0
1717	3.0
1719	3.5
1721	3.0
1722	3.0
1729	3.0
1732	3.0
1747	2.5
1748	2.5
1754	3.0
1769	3.0
1772	1.0
1783	1.0
1784	4.0
1801	3.0
1805	2.5
1810	3.0
1827	4.0
1834	4.0
1835	3.0
1836	4.0
1841	3.0
1845	3.0
1873	3.0
1876	1.5
1882	2.0
1885	4.0
1892	1.0
1909	3.0
1921	3.0
1923	4.0
1934	3.5
1945	4.5
1946	3.0
1947	4.5
1949	3.5
1952	4.0
1953	3.5
1954	4.5
1955	4.0
1957	5.0
1958	3.5
1961	3.0
1966	4.0
1968	3.0
1974	3.0
1982	4.0
1983	1.0
1984	1.0
1994	4.0
1997	3.0
2000	4.0
2001	4.0
2002	3.0
2003	3.0
2006	3.0
2019	3.5
2020	4.0
2021	2.5
2022	4.0
2023	3.0
2024	0.5
2028	4.0
2034	3.0
2054	2.0
2058	3.0
2064	4.0
2065	3.0
2067	4.0
2076	4.0
2081	4.0
2088	2.5
2100	3.0
2105	2.0
2110	3.0
2111	3.0
2114	3.0
2115	4.0
2117	3.0
2118	2.5
2119	1.0
2120	2.0
2121	2.0
2122	1.0
2124	3.0
2133	4.0
2134	3.0
2143	1.0
2144	2.0
2145	1.5
2146	1.0
2153	2.0
2176	4.0
2183	3.5
2186	4.0
2194	4.0
2195	2.0
2231	3.0
2240	3.0
2241	3.0
2243	4.0
2245	3.0
2247	3.0
2248	4.0
2252	3.0
2253	2.0
2259	3.0
2262	3.0
2268	4.0
2269	1.0
2273	1.5
2280	4.0
2282	3.5
2288	4.0
2289	4.0
2291	4.0
2296	1.0
2300	4.0
2301	3.0
2302	4.0
2303	4.0
2311	2.0
2312	4.0
2313	4.5
2318	4.0
2320	3.0
2321	3.5
2324	3.0
2329	3.0
2334	3.5
2336	3.5
2348	2.5
2352	4.0
2353	3.0
2366	4.0
2367	2.0
2369	3.0
2371	4.0
2372	1.0
2376	0.5
2378	1.5
2379	0.5
2389	3.0
2391	4.0
2395	4.0
2396	4.0
2398	4.0
2401	2.5
2402	2.0
2403	3.0
2404	1.5
2405	3.0
2406	3.0
2407	3.0
2409	3.0
2410	3.5
2411	1.5
2412	2.0
2413	1.5
2414	3.0
2416	3.0
2418	2.0
2420	3.0
2421	2.0
2424	2.5
2427	3.5
2429	2.0
2432	3.0
2433	4.0
2439	3.0
2445	0.5
2450	1.0
2455	1.0
2457	4.0
2463	4.0
2467	3.0
2470	3.0
2473	1.0
2474	3.5
2476	2.5
2478	1.5
2490	3.0
2496	2.0
2497	2.0
2502	4.0
2513	2.0
2517	1.5
2518	4.0
2539	3.0
2551	3.0
2561	1.5
2571	4.5
2575	4.0
2599	3.5
2605	1.0
2616	2.5
2617	3.0
2628	2.5
2640	2.5
2641	3.5
2642	0.5
2643	0.5
2668	0.5
2671	3.5
2677	3.5
2683	3.0
2688	3.0
2700	4.0
2706	3.0
2707	1.0
2710	4.0
2713	3.0
2716	4.0
2717	2.5
2718	4.0
2722	2.0
2723	3.0
2724	1.0
2734	3.5
2735	2.0
2745	3.0
2746	3.0
2762	4.0
2763	2.5
2779	3.5
2787	1.5
2791	4.0
2792	3.0
2794	1.5
2795	4.0
2796	2.0
2797	4.0
2802	2.0
2803	2.5
2804	4.0
2822	1.5
2852	4.0
2857	4.0
2858	4.0
2861	3.0
2866	4.0
2871	4.0
2872	4.0
2875	4.0
2877	2.0
2881	0.5
2890	4.0
2891	3.0
2898	2.5
2902	2.0
2908	4.0
2912	3.5
2915	3.0
2916	3.0
2917	4.5
2918	4.0
2926	3.0
2929	3.5
2942	2.5
2947	4.0
2949	4.0
2950	1.0
2956	2.0
2959	4.5
2966	4.5
2971	3.0
2976	3.0
2985	3.0
2986	1.0
2987	4.0
2989	2.5
2990	3.0
2991	3.0
2997	4.0
3005	2.0
3006	4.0
3007	3.5
3016	2.0
3018	3.0
3020	3.0
3029	2.0
3034	4.0
3039	4.0
3040	2.0
3044	3.0
3045	4.0
3052	4.0
3060	4.0
3068	4.5
3070	1.0
3081	3.0
3082	3.0
3087	2.0
3098	4.0
3100	5.0
3101	4.0
3102	3.5
3104	3.5
3105	3.0
3107	2.0
3108	3.0
3114	3.0
3129	3.0
3147	4.0
3152	3.5
3160	4.5
3168	4.0
3169	4.0
3174	3.0
3176	3.0
3178	3.0
3196	4.0
3197	1.5
3201	4.0
3203	3.5
3206	1.0
3210	4.0
3213	4.0
3219	2.0
3243	2.0
3244	4.0
3246	3.0
3247	3.0
3250	2.0
3252	3.0
3253	4.0
3254	3.5
3255	4.0
3256	2.0
3257	2.0
3261	3.0
3262	3.0
3263	3.0
3264	3.0
3271	4.0
3273	2.5
3300	4.0
3301	4.0
3308	3.5
3317	4.0
3324	1.0
3334	4.0
3358	4.0
3359	3.5
3360	4.0
3361	4.0
3362	3.0
3363	3.0
3364	3.5
3386	4.5
3394	3.0
3408	4.0
3418	4.0
3420	2.0
3421	5.0
3424	5.0
3426	3.5
3430	1.0
3435	3.5
3441	2.0
3448	3.0
3451	4.5
3466	1.5
3468	5.0
3469	4.5
3471	4.5
3476	2.0
3479	3.0
3481	4.5
3489	2.0
3498	4.0
3499	4.0
3501	4.0
3504	4.0
3505	4.0
3506	2.5
3513	1.5
3524	3.0
3525	1.5
3527	3.0
3528	2.5
3534	3.0
3535	2.0
3549	4.0
3551	4.0
3552	4.0
3555	4.0
3556	4.0
3557	1.0
3566	3.0
3578	3.0
3591	3.0
3614	3.0
3623	1.0
3635	3.0
3638	2.5
3649	3.0
3668	4.0
3671	4.0
3676	3.0
3682	3.0
3683	3.0
3684	4.0
3685	4.0
3688	3.0
3689	1.0
3697	1.0
3698	0.5
3699	4.0
3703	4.0
3704	2.0
3706	4.0
3707	1.5
3708	1.0
3710	1.0
3712	3.0
3717	3.0
3726	2.5
3728	4.0
3730	4.0
3744	1.0
3783	3.0
3785	2.0
3793	3.0
3798	3.0
3801	4.5
3825	2.0
3826	2.0
3852	4.0
3858	2.0
3861	3.0
3868	4.0
3869	3.0
3895	3.0
3897	4.0
3911	4.0
3932	3.5
3943	2.0
3948	2.0
3949	4.0
3952	3.5
3977	2.0
3981	3.0
3983	4.0
3988	3.0
3993	3.5
3994	3.0
3996	4.5
4002	3.0
4003	2.0
4005	3.0
4007	4.0
4008	4.0
4009	4.0
4010	1.0
4011	4.0
4014	4.0
4017	3.0
4018	3.0
4021	3.0
4022	4.0
4023	3.0
4025	3.0
4027	4.0
4029	3.5
4033	4.0
4034	4.0
4036	4.0
4041	4.0
4077	3.5
4080	4.0
4082	3.0
4084	3.0
4085	4.0
4086	4.0
4102	3.0
4121	2.0
4128	3.5
4132	0.5
4148	4.0
4191	2.5
4210	2.0
4211	3.5
4214	4.0
4215	1.0
4220	3.0
4223	3.0
4226	4.0
4228	3.0
4234	3.0
4238	2.0
4239	3.0
4246	3.0
4251	3.0
4262	3.0
4270	1.5
4276	4.0
4280	3.5
4285	3.0
4291	3.0
4292	4.0
4308	4.0
4310	0.5
4317	1.5
4321	3.0
4326	4.5
4327	3.5
4333	3.0
4344	3.0
4345	3.5
4351	2.0
4361	4.0
4367	1.5
4370	3.0
4378	3.5
4387	2.0
4407	3.5
4427	4.0
4446	4.0
4447	3.0
4448	3.5
4465	3.0
4467	3.0
4553	1.0
4557	3.0
4558	2.0
4564	3.0
4571	3.0
4572	2.0
4577	3.0
4587	4.0
4616	3.0
4621	3.0
4623	3.0
4638	3.0
4641	3.5
4642	2.5
4643	1.5
4654	0.5
4661	4.0
4673	1.0
4679	3.0
4681	4.0
4701	1.0
4713	3.0
4734	4.0
4745	2.0
4776	4.0
4787	3.0
4815	3.0
4823	3.0
4844	4.0
4855	4.0
4865	3.5
4874	3.0
4878	4.0
4881	4.0
4889	2.5
4896	4.0
4902	3.0
4903	4.0
4914	3.0
4915	0.5
4929	1.5
4932	4.0
4941	2.0
4954	2.5
4963	4.0
4973	3.0
4979	4.0
4993	4.0
4995	4.0
5008	4.0
5009	3.0
5010	4.0
5013	3.5
5014	3.0
5015	4.0
5027	1.0
5034	4.0
5039	2.5
5049	4.0
5060	4.0
5065	2.0
5066	3.5
5074	3.5
5102	2.0
5103	3.0
5139	4.0
5214	3.0
5218	2.5
5237	3.5
5247	3.0
5266	3.0
5292	4.0
5293	4.0
5294	4.0
5299	3.0
5303	2.5
5308	2.0
5316	3.5
5325	4.0
5349	4.0
5364	3.5
5377	4.0
5378	3.0
5385	4.5
5388	4.0
5391	4.0
5417	4.0
5418	3.5
5445	3.5
5446	4.0
5459	2.0
5464	4.0
5500	3.0
5502	4.0
5505	3.5
5528	3.5
5540	2.0
5541	3.0
5544	3.0
5553	4.0
5568	2.0
5617	3.5
5630	4.0
5650	3.0
5669	4.0
5673	4.0
5679	3.0
5685	3.0
5693	4.0
5707	4.0
5712	3.0
5782	3.5
5792	4.0
5810	2.0
5812	4.0
5816	3.5
5853	1.5
5872	2.0
5876	3.5
5878	3.5
5881	3.0
5893	4.0
5902	4.0
5945	4.0
5952	4.5
5955	4.0
5956	4.0
5989	4.0
5991	4.5
5992	4.0
5995	3.0
6001	3.0
6003	4.0
6016	4.0
6104	4.0
6157	2.0
6188	3.0
6281	4.0
6296	3.5
6322	2.0
6323	3.0
6333	4.0
6365	4.0
6378	3.0
6385	4.5
6440	3.5
6502	3.5
6534	3.5
6537	3.5
6539	4.0
6541	3.0
6552	3.5
6620	4.0
6636	4.0
6662	3.5
6708	3.5
6709	3.0
6711	5.0
6754	3.0
6755	4.0
6764	2.5
6773	3.5
6774	3.5
6777	4.0
6787	4.5
6796	4.0
6807	4.0
6810	1.5
6832	2.0
6867	3.5
6870	4.0
6873	3.5
6874	4.0
6879	3.0
6932	3.5
6934	1.5
6942	4.0
6944	3.0
6947	3.5
6953	3.5
6957	3.5
6966	3.0
6974	3.5
6979	4.0
7004	3.0
7007	1.5
7008	3.5
7013	3.5
7017	2.0
7018	4.0
7027	3.0
7044	3.5
7046	4.0
7102	3.0
7137	3.0
7139	4.0
7143	3.5
7147	3.5
7151	2.5
7153	4.5
7156	4.0
7160	4.0
7162	4.0
7173	2.5
7215	4.0
7228	1.0
7263	3.0
7265	3.0
7285	4.0
7317	1.5
7325	3.0
7346	3.0
7361	3.5
7362	1.5
7373	2.5
7438	4.0
7451	3.0
7458	3.0
7460	3.0
7570	3.5
7573	2.5
7698	4.0
8207	4.0
8228	4.0
8337	3.5
8368	3.0
8376	4.0
8464	4.0
8501	3.5
8528	2.5
8529	3.0
8610	2.5
8622	4.0
8623	4.0
8636	4.0
8641	3.0
8665	4.0
8781	3.0
8783	3.5
8784	4.0
8798	4.0
8827	4.0
8874	3.0
8880	4.0
8910	3.0
8937	3.5
8949	4.0
8957	2.5
8958	3.5
8961	4.0
8966	3.5
8972	2.5
8984	3.5
26131	4.0
26133	3.5
26152	2.0
27821	3.0
27838	3.5
30707	4.0
30749	4.0
30793	3.5
30816	3.0
30898	3.0
31420	3.0
31685	3.0
31878	3.5
32587	4.0
33166	4.0
33493	4.0
33679	2.0
33794	4.0
33880	3.0
34048	3.5
34150	2.5
34162	3.5
34271	4.0
34336	3.0
34338	3.5
34405	4.0
35836	4.0
35957	3.0
36517	4.0
36529	4.0
37733	3.5
37741	4.0
38061	4.0
39183	4.0
39231	3.5
39292	4.0
39444	3.5
40583	4.0
40815	3.0
40819	4.0
41569	4.0
41716	4.0
41997	3.5
42002	2.5
44191	4.0
44195	4.0
44199	4.0
44761	4.0
44788	4.0
45186	3.0
45210	4.0
45447	3.5
45499	3.5
45501	2.5
45720	2.5
45728	3.5
45928	4.0
45950	4.5
46530	3.5
46578	4.0
46970	3.5
46974	3.0
46976	4.5
47610	4.0
47629	4.0
47997	3.0
48043	3.0
48516	3.5
48696	3.5
48738	3.5
48774	3.5
48780	4.0
49272	3.5
49286	3.5
49651	4.0
49824	3.5
51077	0.5
51080	4.0
51540	4.0
52328	3.0
52435	4.5
52722	3.0
52973	3.5
53123	4.0
53129	3.5
53322	3.5
53894	4.0
53972	3.5
53996	4.0
54001	3.0
54286	4.0
55276	4.0
55290	4.0
55363	4.0
55765	3.5
55820	4.0
56174	3.0
56333	4.0
56367	3.5
56607	3.5
56757	3.0
56782	4.0
56788	4.0
56805	3.0
57368	3.5
58559	4.5
58803	3.5
58998	4.0
59315	4.0
59369	3.0
59615	3.0
59725	3.5
60040	3.5
60074	3.0
60126	2.5
60397	2.5
60487	3.0
60684	4.0
61132	3.0
61323	2.5
62511	2.5
63082	4.0
63113	3.0
63876	4.0
64497	2.0
64620	3.5
64839	4.0
66203	2.5
66934	4.0
67997	4.0
68157	4.0
68358	4.0
68554	3.0
68791	3.0
68954	4.0
69122	4.0
69481	4.5
69526	2.5
69640	4.0
69844	3.5
71520	3.0
71579	3.0
71745	3.5
72011	4.0
72226	4.0
72378	3.0
72641	4.0
72733	3.5
72998	4.0
73023	4.0
73268	3.5
73321	3.0
76251	3.5
77561	3.5
78499	4.0
78574	4.0
79008	4.0
79132	4.0
79242	3.5
79293	3.0
79592	3.0
79702	3.0
80219	4.0
80463	4.5
80549	4.0
80906	4.0
80969	2.5
81834	3.0
81845	4.0
81932	4.0
82459	4.0
82461	2.5
84152	3.0
84374	3.0
84392	3.0
84954	3.0
86332	3.0
86345	3.5
86347	4.0
86898	5.0
87232	4.0
87306	3.5
87430	1.5
87520	3.0
88125	4.0
88744	4.0
89492	4.0
89745	4.0
90866	4.0
91077	4.0
91500	4.0
91529	4.5
91535	3.0
92535	4.0
94777	2.5
95441	4.0
95510	4.0
96079	4.0
96610	4.0
96737	1.5
97304	4.0
97752	2.5
97921	2.0
97938	3.0
98154	3.5
98961	4.0
99114	3.5
99149	3.5
101864	2.5
102125	3.5
102445	4.0
102903	3.5
103042	4.0
103228	3.5
103249	3.5
103772	3.0
104841	4.0
106072	3.5
106487	4.0
106782	3.5
106916	4.0
106920	5.0
109374	4.0
110102	3.5
111759	4.0
112183	4.0
