1	4.0
2	3.5
6	3.5
32	4.0
44	3.5
47	4.5
50	3.5
70	4.0
104	4.0
110	3.0
111	4.5
180	3.5
208	4.0
216	3.5
223	5.0
231	4.0
235	4.0
253	4.0
256	3.0
293	4.5
296	5.0
316	3.5
318	5.0
339	3.5
356	4.0
367	3.5
377	4.0
380	4.0
413	3.5
434	4.0
450	4.0
480	4.0
485	4.0
497	4.0
500	3.5
505	4.0
508	4.0
527	5.0
555	3.5
586	4.0
587	4.0
589	4.5
592	3.5
593	4.5
597	4.5
708	4.0
733	4.0
750	4.0
762	1.5
778	4.5
780	3.5
798	4.0
799	4.0
805	4.0
832	4.0
837	4.0
858	4.5
903	4.5
904	5.0
909	4.0
910	3.5
912	5.0
953	4.0
996	3.5
1036	4.0
1059	4.0
1079	3.0
1089	4.0
1127	4.5
1172	4.0
1183	4.0
1193	4.5
1199	3.5
1200	4.5
1203	4.5
1206	4.0
1208	4.5
1214	3.5
1215	3.5
1222	4.5
1230	3.0
1235	3.0
1240	4.0
1246	3.5
1247	4.5
1258	4.5
1261	4.0
1265	5.0
1266	3.5
1270	4.5
1288	2.0
1307	3.5
1333	4.0
1359	4.0
1370	4.0
1378	4.0
1387	4.0
1393	4.0
1394	4.0
1438	3.0
1461	3.5
1464	4.0
1485	3.0
1515	3.0
1527	4.0
1552	4.0
1556	2.5
1569	4.5
1573	4.0
1580	3.5
1584	4.0
1586	3.5
1590	4.0
1625	4.0
1639	4.0
1645	3.5
1653	3.5
1672	3.5
1673	4.0
1682	5.0
1687	3.5
1704	4.0
1721	4.0
1729	4.0
1732	3.5
1735	4.0
1777	4.0
1779	3.5
1784	5.0
1805	4.0
1845	3.0
1876	3.0
1882	3.0
1884	3.5
1892	4.0
1895	3.0
1917	3.5
1923	4.0
1944	4.0
1954	4.0
1968	3.0
1994	4.0
1997	4.5
2003	3.5
2011	4.5
2012	3.5
2019	5.0
2021	3.5
2028	4.0
2054	4.0
2076	4.0
2105	3.5
2118	4.0
2138	3.5
2160	4.0
2161	3.5
2174	4.0
2176	4.0
2232	4.0
2288	4.0
2291	4.0
2294	3.5
2302	4.0
2313	4.5
2324	3.5
2329	4.5
2396	4.0
2403	4.0
2420	4.0
2422	4.0
2423	3.5
2424	4.0
2428	3.5
2431	3.5
2455	4.0
2502	2.5
2529	4.5
2541	4.5
2571	4.0
2572	4.0
2579	3.5
2600	3.5
2671	4.0
2692	4.0
2694	3.5
2700	3.5
2701	3.0
2706	4.0
2707	4.0
2712	4.0
2723	3.0
2724	2.5
2762	4.5
2797	4.0
2804	3.5
2841	4.0
2857	4.5
2858	4.0
2871	4.5
2881	3.0
2916	4.0
2953	3.5
2959	4.5
2966	4.0
2997	4.5
3006	3.0
3016	4.0
3018	4.0
3052	4.0
3088	3.5
3105	4.5
3113	3.5
3147	4.5
3156	4.5
3174	4.0
3175	3.5
3198	4.0
3271	3.5
3275	4.5
3300	3.5
3301	3.0
3362	4.5
3408	4.0
3471	4.0
3476	4.0
3481	3.5
3483	4.0
3489	3.0
3499	4.0
3510	3.5
3556	4.0
3576	3.5
3578	3.5
3616	3.5
3617	3.5
3686	4.0
3698	4.0
3702	4.5
3717	3.5
3784	3.0
3785	3.0
3793	3.0
3809	4.0
3819	4.5
3826	3.5
3863	4.0
3893	3.5
3897	4.0
3917	4.0
3949	3.5
3977	2.5
3979	4.0
3988	3.0
3994	4.0
4011	4.5
4022	4.5
4023	3.5
4025	3.0
4027	4.0
4105	4.0
4128	3.0
4226	5.0
4235	4.0
4246	3.5
4262	4.0
4306	4.0
4321	3.5
4326	3.5
4343	4.0
4351	4.0
4369	3.5
4448	4.0
4467	4.0
4642	5.0
4713	4.5
4718	3.5
4719	3.5
4720	4.0
4754	4.5
4757	4.0
4776	4.0
4816	4.5
4844	3.5
4874	4.0
4878	4.5
4880	4.0
4886	5.0
4890	4.0
4902	4.5
4973	4.5
4979	4.5
4993	4.0
4994	3.0
4995	3.0
5010	4.0
5014	4.0
5064	4.0
5218	3.5
5225	3.5
5303	3.5
5349	3.5
5377	4.0
5388	3.5
5445	3.5
5463	4.0
5464	4.0
5502	4.0
5505	4.0
5507	3.0
5608	4.0
5617	3.5
5618	4.0
5669	4.0
5673	4.0
5679	4.0
5690	3.5
5879	4.0
5902	4.5
5903	4.0
5952	4.5
5954	4.5
5989	4.0
5995	4.0
6016	4.0
6188	3.0
6214	4.0
6287	3.0
6297	3.5
6333	3.0
6373	3.0
6377	4.5
6378	4.0
6502	4.0
6586	3.5
6620	4.0
6659	4.0
6669	4.5
6708	3.5
6753	3.5
6774	3.5
6800	3.5
6807	2.5
6810	3.5
6863	3.5
6867	3.5
6870	4.0
6874	4.0
6936	3.0
6942	4.0
6975	3.0
7000	4.0
7007	4.5
7022	3.0
7063	4.0
7123	4.0
7147	4.0
7158	4.0
7254	4.0
7293	4.5
7361	5.0
7366	3.0
7371	2.5
7438	4.5
7445	4.0
7454	3.5
7481	4.0
8360	4.5
8366	3.0
8368	4.0
8371	3.5
8507	4.0
8529	4.0
8636	2.0
8641	3.5
8644	3.5
8784	3.5
8798	3.5
8807	4.0
8874	4.0
8910	2.5
8949	4.5
8950	4.0
8957	4.5
8965	3.5
8981	4.5
9010	4.0
27706	3.5
27773	4.5
27788	4.0
27790	2.5
27904	3.5
30707	4.0
31696	4.0
32029	3.5
32587	4.5
33166	4.0
33646	3.5
33794	4.0
34048	4.5
34162	3.0
34534	4.0
35836	3.0
36527	1.0
37384	3.0
37720	2.5
38886	4.5
39231	3.5
40614	4.0
40732	4.0
41285	4.5
41569	4.0
42011	3.0
43936	3.5
44191	4.0
44195	3.5
44665	3.5
44761	3.5
44974	3.5
45431	4.0
45499	3.0
45501	3.5
45668	4.5
45672	2.5
45728	4.5
46335	3.5
46578	4.0
46970	4.0
46976	4.5
47099	3.5
47610	4.0
47644	3.5
48043	4.0
48082	2.5
48385	4.0
48394	4.0
48516	4.5
48696	4.5
48774	4.0
48780	4.0
48982	4.5
49272	4.5
49274	3.5
49278	4.0
49286	4.0
49396	3.5
49530	4.0
49651	3.5
49772	4.0
50872	4.5
51084	4.0
51086	3.5
51255	3.5
51540	3.5
51662	4.5
51931	3.5
51935	4.0
52241	4.0
52245	3.5
52281	2.0
52458	3.0
52973	3.0
53000	3.0
53123	4.0
53129	4.0
53318	4.0
53519	3.5
53550	4.0
53953	4.0
53972	4.5
53996	4.0
54259	3.0
54272	4.0
54286	4.5
54503	4.0
54995	2.5
54997	3.0
54999	3.5
55118	4.0
55247	4.0
55290	3.5
55444	3.5
55814	3.0
55820	4.5
55830	2.0
55872	4.0
55908	4.0
55995	4.0
56145	3.5
56152	3.0
56174	3.5
56339	4.0
56367	3.0
56587	3.5
56805	2.5
57528	4.0
57669	4.5
58295	3.5
58299	4.0
58559	5.0
58998	4.0
59126	3.0
59315	4.0
59369	4.0
59387	4.0
59784	3.5
59900	3.5
60037	4.0
60069	4.0
60684	4.0
61024	3.0
61132	3.5
61240	4.5
61323	4.0
61350	2.5
61729	4.0
62081	3.0
62155	4.0
62376	3.5
62434	4.0
62511	4.0
63072	3.0
63082	4.5
63113	4.5
63859	4.0
63992	3.5
64614	4.0
64622	4.0
64716	3.5
64839	4.5
64969	4.0
65088	3.5
65216	4.0
65230	3.0
65642	4.0
66097	4.0
67087	3.5
67197	4.0
67734	3.5
68073	3.5
68157	4.5
68237	4.0
68358	3.0
68952	2.5
68954	4.0
69122	4.0
69757	4.0
69784	4.0
69951	3.5
70286	4.0
70336	4.0
71033	4.5
71264	3.5
71379	3.5
71518	3.5
71530	3.5
71535	3.0
71579	4.0
72011	3.5
72226	4.0
72378	3.0
72641	3.5
72731	3.5
72737	3.0
72998	4.5
73017	4.0
74458	4.0
74789	2.5
76077	2.5
76093	4.0
76251	4.0
77561	3.5
78499	4.5
79091	4.0
79132	4.0
79357	4.0
80463	3.5
80489	4.5
81229	3.0
81562	3.0
81564	3.5
81591	4.0
81845	3.0
81847	3.5
82459	4.5
83613	2.5
84152	4.0
84392	3.5
84772	3.0
84954	3.0
85414	3.5
86882	4.5
86898	2.0
87306	3.5
88129	4.0
88744	4.0
88810	4.0
89470	3.5
89745	3.0
89774	3.5
89864	4.0
90405	2.0
90746	3.0
90866	3.0
91077	2.5
91500	4.0
91529	3.0
91542	4.0
91658	3.5
92259	3.5
92420	4.0
94864	3.5
94959	4.0
95088	3.5
95167	3.5
95510	2.5
96079	3.5
96610	3.5
97913	3.0
97921	3.0
97923	3.0
97938	4.0
98809	4.0
99114	4.0
99149	3.5
101864	3.5
102123	3.5
102903	2.5
103042	3.0
103228	3.0
103249	4.0
103253	3.5
103772	3.5
104374	3.5
104841	3.5
104879	5.0
106696	4.0
106782	4.0
106918	4.0
106920	4.0
109487	4.0
111362	4.0
111759	4.5
112556	4.0
112852	4.0
