6	2.0
10	3.0
11	2.0
16	5.0
17	4.0
19	2.0
21	3.0
22	2.0
25	3.0
32	4.0
36	3.0
39	2.0
42	2.0
45	3.0
47	4.0
50	5.0
52	4.0
57	3.0
70	4.0
79	2.0
95	2.0
111	5.0
117	2.0
121	3.0
125	3.0
132	3.0
152	2.0
154	3.0
157	3.0
160	2.0
162	4.0
163	3.0
164	3.0
165	2.0
170	2.0
172	3.0
173	2.0
175	3.0
176	3.0
177	2.0
185	2.0
188	3.0
190	3.0
191	2.0
193	2.0
196	4.0
198	5.0
223	3.0
225	2.0
230	3.0
235	4.0
247	3.0
253	3.0
259	2.0
260	1.0
272	4.0
288	2.0
290	2.0
296	5.0
300	4.0
312	2.0
316	3.0
318	3.0
319	4.0
327	2.0
329	3.0
332	2.0
337	3.0
344	2.0
346	3.0
353	2.0
366	3.0
367	2.0
372	2.0
373	4.0
377	2.0
380	2.0
390	4.0
412	5.0
413	2.0
417	3.0
426	3.0
429	3.0
431	2.0
434	2.0
435	2.0
440	2.0
441	5.0
454	3.0
457	2.0
477	3.0
480	1.0
481	4.0
490	3.0
492	5.0
495	3.0
501	3.0
512	3.0
527	3.0
532	2.0
535	5.0
540	2.0
541	5.0
543	2.0
555	4.0
562	4.0
574	4.0
587	2.0
589	4.0
592	2.0
593	3.0
597	2.0
606	2.0
608	5.0
648	2.0
671	3.0
674	2.0
678	4.0
680	3.0
708	3.0
714	4.0
724	3.0
733	2.0
736	2.0
737	2.0
748	3.0
750	5.0
762	2.0
766	4.0
780	2.0
782	2.0
784	3.0
785	2.0
799	4.0
800	4.0
830	2.0
842	3.0
852	2.0
858	5.0
866	3.0
879	3.0
898	4.0
902	3.0
904	4.0
905	3.0
906	3.0
909	2.0
910	3.0
912	3.0
919	2.0
920	3.0
922	4.0
923	5.0
924	5.0
926	5.0
927	4.0
928	3.0
929	3.0
930	3.0
934	4.0
942	3.0
946	2.0
947	3.0
948	3.0
950	4.0
951	4.0
953	3.0
965	3.0
968	4.0
971	5.0
994	4.0
999	3.0
1003	2.0
1004	2.0
1034	4.0
1036	2.0
1037	3.0
1041	3.0
1060	2.0
1061	3.0
1077	4.0
1078	3.0
1079	4.0
1080	5.0
1082	5.0
1084	4.0
1088	2.0
1089	5.0
1090	3.0
1091	2.0
1092	2.0
1093	3.0
1094	3.0
1095	3.0
1096	4.0
1099	3.0
1101	2.0
1104	4.0
1120	4.0
1127	4.0
1128	2.0
1129	3.0
1130	2.0
1131	3.0
1132	3.0
1135	2.0
1136	5.0
1150	3.0
1161	4.0
1162	3.0
1171	4.0
1178	5.0
1179	4.0
1183	2.0
1185	3.0
1186	2.0
1190	2.0
1191	3.0
1193	3.0
1194	3.0
1196	1.0
1198	1.0
1199	5.0
1200	4.0
1206	5.0
1207	3.0
1208	4.0
1210	1.0
1211	3.0
1212	5.0
1213	5.0
1214	4.0
1215	3.0
1219	5.0
1220	2.0
1221	5.0
1222	5.0
1227	2.0
1228	5.0
1230	5.0
1233	3.0
1234	3.0
1235	2.0
1237	3.0
1238	2.0
1240	3.0
1242	4.0
1244	5.0
1246	2.0
1247	3.0
1248	4.0
1251	2.0
1252	5.0
1253	3.0
1256	5.0
1258	4.0
1259	3.0
1260	4.0
1261	2.0
1263	4.0
1264	2.0
1265	3.0
1266	3.0
1267	5.0
1268	2.0
1270	3.0
1273	4.0
1278	3.0
1279	3.0
1285	3.0
1288	5.0
1289	2.0
1292	4.0
1293	2.0
1299	3.0
1300	3.0
1301	3.0
1304	2.0
1305	3.0
1307	2.0
1320	3.0
1321	3.0
1327	4.0
1332	3.0
1333	4.0
1334	3.0
1339	2.0
1342	2.0
1343	4.0
1344	3.0
1345	5.0
1346	3.0
1347	2.0
1350	5.0
1356	4.0
1358	4.0
1361	4.0
1366	4.0
1370	2.0
1373	3.0
1374	2.0
1375	2.0
1376	4.0
1387	1.0
1391	3.0
1393	2.0
1394	2.0
1395	2.0
1399	3.0
1405	5.0
1407	4.0
1414	3.0
1419	4.0
1422	2.0
1438	2.0
1449	4.0
1464	4.0
1466	4.0
1476	4.0
1479	2.0
1480	3.0
1483	4.0
1499	2.0
1500	2.0
1513	2.0
1517	2.0
1518	4.0
1527	3.0
1544	2.0
1552	2.0
1556	1.0
1573	2.0
1580	2.0
1584	3.0
1586	2.0
1589	4.0
1590	2.0
1591	2.0
1594	4.0
1603	2.0
1611	3.0
1614	2.0
1616	2.0
1617	5.0
1620	2.0
1625	4.0
1635	3.0
1639	2.0
1644	2.0
1645	4.0
1653	4.0
1667	2.0
1673	5.0
1674	2.0
1676	4.0
1682	3.0
1690	2.0
1704	3.0
1717	3.0
1719	3.0
1721	2.0
1722	3.0
1729	4.0
1732	3.0
1747	3.0
1748	4.0
1752	2.0
1753	4.0
1754	4.0
1762	2.0
1772	2.0
1777	2.0
1779	2.0
1783	3.0
1792	2.0
1801	2.0
1810	4.0
1831	2.0
1833	2.0
1834	5.0
1836	3.0
1862	2.0
1875	4.0
1876	2.0
1882	2.0
1883	5.0
1884	4.0
1885	3.0
1909	3.0
1913	4.0
1917	2.0
1921	5.0
1923	2.0
1924	3.0
1927	4.0
1929	3.0
1938	4.0
1939	5.0
1944	2.0
1945	4.0
1947	2.0
1952	5.0
1953	3.0
1954	2.0
1956	3.0
1957	2.0
1958	2.0
1960	2.0
1961	2.0
1962	2.0
1963	3.0
1964	4.0
1965	4.0
1966	3.0
1968	2.0
1973	3.0
1974	2.0
1982	3.0
1991	2.0
1992	2.0
1994	3.0
1997	4.0
1998	2.0
1999	3.0
2000	2.0
2001	2.0
2009	3.0
2011	2.0
2021	4.0
2022	4.0
2023	2.0
2024	4.0
2025	4.0
2060	2.0
2064	4.0
2065	2.0
2067	3.0
2072	3.0
2076	5.0
2100	3.0
2107	2.0
2108	3.0
2109	3.0
2111	4.0
2112	3.0
2118	3.0
2120	2.0
2121	2.0
2122	2.0
2126	2.0
2130	4.0
2132	5.0
2133	2.0
2146	2.0
2150	2.0
2153	1.0
2159	4.0
2160	5.0
2163	2.0
2165	4.0
2167	3.0
2176	3.0
2178	4.0
2182	4.0
2186	4.0
2188	2.0
2194	3.0
2202	3.0
2203	3.0
2206	4.0
2208	3.0
2239	3.0
2241	2.0
2243	4.0
2245	2.0
2263	4.0
2269	2.0
2279	2.0
2282	2.0
2287	4.0
2289	4.0
2291	2.0
2300	3.0
2303	5.0
2312	2.0
2313	5.0
2315	2.0
2318	5.0
2321	3.0
2325	3.0
2329	3.0
2331	4.0
2335	2.0
2336	3.0
2338	2.0
2344	2.0
2346	4.0
2348	4.0
2349	2.0
2352	2.0
2353	3.0
2361	4.0
2369	2.0
2375	2.0
2376	2.0
2389	2.0
2391	4.0
2393	2.0
2395	2.0
2401	2.0
2403	2.0
2409	1.0
2413	2.0
2418	3.0
2423	3.0
2428	3.0
2435	2.0
2454	3.0
2455	4.0
2456	3.0
2459	4.0
2460	2.0
2463	2.0
2467	3.0
2475	3.0
2478	2.0
2500	3.0
2504	3.0
2505	3.0
2513	3.0
2514	2.0
2517	2.0
2518	2.0
2520	2.0
2524	2.0
2527	2.0
2528	3.0
2529	3.0
2542	2.0
2548	3.0
2550	4.0
2551	4.0
2553	4.0
2567	2.0
2571	5.0
2583	2.0
2596	2.0
2598	2.0
2599	4.0
2600	4.0
2611	5.0
2612	3.0
2613	2.0
2616	2.0
2628	2.0
2639	3.0
2640	1.0
2641	2.0
2657	4.0
2664	4.0
2668	2.0
2672	2.0
2683	2.0
2690	4.0
2693	4.0
2699	3.0
2700	5.0
2702	2.0
2706	2.0
2707	4.0
2710	5.0
2712	3.0
2716	3.0
2718	2.0
2719	2.0
2723	2.0
2726	4.0
2728	4.0
2729	4.0
2730	3.0
2731	4.0
2732	2.0
2739	2.0
2745	3.0
2746	2.0
2747	2.0
2750	2.0
2752	2.0
2759	3.0
2762	4.0
2763	2.0
2788	5.0
2789	3.0
2791	2.0
2794	3.0
2795	3.0
2797	2.0
2801	3.0
2819	3.0
2827	2.0
2840	4.0
2841	4.0
2852	2.0
2857	2.0
2858	4.0
2859	3.0
2862	4.0
2863	4.0
2870	2.0
2871	3.0
2875	2.0
2877	2.0
2890	5.0
2901	3.0
2908	5.0
2912	2.0
2916	4.0
2917	2.0
2918	2.0
2919	3.0
2920	2.0
2921	2.0
2925	3.0
2926	3.0
2929	3.0
2942	2.0
2946	3.0
2947	2.0
2948	2.0
2949	2.0
2952	3.0
2956	2.0
2959	4.0
2967	5.0
2968	2.0
2970	4.0
2973	5.0
2976	3.0
2985	4.0
2986	3.0
2987	2.0
2989	2.0
2990	2.0
2991	2.0
2993	2.0
2997	5.0
3005	2.0
3011	4.0
3015	2.0
3018	4.0
3019	4.0
3020	2.0
3024	3.0
3032	2.0
3037	3.0
3039	2.0
3044	4.0
3052	4.0
3060	2.0
3063	3.0
3068	3.0
3072	2.0
3075	4.0
3077	4.0
3081	4.0
3089	4.0
3090	4.0
3095	4.0
3096	3.0
3099	4.0
3101	2.0
3102	2.0
3104	2.0
3105	3.0
3107	2.0
3108	2.0
3113	3.0
3129	3.0
3130	2.0
3134	5.0
3148	3.0
3160	4.0
3167	4.0
3168	2.0
3174	3.0
3175	4.0
3176	4.0
3194	1.0
3197	2.0
3200	4.0
3201	4.0
3203	3.0
3204	3.0
3210	4.0
3219	3.0
3244	3.0
3249	2.0
3251	2.0
3253	2.0
3254	2.0
3261	2.0
3263	2.0
3266	2.0
3267	2.0
3272	5.0
3273	2.0
3274	4.0
3285	3.0
3296	2.0
3298	3.0
3316	2.0
3330	3.0
3354	3.0
3355	3.0
3358	3.0
3359	2.0
3362	4.0
3385	2.0
3386	3.0
3392	2.0
3409	2.0
3412	2.0
3418	2.0
3421	1.0
3422	2.0
3424	3.0
3430	2.0
3435	4.0
3469	3.0
3471	2.0
3475	4.0
3476	4.0
3477	2.0
3481	3.0
3498	3.0
3499	3.0
3503	2.0
3504	5.0
3505	4.0
3510	3.0
3521	3.0
3524	2.0
3525	2.0
3526	2.0
3527	2.0
3535	4.0
3543	4.0
3545	5.0
3546	4.0
3550	2.0
3551	4.0
3557	3.0
3576	2.0
3578	3.0
3593	2.0
3608	3.0
3633	2.0
3635	2.0
3638	2.0
3639	2.0
3649	2.0
3660	2.0
3668	2.0
3671	2.0
3676	4.0
3683	3.0
3684	2.0
3686	3.0
3688	1.0
3693	2.0
3698	2.0
3699	2.0
3700	2.0
3701	2.0
3702	2.0
3703	2.0
3704	2.0
3705	2.0
3706	2.0
3708	2.0
3712	2.0
3724	2.0
3728	4.0
3730	5.0
3733	2.0
3735	3.0
3741	5.0
3755	3.0
3770	3.0
3788	4.0
3793	2.0
3798	3.0
3801	4.0
3802	2.0
3809	2.0
3812	2.0
3814	3.0
3819	1.0
3826	2.0
3835	3.0
3844	2.0
3863	2.0
3868	3.0
3897	3.0
3911	5.0
3925	4.0
3927	3.0
3932	4.0
3948	3.0
3949	4.0
3959	4.0
3968	3.0
3977	2.0
3981	2.0
3996	2.0
4022	3.0
4024	4.0
4027	3.0
4029	4.0
4034	3.0
4037	3.0
4061	3.0
4063	3.0
4069	2.0
4211	3.0
4226	5.0
4239	3.0
4326	3.0
4370	1.0
4424	3.0
4643	2.0
4718	2.0
4733	3.0
4970	3.0
5060	4.0
5339	3.0
6184	4.0
